     3      5          6       2.30       0.91   
     3      5          5       1.82       0.81   
     3      5          5       2.52       1.27   
     3      5          6       2.95       1.49   
     3      5          7       3.49       1.87   
     3      5          5       2.07       0.92   
     3      5          5       2.52       1.35   
     3      5          5       2.13       0.92   
     3      5          6       2.35       1.00   
     3      5          6       2.63       1.39   
     3     10         12       5.85       2.90   
     3     10         12       5.21       2.38   
     3     10         22       9.41       4.49   
     3     10         13       5.60       2.53   
     3     10         16       6.91       3.31   
     3     10         16       6.40       2.88   
     3     10         25      10.23       4.43   
     3     10         15       7.97       4.46   
     3     10         13       5.80       2.97   
     3     10         15       5.73       2.34   
     3     15         21       9.57       4.61   
     3     15         27      12.08       5.88   
     3     15         26      10.95       5.42   
     3     15         21      10.08       5.06   
     3     15         20       8.08       3.55   
     3     15         24      12.18       6.42   
     3     15         22      10.51       5.54   
     3     15         25      10.91       5.29   
     3     15         28      11.25       5.52   
     3     15         25       9.67       4.73   
     3     20         40      19.80      10.36   
     3     20         33      15.16       7.69   
     3     20         41      19.42       9.94   
     3     20         32      14.59       7.32   
     3     20         25      10.38       4.66   
     3     20         41      18.55       9.50   
     3     20         37      18.90      10.06   
     3     20         25      10.99       5.37   
     3     20         33      12.86       6.13   
     3     20         28      12.53       5.99   
     3     25         38      15.07       6.86   
     3     25         38      19.06      10.32   
     3     25         42      19.04       9.39   
     3     25         46      20.72      10.10   
     3     25         45      20.43      10.23   
     3     25         35      14.08       6.33   
     3     25         38      16.67       8.02   
     3     25         35      14.78       7.09   
     3     25         37      16.32       7.76   
     3     25         62      25.79      12.31   
     3     30         59      26.57      13.87   
     3     30         39      17.84       8.78   
     3     30         62      29.81      16.06   
     3     30         72      30.41      15.06   
     3     30         42      19.41       9.79   
     3     30         70      29.96      14.55   
     3     30         61      25.98      11.92   
     3     30         68      30.88      15.68   
     3     30         81      34.55      17.43   
     3     30         52      26.04      13.72   
     3     35         65      29.58      14.85   
     3     35         56      24.37      12.17   
     3     35         71      32.02      16.51   
     3     35         63      29.43      14.85   
     3     35         55      22.75      11.05   
     3     35         63      27.46      13.17   
     3     35         55      23.66      11.36   
     3     35         58      24.81      11.59   
     3     35         58      25.61      12.98   
     3     35         75      34.11      17.59   
     3     40         71      32.89      17.27   
     3     40        113      46.46      21.31   
     3     40         76      36.40      19.21   
     3     40         62      26.61      13.38   
     3     40         69      30.39      15.58   
     3     40         83      37.54      18.53   
     3     40         76      34.82      17.55   
     3     40         66      28.90      14.60   
     3     40         65      26.50      12.59   
     3     40         76      36.81      19.36   
     3     45        101      45.19      21.86   
     3     45         78      33.33      16.39   
     3     45         91      43.29      22.27   
     3     45         91      41.51      21.45   
     3     45         68      29.90      14.66   
     3     45         68      30.02      15.52   
     3     45         76      33.52      17.07   
     3     45         88      40.98      21.03   
     3     45         84      38.06      19.15   
     3     45         56      22.48      10.60   
     3     50         87      38.75      19.76   
     3     50         79      35.60      17.80   
     3     50         87      41.22      21.65   
     3     50         92      43.60      22.32   
     3     50         81      35.24      17.21   
     3     50         75      34.59      17.83   
     3     50         97      41.50      20.79   
     3     50         99      43.10      21.71   
     3     50         75      32.62      15.59   
     3     50         79      33.78      16.45   
     3     55         91      39.90      19.69   
     3     55        113      52.64      27.19   
     3     55        104      47.93      24.93   
     3     55        117      52.65      26.92   
     3     55        111      51.03      26.42   
     3     55        100      46.00      24.25   
     3     55         91      40.15      19.74   
     3     55        114      51.98      26.66   
     3     55         88      36.56      17.41   
     3     55        107      52.30      27.83   
     3     60         98      41.02      19.91   
     3     60        117      54.93      27.88   
     3     60        119      51.42      25.64   
     3     60         98      42.27      20.80   
     3     60        127      64.65      34.73   
     3     60        117      52.48      26.22   
     3     60        102      44.85      22.05   
     3     60        110      49.69      24.95   
     3     60        117      53.07      26.43   
     3     60        107      53.41      28.46   
