     3      5          6       1.72       0.60   
     3      5          5       1.87       0.74   
     3      5          6       2.02       0.71   
     3      5          7       2.44       0.97   
     3      5          6       1.66       0.54   
     3      5          9       3.01       1.02   
     3      5          6       2.24       0.90   
     3      5          5       1.74       0.61   
     3      5          7       2.67       1.07   
     3      5          5       1.67       0.59   
     3     10         13       3.91       1.34   
     3     10         16       5.57       1.99   
     3     10         19       7.07       2.80   
     3     10         12       3.77       1.27   
     3     10         17       5.69       2.01   
     3     10         19       5.37       1.82   
     3     10         22       7.04       2.31   
     3     10         12       3.51       1.19   
     3     10         17       4.98       1.50   
     3     10         17       4.33       1.45   
     3     15         28       7.95       2.58   
     3     15         27       9.29       3.45   
     3     15         22       6.79       2.26   
     3     15         28       7.99       2.59   
     3     15         26       9.10       3.31   
     3     15         34       8.73       2.92   
     3     15         26       7.82       2.64   
     3     15         29       8.86       2.88   
     3     15         24       6.81       2.20   
     3     15         33      11.18       4.02   
     3     20         30       9.42       3.11   
     3     20         26       8.01       2.70   
     3     20         47      15.31       5.57   
     3     20         38      11.77       3.82   
     3     20         35      10.71       3.67   
     3     20         34      10.48       3.40   
     3     20         43      13.23       4.62   
     3     20         38      12.58       4.47   
     3     20         33       9.55       3.18   
     3     20         30       8.73       2.91   
     3     25         53      16.74       5.86   
     3     25         45      14.19       5.31   
     3     25         39      12.32       4.28   
     3     25         65      18.21       5.90   
     3     25         44      13.57       4.68   
     3     25         53      17.41       6.25   
     3     25         45      13.68       4.49   
     3     25         45      14.78       5.16   
     3     25         43      12.85       4.33   
     3     25         66      19.28       6.94   
     3     30         47      14.87       5.28   
     3     30         37      11.37       3.87   
     3     30         47      14.85       5.08   
     3     30         59      17.31       6.19   
     3     30         60      19.49       7.29   
     3     30         47      15.45       5.34   
     3     30         44      14.74       5.27   
     3     30         48      14.40       4.90   
     3     30         42      12.20       4.19   
     3     30         43      12.11       3.90   
     3     35         49      15.61       5.55   
     3     35         71      26.25      10.14   
     3     35         75      23.66       8.93   
     3     35         62      19.40       7.12   
     3     35         62      18.87       6.70   
     3     35         65      22.07       7.82   
     3     35         44      13.39       4.57   
     3     35         75      26.96      10.10   
     3     35         66      21.41       7.67   
     3     35         63      19.53       6.65   
     3     40         52      15.76       5.38   
     3     40         73      21.40       7.45   
     3     40         86      27.28       9.82   
     3     40         70      21.17       7.59   
     3     40         70      23.38       8.38   
     3     40         60      19.23       6.81   
     3     40         52      15.84       5.45   
     3     40         53      16.03       5.61   
     3     40         57      17.48       6.24   
     3     40         58      17.57       5.86   
     3     45         73      22.74       8.15   
     3     45         76      24.97       8.89   
     3     45         73      21.58       7.64   
     3     45         65      19.46       6.53   
     3     45         67      19.71       6.71   
     3     45         66      18.07       6.09   
     3     45         73      23.19       8.10   
     3     45         61      17.32       5.64   
     3     45         71      22.43       7.89   
     3     45         66      20.97       7.18   
     3     50         70      22.42       7.92   
     3     50         91      28.29       9.98   
     3     50         80      24.26       8.56   
     3     50         92      29.04      10.39   
     3     50         91      27.48       9.40   
     3     50         71      21.72       7.15   
     3     50         79      23.87       8.24   
     3     50         77      22.68       7.56   
     3     50         70      20.94       7.02   
     3     50         67      18.71       5.93   
     3     55        103      35.93      13.37   
     3     55         97      30.93      11.20   
     3     55        104      32.40      11.47   
     3     55         77      23.03       7.88   
     3     55         77      22.03       7.52   
     3     55         77      22.73       7.55   
     3     55         97      32.15      12.10   
     3     55        107      34.05      12.19   
     3     55         96      30.00      10.96   
     3     55        101      33.39      12.40   
     3     60        102      30.17      10.43   
     3     60        107      35.36      12.53   
     3     60         91      27.39       9.52   
     3     60        132      43.20      16.41   
     3     60        106      35.30      12.48   
     3     60        100      31.23      11.07   
     3     60        110      36.86      13.78   
     3     60         80      22.67       7.51   
     3     60        122      41.13      14.96   
     3     60         92      27.85       9.50   
