Scheme#:0   5    1397.26     873.28     160.00     200.00    2630.54
Scheme#:1   5     465.75     291.09     960.00     200.00    1916.85
Scheme#:2   5     465.75     291.09     360.00      50.00    1166.85
Scheme#:0   5     643.17     401.98     160.00     200.00    1405.15
Scheme#:1   5     214.39     133.99     960.00     200.00    1508.38
Scheme#:2   5     214.39     133.99     560.00     100.00    1008.38
Scheme#:0   5     873.19     545.74     160.00     200.00    1778.94
Scheme#:1   5     291.06     181.91     960.00     200.00    1632.98
Scheme#:2   5     291.06     181.91     640.00     120.00    1232.98
Scheme#:0   10    1875.91    1172.45     360.00     450.00    3858.36
Scheme#:1   10     625.30     390.82    2160.00     450.00    3626.12
Scheme#:2   10     625.30     390.82    1200.00     210.00    2426.12
Scheme#:0   10    2477.01    1548.13     360.00     450.00    4835.14
Scheme#:1   10     825.67     516.04    2160.00     450.00    3951.71
Scheme#:2   10     825.67     516.04    1000.00     160.00    2501.71
Scheme#:0   10    2325.04    1453.15     360.00     450.00    4588.19
Scheme#:1   10     775.01     484.38    2160.00     450.00    3869.40
Scheme#:2   10     775.01     484.38    1080.00     180.00    2519.40
Scheme#:0   15    2985.79    1866.12     560.00     700.00    6111.90
Scheme#:1   15     995.26     622.04    3360.00     700.00    5677.30
Scheme#:2   15     995.26     622.04    1320.00     190.00    3127.30
Scheme#:0   15    4298.10    2686.31     560.00     700.00    8244.41
Scheme#:1   15    1432.70     895.44    3360.00     700.00    6388.14
Scheme#:2   15    1432.70     895.44    1400.00     210.00    3938.14
Scheme#:0   15    5616.55    3510.34     560.00     700.00   10386.89
Scheme#:1   15    1872.18    1170.11    3360.00     700.00    7102.30
Scheme#:2   15    1872.18    1170.11    1760.00     300.00    5102.30
Scheme#:0   20    3725.92    2328.70     760.00     950.00    7764.63
Scheme#:1   20    1241.97     776.23    4560.00     950.00    7528.21
Scheme#:2   20    1241.97     776.23    2160.00     350.00    4528.21
Scheme#:0   20    6406.90    4004.31     760.00     950.00   12121.22
Scheme#:1   20    2135.63    1334.77    4560.00     950.00    8980.41
Scheme#:2   20    2135.63    1334.77    2240.00     370.00    6080.41
Scheme#:0   20    5655.95    3534.97     760.00     950.00   10900.91
Scheme#:1   20    1885.32    1178.32    4560.00     950.00    8573.64
Scheme#:2   20    1885.32    1178.32    2360.00     400.00    5823.64
Scheme#:0   25    7792.55    4870.35     960.00    1200.00   14822.90
Scheme#:1   25    2597.52    1623.45    5760.00    1200.00   11180.97
Scheme#:2   25    2597.52    1623.45    2640.00     420.00    7280.97
Scheme#:0   25    4839.65    3024.78     960.00    1200.00   10024.44
Scheme#:1   25    1613.22    1008.26    5760.00    1200.00    9581.48
Scheme#:2   25    1613.22    1008.26    2400.00     360.00    5381.48
Scheme#:0   25    5035.33    3147.08     960.00    1200.00   10342.41
Scheme#:1   25    1678.44    1049.03    5760.00    1200.00    9687.47
Scheme#:2   25    1678.44    1049.03    2280.00     330.00    5337.47
Scheme#:0   30    6739.95    4212.47    1160.00    1450.00   13562.42
Scheme#:1   30    2246.65    1404.16    6960.00    1450.00   12060.81
Scheme#:2   30    2246.65    1404.16    2840.00     420.00    6910.81
Scheme#:0   30    5229.79    3268.62    1160.00    1450.00   11108.41
Scheme#:1   30    1743.26    1089.54    6960.00    1450.00   11242.80
Scheme#:2   30    1743.26    1089.54    2440.00     320.00    5592.80
Scheme#:0   30    6454.13    4033.83    1160.00    1450.00   13097.97
Scheme#:1   30    2151.38    1344.61    6960.00    1450.00   11905.99
Scheme#:2   30    2151.38    1344.61    3200.00     510.00    7205.99
Scheme#:0   35    8741.41    5463.38    1360.00    1700.00   17264.79
Scheme#:1   35    2913.80    1821.13    8160.00    1700.00   14594.93
Scheme#:2   35    2913.80    1821.13    4840.00     870.00   10444.93
Scheme#:0   35    6651.88    4157.43    1360.00    1700.00   13869.31
Scheme#:1   35    2217.29    1385.81    8160.00    1700.00   13463.10
Scheme#:2   35    2217.29    1385.81    4800.00     860.00    9263.10
Scheme#:0   35   11337.04    7085.65    1360.00    1700.00   21482.69
Scheme#:1   35    3779.01    2361.88    8160.00    1700.00   16000.90
Scheme#:2   35    3779.01    2361.88    4080.00     680.00   10900.90
Scheme#:0   40    7523.46    4702.16    1560.00    1950.00   15735.62
Scheme#:1   40    2507.82    1567.39    9360.00    1950.00   15385.21
Scheme#:2   40    2507.82    1567.39    5880.00    1080.00   11035.21
Scheme#:0   40   10440.44    6525.27    1560.00    1950.00   20475.71
Scheme#:1   40    3480.15    2175.09    9360.00    1950.00   16965.24
Scheme#:2   40    3480.15    2175.09    3600.00     510.00    9765.24
Scheme#:0   40    8451.37    5282.11    1560.00    1950.00   17243.48
Scheme#:1   40    2817.12    1760.70    9360.00    1950.00   15887.83
Scheme#:2   40    2817.12    1760.70    4800.00     810.00   10187.83
Scheme#:0   45   13484.09    8427.56    1760.00    2200.00   25871.65
Scheme#:1   45    4494.70    2809.19   10560.00    2200.00   20063.88
Scheme#:2   45    4494.70    2809.19    5360.00     900.00   13563.88
Scheme#:0   45   13637.41    8523.38    1760.00    2200.00   26120.78
Scheme#:1   45    4545.80    2841.13   10560.00    2200.00   20146.93
Scheme#:2   45    4545.80    2841.13    4600.00     710.00   12696.93
Scheme#:0   45    7570.35    4731.47    1760.00    2200.00   16261.81
Scheme#:1   45    2523.45    1577.16   10560.00    2200.00   16860.60
Scheme#:2   45    2523.45    1577.16    6680.00    1230.00   12010.60
Scheme#:0   50    8410.01    5256.26    1960.00    2450.00   18076.27
Scheme#:1   50    2803.34    1752.09   11760.00    2450.00   18765.42
Scheme#:2   50    2803.34    1752.09    6240.00    1070.00   11865.42
Scheme#:0   50    8218.69    5136.68    1960.00    2450.00   17765.37
Scheme#:1   50    2739.56    1712.23   11760.00    2450.00   18661.79
Scheme#:2   50    2739.56    1712.23    7640.00    1420.00   13511.79
Scheme#:0   50   12425.42    7765.89    1960.00    2450.00   24601.31
Scheme#:1   50    4141.81    2588.63   11760.00    2450.00   20940.44
Scheme#:2   50    4141.81    2588.63    7000.00    1260.00   14990.44
Scheme#:0   55   12098.35    7561.47    2160.00    2700.00   24519.81
Scheme#:1   55    4032.78    2520.49   12960.00    2700.00   22213.27
Scheme#:2   55    4032.78    2520.49    7960.00    1450.00   15963.27
Scheme#:0   55   13176.32    8235.20    2160.00    2700.00   26271.53
Scheme#:1   55    4392.11    2745.07   12960.00    2700.00   22797.18
Scheme#:2   55    4392.11    2745.07    4720.00     640.00   12497.18
Scheme#:0   55   10219.35    6387.10    2160.00    2700.00   21466.45
Scheme#:1   55    3406.45    2129.03   12960.00    2700.00   21195.48
Scheme#:2   55    3406.45    2129.03    7040.00    1220.00   13795.48
