     0      5    2021.76    1263.60     160.00     200.00    3645.36
     1      5     673.92     421.20     960.00     200.00    2255.12
     2      5     673.92     421.20     600.00     110.00    1805.12
     0      5    1484.46     927.79     160.00     200.00    2772.24
     1      5     494.82     309.26     960.00     200.00    1964.08
     2      5     494.82     309.26     640.00     120.00    1564.08
     0      5    1277.64     798.52     160.00     200.00    2436.16
     1      5     425.88     266.17     960.00     200.00    1852.05
     2      5     425.88     266.17     440.00      70.00    1202.05
     0      5    1390.60     869.12     160.00     200.00    2619.72
     1      5     463.53     289.71     960.00     200.00    1913.24
     2      5     463.53     289.71     640.00     120.00    1513.24
     0      5    1387.69     867.30     160.00     200.00    2614.99
     1      5     462.56     289.10     960.00     200.00    1911.66
     2      5     462.56     289.10     560.00     100.00    1411.66
     0      5    1070.55     669.09     160.00     200.00    2099.65
     1      5     356.85     223.03     960.00     200.00    1739.88
     2      5     356.85     223.03     640.00     120.00    1339.88
     0      5    1498.17     936.36     160.00     200.00    2794.53
     1      5     499.39     312.12     960.00     200.00    1971.51
     2      5     499.39     312.12     600.00     110.00    1521.51
     0      5    1605.69    1003.56     160.00     200.00    2969.25
     1      5     535.23     334.52     960.00     200.00    2029.75
     2      5     535.23     334.52     520.00      90.00    1479.75
     0      5    2287.62    1429.76     160.00     200.00    4077.38
     1      5     762.54     476.59     960.00     200.00    2399.13
     2      5     762.54     476.59     560.00     100.00    1899.13
     0      5    2390.52    1494.07     160.00     200.00    4244.59
     1      5     796.84     498.02     960.00     200.00    2454.86
     2      5     796.84     498.02     640.00     120.00    2054.86
     0     10    3964.19    2477.62     360.00     450.00    7251.81
     1     10    1321.40     825.87    2160.00     450.00    4757.27
     2     10    1321.40     825.87    1280.00     230.00    3657.27
     0     10    4193.29    2620.81     360.00     450.00    7624.10
     1     10    1397.76     873.60    2160.00     450.00    4881.37
     2     10    1397.76     873.60    1320.00     240.00    3831.37
     0     10    3828.73    2392.96     360.00     450.00    7031.69
     1     10    1276.24     797.65    2160.00     450.00    4683.90
     2     10    1276.24     797.65    1440.00     270.00    3783.90
     0     10    4977.14    3110.72     360.00     450.00    8897.86
     1     10    1659.05    1036.91    2160.00     450.00    5305.95
     2     10    1659.05    1036.91    1320.00     240.00    4255.95
     0     10    4928.86    3080.54     360.00     450.00    8819.40
     1     10    1642.95    1026.85    2160.00     450.00    5279.80
     2     10    1642.95    1026.85    1320.00     240.00    4229.80
     0     10    4786.96    2991.85     360.00     450.00    8588.82
     1     10    1595.65     997.28    2160.00     450.00    5202.94
     2     10    1595.65     997.28    1320.00     240.00    4152.94
     0     10    4483.54    2802.21     360.00     450.00    8095.75
     1     10    1494.51     934.07    2160.00     450.00    5038.58
     2     10    1494.51     934.07    1240.00     220.00    3888.58
     0     10    3713.44    2320.90     360.00     450.00    6844.35
     1     10    1237.81     773.63    2160.00     450.00    4621.45
     2     10    1237.81     773.63    1360.00     250.00    3621.45
     0     10    3073.53    1920.96     360.00     450.00    5804.49
     1     10    1024.51     640.32    2160.00     450.00    4274.83
     2     10    1024.51     640.32    1120.00     190.00    2974.83
     0     10    3637.41    2273.38     360.00     450.00    6720.79
     1     10    1212.47     757.79    2160.00     450.00    4580.26
     2     10    1212.47     757.79    1240.00     220.00    3430.26
     0     15    7562.47    4726.55     560.00     700.00   13549.02
     1     15    2520.82    1575.52    3360.00     700.00    8156.34
     2     15    2520.82    1575.52    1960.00     350.00    6406.34
     0     15    7430.69    4644.18     560.00     700.00   13334.86
     1     15    2476.90    1548.06    3360.00     700.00    8084.95
     2     15    2476.90    1548.06    2120.00     390.00    6534.95
     0     15    9872.15    6170.09     560.00     700.00   17302.24
     1     15    3290.72    2056.70    3360.00     700.00    9407.41
     2     15    3290.72    2056.70    2120.00     390.00    7857.41
     0     15    6124.21    3827.63     560.00     700.00   11211.85
     1     15    2041.40    1275.88    3360.00     700.00    7377.28
     2     15    2041.40    1275.88    1960.00     350.00    5627.28
     0     15    8511.12    5319.45     560.00     700.00   15090.57
     1     15    2837.04    1773.15    3360.00     700.00    8670.19
     2     15    2837.04    1773.15    2120.00     390.00    7120.19
     0     15    6945.56    4340.97     560.00     700.00   12546.53
     1     15    2315.19    1446.99    3360.00     700.00    7822.18
     2     15    2315.19    1446.99    2000.00     360.00    6122.18
     0     15    7627.81    4767.38     560.00     700.00   13655.20
     1     15    2542.60    1589.13    3360.00     700.00    8191.73
     2     15    2542.60    1589.13    2040.00     370.00    6541.73
     0     15    4149.20    2593.25     560.00     700.00    8002.46
     1     15    1383.07     864.42    3360.00     700.00    6307.49
     2     15    1383.07     864.42    2160.00     400.00    4807.49
     0     15    7323.99    4577.50     560.00     700.00   13161.49
     1     15    2441.33    1525.83    3360.00     700.00    8027.16
     2     15    2441.33    1525.83    2000.00     360.00    6327.16
     0     15    7316.62    4572.89     560.00     700.00   13149.51
     1     15    2438.87    1524.30    3360.00     700.00    8023.17
     2     15    2438.87    1524.30    2200.00     410.00    6573.17
     0     20   11139.70    6962.31     760.00     950.00   19812.01
     1     20    3713.23    2320.77    4560.00     950.00   11544.00
     2     20    3713.23    2320.77    2840.00     520.00    9394.00
     0     20   10237.15    6398.22     760.00     950.00   18345.36
     1     20    3412.38    2132.74    4560.00     950.00   11055.12
     2     20    3412.38    2132.74    2680.00     480.00    8705.12
     0     20   12065.35    7540.85     760.00     950.00   21316.20
     1     20    4021.78    2513.62    4560.00     950.00   12045.40
     2     20    4021.78    2513.62    2880.00     530.00    9945.40
     0     20    8177.25    5110.78     760.00     950.00   14998.03
     1     20    2725.75    1703.59    4560.00     950.00    9939.34
     2     20    2725.75    1703.59    2440.00     420.00    7289.34
     0     20    8216.84    5135.53     760.00     950.00   15062.37
     1     20    2738.95    1711.84    4560.00     950.00    9960.79
     2     20    2738.95    1711.84    2880.00     530.00    7860.79
     0     20    9603.88    6002.42     760.00     950.00   17316.30
     1     20    3201.29    2000.81    4560.00     950.00   10712.10
     2     20    3201.29    2000.81    2840.00     520.00    8562.10
     0     20    8438.66    5274.16     760.00     950.00   15422.82
     1     20    2812.89    1758.05    4560.00     950.00   10080.94
     2     20    2812.89    1758.05    2920.00     540.00    8030.94
     0     20   10020.99    6263.12     760.00     950.00   17994.11
     1     20    3340.33    2087.71    4560.00     950.00   10938.04
     2     20    3340.33    2087.71    2960.00     550.00    8938.04
     0     20    6432.20    4020.13     760.00     950.00   12162.33
     1     20    2144.07    1340.04    4560.00     950.00    8994.11
     2     20    2144.07    1340.04    2800.00     510.00    6794.11
     0     20   12448.98    7780.61     760.00     950.00   21939.59
     1     20    4149.66    2593.54    4560.00     950.00   12253.20
     2     20    4149.66    2593.54    2880.00     530.00   10153.20
     0     25   17653.83   11033.65     960.00    1200.00   30847.48
     1     25    5884.61    3677.88    5760.00    1200.00   16522.49
     2     25    5884.61    3677.88    3560.00     650.00   13772.49
     0     25   16399.53   10249.70     960.00    1200.00   28809.23
     1     25    5466.51    3416.57    5760.00    1200.00   15843.08
     2     25    5466.51    3416.57    3680.00     680.00   13243.08
     0     25   12303.00    7689.38     960.00    1200.00   22152.38
     1     25    4101.00    2563.13    5760.00    1200.00   13624.13
     2     25    4101.00    2563.13    3120.00     540.00   10324.13
     0     25   10110.26    6318.91     960.00    1200.00   18589.17
     1     25    3370.09    2106.30    5760.00    1200.00   12436.39
     2     25    3370.09    2106.30    3480.00     630.00    9586.39
     0     25   12899.84    8062.40     960.00    1200.00   23122.25
     1     25    4299.95    2687.47    5760.00    1200.00   13947.42
     2     25    4299.95    2687.47    3600.00     660.00   11247.42
     0     25   13658.71    8536.70     960.00    1200.00   24355.41
     1     25    4552.90    2845.57    5760.00    1200.00   14358.47
     2     25    4552.90    2845.57    3640.00     670.00   11708.47
     0     25    7948.46    4967.79     960.00    1200.00   15076.25
     1     25    2649.49    1655.93    5760.00    1200.00   11265.42
     2     25    2649.49    1655.93    3760.00     700.00    8765.42
     0     25   11482.15    7176.34     960.00    1200.00   20818.49
     1     25    3827.38    2392.11    5760.00    1200.00   13179.50
     2     25    3827.38    2392.11    3680.00     680.00   10579.50
     0     25   10939.55    6837.22     960.00    1200.00   19936.76
     1     25    3646.52    2279.07    5760.00    1200.00   12885.59
     2     25    3646.52    2279.07    3440.00     620.00    9985.59
     0     25   10233.63    6396.02     960.00    1200.00   18789.65
     1     25    3411.21    2132.01    5760.00    1200.00   12503.22
     2     25    3411.21    2132.01    3280.00     580.00    9403.22
     0     30   18097.29   11310.81    1160.00    1450.00   32018.10
     1     30    6032.43    3770.27    6960.00    1450.00   18212.70
     2     30    6032.43    3770.27    4400.00     810.00   15012.70
     0     30   14667.28    9167.05    1160.00    1450.00   26444.32
     1     30    4889.09    3055.68    6960.00    1450.00   16354.77
     2     30    4889.09    3055.68    4520.00     840.00   13304.77
     0     30   10953.71    6846.07    1160.00    1450.00   20409.78
     1     30    3651.24    2282.02    6960.00    1450.00   14343.26
     2     30    3651.24    2282.02    4360.00     800.00   11093.26
     0     30   11857.16    7410.73    1160.00    1450.00   21877.89
     1     30    3952.39    2470.24    6960.00    1450.00   14832.63
     2     30    3952.39    2470.24    4400.00     810.00   11632.63
     0     30   16027.97   10017.48    1160.00    1450.00   28655.46
     1     30    5342.66    3339.16    6960.00    1450.00   17091.82
     2     30    5342.66    3339.16    4400.00     810.00   13891.82
     0     30   14475.68    9047.30    1160.00    1450.00   26132.98
     1     30    4825.23    3015.77    6960.00    1450.00   16250.99
     2     30    4825.23    3015.77    4080.00     730.00   12650.99
     0     30   13558.13    8473.83    1160.00    1450.00   24641.97
     1     30    4519.38    2824.61    6960.00    1450.00   15753.99
     2     30    4519.38    2824.61    4400.00     810.00   12553.99
     0     30   15187.65    9492.28    1160.00    1450.00   27289.94
     1     30    5062.55    3164.09    6960.00    1450.00   16636.65
     2     30    5062.55    3164.09    4280.00     780.00   13286.65
     0     30   11768.24    7355.15    1160.00    1450.00   21733.40
     1     30    3922.75    2451.72    6960.00    1450.00   14784.47
     2     30    3922.75    2451.72    4520.00     840.00   11734.47
     0     30   15647.91    9779.95    1160.00    1450.00   28037.86
     1     30    5215.97    3259.98    6960.00    1450.00   16885.95
     2     30    5215.97    3259.98    4440.00     820.00   13735.95
     0     35   27456.90   17160.56    1360.00    1700.00   47677.46
     1     35    9152.30    5720.19    8160.00    1700.00   24732.49
     2     35    9152.30    5720.19    4960.00     900.00   20732.49
     0     35   13130.80    8206.75    1360.00    1700.00   24397.55
     1     35    4376.93    2735.58    8160.00    1700.00   16972.52
     2     35    4376.93    2735.58    5240.00     970.00   13322.52
     0     35   16374.66   10234.16    1360.00    1700.00   29668.82
     1     35    5458.22    3411.39    8160.00    1700.00   18729.61
     2     35    5458.22    3411.39    5160.00     950.00   14979.61
     0     35   11792.18    7370.11    1360.00    1700.00   22222.29
     1     35    3930.73    2456.70    8160.00    1700.00   16247.43
     2     35    3930.73    2456.70    4960.00     900.00   12247.43
     0     35   17007.63   10629.77    1360.00    1700.00   30697.40
     1     35    5669.21    3543.26    8160.00    1700.00   19072.47
     2     35    5669.21    3543.26    4920.00     890.00   15022.47
     0     35   17464.18   10915.11    1360.00    1700.00   31439.29
     1     35    5821.39    3638.37    8160.00    1700.00   19319.76
     2     35    5821.39    3638.37    5400.00    1010.00   15869.76
     0     35   13437.25    8398.28    1360.00    1700.00   24895.52
     1     35    4479.08    2799.43    8160.00    1700.00   17138.51
     2     35    4479.08    2799.43    5160.00     950.00   13388.51
     0     35   11271.11    7044.45    1360.00    1700.00   21375.56
     1     35    3757.04    2348.15    8160.00    1700.00   15965.19
     2     35    3757.04    2348.15    5280.00     980.00   12365.19
     0     35   10499.42    6562.13    1360.00    1700.00   20121.55
     1     35    3499.81    2187.38    8160.00    1700.00   15547.18
     2     35    3499.81    2187.38    5000.00     910.00   11597.18
     0     35   11020.58    6887.87    1360.00    1700.00   20968.45
     1     35    3673.53    2295.96    8160.00    1700.00   15829.48
     2     35    3673.53    2295.96    5040.00     920.00   11929.48
     0     40   19837.08   12398.17    1560.00    1950.00   35745.25
     1     40    6612.36    4132.72    9360.00    1950.00   22055.08
     2     40    6612.36    4132.72    5600.00    1010.00   17355.08
     0     40   22635.84   14147.40    1560.00    1950.00   40293.25
     1     40    7545.28    4715.80    9360.00    1950.00   23571.08
     2     40    7545.28    4715.80    5320.00     940.00   18521.08
     0     40   21640.68   13525.42    1560.00    1950.00   38676.10
     1     40    7213.56    4508.47    9360.00    1950.00   23032.03
     2     40    7213.56    4508.47    5840.00    1070.00   18632.03
     0     40   21357.69   13348.55    1560.00    1950.00   38216.24
     1     40    7119.23    4449.52    9360.00    1950.00   22878.75
     2     40    7119.23    4449.52    5720.00    1040.00   18328.75
     0     40   19150.01   11968.76    1560.00    1950.00   34628.77
     1     40    6383.34    3989.59    9360.00    1950.00   21682.92
     2     40    6383.34    3989.59    5480.00     980.00   16832.92
     0     40   21325.85   13328.66    1560.00    1950.00   38164.51
     1     40    7108.62    4442.89    9360.00    1950.00   22861.50
     2     40    7108.62    4442.89    5800.00    1060.00   18411.50
     0     40   14897.19    9310.74    1560.00    1950.00   27717.93
     1     40    4965.73    3103.58    9360.00    1950.00   19379.31
     2     40    4965.73    3103.58    5480.00     980.00   14529.31
     0     40   18588.33   11617.71    1560.00    1950.00   33716.04
     1     40    6196.11    3872.57    9360.00    1950.00   21378.68
     2     40    6196.11    3872.57    5960.00    1100.00   17128.68
     0     40   21898.89   13686.81    1560.00    1950.00   39095.69
     1     40    7299.63    4562.27    9360.00    1950.00   23171.90
     2     40    7299.63    4562.27    5920.00    1090.00   18871.90
     0     40   14707.76    9192.35    1560.00    1950.00   27410.11
     1     40    4902.59    3064.12    9360.00    1950.00   19276.70
     2     40    4902.59    3064.12    5960.00    1100.00   15026.70
     0     45   16041.54   10025.96    1760.00    2200.00   30027.49
     1     45    5347.18    3341.99   10560.00    2200.00   21449.16
     2     45    5347.18    3341.99    6720.00    1240.00   16649.16
     0     45   19453.84   12158.65    1760.00    2200.00   35572.49
     1     45    6484.61    4052.88   10560.00    2200.00   23297.50
     2     45    6484.61    4052.88    6520.00    1190.00   18247.50
     0     45   20029.56   12518.48    1760.00    2200.00   36508.04
     1     45    6676.52    4172.83   10560.00    2200.00   23609.35
     2     45    6676.52    4172.83    6080.00    1080.00   18009.35
     0     45   23880.33   14925.21    1760.00    2200.00   42765.54
     1     45    7960.11    4975.07   10560.00    2200.00   25695.18
     2     45    7960.11    4975.07    6720.00    1240.00   20895.18
     0     45   20506.91   12816.82    1760.00    2200.00   37283.73
     1     45    6835.64    4272.27   10560.00    2200.00   23867.91
     2     45    6835.64    4272.27    6800.00    1260.00   19167.91
     0     45   19492.86   12183.04    1760.00    2200.00   35635.91
     1     45    6497.62    4061.01   10560.00    2200.00   23318.64
     2     45    6497.62    4061.01    6840.00    1270.00   18668.64
     0     45   17477.24   10923.27    1760.00    2200.00   32360.51
     1     45    5825.75    3641.09   10560.00    2200.00   22226.84
     2     45    5825.75    3641.09    6640.00    1220.00   17326.84
     0     45   17907.57   11192.23    1760.00    2200.00   33059.80
     1     45    5969.19    3730.74   10560.00    2200.00   22459.93
     2     45    5969.19    3730.74    6840.00    1270.00   17809.93
     0     45   26859.62   16787.26    1760.00    2200.00   47606.88
     1     45    8953.21    5595.75   10560.00    2200.00   27308.96
     2     45    8953.21    5595.75    6280.00    1130.00   21958.96
     0     45   17174.32   10733.95    1760.00    2200.00   31868.28
     1     45    5724.77    3577.98   10560.00    2200.00   22062.76
     2     45    5724.77    3577.98    6480.00    1180.00   16962.76
     0     50   25907.61   16192.26    1960.00    2450.00   46509.87
     1     50    8635.87    5397.42   11760.00    2450.00   28243.29
     2     50    8635.87    5397.42    7440.00    1370.00   22843.29
     0     50   33851.72   21157.32    1960.00    2450.00   59419.04
     1     50   11283.91    7052.44   11760.00    2450.00   32546.35
     2     50   11283.91    7052.44    7440.00    1370.00   27146.35
     0     50   20321.70   12701.06    1960.00    2450.00   37432.76
     1     50    6773.90    4233.69   11760.00    2450.00   25217.59
     2     50    6773.90    4233.69    6920.00    1240.00   19167.59
     0     50   18345.68   11466.05    1960.00    2450.00   34221.72
     1     50    6115.23    3822.02   11760.00    2450.00   24147.24
     2     50    6115.23    3822.02    7360.00    1350.00   18647.24
     0     50   24234.21   15146.38    1960.00    2450.00   43790.58
     1     50    8078.07    5048.79   11760.00    2450.00   27336.86
     2     50    8078.07    5048.79    7000.00    1260.00   21386.86
     0     50   23959.69   14974.80    1960.00    2450.00   43344.49
     1     50    7986.56    4991.60   11760.00    2450.00   27188.16
     2     50    7986.56    4991.60    7360.00    1350.00   21688.16
     0     50   26987.14   16866.96    1960.00    2450.00   48264.11
     1     50    8995.71    5622.32   11760.00    2450.00   28828.04
     2     50    8995.71    5622.32    7040.00    1270.00   22928.04
     0     50   15404.75    9627.97    1960.00    2450.00   29442.72
     1     50    5134.92    3209.32   11760.00    2450.00   22554.24
     2     50    5134.92    3209.32    7280.00    1330.00   16954.24
     0     50   27783.52   17364.70    1960.00    2450.00   49558.22
     1     50    9261.17    5788.23   11760.00    2450.00   29259.41
     2     50    9261.17    5788.23    7320.00    1340.00   23709.41
     0     50   27075.89   16922.43    1960.00    2450.00   48408.32
     1     50    9025.30    5640.81   11760.00    2450.00   28876.11
     2     50    9025.30    5640.81    7520.00    1390.00   23576.11
     0     55   20780.02   12987.51    2160.00    2700.00   38627.53
     1     55    6926.67    4329.17   12960.00    2700.00   26915.84
     2     55    6926.67    4329.17    7560.00    1350.00   20165.84
     0     55   28063.81   17539.88    2160.00    2700.00   50463.69
     1     55    9354.60    5846.63   12960.00    2700.00   30861.23
     2     55    9354.60    5846.63    7680.00    1380.00   24261.23
     0     55   22459.36   14037.10    2160.00    2700.00   41356.47
     1     55    7486.45    4679.03   12960.00    2700.00   27825.49
     2     55    7486.45    4679.03    8320.00    1540.00   22025.49
     0     55   32516.42   20322.76    2160.00    2700.00   57699.18
     1     55   10838.81    6774.25   12960.00    2700.00   33273.06
     2     55   10838.81    6774.25    8400.00    1560.00   27573.06
     0     55   23515.30   14697.06    2160.00    2700.00   43072.36
     1     55    7838.43    4899.02   12960.00    2700.00   28397.45
     2     55    7838.43    4899.02    7920.00    1440.00   22097.45
     0     55   27418.66   17136.66    2160.00    2700.00   49415.33
     1     55    9139.55    5712.22   12960.00    2700.00   30511.78
     2     55    9139.55    5712.22    8320.00    1540.00   24711.78
     0     55   21112.25   13195.16    2160.00    2700.00   39167.40
     1     55    7037.42    4398.39   12960.00    2700.00   27095.80
     2     55    7037.42    4398.39    8200.00    1510.00   21145.80
     0     55   20758.15   12973.84    2160.00    2700.00   38591.99
     1     55    6919.38    4324.61   12960.00    2700.00   26904.00
     2     55    6919.38    4324.61    8280.00    1530.00   21054.00
     0     55   31507.86   19692.41    2160.00    2700.00   56060.27
     1     55   10502.62    6564.14   12960.00    2700.00   32726.76
     2     55   10502.62    6564.14    8080.00    1480.00   26626.76
     0     55   19842.61   12401.63    2160.00    2700.00   37104.25
     1     55    6614.20    4133.88   12960.00    2700.00   26408.08
     2     55    6614.20    4133.88    6040.00     970.00   17758.08
     0     60   32209.52   20130.95    2360.00    2950.00   57650.47
     1     60   10736.51    6710.32   14160.00    2950.00   34556.82
     2     60   10736.51    6710.32    9120.00    1690.00   28256.82
     0     60   30179.03   18861.89    2360.00    2950.00   54350.93
     1     60   10059.68    6287.30   14160.00    2950.00   33456.98
     2     60   10059.68    6287.30    8480.00    1530.00   26356.98
     0     60   24380.89   15238.05    2360.00    2950.00   44928.94
     1     60    8126.96    5079.35   14160.00    2950.00   30316.31
     2     60    8126.96    5079.35    8760.00    1600.00   23566.31
     0     60   26312.35   16445.22    2360.00    2950.00   48067.57
     1     60    8770.78    5481.74   14160.00    2950.00   31362.52
     2     60    8770.78    5481.74    8600.00    1560.00   24412.52
     0     60   35482.03   22176.27    2360.00    2950.00   62968.30
     1     60   11827.34    7392.09   14160.00    2950.00   36329.43
     2     60   11827.34    7392.09    9040.00    1670.00   29929.43
     0     60   31096.87   19435.54    2360.00    2950.00   55842.41
     1     60   10365.62    6478.51   14160.00    2950.00   33954.14
     2     60   10365.62    6478.51    9200.00    1710.00   27754.14
     0     60   30865.99   19291.25    2360.00    2950.00   55467.24
     1     60   10288.66    6430.42   14160.00    2950.00   33829.08
     2     60   10288.66    6430.42    9280.00    1730.00   27729.08
     0     60   27713.71   17321.07    2360.00    2950.00   50344.78
     1     60    9237.90    5773.69   14160.00    2950.00   32121.59
     2     60    9237.90    5773.69    8880.00    1630.00   25521.59
     0     60   28613.62   17883.51    2360.00    2950.00   51807.13
     1     60    9537.87    5961.17   14160.00    2950.00   32609.04
     2     60    9537.87    5961.17    7880.00    1380.00   24759.04
     0     60   29598.54   18499.09    2360.00    2950.00   53407.63
     1     60    9866.18    6166.36   14160.00    2950.00   33142.54
     2     60    9866.18    6166.36    8840.00    1620.00   26492.54
