Scheme#:0   10    2598.80    1624.25     360.00    1800.00    6383.05
Scheme#:1   10     519.76     324.85    7560.00    1800.00   10204.61
Scheme#:2   10    1039.52     649.70    3320.00     740.00    5749.22
Scheme#:0   10    1174.88     734.30     360.00    1800.00    4069.19
Scheme#:1   10     234.98     146.86    7560.00    1800.00    9741.84
Scheme#:2   10     278.41     174.01    4040.00     920.00    5412.42
Scheme#:0   10    2017.01    1260.63     360.00    1800.00    5437.64
Scheme#:1   10     403.40     252.13    7560.00    1800.00   10015.53
Scheme#:2   10     612.28     382.68    3200.00     710.00    4904.96
Scheme#:0   10    1301.83     813.65     360.00    1800.00    4275.48
Scheme#:1   10     260.37     162.73    7560.00    1800.00    9783.10
Scheme#:2   10     365.67     228.55    3720.00     840.00    5154.22
Scheme#:0   10    1911.98    1194.98     360.00    1800.00    5266.96
Scheme#:1   10     382.40     239.00    7560.00    1800.00    9981.39
Scheme#:2   10     670.75     419.22    3720.00     840.00    5649.96
Scheme#:0   10    1561.57     975.98     360.00    1800.00    4697.54
Scheme#:1   10     312.31     195.20    7560.00    1800.00    9867.51
Scheme#:2   10     483.23     302.02    4080.00     930.00    5795.25
Scheme#:0   10    1448.11     905.07     360.00    1800.00    4513.18
Scheme#:1   10     289.62     181.01    7560.00    1800.00    9830.64
Scheme#:2   10     421.13     263.21    2560.00     550.00    3794.34
Scheme#:0   10    1259.08     786.93     360.00    1800.00    4206.01
Scheme#:1   10     251.82     157.39    7560.00    1800.00    9769.20
Scheme#:2   10     349.00     218.13    3960.00     900.00    5427.13
Scheme#:0   10    1415.74     884.84     360.00    1800.00    4460.57
Scheme#:1   10     283.15     176.97    7560.00    1800.00    9820.11
Scheme#:2   10     436.75     272.97    2760.00     600.00    4069.71
Scheme#:0   10    1186.29     741.43     360.00    1800.00    4087.72
Scheme#:1   10     237.26     148.29    7560.00    1800.00    9745.54
Scheme#:2   10     389.02     243.14    3520.00     790.00    4942.16
