Scheme#:0   10    2732.28    1707.68     360.00    2250.00    7049.96
Scheme#:1   10     546.46     341.54    9360.00    2250.00   12497.99
Scheme#:2   10     976.30     610.19    4640.00    1070.00    7296.49
Scheme#:0   10    2670.14    1668.84     360.00    2250.00    6948.97
Scheme#:1   10     534.03     333.77    9360.00    2250.00   12477.79
Scheme#:2   10     823.46     514.66    4720.00    1090.00    7148.12
Scheme#:0   10    2662.27    1663.92     360.00    2250.00    6936.19
Scheme#:1   10     532.45     332.78    9360.00    2250.00   12475.24
Scheme#:2   10     835.96     522.47    4680.00    1080.00    7118.43
Scheme#:0   10    3286.98    2054.36     360.00    2250.00    7951.34
Scheme#:1   10     657.40     410.87    9360.00    2250.00   12678.27
Scheme#:2   10    1135.49     709.68    4440.00    1020.00    7305.17
Scheme#:0   10    4148.36    2592.72     360.00    2250.00    9351.08
Scheme#:1   10     829.67     518.54    9360.00    2250.00   12958.22
Scheme#:2   10    1470.30     918.93    4280.00     980.00    7649.23
Scheme#:0   10    5376.26    3360.16     360.00    2250.00   11346.42
Scheme#:1   10    1075.25     672.03    9360.00    2250.00   13357.28
Scheme#:2   10    1731.64    1082.27    3880.00     880.00    7573.91
Scheme#:0   10    2500.66    1562.91     360.00    2250.00    6673.57
Scheme#:1   10     500.13     312.58    9360.00    2250.00   12422.71
Scheme#:2   10     732.60     457.87    4880.00    1130.00    7200.47
Scheme#:0   10    4197.42    2623.39     360.00    2250.00    9430.81
Scheme#:1   10     839.48     524.68    9360.00    2250.00   12974.16
Scheme#:2   10    1323.34     827.09    3960.00     900.00    7010.43
Scheme#:0   10    2575.76    1609.85     360.00    2250.00    6795.60
Scheme#:1   10     515.15     321.97    9360.00    2250.00   12447.12
Scheme#:2   10     830.72     519.20    4120.00     940.00    6409.93
Scheme#:0   10    5008.28    3130.17     360.00    2250.00   10748.45
Scheme#:1   10    1001.66     626.03    9360.00    2250.00   13237.69
Scheme#:2   10    1332.76     832.97    4480.00    1030.00    7675.73
