     0      5     597.84     373.65     160.00     200.00    1331.49
     1      5     199.28     124.55     960.00     200.00    1483.83
     2      5     199.28     124.55     600.00     110.00    1033.83
     0      5     331.32     207.07     160.00     200.00     898.39
     1      5     110.44      69.02     960.00     200.00    1339.46
     2      5     110.44      69.02     560.00     100.00     839.46
     0      5     869.91     543.70     160.00     200.00    1773.61
     1      5     289.97     181.23     960.00     200.00    1631.20
     2      5     289.97     181.23     520.00      90.00    1081.20
     0      5     724.70     452.94     160.00     200.00    1537.63
     1      5     241.57     150.98     960.00     200.00    1552.54
     2      5     241.57     150.98     600.00     110.00    1102.54
     0      5     683.05     426.91     160.00     200.00    1469.96
     1      5     227.68     142.30     960.00     200.00    1529.99
     2      5     227.68     142.30     640.00     120.00    1129.99
     0      5    1663.54    1039.71     160.00     200.00    3063.26
     1      5     554.51     346.57     960.00     200.00    2061.09
     2      5     554.51     346.57     600.00     110.00    1611.09
     0      5     513.80     321.13     160.00     200.00    1194.93
     1      5     171.27     107.04     960.00     200.00    1438.31
     2      5     171.27     107.04     520.00      90.00     888.31
     0      5     907.80     567.37     160.00     200.00    1835.17
     1      5     302.60     189.12     960.00     200.00    1651.72
     2      5     302.60     189.12     640.00     120.00    1251.72
     0      5     581.13     363.20     160.00     200.00    1304.33
     1      5     193.71     121.07     960.00     200.00    1474.78
     2      5     193.71     121.07     480.00      80.00     874.78
     0      5     950.47     594.04     160.00     200.00    1904.51
     1      5     316.82     198.01     960.00     200.00    1674.84
     2      5     316.82     198.01     640.00     120.00    1274.84
     0     10    2768.19    1730.12     360.00     450.00    5308.30
     1     10     922.73     576.71    2160.00     450.00    4109.43
     2     10     922.73     576.71    1280.00     230.00    3009.43
     0     10    1228.90     768.06     360.00     450.00    2806.96
     1     10     409.63     256.02    2160.00     450.00    3275.65
     2     10     409.63     256.02    1240.00     220.00    2125.65
     0     10    2390.94    1494.34     360.00     450.00    4695.28
     1     10     796.98     498.11    2160.00     450.00    3905.09
     2     10     796.98     498.11    1280.00     230.00    2805.09
     0     10    1655.34    1034.59     360.00     450.00    3499.92
     1     10     551.78     344.86    2160.00     450.00    3506.64
     2     10     551.78     344.86    1360.00     250.00    2506.64
     0     10    2125.83    1328.64     360.00     450.00    4264.47
     1     10     708.61     442.88    2160.00     450.00    3761.49
     2     10     708.61     442.88    1240.00     220.00    2611.49
     0     10    1968.41    1230.26     360.00     450.00    4008.67
     1     10     656.14     410.09    2160.00     450.00    3676.22
     2     10     656.14     410.09    1320.00     240.00    2626.22
     0     10    2218.76    1386.72     360.00     450.00    4415.48
     1     10     739.59     462.24    2160.00     450.00    3811.83
     2     10     739.59     462.24    1280.00     230.00    2711.83
     0     10    1798.35    1123.97     360.00     450.00    3732.32
     1     10     599.45     374.66    2160.00     450.00    3584.11
     2     10     599.45     374.66    1440.00     270.00    2684.11
     0     10    1103.30     689.56     360.00     450.00    2602.86
     1     10     367.77     229.85    2160.00     450.00    3207.62
     2     10     367.77     229.85    1320.00     240.00    2157.62
     0     10    2283.28    1427.05     360.00     450.00    4520.32
     1     10     761.09     475.68    2160.00     450.00    3846.77
     2     10     761.09     475.68    1360.00     250.00    2846.77
     0     15    2422.91    1514.32     560.00     700.00    5197.23
     1     15     807.64     504.77    3360.00     700.00    5372.41
     2     15     807.64     504.77    2160.00     400.00    3872.41
     0     15    3071.90    1919.94     560.00     700.00    6251.83
     1     15    1023.97     639.98    3360.00     700.00    5723.94
     2     15    1023.97     639.98    2040.00     370.00    4073.94
     0     15    4740.91    2963.07     560.00     700.00    8963.97
     1     15    1580.30     987.69    3360.00     700.00    6627.99
     2     15    1580.30     987.69    2040.00     370.00    4977.99
     0     15    3550.74    2219.21     560.00     700.00    7029.96
     1     15    1183.58     739.74    3360.00     700.00    5983.32
     2     15    1183.58     739.74    2120.00     390.00    4433.32
     0     15    4428.95    2768.10     560.00     700.00    8457.05
     1     15    1476.32     922.70    3360.00     700.00    6459.02
     2     15    1476.32     922.70    2040.00     370.00    4809.02
     0     15    4247.01    2654.38     560.00     700.00    8161.39
     1     15    1415.67     884.79    3360.00     700.00    6360.46
     2     15    1415.67     884.79    2120.00     390.00    4810.46
     0     15    3443.85    2152.41     560.00     700.00    6856.26
     1     15    1147.95     717.47    3360.00     700.00    5925.42
     2     15    1147.95     717.47    2120.00     390.00    4375.42
     0     15    5210.48    3256.55     560.00     700.00    9727.03
     1     15    1736.83    1085.52    3360.00     700.00    6882.34
     2     15    1736.83    1085.52    2000.00     360.00    5182.34
     0     15    3155.06    1971.91     560.00     700.00    6386.97
     1     15    1051.69     657.30    3360.00     700.00    5768.99
     2     15    1051.69     657.30    2240.00     420.00    4368.99
     0     15    2625.98    1641.24     560.00     700.00    5527.22
     1     15     875.33     547.08    3360.00     700.00    5482.41
     2     15     875.33     547.08    2160.00     400.00    3982.41
     0     20    3208.58    2005.36     760.00     950.00    6923.94
     1     20    1069.53     668.45    4560.00     950.00    7247.98
     2     20    1069.53     668.45    2840.00     520.00    5097.98
     0     20    3961.04    2475.65     760.00     950.00    8146.68
     1     20    1320.35     825.22    4560.00     950.00    7655.56
     2     20    1320.35     825.22    2920.00     540.00    5605.56
     0     20    5073.18    3170.74     760.00     950.00    9953.92
     1     20    1691.06    1056.91    4560.00     950.00    8257.97
     2     20    1691.06    1056.91    2720.00     490.00    5957.97
     0     20    3460.12    2162.58     760.00     950.00    7332.70
     1     20    1153.37     720.86    4560.00     950.00    7384.23
     2     20    1153.37     720.86    2720.00     490.00    5084.23
     0     20    4215.88    2634.93     760.00     950.00    8560.81
     1     20    1405.29     878.31    4560.00     950.00    7793.60
     2     20    1405.29     878.31    2760.00     500.00    5543.60
     0     20    4949.52    3093.45     760.00     950.00    9752.98
     1     20    1649.84    1031.15    4560.00     950.00    8190.99
     2     20    1649.84    1031.15    3000.00     560.00    6240.99
     0     20    3618.12    2261.33     760.00     950.00    7589.45
     1     20    1206.04     753.78    4560.00     950.00    7469.82
     2     20    1206.04     753.78    2960.00     550.00    5469.82
     0     20    5699.80    3562.38     760.00     950.00   10972.18
     1     20    1899.93    1187.46    4560.00     950.00    8597.39
     2     20    1899.93    1187.46    2840.00     520.00    6447.39
     0     20    3682.47    2301.55     760.00     950.00    7694.02
     1     20    1227.49     767.18    4560.00     950.00    7504.67
     2     20    1227.49     767.18    2880.00     530.00    5404.67
     0     20    4049.40    2530.88     760.00     950.00    8290.28
     1     20    1349.80     843.63    4560.00     950.00    7703.43
     2     20    1349.80     843.63    2840.00     520.00    5553.43
     0     25    6894.22    4308.89     960.00    1200.00   13363.11
     1     25    2298.07    1436.30    5760.00    1200.00   10694.37
     2     25    2298.07    1436.30    3560.00     650.00    7944.37
     0     25    6486.17    4053.86     960.00    1200.00   12700.03
     1     25    2162.06    1351.29    5760.00    1200.00   10473.34
     2     25    2162.06    1351.29    3720.00     690.00    7923.34
     0     25    5792.11    3620.07     960.00    1200.00   11572.17
     1     25    1930.70    1206.69    5760.00    1200.00   10097.39
     2     25    1930.70    1206.69    3720.00     690.00    7547.39
     0     25    3912.79    2445.49     960.00    1200.00    8518.28
     1     25    1304.26     815.16    5760.00    1200.00    9079.43
     2     25    1304.26     815.16    3360.00     600.00    6079.43
     0     25    6948.70    4342.93     960.00    1200.00   13451.63
     1     25    2316.23    1447.64    5760.00    1200.00   10723.88
     2     25    2316.23    1447.64    3600.00     660.00    8023.88
     0     25    5995.18    3746.99     960.00    1200.00   11902.16
     1     25    1998.39    1249.00    5760.00    1200.00   10207.39
     2     25    1998.39    1249.00    3600.00     660.00    7507.39
     0     25    6485.89    4053.68     960.00    1200.00   12699.57
     1     25    2161.96    1351.23    5760.00    1200.00   10473.19
     2     25    2161.96    1351.23    3600.00     660.00    7773.19
     0     25    4377.50    2735.94     960.00    1200.00    9273.44
     1     25    1459.17     911.98    5760.00    1200.00    9331.15
     2     25    1459.17     911.98    3600.00     660.00    6631.15
     0     25    6891.02    4306.89     960.00    1200.00   13357.90
     1     25    2297.01    1435.63    5760.00    1200.00   10692.63
     2     25    2297.01    1435.63    3560.00     650.00    7942.63
     0     25    5138.27    3211.42     960.00    1200.00   10509.69
     1     25    1712.76    1070.47    5760.00    1200.00    9743.23
     2     25    1712.76    1070.47    3560.00     650.00    6993.23
     0     30    5966.36    3728.97    1160.00    1450.00   12305.33
     1     30    1988.79    1242.99    6960.00    1450.00   11641.78
     2     30    1988.79    1242.99    4240.00     770.00    8241.78
     0     30    7280.08    4550.05    1160.00    1450.00   14440.14
     1     30    2426.69    1516.68    6960.00    1450.00   12353.38
     2     30    2426.69    1516.68    4600.00     860.00    9403.38
     0     30    5841.00    3650.63    1160.00    1450.00   12101.63
     1     30    1947.00    1216.88    6960.00    1450.00   11573.88
     2     30    1947.00    1216.88    4440.00     820.00    8423.88
     0     30    6757.18    4223.24    1160.00    1450.00   13590.42
     1     30    2252.39    1407.75    6960.00    1450.00   12070.14
     2     30    2252.39    1407.75    4040.00     720.00    8420.14
     0     30    5578.46    3486.54    1160.00    1450.00   11675.00
     1     30    1859.49    1162.18    6960.00    1450.00   11431.67
     2     30    1859.49    1162.18    4240.00     770.00    8031.67
     0     30    8854.47    5534.05    1160.00    1450.00   16998.52
     1     30    2951.49    1844.68    6960.00    1450.00   13206.17
     2     30    2951.49    1844.68    4520.00     840.00   10156.17
     0     30    6626.65    4141.66    1160.00    1450.00   13378.31
     1     30    2208.88    1380.55    6960.00    1450.00   11999.44
     2     30    2208.88    1380.55    4480.00     830.00    8899.44
     0     30    6946.66    4341.66    1160.00    1450.00   13898.32
     1     30    2315.55    1447.22    6960.00    1450.00   12172.77
     2     30    2315.55    1447.22    4200.00     760.00    8722.77
     0     30    7688.92    4805.57    1160.00    1450.00   15104.49
     1     30    2562.97    1601.86    6960.00    1450.00   12574.83
     2     30    2562.97    1601.86    4520.00     840.00    9524.83
     0     30    5509.60    3443.50    1160.00    1450.00   11563.10
     1     30    1836.53    1147.83    6960.00    1450.00   11394.37
     2     30    1836.53    1147.83    4440.00     820.00    8244.37
     0     35    9943.14    6214.46    1360.00    1700.00   19217.60
     1     35    3314.38    2071.49    8160.00    1700.00   15245.87
     2     35    3314.38    2071.49    5000.00     910.00   11295.87
     0     35   11736.10    7335.06    1360.00    1700.00   22131.16
     1     35    3912.03    2445.02    8160.00    1700.00   16217.05
     2     35    3912.03    2445.02    5160.00     950.00   12467.05
     0     35    5997.45    3748.41    1360.00    1700.00   12805.86
     1     35    1999.15    1249.47    8160.00    1700.00   13108.62
     2     35    1999.15    1249.47    4960.00     900.00    9108.62
     0     35    9359.23    5849.52    1360.00    1700.00   18268.75
     1     35    3119.74    1949.84    8160.00    1700.00   14929.58
     2     35    3119.74    1949.84    5160.00     950.00   11179.58
     0     35    6302.17    3938.86    1360.00    1700.00   13301.03
     1     35    2100.72    1312.95    8160.00    1700.00   13273.68
     2     35    2100.72    1312.95    5320.00     990.00    9723.68
     0     35    8127.72    5079.82    1360.00    1700.00   16267.54
     1     35    2709.24    1693.27    8160.00    1700.00   14262.51
     2     35    2709.24    1693.27    5120.00     940.00   10462.51
     0     35    9203.22    5752.01    1360.00    1700.00   18015.23
     1     35    3067.74    1917.34    8160.00    1700.00   14845.08
     2     35    3067.74    1917.34    4760.00     850.00   10595.08
     0     35    6183.17    3864.48    1360.00    1700.00   13107.66
     1     35    2061.06    1288.16    8160.00    1700.00   13209.22
     2     35    2061.06    1288.16    5120.00     940.00    9409.22
     0     35    7814.44    4884.02    1360.00    1700.00   15758.46
     1     35    2604.81    1628.01    8160.00    1700.00   14092.82
     2     35    2604.81    1628.01    4840.00     870.00    9942.82
     0     35    8680.39    5425.24    1360.00    1700.00   17165.63
     1     35    2893.46    1808.41    8160.00    1700.00   14561.88
     2     35    2893.46    1808.41    5160.00     950.00   10811.88
     0     40    6428.13    4017.58    1560.00    1950.00   13955.71
     1     40    2142.71    1339.19    9360.00    1950.00   14791.90
     2     40    2142.71    1339.19    5480.00     980.00    9941.90
     0     40   11138.34    6961.46    1560.00    1950.00   21609.80
     1     40    3712.78    2320.49    9360.00    1950.00   17343.27
     2     40    3712.78    2320.49    5840.00    1070.00   12943.27
     0     40    6939.93    4337.45    1560.00    1950.00   14787.38
     1     40    2313.31    1445.82    9360.00    1950.00   15069.13
     2     40    2313.31    1445.82    6000.00    1110.00   10869.13
     0     40   10664.80    6665.50    1560.00    1950.00   20840.30
     1     40    3554.93    2221.83    9360.00    1950.00   17086.77
     2     40    3554.93    2221.83    5760.00    1050.00   12586.77
     0     40    7334.95    4584.34    1560.00    1950.00   15429.29
     1     40    2444.98    1528.11    9360.00    1950.00   15283.10
     2     40    2444.98    1528.11    5840.00    1070.00   10883.10
     0     40    8639.03    5399.39    1560.00    1950.00   17548.42
     1     40    2879.68    1799.80    9360.00    1950.00   15989.47
     2     40    2879.68    1799.80    6000.00    1110.00   11789.47
     0     40    6490.91    4056.82    1560.00    1950.00   14057.72
     1     40    2163.64    1352.27    9360.00    1950.00   14825.91
     2     40    2163.64    1352.27    6000.00    1110.00   10625.91
     0     40    6565.47    4103.42    1560.00    1950.00   14178.90
     1     40    2188.49    1367.81    9360.00    1950.00   14866.30
     2     40    2188.49    1367.81    5600.00    1010.00   10166.30
     0     40   11775.18    7359.49    1560.00    1950.00   22644.67
     1     40    3925.06    2453.16    9360.00    1950.00   17688.22
     2     40    3925.06    2453.16    5880.00    1080.00   13338.22
     0     40    6340.02    3962.51    1560.00    1950.00   13812.53
     1     40    2113.34    1320.84    9360.00    1950.00   14744.18
     2     40    2113.34    1320.84    5400.00     960.00    9794.18
     0     45   11876.48    7422.80    1760.00    2200.00   23259.28
     1     45    3958.83    2474.27   10560.00    2200.00   19193.09
     2     45    3958.83    2474.27    6240.00    1120.00   13793.09
     0     45    9128.83    5705.52    1760.00    2200.00   18794.35
     1     45    3042.94    1901.84   10560.00    2200.00   17704.78
     2     45    3042.94    1901.84    6800.00    1260.00   13004.78
     0     45    7447.64    4654.78    1760.00    2200.00   16062.42
     1     45    2482.55    1551.59   10560.00    2200.00   16794.14
     2     45    2482.55    1551.59    6800.00    1260.00   12094.14
     0     45    9640.30    6025.19    1760.00    2200.00   19625.48
     1     45    3213.43    2008.40   10560.00    2200.00   17981.83
     2     45    3213.43    2008.40    5920.00    1040.00   12181.83
     0     45   12102.80    7564.25    1760.00    2200.00   23627.05
     1     45    4034.27    2521.42   10560.00    2200.00   19315.68
     2     45    4034.27    2521.42    6520.00    1190.00   14265.68
     0     45   14104.37    8815.23    1760.00    2200.00   26879.61
     1     45    4701.46    2938.41   10560.00    2200.00   20399.87
     2     45    4701.46    2938.41    6480.00    1180.00   15299.87
     0     45    7717.85    4823.66    1760.00    2200.00   16501.50
     1     45    2572.62    1607.89   10560.00    2200.00   16940.50
     2     45    2572.62    1607.89    6360.00    1150.00   11690.50
     0     45   12027.65    7517.28    1760.00    2200.00   23504.93
     1     45    4009.22    2505.76   10560.00    2200.00   19274.98
     2     45    4009.22    2505.76    6320.00    1140.00   13974.98
     0     45   11407.88    7129.93    1760.00    2200.00   22497.81
     1     45    3802.63    2376.64   10560.00    2200.00   18939.27
     2     45    3802.63    2376.64    6640.00    1220.00   14039.27
     0     45   13426.94    8391.84    1760.00    2200.00   25778.77
     1     45    4475.65    2797.28   10560.00    2200.00   20032.92
     2     45    4475.65    2797.28    6920.00    1290.00   15482.92
     0     50   14681.35    9175.85    1960.00    2450.00   28267.20
     1     50    4893.78    3058.62   11760.00    2450.00   22162.40
     2     50    4893.78    3058.62    7400.00    1360.00   16712.40
     0     50   10511.46    6569.66    1960.00    2450.00   21491.12
     1     50    3503.82    2189.89   11760.00    2450.00   19903.71
     2     50    3503.82    2189.89    7240.00    1320.00   14253.71
     0     50   13433.97    8396.23    1960.00    2450.00   26240.21
     1     50    4477.99    2798.74   11760.00    2450.00   21486.74
     2     50    4477.99    2798.74    7400.00    1360.00   16036.74
     0     50   11692.28    7307.68    1960.00    2450.00   23409.96
     1     50    3897.43    2435.89   11760.00    2450.00   20543.32
     2     50    3897.43    2435.89    6880.00    1230.00   14443.32
     0     50   13928.27    8705.17    1960.00    2450.00   27043.43
     1     50    4642.76    2901.72   11760.00    2450.00   21754.48
     2     50    4642.76    2901.72    6960.00    1250.00   15754.48
     0     50   11454.44    7159.03    1960.00    2450.00   23023.47
     1     50    3818.15    2386.34   11760.00    2450.00   20414.49
     2     50    3818.15    2386.34    7520.00    1390.00   15114.49
     0     50   11571.99    7232.49    1960.00    2450.00   23214.48
     1     50    3857.33    2410.83   11760.00    2450.00   20478.16
     2     50    3857.33    2410.83    7400.00    1360.00   15028.16
     0     50   12601.86    7876.16    1960.00    2450.00   24888.03
     1     50    4200.62    2625.39   11760.00    2450.00   21036.01
     2     50    4200.62    2625.39    7480.00    1380.00   15686.01
     0     50   10427.51    6517.19    1960.00    2450.00   21354.70
     1     50    3475.84    2172.40   11760.00    2450.00   19858.23
     2     50    3475.84    2172.40    7560.00    1400.00   14608.23
     0     50   16478.36   10298.98    1960.00    2450.00   31187.34
     1     50    5492.79    3432.99   11760.00    2450.00   23135.78
     2     50    5492.79    3432.99    7440.00    1370.00   17735.78
     0     55   14533.30    9083.31    2160.00    2700.00   28476.62
     1     55    4844.43    3027.77   12960.00    2700.00   23532.21
     2     55    4844.43    3027.77    8080.00    1480.00   17432.21
     0     55   12607.33    7879.58    2160.00    2700.00   25346.91
     1     55    4202.44    2626.53   12960.00    2700.00   22488.97
     2     55    4202.44    2626.53    8280.00    1530.00   16638.97
     0     55    8246.67    5154.17    2160.00    2700.00   18260.84
     1     55    2748.89    1718.06   12960.00    2700.00   20126.95
     2     55    2748.89    1718.06    7920.00    1440.00   13826.95
     0     55   11266.72    7041.70    2160.00    2700.00   23168.42
     1     55    3755.57    2347.23   12960.00    2700.00   21762.81
     2     55    3755.57    2347.23    7760.00    1400.00   15262.81
     0     55   15504.14    9690.09    2160.00    2700.00   30054.23
     1     55    5168.05    3230.03   12960.00    2700.00   24058.08
     2     55    5168.05    3230.03    8120.00    1490.00   18008.08
     0     55   14427.65    9017.28    2160.00    2700.00   28304.94
     1     55    4809.22    3005.76   12960.00    2700.00   23474.98
     2     55    4809.22    3005.76    8320.00    1540.00   17674.98
     0     55   11273.18    7045.73    2160.00    2700.00   23178.91
     1     55    3757.73    2348.58   12960.00    2700.00   21766.30
     2     55    3757.73    2348.58    8400.00    1560.00   16066.30
     0     55   15810.61    9881.63    2160.00    2700.00   30552.23
     1     55    5270.20    3293.88   12960.00    2700.00   24224.08
     2     55    5270.20    3293.88    8440.00    1570.00   18574.08
     0     55   11879.14    7424.46    2160.00    2700.00   24163.61
     1     55    3959.71    2474.82   12960.00    2700.00   22094.54
     2     55    3959.71    2474.82    8120.00    1490.00   16044.54
     0     55   10086.44    6304.03    2160.00    2700.00   21250.47
     1     55    3362.15    2101.34   12960.00    2700.00   21123.49
     2     55    3362.15    2101.34    8240.00    1520.00   15223.49
     0     60   11195.77    6997.36    2360.00    2950.00   23503.13
     1     60    3731.92    2332.45   14160.00    2950.00   23174.38
     2     60    3731.92    2332.45    8960.00    1650.00   16674.38
     0     60   11608.94    7255.59    2360.00    2950.00   24174.53
     1     60    3869.65    2418.53   14160.00    2950.00   23398.18
     2     60    3869.65    2418.53    8600.00    1560.00   16448.18
     0     60   14899.00    9311.88    2360.00    2950.00   29520.88
     1     60    4966.33    3103.96   14160.00    2950.00   25180.29
     2     60    4966.33    3103.96    9080.00    1680.00   18830.29
     0     60    9607.91    6004.95    2360.00    2950.00   20922.86
     1     60    3202.64    2001.65   14160.00    2950.00   22314.29
     2     60    3202.64    2001.65    9160.00    1700.00   16064.29
     0     60   10065.52    6290.95    2360.00    2950.00   21666.46
     1     60    3355.17    2096.98   14160.00    2950.00   22562.15
     2     60    3355.17    2096.98    8880.00    1630.00   15962.15
     0     60   15683.48    9802.17    2360.00    2950.00   30795.65
     1     60    5227.83    3267.39   14160.00    2950.00   25605.22
     2     60    5227.83    3267.39    8880.00    1630.00   19005.22
     0     60   18259.59   11412.24    2360.00    2950.00   34981.83
     1     60    6086.53    3804.08   14160.00    2950.00   27000.61
     2     60    6086.53    3804.08    8280.00    1480.00   19650.61
     0     60   21984.69   13740.43    2360.00    2950.00   41035.12
     1     60    7328.23    4580.14   14160.00    2950.00   29018.37
     2     60    7328.23    4580.14    9120.00    1690.00   22718.37
     0     60   13175.85    8234.90    2360.00    2950.00   26720.75
     1     60    4391.95    2744.97   14160.00    2950.00   24246.92
     2     60    4391.95    2744.97    8920.00    1640.00   17696.92
     0     60   12175.91    7609.94    2360.00    2950.00   25095.85
     1     60    4058.64    2536.65   14160.00    2950.00   23705.28
     2     60    4058.64    2536.65    8880.00    1630.00   17105.28
