     0      5     487.54     304.71     160.00     200.00    1152.24
     1      5     162.51     101.57     960.00     200.00    1424.08
     2      5     162.51     101.57     360.00      50.00     674.08
     0      5     568.66     355.41     160.00     200.00    1284.07
     1      5     189.55     118.47     960.00     200.00    1468.02
     2      5     189.55     118.47     240.00      20.00     568.02
     0      5     745.47     465.92     160.00     200.00    1571.39
     1      5     248.49     155.31     960.00     200.00    1563.80
     2      5     248.49     155.31     320.00      40.00     763.80
     0      5     721.06     450.66     160.00     200.00    1531.72
     1      5     240.35     150.22     960.00     200.00    1550.57
     2      5     240.35     150.22     200.00      10.00     600.57
     0      5     392.32     245.20     160.00     200.00     997.51
     1      5     130.77      81.73     960.00     200.00    1372.50
     2      5     130.77      81.73     320.00      40.00     572.50
     0      5     724.64     452.90     160.00     200.00    1537.53
     1      5     241.55     150.97     960.00     200.00    1552.51
     2      5     241.55     150.97     400.00      60.00     852.51
     0      5    1253.61     783.51     160.00     200.00    2397.12
     1      5     417.87     261.17     960.00     200.00    1839.04
     2      5     417.87     261.17     400.00      60.00    1139.04
     0      5     960.49     600.31     160.00     200.00    1920.80
     1      5     320.16     200.10     960.00     200.00    1680.27
     2      5     320.16     200.10     440.00      70.00    1030.27
     0      5     635.59     397.24     160.00     200.00    1392.83
     1      5     211.86     132.41     960.00     200.00    1504.28
     2      5     211.86     132.41     440.00      70.00     854.28
     0      5    1091.26     682.04     160.00     200.00    2133.30
     1      5     363.75     227.35     960.00     200.00    1751.10
     2      5     363.75     227.35     280.00      30.00     901.10
     0     10    2145.40    1340.87     360.00     450.00    4296.27
     1     10     715.13     446.96    2160.00     450.00    3772.09
     2     10     715.13     446.96     920.00     140.00    2222.09
     0     10    2328.60    1455.38     360.00     450.00    4593.98
     1     10     776.20     485.13    2160.00     450.00    3871.33
     2     10     776.20     485.13     800.00     110.00    2171.33
     0     10    1107.20     692.00     360.00     450.00    2609.20
     1     10     369.07     230.67    2160.00     450.00    3209.73
     2     10     369.07     230.67     920.00     140.00    1659.73
     0     10    2322.21    1451.38     360.00     450.00    4583.59
     1     10     774.07     483.79    2160.00     450.00    3867.86
     2     10     774.07     483.79     800.00     110.00    2167.86
     0     10    1655.11    1034.44     360.00     450.00    3499.55
     1     10     551.70     344.81    2160.00     450.00    3506.52
     2     10     551.70     344.81     720.00      90.00    1706.52
     0     10    1340.67     837.92     360.00     450.00    2988.58
     1     10     446.89     279.31    2160.00     450.00    3336.19
     2     10     446.89     279.31     720.00      90.00    1536.19
     0     10     989.70     618.56     360.00     450.00    2418.27
     1     10     329.90     206.19    2160.00     450.00    3146.09
     2     10     329.90     206.19     720.00      90.00    1346.09
     0     10    1893.90    1183.69     360.00     450.00    3887.59
     1     10     631.30     394.56    2160.00     450.00    3635.86
     2     10     631.30     394.56     880.00     130.00    2035.86
     0     10    1939.06    1211.91     360.00     450.00    3960.98
     1     10     646.35     403.97    2160.00     450.00    3660.33
     2     10     646.35     403.97     760.00     100.00    1910.33
     0     10    1965.83    1228.64     360.00     450.00    4004.47
     1     10     655.28     409.55    2160.00     450.00    3674.82
     2     10     655.28     409.55     880.00     130.00    2074.82
     0     15    2784.93    1740.58     560.00     700.00    5785.51
     1     15     928.31     580.19    3360.00     700.00    5568.50
     2     15     928.31     580.19    1280.00     180.00    2968.50
     0     15    4546.47    2841.54     560.00     700.00    8648.01
     1     15    1515.49     947.18    3360.00     700.00    6522.67
     2     15    1515.49     947.18    1200.00     160.00    3822.67
     0     15    3310.95    2069.34     560.00     700.00    6640.29
     1     15    1103.65     689.78    3360.00     700.00    5853.43
     2     15    1103.65     689.78    1000.00     110.00    2903.43
     0     15    2889.82    1806.14     560.00     700.00    5955.95
     1     15     963.27     602.05    3360.00     700.00    5625.32
     2     15     963.27     602.05     840.00      70.00    2475.32
     0     15    4601.90    2876.19     560.00     700.00    8738.08
     1     15    1533.97     958.73    3360.00     700.00    6552.69
     2     15    1533.97     958.73    1080.00     130.00    3702.69
     0     15    3957.52    2473.45     560.00     700.00    7690.97
     1     15    1319.17     824.48    3360.00     700.00    6203.66
     2     15    1319.17     824.48    1400.00     210.00    3753.66
     0     15    2364.86    1478.04     560.00     700.00    5102.90
     1     15     788.29     492.68    3360.00     700.00    5340.97
     2     15     788.29     492.68    1240.00     170.00    2690.97
     0     15    3527.58    2204.74     560.00     700.00    6992.32
     1     15    1175.86     734.91    3360.00     700.00    5970.77
     2     15    1175.86     734.91     880.00      80.00    2870.77
     0     15    2897.80    1811.12     560.00     700.00    5968.92
     1     15     965.93     603.71    3360.00     700.00    5629.64
     2     15     965.93     603.71     920.00      90.00    2579.64
     0     15    4129.42    2580.89     560.00     700.00    7970.30
     1     15    1376.47     860.30    3360.00     700.00    6296.77
     2     15    1376.47     860.30    1040.00     120.00    3396.77
     0     20    3287.09    2054.43     760.00     950.00    7051.52
     1     20    1095.70     684.81    4560.00     950.00    7290.51
     2     20    1095.70     684.81    1200.00     110.00    3090.51
     0     20    5888.72    3680.45     760.00     950.00   11279.17
     1     20    1962.91    1226.82    4560.00     950.00    8699.72
     2     20    1962.91    1226.82    2120.00     340.00    5649.72
     0     20    5149.02    3218.14     760.00     950.00   10077.16
     1     20    1716.34    1072.71    4560.00     950.00    8299.05
     2     20    1716.34    1072.71    1840.00     270.00    4899.05
     0     20    3924.18    2452.62     760.00     950.00    8086.80
     1     20    1308.06     817.54    4560.00     950.00    7635.60
     2     20    1308.06     817.54    1640.00     220.00    3985.60
     0     20    3750.16    2343.85     760.00     950.00    7804.02
     1     20    1250.05     781.28    4560.00     950.00    7541.34
     2     20    1250.05     781.28    1840.00     270.00    4141.34
     0     20    5744.56    3590.35     760.00     950.00   11044.90
     1     20    1914.85    1196.78    4560.00     950.00    8621.63
     2     20    1914.85    1196.78    1840.00     270.00    5221.63
     0     20    3077.30    1923.31     760.00     950.00    6710.61
     1     20    1025.77     641.10    4560.00     950.00    7176.87
     2     20    1025.77     641.10    1440.00     170.00    3276.87
     0     20    7496.07    4685.05     760.00     950.00   13891.12
     1     20    2498.69    1561.68    4560.00     950.00    9570.37
     2     20    2498.69    1561.68    1720.00     240.00    6020.37
     0     20    3898.92    2436.83     760.00     950.00    8045.75
     1     20    1299.64     812.28    4560.00     950.00    7621.92
     2     20    1299.64     812.28    1240.00     120.00    3471.92
     0     20    3525.62    2203.52     760.00     950.00    7439.14
     1     20    1175.21     734.51    4560.00     950.00    7419.71
     2     20    1175.21     734.51    1640.00     220.00    3769.71
     0     25    4365.87    2728.67     960.00    1200.00    9254.54
     1     25    1455.29     909.56    5760.00    1200.00    9324.85
     2     25    1455.29     909.56    1720.00     190.00    4274.85
     0     25    5602.86    3501.79     960.00    1200.00   11264.65
     1     25    1867.62    1167.26    5760.00    1200.00    9994.88
     2     25    1867.62    1167.26    1760.00     200.00    4994.88
     0     25    5188.75    3242.97     960.00    1200.00   10591.72
     1     25    1729.58    1080.99    5760.00    1200.00    9770.57
     2     25    1729.58    1080.99    2760.00     450.00    6020.57
     0     25    4721.26    2950.79     960.00    1200.00    9832.06
     1     25    1573.75     983.60    5760.00    1200.00    9517.35
     2     25    1573.75     983.60    2080.00     280.00    4917.35
     0     25    3447.00    2154.38     960.00    1200.00    7761.38
     1     25    1149.00     718.13    5760.00    1200.00    8827.13
     2     25    1149.00     718.13    2520.00     390.00    4777.13
     0     25    7771.88    4857.42     960.00    1200.00   14789.30
     1     25    2590.63    1619.14    5760.00    1200.00   11169.77
     2     25    2590.63    1619.14    1720.00     190.00    6119.77
     0     25    4812.91    3008.07     960.00    1200.00    9980.97
     1     25    1604.30    1002.69    5760.00    1200.00    9566.99
     2     25    1604.30    1002.69    1600.00     160.00    4366.99
     0     25    5242.67    3276.67     960.00    1200.00   10679.34
     1     25    1747.56    1092.22    5760.00    1200.00    9799.78
     2     25    1747.56    1092.22    2760.00     450.00    6049.78
     0     25    4908.54    3067.84     960.00    1200.00   10136.38
     1     25    1636.18    1022.61    5760.00    1200.00    9618.79
     2     25    1636.18    1022.61    2920.00     490.00    6068.79
     0     25    4380.64    2737.90     960.00    1200.00    9278.54
     1     25    1460.21     912.63    5760.00    1200.00    9332.85
     2     25    1460.21     912.63    1640.00     170.00    4182.85
     0     30    5690.00    3556.25    1160.00    1450.00   11856.25
     1     30    1896.67    1185.42    6960.00    1450.00   11492.08
     2     30    1896.67    1185.42    2120.00     240.00    5442.08
     0     30    6584.81    4115.51    1160.00    1450.00   13310.32
     1     30    2194.94    1371.84    6960.00    1450.00   11976.77
     2     30    2194.94    1371.84    2280.00     280.00    6126.77
     0     30    4628.69    2892.93    1160.00    1450.00   10131.62
     1     30    1542.90     964.31    6960.00    1450.00   10917.21
     2     30    1542.90     964.31    2200.00     260.00    4967.21
     0     30    6935.71    4334.82    1160.00    1450.00   13880.53
     1     30    2311.90    1444.94    6960.00    1450.00   12166.84
     2     30    2311.90    1444.94    2040.00     220.00    6016.84
     0     30    7492.03    4682.52    1160.00    1450.00   14784.54
     1     30    2497.34    1560.84    6960.00    1450.00   12468.18
     2     30    2497.34    1560.84    2040.00     220.00    6318.18
     0     30    8554.31    5346.44    1160.00    1450.00   16510.76
     1     30    2851.44    1782.15    6960.00    1450.00   13043.59
     2     30    2851.44    1782.15    2280.00     280.00    7193.59
     0     30    6791.21    4244.51    1160.00    1450.00   13645.72
     1     30    2263.74    1414.84    6960.00    1450.00   12088.57
     2     30    2263.74    1414.84    2960.00     450.00    7088.57
     0     30    5977.34    3735.83    1160.00    1450.00   12323.17
     1     30    1992.45    1245.28    6960.00    1450.00   11647.72
     2     30    1992.45    1245.28    2200.00     260.00    5697.72
     0     30    7029.24    4393.28    1160.00    1450.00   14032.52
     1     30    2343.08    1464.43    6960.00    1450.00   12217.51
     2     30    2343.08    1464.43    2400.00     310.00    6517.51
     0     30    7248.31    4530.19    1160.00    1450.00   14388.50
     1     30    2416.10    1510.06    6960.00    1450.00   12336.17
     2     30    2416.10    1510.06    2400.00     310.00    6636.17
     0     35    6426.75    4016.72    1360.00    1700.00   13503.46
     1     35    2142.25    1338.91    8160.00    1700.00   13341.15
     2     35    2142.25    1338.91    2880.00     380.00    6741.15
     0     35    6302.02    3938.76    1360.00    1700.00   13300.78
     1     35    2100.67    1312.92    8160.00    1700.00   13273.59
     2     35    2100.67    1312.92    3120.00     440.00    6973.59
     0     35    6989.76    4368.60    1360.00    1700.00   14418.37
     1     35    2329.92    1456.20    8160.00    1700.00   13646.12
     2     35    2329.92    1456.20    3520.00     540.00    7846.12
     0     35   10066.01    6291.26    1360.00    1700.00   19417.27
     1     35    3355.34    2097.09    8160.00    1700.00   15312.42
     2     35    3355.34    2097.09    3400.00     510.00    9362.42
     0     35    9076.09    5672.56    1360.00    1700.00   17808.64
     1     35    3025.36    1890.85    8160.00    1700.00   14776.21
     2     35    3025.36    1890.85    3440.00     520.00    8876.21
     0     35    7284.35    4552.72    1360.00    1700.00   14897.07
     1     35    2428.12    1517.57    8160.00    1700.00   13805.69
     2     35    2428.12    1517.57    2720.00     340.00    7005.69
     0     35   11187.31    6992.07    1360.00    1700.00   21239.39
     1     35    3729.10    2330.69    8160.00    1700.00   15919.80
     2     35    3729.10    2330.69    2800.00     360.00    9219.80
     0     35    8470.29    5293.93    1360.00    1700.00   16824.22
     1     35    2823.43    1764.64    8160.00    1700.00   14448.07
     2     35    2823.43    1764.64    3640.00     570.00    8798.07
     0     35    7715.41    4822.13    1360.00    1700.00   15597.54
     1     35    2571.80    1607.38    8160.00    1700.00   14039.18
     2     35    2571.80    1607.38    3560.00     550.00    8289.18
     0     35   10057.85    6286.16    1360.00    1700.00   19404.01
     1     35    3352.62    2095.39    8160.00    1700.00   15308.00
     2     35    3352.62    2095.39    2360.00     250.00    8058.00
     0     40    9535.37    5959.61    1560.00    1950.00   19004.98
     1     40    3178.46    1986.54    9360.00    1950.00   16474.99
     2     40    3178.46    1986.54    3240.00     420.00    8824.99
     0     40   12343.49    7714.68    1560.00    1950.00   23568.17
     1     40    4114.50    2571.56    9360.00    1950.00   17996.06
     2     40    4114.50    2571.56    2920.00     340.00    9946.06
     0     40   11848.08    7405.05    1560.00    1950.00   22763.14
     1     40    3949.36    2468.35    9360.00    1950.00   17727.71
     2     40    3949.36    2468.35    3480.00     480.00   10377.71
     0     40    9133.49    5708.43    1560.00    1950.00   18351.92
     1     40    3044.50    1902.81    9360.00    1950.00   16257.31
     2     40    3044.50    1902.81    3080.00     380.00    8407.31
     0     40   10261.60    6413.50    1560.00    1950.00   20185.10
     1     40    3420.53    2137.83    9360.00    1950.00   16868.37
     2     40    3420.53    2137.83    2960.00     350.00    8868.37
     0     40    9747.72    6092.32    1560.00    1950.00   19350.04
     1     40    3249.24    2030.77    9360.00    1950.00   16590.01
     2     40    3249.24    2030.77    2880.00     330.00    8490.01
     0     40    7966.11    4978.82    1560.00    1950.00   16454.92
     1     40    2655.37    1659.61    9360.00    1950.00   15624.97
     2     40    2655.37    1659.61    2680.00     280.00    7274.97
     0     40    8894.35    5558.97    1560.00    1950.00   17963.32
     1     40    2964.78    1852.99    9360.00    1950.00   16127.77
     2     40    2964.78    1852.99    3000.00     360.00    8177.77
     0     40   10760.17    6725.10    1560.00    1950.00   20995.27
     1     40    3586.72    2241.70    9360.00    1950.00   17138.42
     2     40    3586.72    2241.70    2840.00     320.00    8988.42
     0     40    8220.41    5137.76    1560.00    1950.00   16868.16
     1     40    2740.14    1712.59    9360.00    1950.00   15762.72
     2     40    2740.14    1712.59    3640.00     520.00    8612.72
     0     45    9268.43    5792.77    1760.00    2200.00   19021.20
     1     45    3089.48    1930.92   10560.00    2200.00   17780.40
     2     45    3089.48    1930.92    3360.00     400.00    8780.40
     0     45   13274.06    8296.29    1760.00    2200.00   25530.34
     1     45    4424.69    2765.43   10560.00    2200.00   19950.11
     2     45    4424.69    2765.43    3840.00     520.00   11550.11
     0     45   10363.12    6476.95    1760.00    2200.00   20800.07
     1     45    3454.37    2158.98   10560.00    2200.00   18373.36
     2     45    3454.37    2158.98    3880.00     530.00   10023.36
     0     45   11823.83    7389.89    1760.00    2200.00   23173.72
     1     45    3941.28    2463.30   10560.00    2200.00   19164.57
     2     45    3941.28    2463.30    4560.00     700.00   11664.57
     0     45   11429.98    7143.74    1760.00    2200.00   22533.72
     1     45    3809.99    2381.25   10560.00    2200.00   18951.24
     2     45    3809.99    2381.25    3960.00     550.00   10701.24
     0     45   13710.82    8569.26    1760.00    2200.00   26240.08
     1     45    4570.27    2856.42   10560.00    2200.00   20186.69
     2     45    4570.27    2856.42    3560.00     450.00   11436.69
     0     45    8608.80    5380.50    1760.00    2200.00   17949.30
     1     45    2869.60    1793.50   10560.00    2200.00   17423.10
     2     45    2869.60    1793.50    3360.00     400.00    8423.10
     0     45    8747.67    5467.30    1760.00    2200.00   18174.97
     1     45    2915.89    1822.43   10560.00    2200.00   17498.32
     2     45    2915.89    1822.43    3920.00     540.00    9198.32
     0     45   11823.54    7389.71    1760.00    2200.00   23173.25
     1     45    3941.18    2463.24   10560.00    2200.00   19164.42
     2     45    3941.18    2463.24    3480.00     430.00   10314.42
     0     45   14409.15    9005.72    1760.00    2200.00   27374.88
     1     45    4803.05    3001.91   10560.00    2200.00   20564.96
     2     45    4803.05    3001.91    3280.00     380.00   11464.96
     0     50   12252.05    7657.53    1960.00    2450.00   24319.58
     1     50    4084.02    2552.51   11760.00    2450.00   20846.53
     2     50    4084.02    2552.51    4920.00     740.00   12296.53
     0     50   11917.70    7448.56    1960.00    2450.00   23776.27
     1     50    3972.57    2482.85   11760.00    2450.00   20665.42
     2     50    3972.57    2482.85    4720.00     690.00   11865.42
     0     50   13183.46    8239.66    1960.00    2450.00   25833.12
     1     50    4394.49    2746.55   11760.00    2450.00   21351.04
     2     50    4394.49    2746.55    5080.00     780.00   13001.04
     0     50   13881.34    8675.84    1960.00    2450.00   26967.18
     1     50    4627.11    2891.95   11760.00    2450.00   21729.06
     2     50    4627.11    2891.95    3920.00     490.00   11929.06
     0     50   14360.29    8975.18    1960.00    2450.00   27745.47
     1     50    4786.76    2991.73   11760.00    2450.00   21988.49
     2     50    4786.76    2991.73    4080.00     530.00   12388.49
     0     50   13049.44    8155.90    1960.00    2450.00   25615.33
     1     50    4349.81    2718.63   11760.00    2450.00   21278.44
     2     50    4349.81    2718.63    3520.00     390.00   10978.44
     0     50    8204.85    5128.03    1960.00    2450.00   17742.88
     1     50    2734.95    1709.34   11760.00    2450.00   18654.29
     2     50    2734.95    1709.34    3880.00     480.00    8804.29
     0     50   16908.79   10567.99    1960.00    2450.00   31886.79
     1     50    5636.26    3522.66   11760.00    2450.00   23368.93
     2     50    5636.26    3522.66    3720.00     440.00   13318.93
     0     50    9873.43    6170.89    1960.00    2450.00   20454.33
     1     50    3291.14    2056.96   11760.00    2450.00   19558.11
     2     50    3291.14    2056.96    4120.00     540.00   10008.11
     0     50   12973.59    8108.49    1960.00    2450.00   25492.08
     1     50    4324.53    2702.83   11760.00    2450.00   21237.36
     2     50    4324.53    2702.83    6640.00    1170.00   14837.36
     0     55   14712.74    9195.46    2160.00    2700.00   28768.20
     1     55    4904.25    3065.15   12960.00    2700.00   23629.40
     2     55    4904.25    3065.15    3920.00     440.00   12329.40
     0     55   10626.67    6641.67    2160.00    2700.00   22128.35
     1     55    3542.22    2213.89   12960.00    2700.00   21416.12
     2     55    3542.22    2213.89    4160.00     500.00   10416.12
     0     55   11009.83    6881.14    2160.00    2700.00   22750.97
     1     55    3669.94    2293.71   12960.00    2700.00   21623.66
     2     55    3669.94    2293.71    5200.00     760.00   11923.66
     0     55   16908.39   10567.75    2160.00    2700.00   32336.14
     1     55    5636.13    3522.58   12960.00    2700.00   24818.71
     2     55    5636.13    3522.58    4320.00     540.00   14018.71
     0     55   12326.09    7703.80    2160.00    2700.00   24889.89
     1     55    4108.70    2567.93   12960.00    2700.00   22336.63
     2     55    4108.70    2567.93    3800.00     410.00   10886.63
     0     55   11279.35    7049.60    2160.00    2700.00   23188.95
     1     55    3759.78    2349.87   12960.00    2700.00   21769.65
     2     55    3759.78    2349.87    4240.00     520.00   10869.65
     0     55   10581.26    6613.29    2160.00    2700.00   22054.55
     1     55    3527.09    2204.43   12960.00    2700.00   21391.52
     2     55    3527.09    2204.43    5000.00     710.00   11441.52
     0     55    9006.45    5629.03    2160.00    2700.00   19495.48
     1     55    3002.15    1876.34   12960.00    2700.00   20538.49
     2     55    3002.15    1876.34    4200.00     510.00    9588.49
     0     55   10849.62    6781.01    2160.00    2700.00   22490.63
     1     55    3616.54    2260.34   12960.00    2700.00   21536.88
     2     55    3616.54    2260.34    6200.00    1010.00   13086.88
     0     55   10182.62    6364.14    2160.00    2700.00   21406.76
     1     55    3394.21    2121.38   12960.00    2700.00   21175.59
     2     55    3394.21    2121.38    3960.00     450.00    9925.59
     0     60   16014.89   10009.31    2360.00    2950.00   31334.19
     1     60    5338.30    3336.44   14160.00    2950.00   25784.73
     2     60    5338.30    3336.44    5720.00     840.00   15234.73
     0     60   10613.98    6633.73    2360.00    2950.00   22557.71
     1     60    3537.99    2211.24   14160.00    2950.00   22859.24
     2     60    3537.99    2211.24    5680.00     830.00   12259.24
     0     60   14346.61    8966.63    2360.00    2950.00   28623.24
     1     60    4782.20    2988.88   14160.00    2950.00   24881.08
     2     60    4782.20    2988.88    6200.00     960.00   14931.08
     0     60   12010.84    7506.78    2360.00    2950.00   24827.62
     1     60    4003.61    2502.26   14160.00    2950.00   23615.87
     2     60    4003.61    2502.26    5040.00     670.00   12215.87
     0     60   10809.89    6756.18    2360.00    2950.00   22876.08
     1     60    3603.30    2252.06   14160.00    2950.00   22965.36
     2     60    3603.30    2252.06    5840.00     870.00   12565.36
     0     60   12786.36    7991.47    2360.00    2950.00   26087.83
     1     60    4262.12    2663.82   14160.00    2950.00   24035.94
     2     60    4262.12    2663.82    5920.00     890.00   13735.94
     0     60   16672.51   10420.32    2360.00    2950.00   32402.83
     1     60    5557.50    3473.44   14160.00    2950.00   26140.94
     2     60    5557.50    3473.44    4840.00     620.00   14490.94
     0     60   13881.09    8675.68    2360.00    2950.00   27866.77
     1     60    4627.03    2891.89   14160.00    2950.00   24628.92
     2     60    4627.03    2891.89    5960.00     900.00   14378.92
     0     60   17332.80   10833.00    2360.00    2950.00   33475.80
     1     60    5777.60    3611.00   14160.00    2950.00   26498.60
     2     60    5777.60    3611.00    4680.00     580.00   14648.60
     0     60   13766.96    8604.35    2360.00    2950.00   27681.31
     1     60    4588.99    2868.12   14160.00    2950.00   24567.10
     2     60    4588.99    2868.12    6120.00     940.00   14517.10
