Scheme#:0   60   19755.00   12346.87    2360.00    2950.00   37411.87
Scheme#:1   60    6585.00    4115.62   14160.00    2950.00   27810.62
Scheme#:2   60    6585.00    4115.62    5840.00     870.00   17410.62
Scheme#:0   60   23965.83   14978.64    2360.00    2950.00   44254.47
Scheme#:1   60    7988.61    4992.88   14160.00    2950.00   30091.49
Scheme#:2   60    7988.61    4992.88    5680.00     830.00   19491.49
Scheme#:0   60   39845.47   24903.42    2360.00    2950.00   70058.89
Scheme#:1   60   13281.82    8301.14   14160.00    2950.00   38692.96
Scheme#:2   60   13281.82    8301.14    8520.00    1540.00   31642.96
Scheme#:0   65   24691.45   15432.16    2560.00    3200.00   45883.61
Scheme#:1   65    8230.48    5144.05   15360.00    3200.00   31934.54
Scheme#:2   65    8230.48    5144.05    4960.00     600.00   18934.54
Scheme#:0   65   36452.16   22782.60    2560.00    3200.00   64994.76
Scheme#:1   65   12150.72    7594.20   15360.00    3200.00   38304.92
Scheme#:2   65   12150.72    7594.20    7760.00    1300.00   28804.92
Scheme#:0   65   20031.11   12519.44    2560.00    3200.00   38310.55
Scheme#:1   65    6677.04    4173.15   15360.00    3200.00   29410.18
Scheme#:2   65    6677.04    4173.15    9360.00    1700.00   21910.18
Scheme#:0   70   23397.31   14623.32    2760.00    3450.00   44230.63
Scheme#:1   70    7799.10    4874.44   16560.00    3450.00   32683.54
Scheme#:2   70    7799.10    4874.44    9040.00    1570.00   23283.54
Scheme#:0   70   40569.99   25356.24    2760.00    3450.00   72136.23
Scheme#:1   70   13523.33    8452.08   16560.00    3450.00   41985.41
Scheme#:2   70   13523.33    8452.08    9160.00    1600.00   32735.41
Scheme#:0   70   33295.54   20809.71    2760.00    3450.00   60315.26
Scheme#:1   70   11098.51    6936.57   16560.00    3450.00   38045.09
Scheme#:2   70   11098.51    6936.57    8960.00    1550.00   28545.09
Scheme#:0   75   38742.20   24213.87    2960.00    3700.00   69616.07
Scheme#:1   75   12914.07    8071.29   17760.00    3700.00   42445.36
Scheme#:2   75   12914.07    8071.29    8280.00    1330.00   30595.36
Scheme#:0   75   34179.17   21361.98    2960.00    3700.00   62201.16
Scheme#:1   75   11393.06    7120.66   17760.00    3700.00   39973.72
Scheme#:2   75   11393.06    7120.66    8520.00    1390.00   28423.72
Scheme#:0   75   32476.32   20297.70    2960.00    3700.00   59434.02
Scheme#:1   75   10825.44    6765.90   17760.00    3700.00   39051.34
Scheme#:2   75   10825.44    6765.90   10840.00    1970.00   30401.34
Scheme#:0   80   30628.26   19142.66    3160.00    3950.00   56880.92
Scheme#:1   80   10209.42    6380.89   18960.00    3950.00   39500.31
Scheme#:2   80   10209.42    6380.89    9000.00    1460.00   27050.31
Scheme#:0   80   29367.31   18354.57    3160.00    3950.00   54831.88
Scheme#:1   80    9789.10    6118.19   18960.00    3950.00   38817.29
Scheme#:2   80    9789.10    6118.19   10920.00    1940.00   28767.29
Scheme#:0   80   34440.85   21525.53    3160.00    3950.00   63076.39
Scheme#:1   80   11480.28    7175.18   18960.00    3950.00   41565.46
Scheme#:2   80   11480.28    7175.18   10200.00    1760.00   30615.46
Scheme#:0   85   30282.48   18926.55    3360.00    4200.00   56769.03
Scheme#:1   85   10094.16    6308.85   20160.00    4200.00   40763.01
Scheme#:2   85   10094.16    6308.85   11000.00    1910.00   29313.01
Scheme#:0   85   42957.99   26848.75    3360.00    4200.00   77366.74
Scheme#:1   85   14319.33    8949.58   20160.00    4200.00   47628.91
Scheme#:2   85   14319.33    8949.58   12720.00    2340.00   38328.91
Scheme#:0   85   43178.14   26986.34    3360.00    4200.00   77724.48
Scheme#:1   85   14392.71    8995.45   20160.00    4200.00   47748.16
Scheme#:2   85   14392.71    8995.45   12240.00    2220.00   37848.16
Scheme#:0   90   32180.55   20112.84    3560.00    4450.00   60303.39
Scheme#:1   90   10726.85    6704.28   21360.00    4450.00   43241.13
Scheme#:2   90   10726.85    6704.28   10200.00    1660.00   29291.13
Scheme#:0   90   51179.88   31987.42    3560.00    4450.00   91177.30
Scheme#:1   90   17059.96   10662.47   21360.00    4450.00   53532.43
Scheme#:2   90   17059.96   10662.47   12760.00    2300.00   42782.43
Scheme#:0   90   37955.27   23722.05    3560.00    4450.00   69687.32
Scheme#:1   90   12651.76    7907.35   21360.00    4450.00   46369.11
Scheme#:2   90   12651.76    7907.35   10400.00    1710.00   32669.11
