Scheme#:0   20    7469.98    4668.74     760.00     950.00   13848.72
Scheme#:1   20    2489.99    1556.25    4560.00     950.00    9556.24
Scheme#:2   20    2489.99    1556.25    2280.00     380.00    6706.24
Scheme#:0   20    9924.25    6202.66     760.00     950.00   17836.91
Scheme#:1   20    3308.08    2067.55    4560.00     950.00   10885.64
Scheme#:2   20    3308.08    2067.55    1880.00     280.00    7535.64
Scheme#:0   20    6729.25    4205.78     760.00     950.00   12645.04
Scheme#:1   20    2243.08    1401.93    4560.00     950.00    9155.01
Scheme#:2   20    2243.08    1401.93    2800.00     510.00    6955.01
Scheme#:0   20    7239.53    4524.71     760.00     950.00   13474.23
Scheme#:1   20    2413.18    1508.24    4560.00     950.00    9431.41
Scheme#:2   20    2413.18    1508.24    2320.00     390.00    6631.41
Scheme#:0   20    8681.66    5426.04     760.00     950.00   15817.70
Scheme#:1   20    2893.89    1808.68    4560.00     950.00   10212.57
Scheme#:2   20    2893.89    1808.68    2400.00     410.00    7512.57
Scheme#:0   20   12949.01    8093.13     760.00     950.00   22752.14
Scheme#:1   20    4316.34    2697.71    4560.00     950.00   12524.05
Scheme#:2   20    4316.34    2697.71    2080.00     330.00    9424.05
Scheme#:0   20    7878.41    4924.01     760.00     950.00   14512.42
Scheme#:1   20    2626.14    1641.34    4560.00     950.00    9777.47
Scheme#:2   20    2626.14    1641.34    2680.00     480.00    7427.47
Scheme#:0   20    9535.64    5959.78     760.00     950.00   17205.42
Scheme#:1   20    3178.55    1986.59    4560.00     950.00   10675.14
Scheme#:2   20    3178.55    1986.59    2600.00     460.00    8225.14
Scheme#:0   20   10794.83    6746.77     760.00     950.00   19251.59
Scheme#:1   20    3598.28    2248.92    4560.00     950.00   11357.20
Scheme#:2   20    3598.28    2248.92    1960.00     300.00    8107.20
Scheme#:0   20   12569.56    7855.97     760.00     950.00   22135.53
Scheme#:1   20    4189.85    2618.66    4560.00     950.00   12318.51
Scheme#:2   20    4189.85    2618.66    1800.00     260.00    8868.51
Scheme#:0   25   10620.14    6637.59     960.00    1200.00   19417.72
Scheme#:1   25    3540.05    2212.53    5760.00    1200.00   12712.57
Scheme#:2   25    3540.05    2212.53    3280.00     580.00    9612.57
Scheme#:0   25   10370.00    6481.25     960.00    1200.00   19011.25
Scheme#:1   25    3456.67    2160.42    5760.00    1200.00   12577.08
Scheme#:2   25    3456.67    2160.42    3400.00     610.00    9627.08
Scheme#:0   25   12506.05    7816.28     960.00    1200.00   22482.34
Scheme#:1   25    4168.68    2605.43    5760.00    1200.00   13734.11
Scheme#:2   25    4168.68    2605.43    3120.00     540.00   10434.11
Routing Failed to deliver
Routing Failed to deliver
Routing Failed to deliver
Routing Failed to deliver
Routing Failed to deliver
Routing Failed to deliver
Scheme#:0   25   10549.66    6593.54     960.00    1200.00   19303.20
Scheme#:1   25    3516.55    2197.85    5760.00    1200.00   12674.40
Scheme#:2   25    3516.55    2197.85    2560.00     400.00    8674.40
Scheme#:0   25   10802.13    6751.33     960.00    1200.00   19713.46
Scheme#:1   25    3600.71    2250.44    5760.00    1200.00   12811.15
Scheme#:2   25    3600.71    2250.44    3160.00     550.00    9561.15
Scheme#:0   25   10493.89    6558.68     960.00    1200.00   19212.58
Scheme#:1   25    3497.96    2186.23    5760.00    1200.00   12644.19
Scheme#:2   25    3497.96    2186.23    2920.00     490.00    9094.19
Scheme#:0   25   13399.08    8374.43     960.00    1200.00   23933.51
Scheme#:1   25    4466.36    2791.48    5760.00    1200.00   14217.84
Scheme#:2   25    4466.36    2791.48    3080.00     530.00   10867.84
Scheme#:0   25   10611.97    6632.48     960.00    1200.00   19404.46
Scheme#:1   25    3537.32    2210.83    5760.00    1200.00   12708.15
Scheme#:2   25    3537.32    2210.83    3120.00     540.00    9408.15
Scheme#:0   25   15526.87    9704.29     960.00    1200.00   27391.16
Scheme#:1   25    5175.62    3234.76    5760.00    1200.00   15370.39
Scheme#:2   25    5175.62    3234.76    2960.00     500.00   11870.39
Scheme#:0   25   15898.41    9936.51     960.00    1200.00   27994.92
Scheme#:1   25    5299.47    3312.17    5760.00    1200.00   15571.64
Scheme#:2   25    5299.47    3312.17    2480.00     380.00   11471.64
Scheme#:0   30   13564.53    8477.83    1160.00    1450.00   24652.37
Scheme#:1   30    4521.51    2825.94    6960.00    1450.00   15757.46
Scheme#:2   30    4521.51    2825.94    3680.00     630.00   11657.46
Scheme#:0   30   11640.95    7275.60    1160.00    1450.00   21526.55
Scheme#:1   30    3880.32    2425.20    6960.00    1450.00   14715.52
Scheme#:2   30    3880.32    2425.20    3360.00     550.00   10215.52
Scheme#:0   30   20942.56   13089.10    1160.00    1450.00   36641.66
Scheme#:1   30    6980.85    4363.03    6960.00    1450.00   19753.89
Scheme#:2   30    6980.85    4363.03    1960.00     200.00   13503.89
Scheme#:0   30   11228.20    7017.63    1160.00    1450.00   20855.83
Scheme#:1   30    3742.73    2339.21    6960.00    1450.00   14491.94
Scheme#:2   30    3742.73    2339.21    3200.00     510.00    9791.94
Scheme#:0   30   13232.79    8270.49    1160.00    1450.00   24113.28
Scheme#:1   30    4410.93    2756.83    6960.00    1450.00   15577.76
Scheme#:2   30    4410.93    2756.83    4200.00     760.00   12127.76
Scheme#:0   30   16367.30   10229.56    1160.00    1450.00   29206.87
Scheme#:1   30    5455.77    3409.85    6960.00    1450.00   17275.62
Scheme#:2   30    5455.77    3409.85    3200.00     510.00   12575.62
Scheme#:0   30   10323.41    6452.13    1160.00    1450.00   19385.54
Scheme#:1   30    3441.14    2150.71    6960.00    1450.00   14001.85
Scheme#:2   30    3441.14    2150.71    3120.00     490.00    9201.85
Scheme#:0   30   14778.08    9236.30    1160.00    1450.00   26624.37
Scheme#:1   30    4926.03    3078.77    6960.00    1450.00   16414.79
Scheme#:2   30    4926.03    3078.77    3320.00     540.00   11864.79
Scheme#:0   30   16889.73   10556.08    1160.00    1450.00   30055.81
Scheme#:1   30    5629.91    3518.69    6960.00    1450.00   17558.60
Scheme#:2   30    5629.91    3518.69    2640.00     370.00   12158.60
Scheme#:0   30   17324.13   10827.58    1160.00    1450.00   30761.72
Scheme#:1   30    5774.71    3609.19    6960.00    1450.00   17793.91
Scheme#:2   30    5774.71    3609.19    3960.00     700.00   14043.91
Scheme#:0   35   19459.75   12162.35    1360.00    1700.00   34682.10
Scheme#:1   35    6486.58    4054.12    8160.00    1700.00   20400.70
Scheme#:2   35    6486.58    4054.12    4560.00     800.00   15900.70
Scheme#:0   35   18434.00   11521.25    1360.00    1700.00   33015.25
Scheme#:1   35    6144.67    3840.42    8160.00    1700.00   19845.08
Scheme#:2   35    6144.67    3840.42    2720.00     340.00   13045.08
Scheme#:0   35   17313.52   10820.95    1360.00    1700.00   31194.46
Scheme#:1   35    5771.17    3606.98    8160.00    1700.00   19238.15
Scheme#:2   35    5771.17    3606.98    3760.00     600.00   13738.15
Scheme#:0   35   11411.24    7132.02    1360.00    1700.00   21603.26
Scheme#:1   35    3803.75    2377.34    8160.00    1700.00   16041.09
Scheme#:2   35    3803.75    2377.34    4600.00     810.00   11591.09
Scheme#:0   35   17745.25   11090.78    1360.00    1700.00   31896.03
Scheme#:1   35    5915.08    3696.93    8160.00    1700.00   19472.01
Scheme#:2   35    5915.08    3696.93    4360.00     750.00   14722.01
Scheme#:0   35   20407.09   12754.43    1360.00    1700.00   36221.53
Scheme#:1   35    6802.36    4251.48    8160.00    1700.00   20913.84
Scheme#:2   35    6802.36    4251.48    4000.00     660.00   15713.84
Scheme#:0   35   15697.33    9810.83    1360.00    1700.00   28568.16
Scheme#:1   35    5232.44    3270.28    8160.00    1700.00   18362.72
Scheme#:2   35    5232.44    3270.28    4120.00     690.00   13312.72
Scheme#:0   35   16918.77   10574.23    1360.00    1700.00   30553.00
Scheme#:1   35    5639.59    3524.74    8160.00    1700.00   19024.33
Scheme#:2   35    5639.59    3524.74    2600.00     310.00   12074.33
Scheme#:0   35   10623.63    6639.77    1360.00    1700.00   20323.40
Scheme#:1   35    3541.21    2213.26    8160.00    1700.00   15614.47
Scheme#:2   35    3541.21    2213.26    5080.00     930.00   11764.47
Scheme#:0   35   15804.86    9878.04    1360.00    1700.00   28742.90
Scheme#:1   35    5268.29    3292.68    8160.00    1700.00   18420.97
Scheme#:2   35    5268.29    3292.68    4480.00     780.00   13820.97
Scheme#:0   40   13130.86    8206.79    1560.00    1950.00   24847.64
Scheme#:1   40    4376.95    2735.60    9360.00    1950.00   18422.55
Scheme#:2   40    4376.95    2735.60    5200.00     910.00   13222.55
Scheme#:0   40   18684.89   11678.06    1560.00    1950.00   33872.95
Scheme#:1   40    6228.30    3892.69    9360.00    1950.00   21430.98
Scheme#:2   40    6228.30    3892.69    4160.00     650.00   14930.98
Scheme#:0   40   11671.53    7294.71    1560.00    1950.00   22476.24
Scheme#:1   40    3890.51    2431.57    9360.00    1950.00   17632.08
Scheme#:2   40    3890.51    2431.57    5200.00     910.00   12432.08
Scheme#:0   40   18725.80   11703.62    1560.00    1950.00   33939.42
Scheme#:1   40    6241.93    3901.21    9360.00    1950.00   21453.14
Scheme#:2   40    6241.93    3901.21    5200.00     910.00   16253.14
Scheme#:0   40   13367.60    8354.75    1560.00    1950.00   25232.36
Scheme#:1   40    4455.87    2784.92    9360.00    1950.00   18550.79
Scheme#:2   40    4455.87    2784.92    4040.00     620.00   11900.79
Scheme#:0   40   11953.04    7470.65    1560.00    1950.00   22933.69
Scheme#:1   40    3984.35    2490.22    9360.00    1950.00   17784.56
Scheme#:2   40    3984.35    2490.22    5400.00     960.00   12834.56
Scheme#:0   40   17837.88   11148.68    1560.00    1950.00   32496.56
Scheme#:1   40    5945.96    3716.23    9360.00    1950.00   20972.19
Scheme#:2   40    5945.96    3716.23    4080.00     630.00   14372.19
Scheme#:0   40   12857.13    8035.70    1560.00    1950.00   24402.83
Scheme#:1   40    4285.71    2678.57    9360.00    1950.00   18274.28
Scheme#:2   40    4285.71    2678.57    5040.00     870.00   12874.28
Scheme#:0   40   19891.74   12432.34    1560.00    1950.00   35834.07
Scheme#:1   40    6630.58    4144.11    9360.00    1950.00   22084.69
Scheme#:2   40    6630.58    4144.11    4960.00     850.00   16584.69
Scheme#:0   40   23705.03   14815.64    1560.00    1950.00   42030.67
Scheme#:1   40    7901.68    4938.55    9360.00    1950.00   24150.22
Scheme#:2   40    7901.68    4938.55    6000.00    1110.00   19950.22
Scheme#:0   45   17385.72   10866.08    1760.00    2200.00   32211.80
Scheme#:1   45    5795.24    3622.03   10560.00    2200.00   22177.27
Scheme#:2   45    5795.24    3622.03    5160.00     850.00   15427.27
Scheme#:0   45   21139.88   13212.42    1760.00    2200.00   38312.30
Scheme#:1   45    7046.63    4404.14   10560.00    2200.00   24210.77
Scheme#:2   45    7046.63    4404.14    5400.00     910.00   17760.77
Scheme#:0   45   19877.24   12423.28    1760.00    2200.00   36260.52
Scheme#:1   45    6625.75    4141.09   10560.00    2200.00   23526.84
Scheme#:2   45    6625.75    4141.09    4720.00     740.00   16226.84
Scheme#:0   45   21860.58   13662.86    1760.00    2200.00   39483.44
Scheme#:1   45    7286.86    4554.29   10560.00    2200.00   24601.15
Scheme#:2   45    7286.86    4554.29    6120.00    1090.00   19051.15
Scheme#:0   45   19809.81   12381.13    1760.00    2200.00   36150.95
Scheme#:1   45    6603.27    4127.04   10560.00    2200.00   23490.32
Scheme#:2   45    6603.27    4127.04    6400.00    1160.00   18290.32
Scheme#:0   45   16134.56   10084.10    1760.00    2200.00   30178.66
Scheme#:1   45    5378.19    3361.37   10560.00    2200.00   21499.55
Scheme#:2   45    5378.19    3361.37    5040.00     820.00   14599.55
Scheme#:0   45   14328.49    8955.31    1760.00    2200.00   27243.79
Scheme#:1   45    4776.16    2985.10   10560.00    2200.00   20521.26
Scheme#:2   45    4776.16    2985.10    6560.00    1200.00   15521.26
Scheme#:0   45   21483.30   13427.06    1760.00    2200.00   38870.36
Scheme#:1   45    7161.10    4475.69   10560.00    2200.00   24396.79
Scheme#:2   45    7161.10    4475.69    4200.00     610.00   16446.79
Scheme#:0   45   15921.81    9951.13    1760.00    2200.00   29832.95
Scheme#:1   45    5307.27    3317.04   10560.00    2200.00   21384.32
Scheme#:2   45    5307.27    3317.04    5920.00    1040.00   15584.32
Scheme#:0   45   19266.57   12041.61    1760.00    2200.00   35268.18
Scheme#:1   45    6422.19    4013.87   10560.00    2200.00   23196.06
Scheme#:2   45    6422.19    4013.87    4920.00     790.00   16146.06
Scheme#:0   50   26136.24   16335.15    1960.00    2450.00   46881.39
Scheme#:1   50    8712.08    5445.05   11760.00    2450.00   28367.13
Scheme#:2   50    8712.08    5445.05    6240.00    1070.00   21467.13
Scheme#:0   50   23020.91   14388.07    1960.00    2450.00   41818.98
Scheme#:1   50    7673.64    4796.02   11760.00    2450.00   26679.66
Scheme#:2   50    7673.64    4796.02    6600.00    1160.00   20229.66
Scheme#:0   50   34776.27   21735.17    1960.00    2450.00   60921.45
Scheme#:1   50   11592.09    7245.06   11760.00    2450.00   33047.15
Scheme#:2   50   11592.09    7245.06    3800.00     460.00   23097.15
Scheme#:0   50   25887.62   16179.76    1960.00    2450.00   46477.38
Scheme#:1   50    8629.21    5393.25   11760.00    2450.00   28232.46
Scheme#:2   50    8629.21    5393.25    6840.00    1220.00   22082.46
Scheme#:0   50   24601.00   15375.63    1960.00    2450.00   44386.63
Scheme#:1   50    8200.33    5125.21   11760.00    2450.00   27535.54
Scheme#:2   50    8200.33    5125.21    6560.00    1150.00   21035.54
Scheme#:0   50   20704.45   12940.28    1960.00    2450.00   38054.73
Scheme#:1   50    6901.48    4313.43   11760.00    2450.00   25424.91
Scheme#:2   50    6901.48    4313.43    5280.00     830.00   17324.91
Scheme#:0   50   25178.47   15736.54    1960.00    2450.00   45325.01
Scheme#:1   50    8392.82    5245.51   11760.00    2450.00   27848.34
Scheme#:2   50    8392.82    5245.51    5280.00     830.00   19748.34
Scheme#:0   50   27993.05   17495.66    1960.00    2450.00   49898.71
Scheme#:1   50    9331.02    5831.89   11760.00    2450.00   29372.90
Scheme#:2   50    9331.02    5831.89    5960.00    1000.00   22122.90
Scheme#:0   50   28179.39   17612.12    1960.00    2450.00   50201.50
Scheme#:1   50    9393.13    5870.71   11760.00    2450.00   29473.83
Scheme#:2   50    9393.13    5870.71    4840.00     720.00   20823.83
Scheme#:0   50   27940.43   17462.77    1960.00    2450.00   49813.20
Scheme#:1   50    9313.48    5820.92   11760.00    2450.00   29344.40
Scheme#:2   50    9313.48    5820.92    4760.00     700.00   20594.40
Scheme#:0   55   29405.32   18378.32    2160.00    2700.00   52643.64
Scheme#:1   55    9801.77    6126.11   12960.00    2700.00   31587.88
Scheme#:2   55    9801.77    6126.11    6960.00    1200.00   24087.88
Scheme#:0   55   20911.03   13069.39    2160.00    2700.00   38840.42
Scheme#:1   55    6970.34    4356.46   12960.00    2700.00   26986.81
Scheme#:2   55    6970.34    4356.46    6320.00    1040.00   18686.81
Scheme#:0   55   18193.00   11370.63    2160.00    2700.00   34423.63
Scheme#:1   55    6064.33    3790.21   12960.00    2700.00   25514.54
Scheme#:2   55    6064.33    3790.21    7280.00    1280.00   18414.54
Scheme#:0   55   28159.46   17599.67    2160.00    2700.00   50619.13
Scheme#:1   55    9386.49    5866.56   12960.00    2700.00   30913.04
Scheme#:2   55    9386.49    5866.56    7400.00    1310.00   23963.04
Scheme#:0   55   24471.19   15294.49    2160.00    2700.00   44625.68
Scheme#:1   55    8157.06    5098.16   12960.00    2700.00   28915.23
Scheme#:2   55    8157.06    5098.16    6480.00    1080.00   20815.23
Scheme#:0   55   27528.30   17205.18    2160.00    2700.00   49593.48
Scheme#:1   55    9176.10    5735.06   12960.00    2700.00   30571.16
Scheme#:2   55    9176.10    5735.06    6560.00    1100.00   22571.16
Scheme#:0   55   19099.45   11937.15    2160.00    2700.00   35896.60
Scheme#:1   55    6366.48    3979.05   12960.00    2700.00   26005.53
Scheme#:2   55    6366.48    3979.05    7360.00    1300.00   19005.53
Scheme#:0   55   25277.70   15798.56    2160.00    2700.00   45936.27
Scheme#:1   55    8425.90    5266.19   12960.00    2700.00   29352.09
Scheme#:2   55    8425.90    5266.19    5760.00     900.00   20352.09
Scheme#:0   55   26694.80   16684.25    2160.00    2700.00   48239.06
Scheme#:1   55    8898.27    5561.42   12960.00    2700.00   30119.69
Scheme#:2   55    8898.27    5561.42    7320.00    1290.00   23069.69
Scheme#:0   55   25903.07   16189.42    2160.00    2700.00   46952.48
Scheme#:1   55    8634.36    5396.47   12960.00    2700.00   29690.83
Scheme#:2   55    8634.36    5396.47    7080.00    1230.00   22340.83
Scheme#:0   60   23849.90   14906.19    2360.00    2950.00   44066.09
Scheme#:1   60    7949.97    4968.73   14160.00    2950.00   30028.70
Scheme#:2   60    7949.97    4968.73    6480.00    1030.00   20428.70
Scheme#:0   60   37254.06   23283.79    2360.00    2950.00   65847.84
Scheme#:1   60   12418.02    7761.26   14160.00    2950.00   37289.28
Scheme#:2   60   12418.02    7761.26    7640.00    1320.00   29139.28
Scheme#:0   60   23020.00   14387.50    2360.00    2950.00   42717.50
Scheme#:1   60    7673.33    4795.83   14160.00    2950.00   29579.17
Scheme#:2   60    7673.33    4795.83    8320.00    1490.00   22279.17
Scheme#:0   60   22360.31   13975.20    2360.00    2950.00   41645.51
Scheme#:1   60    7453.44    4658.40   14160.00    2950.00   29221.84
Scheme#:2   60    7453.44    4658.40    8960.00    1650.00   22721.84
Scheme#:0   60   33725.65   21078.53    2360.00    2950.00   60114.17
Scheme#:1   60   11241.88    7026.18   14160.00    2950.00   35378.06
Scheme#:2   60   11241.88    7026.18    7760.00    1350.00   27378.06
Scheme#:0   60   30318.08   18948.80    2360.00    2950.00   54576.88
Scheme#:1   60   10106.03    6316.27   14160.00    2950.00   33532.29
Scheme#:2   60   10106.03    6316.27    7080.00    1180.00   24682.29
Scheme#:0   60   27805.32   17378.32    2360.00    2950.00   50493.64
Scheme#:1   60    9268.44    5792.77   14160.00    2950.00   32171.21
Scheme#:2   60    9268.44    5792.77    7840.00    1370.00   24271.21
Scheme#:0   60   36601.38   22875.86    2360.00    2950.00   64787.25
Scheme#:1   60   12200.46    7625.29   14160.00    2950.00   36935.75
Scheme#:2   60   12200.46    7625.29    8480.00    1530.00   29835.75
Scheme#:0   60   25802.42   16126.51    2360.00    2950.00   47238.94
Scheme#:1   60    8600.81    5375.50   14160.00    2950.00   31086.31
Scheme#:2   60    8600.81    5375.50    7080.00    1180.00   22236.31
Scheme#:0   60   22491.05   14056.90    2360.00    2950.00   41857.95
Scheme#:1   60    7497.02    4685.63   14160.00    2950.00   29292.65
Scheme#:2   60    7497.02    4685.63    5680.00     830.00   18692.65
Scheme#:0   65   33579.65   20987.28    2560.00    3200.00   60326.94
Scheme#:1   65   11193.22    6995.76   15360.00    3200.00   36748.98
Scheme#:2   65   11193.22    6995.76    7360.00    1200.00   26748.98
Scheme#:0   65   22352.64   13970.40    2560.00    3200.00   42083.04
Scheme#:1   65    7450.88    4656.80   15360.00    3200.00   30667.68
Scheme#:2   65    7450.88    4656.80    7600.00    1260.00   20967.68
Scheme#:0   65   38035.62   23772.26    2560.00    3200.00   67567.88
Scheme#:1   65   12678.54    7924.09   15360.00    3200.00   39162.63
Scheme#:2   65   12678.54    7924.09    9240.00    1670.00   31512.63
Scheme#:0   65   24005.39   15003.37    2560.00    3200.00   44768.75
Scheme#:1   65    8001.80    5001.12   15360.00    3200.00   31562.92
Scheme#:2   65    8001.80    5001.12    7160.00    1150.00   21312.92
Scheme#:0   65   32024.00   20015.00    2560.00    3200.00   57799.00
Scheme#:1   65   10674.67    6671.67   15360.00    3200.00   35906.33
Scheme#:2   65   10674.67    6671.67    8920.00    1590.00   27856.33
Scheme#:0   65   30259.35   18912.09    2560.00    3200.00   54931.44
Scheme#:1   65   10086.45    6304.03   15360.00    3200.00   34950.48
Scheme#:2   65   10086.45    6304.03    4160.00     400.00   20950.48
Scheme#:0   65   23576.87   14735.54    2560.00    3200.00   44072.41
Scheme#:1   65    7858.96    4911.85   15360.00    3200.00   31330.80
Scheme#:2   65    7858.96    4911.85    8360.00    1450.00   22580.80
Scheme#:0   65   28391.90   17744.94    2560.00    3200.00   51896.83
Scheme#:1   65    9463.97    5914.98   15360.00    3200.00   33938.94
Scheme#:2   65    9463.97    5914.98    9160.00    1650.00   26188.94
Scheme#:0   65   29519.29   18449.56    2560.00    3200.00   53728.85
Scheme#:1   65    9839.76    6149.85   15360.00    3200.00   34549.62
Scheme#:2   65    9839.76    6149.85    8360.00    1450.00   25799.62
Scheme#:0   65   30605.71   19128.57    2560.00    3200.00   55494.29
Scheme#:1   65   10201.90    6376.19   15360.00    3200.00   35138.10
Scheme#:2   65   10201.90    6376.19    8120.00    1390.00   26088.10
Scheme#:0   70   25668.38   16042.74    2760.00    3450.00   47921.12
Scheme#:1   70    8556.13    5347.58   16560.00    3450.00   33913.71
Scheme#:2   70    8556.13    5347.58   10160.00    1850.00   25913.71
Scheme#:0   70   34109.05   21318.16    2760.00    3450.00   61637.21
Scheme#:1   70   11369.68    7106.05   16560.00    3450.00   38485.74
Scheme#:2   70   11369.68    7106.05    9040.00    1570.00   29085.74
Scheme#:0   70   23931.97   14957.48    2760.00    3450.00   45099.45
Scheme#:1   70    7977.32    4985.83   16560.00    3450.00   32973.15
Scheme#:2   70    7977.32    4985.83   10640.00    1970.00   25573.15
Scheme#:0   70   37928.16   23705.10    2760.00    3450.00   67843.27
Scheme#:1   70   12642.72    7901.70   16560.00    3450.00   40554.42
Scheme#:2   70   12642.72    7901.70   10360.00    1900.00   32804.42
Scheme#:0   70   29024.70   18140.44    2760.00    3450.00   53375.14
Scheme#:1   70    9674.90    6046.81   16560.00    3450.00   35731.71
Scheme#:2   70    9674.90    6046.81    7720.00    1240.00   24681.71
Scheme#:0   70   24668.27   15417.67    2760.00    3450.00   46295.93
Scheme#:1   70    8222.76    5139.22   16560.00    3450.00   33371.98
Scheme#:2   70    8222.76    5139.22   10040.00    1820.00   25221.98
Scheme#:0   70   44980.62   28112.89    2760.00    3450.00   79303.51
Scheme#:1   70   14993.54    9370.96   16560.00    3450.00   44374.50
Scheme#:2   70   14993.54    9370.96    8320.00    1390.00   34074.50
Scheme#:0   70   34465.12   21540.70    2760.00    3450.00   62215.83
Scheme#:1   70   11488.37    7180.23   16560.00    3450.00   38678.61
Scheme#:2   70   11488.37    7180.23    8360.00    1400.00   28428.61
Scheme#:0   70   36641.89   22901.18    2760.00    3450.00   65753.07
Scheme#:1   70   12213.96    7633.73   16560.00    3450.00   39857.69
Scheme#:2   70   12213.96    7633.73   10000.00    1810.00   31657.69
Scheme#:0   70   34627.24   21642.03    2760.00    3450.00   62479.27
Scheme#:1   70   11542.41    7214.01   16560.00    3450.00   38766.42
Scheme#:2   70   11542.41    7214.01    9160.00    1600.00   29516.42
Scheme#:0   75   35945.24   22465.77    2960.00    3700.00   65071.01
Scheme#:1   75   11981.75    7488.59   17760.00    3700.00   40930.34
Scheme#:2   75   11981.75    7488.59    7960.00    1250.00   28680.34
Scheme#:0   75   32499.35   20312.09    2960.00    3700.00   59471.44
Scheme#:1   75   10833.12    6770.70   17760.00    3700.00   39063.81
Scheme#:2   75   10833.12    6770.70    8280.00    1330.00   27213.81
Scheme#:0   75   45134.19   28208.87    2960.00    3700.00   80003.05
Scheme#:1   75   15044.73    9402.96   17760.00    3700.00   45907.68
Scheme#:2   75   15044.73    9402.96   11080.00    2030.00   37557.68
Scheme#:0   75   30879.91   19299.95    2960.00    3700.00   56839.86
Scheme#:1   75   10293.30    6433.32   17760.00    3700.00   38186.62
Scheme#:2   75   10293.30    6433.32    8760.00    1450.00   26936.62
Scheme#:0   75   22498.27   14061.42    2960.00    3700.00   43219.68
Scheme#:1   75    7499.42    4687.14   17760.00    3700.00   33646.56
Scheme#:2   75    7499.42    4687.14   10960.00    2000.00   25146.56
Scheme#:0   75   51964.23   32477.64    2960.00    3700.00   91101.87
Scheme#:1   75   17321.41   10825.88   17760.00    3700.00   49607.29
Scheme#:2   75   17321.41   10825.88   11200.00    2060.00   41407.29
Scheme#:0   75   37693.44   23558.40    2960.00    3700.00   67911.84
Scheme#:1   75   12564.48    7852.80   17760.00    3700.00   41877.28
Scheme#:2   75   12564.48    7852.80    8560.00    1400.00   30377.28
Scheme#:0   75   35998.39   22499.00    2960.00    3700.00   65157.39
Scheme#:1   75   11999.46    7499.67   17760.00    3700.00   40959.13
Scheme#:2   75   11999.46    7499.67    9800.00    1710.00   31009.13
Scheme#:0   75   30636.01   19147.50    2960.00    3700.00   56443.51
Scheme#:1   75   10212.00    6382.50   17760.00    3700.00   38054.50
Scheme#:2   75   10212.00    6382.50    8960.00    1500.00   27054.50
Scheme#:0   75   37704.12   23565.07    2960.00    3700.00   67929.19
Scheme#:1   75   12568.04    7855.02   17760.00    3700.00   41883.06
Scheme#:2   75   12568.04    7855.02   10840.00    1970.00   33233.06
Scheme#:0   80   37569.17   23480.73    3160.00    3950.00   68159.91
Scheme#:1   80   12523.06    7826.91   18960.00    3950.00   43259.97
Scheme#:2   80   12523.06    7826.91    9040.00    1470.00   30859.97
Scheme#:0   80   45800.36   28625.23    3160.00    3950.00   81535.59
Scheme#:1   80   15266.79    9541.74   18960.00    3950.00   47718.53
Scheme#:2   80   15266.79    9541.74   10600.00    1860.00   37268.53
Scheme#:0   80   32018.01   20011.25    3160.00    3950.00   59139.26
Scheme#:1   80   10672.67    6670.42   18960.00    3950.00   40253.09
Scheme#:2   80   10672.67    6670.42    8920.00    1440.00   27703.09
Scheme#:0   80   31432.96   19645.60    3160.00    3950.00   58188.56
Scheme#:1   80   10477.65    6548.53   18960.00    3950.00   39936.19
Scheme#:2   80   10477.65    6548.53    8680.00    1380.00   27086.19
Scheme#:0   80   49652.47   31032.79    3160.00    3950.00   87795.26
Scheme#:1   80   16550.82   10344.26   18960.00    3950.00   49805.09
Scheme#:2   80   16550.82   10344.26    8040.00    1220.00   36155.09
Scheme#:0   80   45186.55   28241.59    3160.00    3950.00   80538.15
Scheme#:1   80   15062.18    9413.86   18960.00    3950.00   47386.05
Scheme#:2   80   15062.18    9413.86    7080.00     980.00   32536.05
Scheme#:0   80   35843.93   22402.46    3160.00    3950.00   65356.39
Scheme#:1   80   11947.98    7467.49   18960.00    3950.00   42325.46
Scheme#:2   80   11947.98    7467.49    9520.00    1590.00   30525.46
Scheme#:0   80   37045.64   23153.53    3160.00    3950.00   67309.17
Scheme#:1   80   12348.55    7717.84   18960.00    3950.00   42976.39
Scheme#:2   80   12348.55    7717.84   11400.00    2060.00   33526.39
Scheme#:0   80   37507.33   23442.08    3160.00    3950.00   68059.40
Scheme#:1   80   12502.44    7814.03   18960.00    3950.00   43226.47
Scheme#:2   80   12502.44    7814.03   11360.00    2050.00   33726.47
Scheme#:0   80   35396.29   22122.68    3160.00    3950.00   64628.97
Scheme#:1   80   11798.76    7374.23   18960.00    3950.00   42082.99
Scheme#:2   80   11798.76    7374.23    8680.00    1380.00   29232.99
Scheme#:0   85   44581.55   27863.47    3360.00    4200.00   80005.02
Scheme#:1   85   14860.52    9287.82   20160.00    4200.00   48508.34
Scheme#:2   85   14860.52    9287.82   11120.00    1940.00   37208.34
Scheme#:0   85   30486.62   19054.14    3360.00    4200.00   57100.75
Scheme#:1   85   10162.21    6351.38   20160.00    4200.00   40873.58
Scheme#:2   85   10162.21    6351.38   11560.00    2050.00   30123.58
Scheme#:0   85   31751.56   19844.73    3360.00    4200.00   59156.29
Scheme#:1   85   10583.85    6614.91   20160.00    4200.00   41558.76
Scheme#:2   85   10583.85    6614.91    7960.00    1150.00   26308.76
Scheme#:0   85   41802.05   26126.28    3360.00    4200.00   75488.32
Scheme#:1   85   13934.02    8708.76   20160.00    4200.00   47002.77
Scheme#:2   85   13934.02    8708.76    9920.00    1640.00   34202.77
Scheme#:0   85   32108.86   20068.04    3360.00    4200.00   59736.89
Scheme#:1   85   10702.95    6689.35   20160.00    4200.00   41752.30
Scheme#:2   85   10702.95    6689.35    9600.00    1560.00   28552.30
Scheme#:0   85   45682.78   28551.74    3360.00    4200.00   81794.52
Scheme#:1   85   15227.59    9517.25   20160.00    4200.00   49104.84
Scheme#:2   85   15227.59    9517.25   10800.00    1860.00   37404.84
Scheme#:0   85   31208.02   19505.01    3360.00    4200.00   58273.03
Scheme#:1   85   10402.67    6501.67   20160.00    4200.00   41264.34
Scheme#:2   85   10402.67    6501.67    7680.00    1080.00   25664.34
Scheme#:0   85   34727.32   21704.57    3360.00    4200.00   63991.89
Scheme#:1   85   11575.77    7234.86   20160.00    4200.00   43170.63
Scheme#:2   85   11575.77    7234.86    7840.00    1120.00   27770.63
Scheme#:0   85   56446.88   35279.30    3360.00    4200.00   99286.18
Scheme#:1   85   18815.63   11759.77   20160.00    4200.00   54935.39
Scheme#:2   85   18815.63   11759.77   10960.00    1900.00   43435.39
Scheme#:0   85   48015.92   30009.95    3360.00    4200.00   85585.87
Scheme#:1   85   16005.31   10003.32   20160.00    4200.00   50368.62
Scheme#:2   85   16005.31   10003.32    9720.00    1590.00   37318.62
Scheme#:0   90   36509.62   22818.51    3560.00    4450.00   67338.14
Scheme#:1   90   12169.87    7606.17   21360.00    4450.00   45586.05
Scheme#:2   90   12169.87    7606.17   12040.00    2120.00   33936.05
Scheme#:0   90   36563.28   22852.05    3560.00    4450.00   67425.34
Scheme#:1   90   12187.76    7617.35   21360.00    4450.00   45615.11
Scheme#:2   90   12187.76    7617.35   12520.00    2240.00   34565.11
Scheme#:0   90   32737.35   20460.84    3560.00    4450.00   61208.19
Scheme#:1   90   10912.45    6820.28   21360.00    4450.00   43542.73
Scheme#:2   90   10912.45    6820.28    9000.00    1360.00   28092.73
Scheme#:0   90   48392.50   30245.31    3560.00    4450.00   86647.82
Scheme#:1   90   16130.83   10081.77   21360.00    4450.00   52022.61
Scheme#:2   90   16130.83   10081.77   10160.00    1650.00   38022.61
Scheme#:0   90   37477.15   23423.22    3560.00    4450.00   68910.37
Scheme#:1   90   12492.38    7807.74   21360.00    4450.00   46110.12
Scheme#:2   90   12492.38    7807.74    8880.00    1330.00   30510.12
Scheme#:0   90   46140.97   28838.11    3560.00    4450.00   82989.08
Scheme#:1   90   15380.32    9612.70   21360.00    4450.00   50803.03
Scheme#:2   90   15380.32    9612.70   10560.00    1750.00   37303.03
Scheme#:0   90   40551.51   25344.69    3560.00    4450.00   73906.20
Scheme#:1   90   13517.17    8448.23   21360.00    4450.00   47775.40
Scheme#:2   90   13517.17    8448.23   12120.00    2140.00   36225.40
Scheme#:0   90   38000.16   23750.10    3560.00    4450.00   69760.26
Scheme#:1   90   12666.72    7916.70   21360.00    4450.00   46393.42
Scheme#:2   90   12666.72    7916.70   10440.00    1720.00   32743.42
Scheme#:0   90   46725.78   29203.61    3560.00    4450.00   83939.40
Scheme#:1   90   15575.26    9734.54   21360.00    4450.00   51119.80
Scheme#:2   90   15575.26    9734.54   11760.00    2050.00   39119.80
Scheme#:0   90   31126.14   19453.84    3560.00    4450.00   58589.98
Scheme#:1   90   10375.38    6484.61   21360.00    4450.00   42669.99
Scheme#:2   90   10375.38    6484.61   10080.00    1630.00   28569.99
