     0      5    2624.58    1640.36     160.00     200.00    4624.94
     1      5     874.86     546.79     960.00     200.00    2581.65
     2      5     874.86     546.79     520.00      90.00    2031.65
     0      5    2989.77    1868.61     160.00     200.00    5218.38
     1      5     996.59     622.87     960.00     200.00    2779.46
     2      5     996.59     622.87     240.00      20.00    1879.46
     0      5    2674.06    1671.29     160.00     200.00    4705.34
     1      5     891.35     557.10     960.00     200.00    2608.45
     2      5     891.35     557.10     400.00      60.00    1908.45
     0      5    4801.28    3000.80     160.00     200.00    8162.09
     1      5    1600.43    1000.27     960.00     200.00    3760.70
     2      5    1600.43    1000.27     560.00     100.00    3260.70
     0      5    2043.95    1277.47     160.00     200.00    3681.42
     1      5     681.32     425.82     960.00     200.00    2267.14
     2      5     681.32     425.82     400.00      60.00    1567.14
     0      5    4476.26    2797.66     160.00     200.00    7633.91
     1      5    1492.09     932.55     960.00     200.00    3584.64
     2      5    1492.09     932.55     640.00     120.00    3184.64
     0      5    3778.70    2361.69     160.00     200.00    6500.39
     1      5    1259.57     787.23     960.00     200.00    3206.80
     2      5    1259.57     787.23     400.00      60.00    2506.80
     0      5    1868.57    1167.86     160.00     200.00    3396.43
     1      5     622.86     389.29     960.00     200.00    2172.14
     2      5     622.86     389.29     440.00      70.00    1522.14
     0      5    2052.79    1282.99     160.00     200.00    3695.78
     1      5     684.26     427.66     960.00     200.00    2271.93
     2      5     684.26     427.66     640.00     120.00    1871.93
     0      5    3386.11    2116.32     160.00     200.00    5862.44
     1      5    1128.70     705.44     960.00     200.00    2994.15
     2      5    1128.70     705.44     560.00     100.00    2494.15
     0     10    5789.23    3618.27     360.00     450.00   10217.50
     1     10    1929.74    1206.09    2160.00     450.00    5745.83
     2     10    1929.74    1206.09     880.00     130.00    4145.83
     0     10   14304.33    8940.21     360.00     450.00   24054.54
     1     10    4768.11    2980.07    2160.00     450.00   10358.18
     2     10    4768.11    2980.07    1120.00     190.00    9058.18
     0     10    7653.66    4783.54     360.00     450.00   13247.20
     1     10    2551.22    1594.51    2160.00     450.00    6755.73
     2     10    2551.22    1594.51    1320.00     240.00    5705.73
     0     10    5880.70    3675.43     360.00     450.00   10366.13
     1     10    1960.23    1225.14    2160.00     450.00    5795.38
     2     10    1960.23    1225.14    1000.00     160.00    4345.38
     0     10    7380.17    4612.61     360.00     450.00   12802.78
     1     10    2460.06    1537.54    2160.00     450.00    6607.59
     2     10    2460.06    1537.54    1040.00     170.00    5207.59
     0     10    6698.05    4186.28     360.00     450.00   11694.34
     1     10    2232.68    1395.43    2160.00     450.00    6238.11
     2     10    2232.68    1395.43    1280.00     230.00    5138.11
     0     10   12205.85    7628.66     360.00     450.00   20644.51
     1     10    4068.62    2542.89    2160.00     450.00    9221.50
     2     10    4068.62    2542.89    1000.00     160.00    7771.50
     0     10    8746.56    5466.60     360.00     450.00   15023.16
     1     10    2915.52    1822.20    2160.00     450.00    7347.72
     2     10    2915.52    1822.20    1160.00     200.00    6097.72
     0     10   10697.81    6686.13     360.00     450.00   18193.94
     1     10    3565.94    2228.71    2160.00     450.00    8404.65
     2     10    3565.94    2228.71    1200.00     210.00    7204.65
     0     10    7342.03    4588.77     360.00     450.00   12740.81
     1     10    2447.34    1529.59    2160.00     450.00    6586.94
     2     10    2447.34    1529.59    1360.00     250.00    5586.94
     0     15   17516.04   10947.53     560.00     700.00   29723.57
     1     15    5838.68    3649.18    3360.00     700.00   13547.86
     2     15    5838.68    3649.18    2200.00     410.00   12097.86
     0     15   10554.55    6596.60     560.00     700.00   18411.15
     1     15    3518.18    2198.87    3360.00     700.00    9777.05
     2     15    3518.18    2198.87    1280.00     180.00    7177.05
     0     15    9394.36    5871.48     560.00     700.00   16525.84
     1     15    3131.45    1957.16    3360.00     700.00    9148.61
     2     15    3131.45    1957.16    2120.00     390.00    7598.61
     0     15   14594.82    9121.76     560.00     700.00   24976.58
     1     15    4864.94    3040.59    3360.00     700.00   11965.53
     2     15    4864.94    3040.59    1840.00     320.00   10065.53
     0     15   12657.97    7911.23     560.00     700.00   21829.21
     1     15    4219.32    2637.08    3360.00     700.00   10916.40
     2     15    4219.32    2637.08    1840.00     320.00    9016.40
     0     15   12767.87    7979.92     560.00     700.00   22007.79
     1     15    4255.96    2659.97    3360.00     700.00   10975.93
     2     15    4255.96    2659.97    2040.00     370.00    9325.93
     0     15   18120.32   11325.20     560.00     700.00   30705.52
     1     15    6040.11    3775.07    3360.00     700.00   13875.17
     2     15    6040.11    3775.07    1200.00     160.00   11175.17
     0     15   11898.84    7436.77     560.00     700.00   20595.61
     1     15    3966.28    2478.92    3360.00     700.00   10505.20
     2     15    3966.28    2478.92    1720.00     290.00    8455.20
     0     15   13499.11    8436.95     560.00     700.00   23196.06
     1     15    4499.70    2812.32    3360.00     700.00   11372.02
     2     15    4499.70    2812.32    1920.00     340.00    9572.02
     0     15   13471.95    8419.97     560.00     700.00   23151.92
     1     15    4490.65    2806.66    3360.00     700.00   11357.31
     2     15    4490.65    2806.66    1280.00     180.00    8757.31
     0     20   20197.45   12623.41     760.00     950.00   34530.85
     1     20    6732.48    4207.80    4560.00     950.00   16450.28
     2     20    6732.48    4207.80    2840.00     520.00   14300.28
     0     20   17579.66   10987.29     760.00     950.00   30276.95
     1     20    5859.89    3662.43    4560.00     950.00   15032.32
     2     20    5859.89    3662.43    2400.00     410.00   12332.32
     0     20   18938.61   11836.63     760.00     950.00   32485.24
     1     20    6312.87    3945.54    4560.00     950.00   15768.41
     2     20    6312.87    3945.54    1760.00     250.00   12268.41
     0     20   17431.34   10894.59     760.00     950.00   30035.93
     1     20    5810.45    3631.53    4560.00     950.00   14951.98
     2     20    5810.45    3631.53    2640.00     470.00   12551.98
     0     20   12621.93    7888.71     760.00     950.00   22220.64
     1     20    4207.31    2629.57    4560.00     950.00   12346.88
     2     20    4207.31    2629.57    2600.00     460.00    9896.88
     0     20   18341.51   11463.44     760.00     950.00   31514.95
     1     20    6113.84    3821.15    4560.00     950.00   15444.98
     2     20    6113.84    3821.15    2360.00     400.00   12694.98
     0     20   17872.20   11170.13     760.00     950.00   30752.33
     1     20    5957.40    3723.38    4560.00     950.00   15190.78
     2     20    5957.40    3723.38    2120.00     340.00   12140.78
     0     20   14443.21    9027.01     760.00     950.00   25180.21
     1     20    4814.40    3009.00    4560.00     950.00   13333.40
     2     20    4814.40    3009.00    2640.00     470.00   10933.40
     0     20   18859.85   11787.41     760.00     950.00   32357.26
     1     20    6286.62    3929.14    4560.00     950.00   15725.75
     2     20    6286.62    3929.14    1840.00     270.00   12325.75
     0     20   19255.36   12034.60     760.00     950.00   32999.96
     1     20    6418.45    4011.53    4560.00     950.00   15939.99
     2     20    6418.45    4011.53    2320.00     390.00   13139.99
     0     25   18364.72   11477.95     960.00    1200.00   32002.68
     1     25    6121.57    3825.98    5760.00    1200.00   16907.56
     2     25    6121.57    3825.98    3120.00     540.00   13607.56
     0     25   20318.90   12699.31     960.00    1200.00   35178.21
     1     25    6772.97    4233.10    5760.00    1200.00   17966.07
     2     25    6772.97    4233.10    3240.00     570.00   14816.07
     0     25   23596.50   14747.81     960.00    1200.00   40504.32
     1     25    7865.50    4915.94    5760.00    1200.00   19741.44
     2     25    7865.50    4915.94    3080.00     530.00   16391.44
     0     25   16969.23   10605.77     960.00    1200.00   29734.99
     1     25    5656.41    3535.26    5760.00    1200.00   16151.66
     2     25    5656.41    3535.26    2720.00     440.00   12351.66
     0     25   22398.43   13999.02     960.00    1200.00   38557.45
     1     25    7466.14    4666.34    5760.00    1200.00   19092.48
     2     25    7466.14    4666.34    2880.00     480.00   15492.48
     0     25   16546.09   10341.30     960.00    1200.00   29047.39
     1     25    5515.36    3447.10    5760.00    1200.00   15922.46
     2     25    5515.36    3447.10    2120.00     290.00   11372.46
     0     25   13908.45    8692.78     960.00    1200.00   24761.23
     1     25    4636.15    2897.59    5760.00    1200.00   14493.74
     2     25    4636.15    2897.59    3360.00     600.00   11493.74
     0     25   20251.61   12657.26     960.00    1200.00   35068.87
     1     25    6750.54    4219.09    5760.00    1200.00   17929.62
     2     25    6750.54    4219.09    2840.00     470.00   14279.62
     0     25   23633.86   14771.16     960.00    1200.00   40565.02
     1     25    7877.95    4923.72    5760.00    1200.00   19761.67
     2     25    7877.95    4923.72    2320.00     340.00   15461.67
     0     25   22971.12   14356.95     960.00    1200.00   39488.06
     1     25    7657.04    4785.65    5760.00    1200.00   19402.69
     2     25    7657.04    4785.65    3480.00     630.00   16552.69
     0     30   29722.97   18576.85    1160.00    1450.00   50909.82
     1     30    9907.66    6192.28    6960.00    1450.00   24509.94
     2     30    9907.66    6192.28    3800.00     660.00   20559.94
     0     30   23714.68   14821.67    1160.00    1450.00   41146.35
     1     30    7904.89    4940.56    6960.00    1450.00   21255.45
     2     30    7904.89    4940.56    4080.00     730.00   17655.45
     0     30   30367.95   18979.97    1160.00    1450.00   51957.92
     1     30   10122.65    6326.66    6960.00    1450.00   24859.31
     2     30   10122.65    6326.66    4360.00     800.00   21609.31
     0     30   30101.99   18813.74    1160.00    1450.00   51525.73
     1     30   10034.00    6271.25    6960.00    1450.00   24715.24
     2     30   10034.00    6271.25    3280.00     530.00   20115.24
     0     30   19256.67   12035.42    1160.00    1450.00   33902.08
     1     30    6418.89    4011.81    6960.00    1450.00   18840.69
     2     30    6418.89    4011.81    2840.00     420.00   13690.69
     0     30   24014.50   15009.06    1160.00    1450.00   41633.56
     1     30    8004.83    5003.02    6960.00    1450.00   21417.85
     2     30    8004.83    5003.02    2760.00     400.00   16167.85
     0     30   23757.06   14848.16    1160.00    1450.00   41215.23
     1     30    7919.02    4949.39    6960.00    1450.00   21278.41
     2     30    7919.02    4949.39    3080.00     480.00   16428.41
     0     30   29994.99   18746.87    1160.00    1450.00   51351.85
     1     30    9998.33    6248.96    6960.00    1450.00   24657.28
     2     30    9998.33    6248.96    4440.00     820.00   21507.28
     0     30   25325.60   15828.50    1160.00    1450.00   43764.10
     1     30    8441.87    5276.17    6960.00    1450.00   22128.03
     2     30    8441.87    5276.17    4240.00     770.00   18728.03
     0     30   34311.08   21444.43    1160.00    1450.00   58365.51
     1     30   11437.03    7148.14    6960.00    1450.00   26995.17
     2     30   11437.03    7148.14    4040.00     720.00   23345.17
     0     35   40173.75   25108.59    1360.00    1700.00   68342.34
     1     35   13391.25    8369.53    8160.00    1700.00   31620.78
     2     35   13391.25    8369.53    4520.00     790.00   27070.78
     0     35   37997.16   23748.23    1360.00    1700.00   64805.39
     1     35   12665.72    7916.08    8160.00    1700.00   30441.80
     2     35   12665.72    7916.08    4440.00     770.00   25791.80
     0     35   39140.21   24462.63    1360.00    1700.00   66662.85
     1     35   13046.74    8154.21    8160.00    1700.00   31060.95
     2     35   13046.74    8154.21    4680.00     830.00   26710.95
     0     35   36260.04   22662.52    1360.00    1700.00   61982.56
     1     35   12086.68    7554.17    8160.00    1700.00   29500.85
     2     35   12086.68    7554.17    3880.00     630.00   24150.85
     0     35   31597.79   19748.62    1360.00    1700.00   54406.42
     1     35   10532.60    6582.87    8160.00    1700.00   26975.47
     2     35   10532.60    6582.87    4280.00     730.00   22125.47
     0     35   32830.25   20518.90    1360.00    1700.00   56409.15
     1     35   10943.42    6839.63    8160.00    1700.00   27643.05
     2     35   10943.42    6839.63    4840.00     870.00   23493.05
     0     35   32634.43   20396.52    1360.00    1700.00   56090.96
     1     35   10878.14    6798.84    8160.00    1700.00   27536.99
     2     35   10878.14    6798.84    4720.00     840.00   23236.99
     0     35   30175.51   18859.70    1360.00    1700.00   52095.21
     1     35   10058.50    6286.57    8160.00    1700.00   26205.07
     2     35   10058.50    6286.57    5120.00     940.00   22405.07
     0     35   30686.72   19179.20    1360.00    1700.00   52925.92
     1     35   10228.91    6393.07    8160.00    1700.00   26481.97
     2     35   10228.91    6393.07    4640.00     820.00   22081.97
     0     35   30376.71   18985.44    1360.00    1700.00   52422.15
     1     35   10125.57    6328.48    8160.00    1700.00   26314.05
     2     35   10125.57    6328.48    2880.00     380.00   19714.05
     0     40   33296.11   20810.07    1560.00    1950.00   57616.17
     1     40   11098.70    6936.69    9360.00    1950.00   29345.39
     2     40   11098.70    6936.69    4880.00     830.00   23745.39
     0     40   37901.59   23688.50    1560.00    1950.00   65100.09
     1     40   12633.86    7896.17    9360.00    1950.00   31840.03
     2     40   12633.86    7896.17    5560.00    1000.00   27090.03
     0     40   48991.23   30619.52    1560.00    1950.00   83120.75
     1     40   16330.41   10206.51    9360.00    1950.00   37846.92
     2     40   16330.41   10206.51    5280.00     930.00   32746.92
     0     40   46655.28   29159.55    1560.00    1950.00   79324.83
     1     40   15551.76    9719.85    9360.00    1950.00   36581.61
     2     40   15551.76    9719.85    5080.00     880.00   31231.61
     0     40   50027.48   31267.18    1560.00    1950.00   84804.66
     1     40   16675.83   10422.39    9360.00    1950.00   38408.22
     2     40   16675.83   10422.39    2640.00     270.00   30008.22
     0     40   29804.74   18627.96    1560.00    1950.00   51942.69
     1     40    9934.91    6209.32    9360.00    1950.00   27454.23
     2     40    9934.91    6209.32    4960.00     850.00   21954.23
     0     40   36014.65   22509.16    1560.00    1950.00   62033.81
     1     40   12004.88    7503.05    9360.00    1950.00   30817.94
     2     40   12004.88    7503.05    2440.00     220.00   22167.94
     0     40   44350.78   27719.24    1560.00    1950.00   75580.02
     1     40   14783.59    9239.75    9360.00    1950.00   35333.34
     2     40   14783.59    9239.75    4880.00     830.00   29733.34
     0     40   53384.75   33365.47    1560.00    1950.00   90260.22
     1     40   17794.92   11121.82    9360.00    1950.00   40226.74
     2     40   17794.92   11121.82    5720.00    1040.00   35676.74
     0     40   54729.56   34205.98    1560.00    1950.00   92445.54
     1     40   18243.19   11401.99    9360.00    1950.00   40955.18
     2     40   18243.19   11401.99    3360.00     450.00   33455.18
     0     45   36107.27   22567.04    1760.00    2200.00   62634.32
     1     45   12035.76    7522.35   10560.00    2200.00   32318.11
     2     45   12035.76    7522.35    3920.00     540.00   24018.11
     0     45   28436.55   17772.84    1760.00    2200.00   50169.39
     1     45    9478.85    5924.28   10560.00    2200.00   28163.13
     2     45    9478.85    5924.28    6160.00    1100.00   22663.13
     0     45   38868.89   24293.06    1760.00    2200.00   67121.95
     1     45   12956.30    8097.69   10560.00    2200.00   33813.98
     2     45   12956.30    8097.69    5560.00     950.00   27563.98
     0     45   43725.94   27328.71    1760.00    2200.00   75014.65
     1     45   14575.31    9109.57   10560.00    2200.00   36444.88
     2     45   14575.31    9109.57    3400.00     410.00   27494.88
     0     45   46678.99   29174.37    1760.00    2200.00   79813.36
     1     45   15559.66    9724.79   10560.00    2200.00   38044.45
     2     45   15559.66    9724.79    4440.00     670.00   30394.45
     0     45   30916.14   19322.59    1760.00    2200.00   54198.73
     1     45   10305.38    6440.86   10560.00    2200.00   29506.24
     2     45   10305.38    6440.86    6160.00    1100.00   24006.24
     0     45   39465.72   24666.07    1760.00    2200.00   68091.79
     1     45   13155.24    8222.02   10560.00    2200.00   34137.26
     2     45   13155.24    8222.02    4880.00     780.00   27037.26
     0     45   38973.61   24358.51    1760.00    2200.00   67292.12
     1     45   12991.20    8119.50   10560.00    2200.00   33870.71
     2     45   12991.20    8119.50    6000.00    1060.00   28170.71
     0     45   48134.54   30084.09    1760.00    2200.00   82178.62
     1     45   16044.85   10028.03   10560.00    2200.00   38832.87
     2     45   16044.85   10028.03    6040.00    1070.00   33182.87
     0     45   32224.57   20140.36    1760.00    2200.00   56324.93
     1     45   10741.52    6713.45   10560.00    2200.00   30214.98
     2     45   10741.52    6713.45    5880.00    1030.00   24364.98
     0     50   30490.88   19056.80    1960.00    2450.00   53957.68
     1     50   10163.63    6352.27   11760.00    2450.00   30725.89
     2     50   10163.63    6352.27    7000.00    1260.00   24775.89
     0     50   53586.20   33491.38    1960.00    2450.00   91487.58
     1     50   17862.07   11163.79   11760.00    2450.00   43235.86
     2     50   17862.07   11163.79    7000.00    1260.00   37285.86
     0     50   56924.13   35577.58    1960.00    2450.00   96911.71
     1     50   18974.71   11859.19   11760.00    2450.00   45043.90
     2     50   18974.71   11859.19    6360.00    1100.00   38293.90
     0     50   50451.33   31532.08    1960.00    2450.00   86393.42
     1     50   16817.11   10510.69   11760.00    2450.00   41537.81
     2     50   16817.11   10510.69    5920.00     990.00   34237.81
     0     50   40140.85   25088.03    1960.00    2450.00   69638.89
     1     50   13380.28    8362.68   11760.00    2450.00   35952.96
     2     50   13380.28    8362.68    4920.00     740.00   27402.96
     0     50   38258.72   23911.70    1960.00    2450.00   66580.43
     1     50   12752.91    7970.57   11760.00    2450.00   34933.48
     2     50   12752.91    7970.57    5560.00     900.00   27183.48
     0     50   51794.91   32371.82    1960.00    2450.00   88576.73
     1     50   17264.97   10790.61   11760.00    2450.00   42265.58
     2     50   17264.97   10790.61    4960.00     750.00   33765.58
     0     50   41370.16   25856.35    1960.00    2450.00   71636.51
     1     50   13790.05    8618.78   11760.00    2450.00   36618.84
     2     50   13790.05    8618.78    6520.00    1140.00   30068.84
     0     50   36050.46   22531.54    1960.00    2450.00   62991.99
     1     50   12016.82    7510.51   11760.00    2450.00   33737.33
     2     50   12016.82    7510.51    5920.00     990.00   26437.33
     0     50   32226.45   20141.53    1960.00    2450.00   56777.98
     1     50   10742.15    6713.84   11760.00    2450.00   31665.99
     2     50   10742.15    6713.84    5640.00     920.00   24015.99
     0     55   63847.37   39904.61    2160.00    2700.00   108611.97
     1     55   21282.46   13301.54   12960.00    2700.00   50243.99
     2     55   21282.46   13301.54    5280.00     780.00   40643.99
     0     55   46792.47   29245.30    2160.00    2700.00   80897.77
     1     55   15597.49    9748.43   12960.00    2700.00   41005.92
     2     55   15597.49    9748.43    3680.00     380.00   29405.92
     0     55   45641.37   28525.86    2160.00    2700.00   79027.23
     1     55   15213.79    9508.62   12960.00    2700.00   40382.41
     2     55   15213.79    9508.62    4200.00     510.00   29432.41
     0     55   42696.67   26685.42    2160.00    2700.00   74242.09
     1     55   14232.22    8895.14   12960.00    2700.00   38787.36
     2     55   14232.22    8895.14    6480.00    1080.00   30687.36
     0     55   47742.91   29839.32    2160.00    2700.00   82442.23
     1     55   15914.30    9946.44   12960.00    2700.00   41520.74
     2     55   15914.30    9946.44    7000.00    1210.00   34070.74
     0     55   62903.57   39314.73    2160.00    2700.00   107078.31
     1     55   20967.86   13104.91   12960.00    2700.00   49732.77
     2     55   20967.86   13104.91    5200.00     760.00   40032.77
     0     55   65424.37   40890.23    2160.00    2700.00   111174.60
     1     55   21808.12   13630.08   12960.00    2700.00   51098.20
     2     55   21808.12   13630.08    7840.00    1420.00   44698.20
     0     55   35657.56   22285.97    2160.00    2700.00   62803.53
     1     55   11885.85    7428.66   12960.00    2700.00   34974.51
     2     55   11885.85    7428.66    7480.00    1330.00   28124.51
     0     55   72639.12   45399.45    2160.00    2700.00   122898.58
     1     55   24213.04   15133.15   12960.00    2700.00   55006.19
     2     55   24213.04   15133.15    4840.00     670.00   44856.19
     0     55   61964.52   38727.82    2160.00    2700.00   105552.34
     1     55   20654.84   12909.27   12960.00    2700.00   49224.11
     2     55   20654.84   12909.27    7640.00    1370.00   42574.11
     0     60   39833.51   24895.94    2360.00    2950.00   70039.45
     1     60   13277.84    8298.65   14160.00    2950.00   38686.48
     2     60   13277.84    8298.65    6760.00    1100.00   29436.48
     0     60   41638.09   26023.81    2360.00    2950.00   72971.90
     1     60   13879.36    8674.60   14160.00    2950.00   39663.97
     2     60   13879.36    8674.60    8040.00    1420.00   32013.97
     0     60   54848.44   34280.28    2360.00    2950.00   94438.72
     1     60   18282.81   11426.76   14160.00    2950.00   46819.57
     2     60   18282.81   11426.76    8600.00    1560.00   39869.57
     0     60   47999.70   29999.82    2360.00    2950.00   83309.52
     1     60   15999.90    9999.94   14160.00    2950.00   43109.84
     2     60   15999.90    9999.94    6320.00     990.00   33309.84
     0     60   65743.97   41089.98    2360.00    2950.00   112143.95
     1     60   21914.66   13696.66   14160.00    2950.00   52721.32
     2     60   21914.66   13696.66    7000.00    1160.00   43771.32
     0     60   49949.43   31218.40    2360.00    2950.00   86477.83
     1     60   16649.81   10406.13   14160.00    2950.00   44165.94
     2     60   16649.81   10406.13    6760.00    1100.00   34915.94
     0     60   61937.21   38710.76    2360.00    2950.00   105957.97
     1     60   20645.74   12903.59   14160.00    2950.00   50659.32
     2     60   20645.74   12903.59    6560.00    1050.00   41159.32
     0     60   47273.43   29545.89    2360.00    2950.00   82129.32
     1     60   15757.81    9848.63   14160.00    2950.00   42716.44
     2     60   15757.81    9848.63    8360.00    1500.00   35466.44
     0     60   58383.05   36489.40    2360.00    2950.00   100182.45
     1     60   19461.02   12163.13   14160.00    2950.00   48734.15
     2     60   19461.02   12163.13    7440.00    1270.00   40334.15
     0     60   54824.22   34265.13    2360.00    2950.00   94399.35
     1     60   18274.74   11421.71   14160.00    2950.00   46806.45
     2     60   18274.74   11421.71    6760.00    1100.00   37556.45
