Scheme#:0   60   16093.84   10058.65    2360.00    2950.00   31462.50
Scheme#:1   60    5364.61    3352.88   14160.00    2950.00   25827.50
Scheme#:2   60    5364.61    3352.88    4160.00     450.00   13327.50
Scheme#:0   60   11454.44    7159.03    2360.00    2950.00   23923.47
Scheme#:1   60    3818.15    2386.34   14160.00    2950.00   23314.49
Scheme#:2   60    3818.15    2386.34    8880.00    1630.00   16714.49
Scheme#:0   60   10887.90    6804.94    2360.00    2950.00   23002.84
Scheme#:1   60    3629.30    2268.31   14160.00    2950.00   23007.61
Scheme#:2   60    3629.30    2268.31    8160.00    1450.00   15507.61
Scheme#:0   65   12473.54    7795.96    2560.00    3200.00   26029.50
Scheme#:1   65    4157.85    2598.65   15360.00    3200.00   25316.50
Scheme#:2   65    4157.85    2598.65    8840.00    1570.00   17166.50
Scheme#:0   65   19481.74   12176.09    2560.00    3200.00   37417.83
Scheme#:1   65    6493.91    4058.70   15360.00    3200.00   29112.61
Scheme#:2   65    6493.91    4058.70    7600.00    1260.00   19412.61
Scheme#:0   65   13382.21    8363.88    2560.00    3200.00   27506.09
Scheme#:1   65    4460.74    2787.96   15360.00    3200.00   25808.70
Scheme#:2   65    4460.74    2787.96    7760.00    1300.00   16308.70
Scheme#:0   70   22158.70   13849.19    2760.00    3450.00   42217.89
Scheme#:1   70    7386.23    4616.40   16560.00    3450.00   32012.63
Scheme#:2   70    7386.23    4616.40    9840.00    1770.00   23612.63
Scheme#:0   70   11650.08    7281.30    2760.00    3450.00   25141.38
Scheme#:1   70    3883.36    2427.10   16560.00    3450.00   26320.46
Scheme#:2   70    3883.36    2427.10    9320.00    1640.00   17270.46
Scheme#:0   70   17082.15   10676.35    2760.00    3450.00   33968.50
Scheme#:1   70    5694.05    3558.78   16560.00    3450.00   29262.83
Scheme#:2   70    5694.05    3558.78    5720.00     740.00   15712.83
Scheme#:0   75   19165.94   11978.72    2960.00    3700.00   37804.66
Scheme#:1   75    6388.65    3992.91   17760.00    3700.00   31841.55
Scheme#:2   75    6388.65    3992.91   10000.00    1760.00   22141.55
Scheme#:0   75   19043.48   11902.17    2960.00    3700.00   37605.65
Scheme#:1   75    6347.83    3967.39   17760.00    3700.00   31775.22
Scheme#:2   75    6347.83    3967.39   10920.00    1990.00   23225.22
Scheme#:0   75   20527.09   12829.43    2960.00    3700.00   40016.52
Scheme#:1   75    6842.36    4276.48   17760.00    3700.00   32578.84
Scheme#:2   75    6842.36    4276.48    6240.00     820.00   18178.84
Scheme#:0   80   14427.78    9017.36    3160.00    3950.00   30555.14
Scheme#:1   80    4809.26    3005.79   18960.00    3950.00   30725.05
Scheme#:2   80    4809.26    3005.79    8640.00    1370.00   17825.05
Scheme#:0   80   18116.59   11322.87    3160.00    3950.00   36549.46
Scheme#:1   80    6038.86    3774.29   18960.00    3950.00   32723.15
Scheme#:2   80    6038.86    3774.29   11760.00    2150.00   23723.15
Scheme#:0   80   17028.53   10642.83    3160.00    3950.00   34781.36
Scheme#:1   80    5676.18    3547.61   18960.00    3950.00   32133.79
Scheme#:2   80    5676.18    3547.61   10640.00    1870.00   21733.79
Scheme#:0   85   18660.08   11662.55    3360.00    4200.00   37882.63
Scheme#:1   85    6220.03    3887.52   20160.00    4200.00   34467.54
Scheme#:2   85    6220.03    3887.52   10560.00    1800.00   22467.54
Scheme#:0   85   19705.52   12315.95    3360.00    4200.00   39581.47
Scheme#:1   85    6568.51    4105.32   20160.00    4200.00   35033.82
Scheme#:2   85    6568.51    4105.32    6200.00     710.00   17583.82
Scheme#:0   85   20768.65   12980.40    3360.00    4200.00   41309.05
Scheme#:1   85    6922.88    4326.80   20160.00    4200.00   35609.68
Scheme#:2   85    6922.88    4326.80    8200.00    1210.00   20659.68
Scheme#:0   90   26964.14   16852.59    3560.00    4450.00   51826.73
Scheme#:1   90    8988.05    5617.53   21360.00    4450.00   40415.58
Scheme#:2   90    8988.05    5617.53   12320.00    2190.00   29115.58
Scheme#:0   90   21836.89   13648.05    3560.00    4450.00   43494.94
Scheme#:1   90    7278.96    4549.35   21360.00    4450.00   37638.31
Scheme#:2   90    7278.96    4549.35   12360.00    2200.00   26388.31
Scheme#:0   90   22893.15   14308.22    3560.00    4450.00   45211.37
Scheme#:1   90    7631.05    4769.41   21360.00    4450.00   38210.46
Scheme#:2   90    7631.05    4769.41   11920.00    2090.00   26410.46
