Scheme#:0   10    3383.86    2114.91     360.00    1800.00    7658.77
Scheme#:1   10     676.77     422.98    7560.00    1800.00   10459.75
Scheme#:2   10     851.55     532.22    3840.00     870.00    6093.76
Scheme#:0   10    1349.33     843.33     360.00    1800.00    4352.66
Scheme#:1   10     269.87     168.67    7560.00    1800.00    9798.53
Scheme#:2   10     388.70     242.94    3640.00     820.00    5091.63
Scheme#:0   10    2821.89    1763.68     360.00    1800.00    6745.58
Scheme#:1   10     564.38     352.74    7560.00    1800.00   10277.12
Scheme#:2   10     938.88     586.80    3720.00     840.00    6085.69
Scheme#:0   10    3465.41    2165.88     360.00    1800.00    7791.29
Scheme#:1   10     693.08     433.18    7560.00    1800.00   10486.26
Scheme#:2   10    1094.79     684.25    3600.00     810.00    6189.04
Scheme#:0   10    1858.57    1161.61     360.00    1800.00    5180.18
Scheme#:1   10     371.71     232.32    7560.00    1800.00    9964.04
Scheme#:2   10     585.43     365.89    3800.00     860.00    5611.32
Scheme#:0   10    3317.01    2073.13     360.00    1800.00    7550.14
Scheme#:1   10     663.40     414.63    7560.00    1800.00   10438.03
Scheme#:2   10    1128.32     705.20    4000.00     910.00    6743.52
Scheme#:0   10    1804.72    1127.95     360.00    1800.00    5092.67
Scheme#:1   10     360.94     225.59    7560.00    1800.00    9946.53
Scheme#:2   10     626.74     391.72    3520.00     790.00    5328.46
Scheme#:0   10    2391.95    1494.97     360.00    1800.00    6046.92
Scheme#:1   10     478.39     298.99    7560.00    1800.00   10137.38
Scheme#:2   10     680.62     425.39    3800.00     860.00    5766.00
Scheme#:0   10    5478.66    3424.16     360.00    1800.00   11062.81
Scheme#:1   10    1095.73     684.83    7560.00    1800.00   11140.56
Scheme#:2   10    2047.28    1279.55    3640.00     820.00    7786.83
Scheme#:0   10    3298.95    2061.85     360.00    1800.00    7520.80
Scheme#:1   10     659.79     412.37    7560.00    1800.00   10432.16
Scheme#:2   10    1174.90     734.31    2960.00     650.00    5519.21
