     0      5    2815.23    1759.52     160.00     200.00    4934.75
     1      5     938.41     586.51     960.00     200.00    2684.92
     2      5     938.41     586.51     440.00      70.00    2034.92
     0      5    1480.92     925.58     160.00     200.00    2766.50
     1      5     493.64     308.53     960.00     200.00    1962.17
     2      5     493.64     308.53     360.00      50.00    1212.17
     0      5    1918.54    1199.09     160.00     200.00    3477.62
     1      5     639.51     399.70     960.00     200.00    2199.21
     2      5     639.51     399.70     400.00      60.00    1499.21
     0      5    2103.49    1314.68     160.00     200.00    3778.18
     1      5     701.16     438.23     960.00     200.00    2299.39
     2      5     701.16     438.23     480.00      80.00    1699.39
     0      5    1173.87     733.67     160.00     200.00    2267.54
     1      5     391.29     244.56     960.00     200.00    1795.85
     2      5     391.29     244.56     480.00      80.00    1195.85
     0      5    2057.73    1286.08     160.00     200.00    3703.82
     1      5     685.91     428.69     960.00     200.00    2274.61
     2      5     685.91     428.69     280.00      30.00    1424.61
     0      5     937.07     585.67     160.00     200.00    1882.74
     1      5     312.36     195.22     960.00     200.00    1667.58
     2      5     312.36     195.22     520.00      90.00    1117.58
     0      5    1424.71     890.45     160.00     200.00    2675.16
     1      5     474.90     296.82     960.00     200.00    1931.72
     2      5     474.90     296.82     440.00      70.00    1281.72
     0      5    2699.95    1687.47     160.00     200.00    4747.42
     1      5     899.98     562.49     960.00     200.00    2622.47
     2      5     899.98     562.49     280.00      30.00    1772.47
     0      5    2009.93    1256.20     160.00     200.00    3626.13
     1      5     669.98     418.73     960.00     200.00    2248.71
     2      5     669.98     418.73     240.00      20.00    1348.71
     0     10    3465.15    2165.72     360.00     450.00    6440.86
     1     10    1155.05     721.91    2160.00     450.00    4486.95
     2     10    1155.05     721.91     920.00     140.00    2936.95
     0     10    4287.12    2679.45     360.00     450.00    7776.57
     1     10    1429.04     893.15    2160.00     450.00    4932.19
     2     10    1429.04     893.15     920.00     140.00    3382.19
     0     10    2085.20    1303.25     360.00     450.00    4198.45
     1     10     695.07     434.42    2160.00     450.00    3739.48
     2     10     695.07     434.42     640.00      70.00    1839.48
     0     10    3880.66    2425.41     360.00     450.00    7116.07
     1     10    1293.55     808.47    2160.00     450.00    4712.02
     2     10    1293.55     808.47     920.00     140.00    3162.02
     0     10    3415.95    2134.97     360.00     450.00    6360.92
     1     10    1138.65     711.66    2160.00     450.00    4460.31
     2     10    1138.65     711.66     600.00      60.00    2510.31
     0     10    3326.75    2079.22     360.00     450.00    6215.96
     1     10    1108.92     693.07    2160.00     450.00    4411.99
     2     10    1108.92     693.07     720.00      90.00    2611.99
     0     10    4092.54    2557.83     360.00     450.00    7460.37
     1     10    1364.18     852.61    2160.00     450.00    4826.79
     2     10    1364.18     852.61     760.00     100.00    3076.79
     0     10    3179.84    1987.40     360.00     450.00    5977.24
     1     10    1059.95     662.47    2160.00     450.00    4332.41
     2     10    1059.95     662.47     560.00      50.00    2332.41
     0     10    6034.05    3771.28     360.00     450.00   10615.33
     1     10    2011.35    1257.09    2160.00     450.00    5878.44
     2     10    2011.35    1257.09     960.00     150.00    4378.44
     0     10    2905.14    1815.71     360.00     450.00    5530.85
     1     10     968.38     605.24    2160.00     450.00    4183.62
     2     10     968.38     605.24     720.00      90.00    2383.62
     0     15    5977.05    3735.66     560.00     700.00   10972.70
     1     15    1992.35    1245.22    3360.00     700.00    7297.57
     2     15    1992.35    1245.22    1200.00     160.00    4597.57
     0     15    5831.48    3644.68     560.00     700.00   10736.16
     1     15    1943.83    1214.89    3360.00     700.00    7218.72
     2     15    1943.83    1214.89    1320.00     190.00    4668.72
     0     15    5346.26    3341.41     560.00     700.00    9947.68
     1     15    1782.09    1113.80    3360.00     700.00    6955.89
     2     15    1782.09    1113.80    1680.00     280.00    4855.89
     0     15    4628.76    2892.98     560.00     700.00    8781.74
     1     15    1542.92     964.33    3360.00     700.00    6567.25
     2     15    1542.92     964.33     880.00      80.00    3467.25
     0     15    9216.77    5760.48     560.00     700.00   16237.25
     1     15    3072.26    1920.16    3360.00     700.00    9052.42
     2     15    3072.26    1920.16    1400.00     210.00    6602.42
     0     15   10876.09    6797.55     560.00     700.00   18933.64
     1     15    3625.36    2265.85    3360.00     700.00    9951.21
     2     15    3625.36    2265.85    1040.00     120.00    7051.21
     0     15    4440.63    2775.40     560.00     700.00    8476.03
     1     15    1480.21     925.13    3360.00     700.00    6465.34
     2     15    1480.21     925.13    1040.00     120.00    3565.34
     0     15    5152.68    3220.43     560.00     700.00    9633.11
     1     15    1717.56    1073.48    3360.00     700.00    6851.04
     2     15    1717.56    1073.48    1080.00     130.00    4001.04
     0     15    6466.13    4041.33     560.00     700.00   11767.46
     1     15    2155.38    1347.11    3360.00     700.00    7562.49
     2     15    2155.38    1347.11    1080.00     130.00    4712.49
     0     15    4672.98    2920.61     560.00     700.00    8853.59
     1     15    1557.66     973.54    3360.00     700.00    6591.20
     2     15    1557.66     973.54    1040.00     120.00    3691.20
     0     20    9289.96    5806.23     760.00     950.00   16806.19
     1     20    3096.65    1935.41    4560.00     950.00   10542.06
     2     20    3096.65    1935.41    1360.00     150.00    6542.06
     0     20    7792.28    4870.18     760.00     950.00   14372.46
     1     20    2597.43    1623.39    4560.00     950.00    9730.82
     2     20    2597.43    1623.39    1280.00     130.00    5630.82
     0     20   11520.92    7200.57     760.00     950.00   20431.49
     1     20    3840.31    2400.19    4560.00     950.00   11750.50
     2     20    3840.31    2400.19    1920.00     290.00    8450.50
     0     20   10863.99    6789.99     760.00     950.00   19363.98
     1     20    3621.33    2263.33    4560.00     950.00   11394.66
     2     20    3621.33    2263.33    1560.00     200.00    7644.66
     0     20   13752.11    8595.07     760.00     950.00   24057.18
     1     20    4584.04    2865.02    4560.00     950.00   12959.06
     2     20    4584.04    2865.02    2440.00     420.00   10309.06
     0     20   10223.31    6389.57     760.00     950.00   18322.88
     1     20    3407.77    2129.86    4560.00     950.00   11047.63
     2     20    3407.77    2129.86    1200.00     110.00    6847.63
     0     20    7228.51    4517.82     760.00     950.00   13456.32
     1     20    2409.50    1505.94    4560.00     950.00    9425.44
     2     20    2409.50    1505.94    1400.00     160.00    5475.44
     0     20   17176.46   10735.29     760.00     950.00   29621.74
     1     20    5725.49    3578.43    4560.00     950.00   14813.91
     2     20    5725.49    3578.43    1880.00     280.00   11463.91
     0     20    6335.08    3959.42     760.00     950.00   12004.50
     1     20    2111.69    1319.81    4560.00     950.00    8941.50
     2     20    2111.69    1319.81    1400.00     160.00    4991.50
     0     20    8481.42    5300.89     760.00     950.00   15492.31
     1     20    2827.14    1766.96    4560.00     950.00   10104.10
     2     20    2827.14    1766.96    2080.00     330.00    7004.10
     0     25    8456.79    5285.49     960.00    1200.00   15902.28
     1     25    2818.93    1761.83    5760.00    1200.00   11540.76
     2     25    2818.93    1761.83    2880.00     480.00    7940.76
     0     25   15486.91    9679.32     960.00    1200.00   27326.24
     1     25    5162.30    3226.44    5760.00    1200.00   15348.75
     2     25    5162.30    3226.44    1880.00     230.00   10498.75
     0     25   10715.67    6697.30     960.00    1200.00   19572.97
     1     25    3571.89    2232.43    5760.00    1200.00   12764.32
     2     25    3571.89    2232.43    1720.00     190.00    7714.32
     0     25   11517.84    7198.65     960.00    1200.00   20876.49
     1     25    3839.28    2399.55    5760.00    1200.00   13198.83
     2     25    3839.28    2399.55    1520.00     140.00    7898.83
     0     25   11347.98    7092.49     960.00    1200.00   20600.46
     1     25    3782.66    2364.16    5760.00    1200.00   13106.82
     2     25    3782.66    2364.16    2240.00     320.00    8706.82
     0     25   13717.45    8573.40     960.00    1200.00   24450.85
     1     25    4572.48    2857.80    5760.00    1200.00   14390.28
     2     25    4572.48    2857.80    1680.00     180.00    9290.28
     0     25   15985.00    9990.62     960.00    1200.00   28135.62
     1     25    5328.33    3330.21    5760.00    1200.00   15618.54
     2     25    5328.33    3330.21    1880.00     230.00   10768.54
     0     25   10266.38    6416.49     960.00    1200.00   18842.88
     1     25    3422.13    2138.83    5760.00    1200.00   12520.96
     2     25    3422.13    2138.83    1880.00     230.00    7670.96
     0     25   11751.30    7344.57     960.00    1200.00   21255.87
     1     25    3917.10    2448.19    5760.00    1200.00   13325.29
     2     25    3917.10    2448.19    1960.00     250.00    8575.29
     0     25   10981.80    6863.63     960.00    1200.00   20005.43
     1     25    3660.60    2287.88    5760.00    1200.00   12908.48
     2     25    3660.60    2287.88    2600.00     410.00    8958.48
     0     30   11556.17    7222.60    1160.00    1450.00   21388.77
     1     30    3852.06    2407.53    6960.00    1450.00   14669.59
     2     30    3852.06    2407.53    2000.00     210.00    8469.59
     0     30   13960.24    8725.15    1160.00    1450.00   25295.39
     1     30    4653.41    2908.38    6960.00    1450.00   15971.80
     2     30    4653.41    2908.38    2880.00     430.00   10871.80
     0     30   12466.84    7791.77    1160.00    1450.00   22868.61
     1     30    4155.61    2597.26    6960.00    1450.00   15162.87
     2     30    4155.61    2597.26    2080.00     230.00    9062.87
     0     30   16583.71   10364.82    1160.00    1450.00   29558.54
     1     30    5527.90    3454.94    6960.00    1450.00   17392.85
     2     30    5527.90    3454.94    2120.00     240.00   11342.85
     0     30   16806.42   10504.02    1160.00    1450.00   29920.44
     1     30    5602.14    3501.34    6960.00    1450.00   17513.48
     2     30    5602.14    3501.34    3320.00     540.00   12963.48
     0     30   11310.62    7069.14    1160.00    1450.00   20989.76
     1     30    3770.21    2356.38    6960.00    1450.00   14536.59
     2     30    3770.21    2356.38    2280.00     280.00    8686.59
     0     30   19917.08   12448.18    1160.00    1450.00   34975.26
     1     30    6639.03    4149.39    6960.00    1450.00   19198.42
     2     30    6639.03    4149.39    2080.00     230.00   13098.42
     0     30   12590.22    7868.89    1160.00    1450.00   23069.11
     1     30    4196.74    2622.96    6960.00    1450.00   15229.70
     2     30    4196.74    2622.96    1800.00     160.00    8779.70
     0     30   11605.57    7253.48    1160.00    1450.00   21469.05
     1     30    3868.52    2417.83    6960.00    1450.00   14696.35
     2     30    3868.52    2417.83    2600.00     360.00    9246.35
     0     30   18216.13   11385.08    1160.00    1450.00   32211.21
     1     30    6072.04    3795.03    6960.00    1450.00   18277.07
     2     30    6072.04    3795.03    2600.00     360.00   12827.07
     0     35   19343.46   12089.66    1360.00    1700.00   34493.12
     1     35    6447.82    4029.89    8160.00    1700.00   20337.71
     2     35    6447.82    4029.89    3880.00     630.00   14987.71
     0     35   19961.14   12475.71    1360.00    1700.00   35496.86
     1     35    6653.71    4158.57    8160.00    1700.00   20672.29
     2     35    6653.71    4158.57    3360.00     500.00   14672.29
     0     35   17560.01   10975.01    1360.00    1700.00   31595.02
     1     35    5853.34    3658.34    8160.00    1700.00   19371.67
     2     35    5853.34    3658.34    3320.00     490.00   13321.67
     0     35   16472.77   10295.48    1360.00    1700.00   29828.25
     1     35    5490.92    3431.83    8160.00    1700.00   18782.75
     2     35    5490.92    3431.83    3000.00     410.00   12332.75
     0     35   19973.71   12483.57    1360.00    1700.00   35517.28
     1     35    6657.90    4161.19    8160.00    1700.00   20679.09
     2     35    6657.90    4161.19    4600.00     810.00   16229.09
     0     35   16145.76   10091.10    1360.00    1700.00   29296.86
     1     35    5381.92    3363.70    8160.00    1700.00   18605.62
     2     35    5381.92    3363.70    3120.00     440.00   12305.62
     0     35   12385.35    7740.84    1360.00    1700.00   23186.19
     1     35    4128.45    2580.28    8160.00    1700.00   16568.73
     2     35    4128.45    2580.28    2800.00     360.00    9868.73
     0     35   17685.83   11053.65    1360.00    1700.00   31799.48
     1     35    5895.28    3684.55    8160.00    1700.00   19439.83
     2     35    5895.28    3684.55    3480.00     530.00   13589.83
     0     35   12729.63    7956.02    1360.00    1700.00   23745.65
     1     35    4243.21    2652.01    8160.00    1700.00   16755.22
     2     35    4243.21    2652.01    3240.00     470.00   10605.22
     0     35   11544.99    7215.62    1360.00    1700.00   21820.61
     1     35    3848.33    2405.21    8160.00    1700.00   16113.54
     2     35    3848.33    2405.21    2040.00     170.00    8463.54
     0     40   17593.14   10995.71    1560.00    1950.00   32098.86
     1     40    5864.38    3665.24    9360.00    1950.00   20839.62
     2     40    5864.38    3665.24    3720.00     540.00   13789.62
     0     40   20628.52   12892.82    1560.00    1950.00   37031.34
     1     40    6876.17    4297.61    9360.00    1950.00   22483.78
     2     40    6876.17    4297.61    4120.00     640.00   15933.78
     0     40   16299.53   10187.21    1560.00    1950.00   29996.74
     1     40    5433.18    3395.74    9360.00    1950.00   20138.91
     2     40    5433.18    3395.74    3000.00     360.00   12188.91
     0     40   16923.58   10577.24    1560.00    1950.00   31010.81
     1     40    5641.19    3525.75    9360.00    1950.00   20476.94
     2     40    5641.19    3525.75    4160.00     650.00   13976.94
     0     40   18071.82   11294.89    1560.00    1950.00   32876.71
     1     40    6023.94    3764.96    9360.00    1950.00   21098.90
     2     40    6023.94    3764.96    2760.00     300.00   12848.90
     0     40   17973.39   11233.37    1560.00    1950.00   32716.76
     1     40    5991.13    3744.46    9360.00    1950.00   21045.59
     2     40    5991.13    3744.46    3640.00     520.00   13895.59
     0     40   13893.71    8683.57    1560.00    1950.00   26087.27
     1     40    4631.24    2894.52    9360.00    1950.00   18835.76
     2     40    4631.24    2894.52    3160.00     400.00   11085.76
     0     40   26633.75   16646.10    1560.00    1950.00   46789.85
     1     40    8877.92    5548.70    9360.00    1950.00   25736.62
     2     40    8877.92    5548.70    4040.00     620.00   19086.62
     0     40   20500.14   12812.58    1560.00    1950.00   36822.72
     1     40    6833.38    4270.86    9360.00    1950.00   22414.24
     2     40    6833.38    4270.86    2600.00     260.00   13964.24
     0     40   14512.63    9070.40    1560.00    1950.00   27093.03
     1     40    4837.54    3023.47    9360.00    1950.00   19171.01
     2     40    4837.54    3023.47    4400.00     710.00   12971.01
     0     45   24283.23   15177.02    1760.00    2200.00   43420.25
     1     45    8094.41    5059.01   10560.00    2200.00   25913.42
     2     45    8094.41    5059.01    4160.00     600.00   17913.42
     0     45   13602.59    8501.62    1760.00    2200.00   26064.21
     1     45    4534.20    2833.87   10560.00    2200.00   20128.07
     2     45    4534.20    2833.87    4120.00     590.00   12078.07
     0     45   22496.65   14060.40    1760.00    2200.00   40517.05
     1     45    7498.88    4686.80   10560.00    2200.00   24945.68
     2     45    7498.88    4686.80    4120.00     590.00   16895.68
     0     45   17457.02   10910.64    1760.00    2200.00   32327.66
     1     45    5819.01    3636.88   10560.00    2200.00   22215.89
     2     45    5819.01    3636.88    3800.00     510.00   13765.89
     0     45   31390.29   19618.93    1760.00    2200.00   54969.23
     1     45   10463.43    6539.64   10560.00    2200.00   29763.08
     2     45   10463.43    6539.64    3240.00     370.00   20613.08
     0     45   27950.61   17469.13    1760.00    2200.00   49379.74
     1     45    9316.87    5823.04   10560.00    2200.00   27899.91
     2     45    9316.87    5823.04    3560.00     450.00   19149.91
     0     45   23944.40   14965.25    1760.00    2200.00   42869.66
     1     45    7981.47    4988.42   10560.00    2200.00   25729.89
     2     45    7981.47    4988.42    4280.00     630.00   17879.89
     0     45   16192.58   10120.36    1760.00    2200.00   30272.94
     1     45    5397.53    3373.45   10560.00    2200.00   21530.98
     2     45    5397.53    3373.45    5360.00     900.00   15030.98
     0     45   19087.71   11929.82    1760.00    2200.00   34977.53
     1     45    6362.57    3976.61   10560.00    2200.00   23099.18
     2     45    6362.57    3976.61    3520.00     440.00   14299.18
     0     45   26107.76   16317.35    1760.00    2200.00   46385.11
     1     45    8702.59    5439.12   10560.00    2200.00   26901.70
     2     45    8702.59    5439.12    4040.00     570.00   18751.70
     0     50   32284.20   20177.63    1960.00    2450.00   56871.83
     1     50   10761.40    6725.88   11760.00    2450.00   31697.28
     2     50   10761.40    6725.88    4520.00     640.00   22647.28
     0     50   24721.58   15450.99    1960.00    2450.00   44582.57
     1     50    8240.53    5150.33   11760.00    2450.00   27600.86
     2     50    8240.53    5150.33    4120.00     540.00   18050.86
     0     50   24502.69   15314.18    1960.00    2450.00   44226.87
     1     50    8167.56    5104.73   11760.00    2450.00   27482.29
     2     50    8167.56    5104.73    6480.00    1130.00   20882.29
     0     50   23457.70   14661.06    1960.00    2450.00   42528.76
     1     50    7819.23    4887.02   11760.00    2450.00   26916.25
     2     50    7819.23    4887.02    3960.00     500.00   17166.25
     0     50   20051.60   12532.25    1960.00    2450.00   36993.85
     1     50    6683.87    4177.42   11760.00    2450.00   25071.28
     2     50    6683.87    4177.42    3600.00     410.00   14871.28
     0     50   17361.30   10850.81    1960.00    2450.00   32622.11
     1     50    5787.10    3616.94   11760.00    2450.00   23614.04
     2     50    5787.10    3616.94    3840.00     470.00   13714.04
     0     50   26984.10   16865.06    1960.00    2450.00   48259.16
     1     50    8994.70    5621.69   11760.00    2450.00   28826.39
     2     50    8994.70    5621.69    5160.00     800.00   20576.39
     0     50   16871.96   10544.98    1960.00    2450.00   31826.94
     1     50    5623.99    3514.99   11760.00    2450.00   23348.98
     2     50    5623.99    3514.99    4400.00     610.00   14148.98
     0     50   22536.32   14085.20    1960.00    2450.00   41031.52
     1     50    7512.11    4695.07   11760.00    2450.00   26417.17
     2     50    7512.11    4695.07    3800.00     460.00   16467.17
     0     50   16708.54   10442.83    1960.00    2450.00   31561.37
     1     50    5569.51    3480.94   11760.00    2450.00   23260.46
     2     50    5569.51    3480.94    3720.00     440.00   13210.46
     0     55   20505.53   12815.95    2160.00    2700.00   38181.48
     1     55    6835.18    4271.98   12960.00    2700.00   26767.16
     2     55    6835.18    4271.98    4320.00     540.00   15967.16
     0     55   19102.78   11939.24    2160.00    2700.00   35902.02
     1     55    6367.59    3979.75   12960.00    2700.00   26007.34
     2     55    6367.59    3979.75    4080.00     480.00   14907.34
     0     55   26659.03   16661.89    2160.00    2700.00   48180.92
     1     55    8886.34    5553.96   12960.00    2700.00   30100.31
     2     55    8886.34    5553.96    4960.00     700.00   20100.31
     0     55   26351.16   16469.47    2160.00    2700.00   47680.63
     1     55    8783.72    5489.82   12960.00    2700.00   29933.54
     2     55    8783.72    5489.82    3960.00     450.00   18683.54
     0     55   19958.72   12474.20    2160.00    2700.00   37292.91
     1     55    6652.91    4158.07   12960.00    2700.00   26470.97
     2     55    6652.91    4158.07    4000.00     460.00   15270.97
     0     55   24978.35   15611.47    2160.00    2700.00   45449.82
     1     55    8326.12    5203.82   12960.00    2700.00   29189.94
     2     55    8326.12    5203.82    4320.00     540.00   18389.94
     0     55   27612.33   17257.71    2160.00    2700.00   49730.04
     1     55    9204.11    5752.57   12960.00    2700.00   30616.68
     2     55    9204.11    5752.57    4040.00     470.00   19466.68
     0     55   27786.38   17366.49    2160.00    2700.00   50012.87
     1     55    9262.13    5788.83   12960.00    2700.00   30710.96
     2     55    9262.13    5788.83    3880.00     430.00   19360.96
     0     55   29033.60   18146.00    2160.00    2700.00   52039.60
     1     55    9677.87    6048.67   12960.00    2700.00   31386.53
     2     55    9677.87    6048.67    4360.00     550.00   20636.53
     0     55   28129.08   17580.68    2160.00    2700.00   50569.76
     1     55    9376.36    5860.23   12960.00    2700.00   30896.59
     2     55    9376.36    5860.23    3920.00     440.00   19596.59
     0     60   26435.03   16521.90    2360.00    2950.00   48266.93
     1     60    8811.68    5507.30   14160.00    2950.00   31428.98
     2     60    8811.68    5507.30    4160.00     450.00   18928.98
     0     60   27586.07   17241.29    2360.00    2950.00   50137.36
     1     60    9195.36    5747.10   14160.00    2950.00   32052.45
     2     60    9195.36    5747.10    5080.00     680.00   20702.45
     0     60   32041.85   20026.15    2360.00    2950.00   57378.00
     1     60   10680.62    6675.38   14160.00    2950.00   34466.00
     2     60   10680.62    6675.38    5920.00     890.00   24166.00
     0     60   29668.07   18542.54    2360.00    2950.00   53520.61
     1     60    9889.36    6180.85   14160.00    2950.00   33180.20
     2     60    9889.36    6180.85    4680.00     580.00   21330.20
     0     60   26806.80   16754.25    2360.00    2950.00   48871.05
     1     60    8935.60    5584.75   14160.00    2950.00   31630.35
     2     60    8935.60    5584.75    5120.00     690.00   20330.35
     0     60   33159.56   20724.73    2360.00    2950.00   59194.29
     1     60   11053.19    6908.24   14160.00    2950.00   35071.43
     2     60   11053.19    6908.24    4240.00     470.00   22671.43
     0     60   27079.89   16924.93    2360.00    2950.00   49314.83
     1     60    9026.63    5641.64   14160.00    2950.00   31778.28
     2     60    9026.63    5641.64    4400.00     510.00   19578.28
     0     60   23784.61   14865.38    2360.00    2950.00   43960.00
     1     60    7928.20    4955.13   14160.00    2950.00   29993.33
     2     60    7928.20    4955.13    4160.00     450.00   17493.33
     0     60   21412.34   13382.72    2360.00    2950.00   40105.06
     1     60    7137.45    4460.91   14160.00    2950.00   28708.35
     2     60    7137.45    4460.91    4320.00     490.00   16408.35
     0     60   27500.95   17188.09    2360.00    2950.00   49999.04
     1     60    9166.98    5729.36   14160.00    2950.00   32006.35
     2     60    9166.98    5729.36    5800.00     860.00   21556.35
