Scheme#:0   10    1915.89    1197.43     360.00    2250.00    5723.33
Scheme#:1   10     383.18     239.49    9360.00    2250.00   12232.67
Scheme#:2   10     569.96     356.23    3880.00     880.00    5686.19
Scheme#:0   10    2175.61    1359.76     360.00    2250.00    6145.37
Scheme#:1   10     435.12     271.95    9360.00    2250.00   12317.07
Scheme#:2   10     469.88     293.67    3000.00     660.00    4423.55
Scheme#:0   10    1589.85     993.66     360.00    2250.00    5193.51
Scheme#:1   10     317.97     198.73    9360.00    2250.00   12126.70
Scheme#:2   10     401.52     250.95    4920.00    1140.00    6712.46
Scheme#:0   10    1320.62     825.39     360.00    2250.00    4756.01
Scheme#:1   10     264.12     165.08    9360.00    2250.00   12039.20
Scheme#:2   10     475.73     297.33    4000.00     910.00    5683.06
Scheme#:0   10    1322.32     826.45     360.00    2250.00    4758.77
Scheme#:1   10     264.46     165.29    9360.00    2250.00   12039.75
Scheme#:2   10     345.99     216.24    5160.00    1200.00    6922.24
Scheme#:0   10    2195.72    1372.33     360.00    2250.00    6178.05
Scheme#:1   10     439.14     274.47    9360.00    2250.00   12323.61
Scheme#:2   10     736.89     460.56    4880.00    1130.00    7207.45
Scheme#:0   10    1526.29     953.93     360.00    2250.00    5090.21
Scheme#:1   10     305.26     190.79    9360.00    2250.00   12106.04
Scheme#:2   10     425.07     265.67    4680.00    1080.00    6450.74
Scheme#:0   10    1858.27    1161.42     360.00    2250.00    5629.68
Scheme#:1   10     371.65     232.28    9360.00    2250.00   12213.94
Scheme#:2   10     557.51     348.44    4120.00     940.00    5965.95
Scheme#:0   10    1225.27     765.79     360.00    2250.00    4601.06
Scheme#:1   10     245.05     153.16    9360.00    2250.00   12008.21
Scheme#:2   10     397.49     248.43    3520.00     790.00    4955.93
Scheme#:0   10    1546.00     966.25     360.00    2250.00    5122.25
Scheme#:1   10     309.20     193.25    9360.00    2250.00   12112.45
Scheme#:2   10     546.77     341.73    4800.00    1110.00    6798.50
