     0      5    6950.14    4343.84     160.00     200.00   11653.97
     1      5    2316.71    1447.95     960.00     200.00    4924.66
     2      5    2316.71    1447.95     560.00     100.00    4424.66
     0      5    5446.60    3404.12     160.00     200.00    9210.72
     1      5    1815.53    1134.71     960.00     200.00    4110.24
     2      5    1815.53    1134.71     520.00      90.00    3560.24
     0      5    1673.55    1045.97     160.00     200.00    3079.51
     1      5     557.85     348.66     960.00     200.00    2066.50
     2      5     557.85     348.66     640.00     120.00    1666.50
     0      5    2394.95    1496.85     160.00     200.00    4251.80
     1      5     798.32     498.95     960.00     200.00    2457.27
     2      5     798.32     498.95     560.00     100.00    1957.27
     0      5    3923.36    2452.10     160.00     200.00    6735.45
     1      5    1307.79     817.37     960.00     200.00    3285.15
     2      5    1307.79     817.37     640.00     120.00    2885.15
     0      5    2643.92    1652.45     160.00     200.00    4656.37
     1      5     881.31     550.82     960.00     200.00    2592.12
     2      5     881.31     550.82     600.00     110.00    2142.12
     0      5    1206.73     754.20     160.00     200.00    2320.93
     1      5     402.24     251.40     960.00     200.00    1813.64
     2      5     402.24     251.40     640.00     120.00    1413.64
     0      5    2943.61    1839.76     160.00     200.00    5143.36
     1      5     981.20     613.25     960.00     200.00    2754.45
     2      5     981.20     613.25     600.00     110.00    2304.45
     0      5    3105.83    1941.14     160.00     200.00    5406.97
     1      5    1035.28     647.05     960.00     200.00    2842.32
     2      5    1035.28     647.05     600.00     110.00    2392.32
     0      5    3162.18    1976.37     160.00     200.00    5498.55
     1      5    1054.06     658.79     960.00     200.00    2872.85
     2      5    1054.06     658.79     640.00     120.00    2472.85
     0     10   10089.82    6306.14     360.00     450.00   17205.96
     1     10    3363.27    2102.05    2160.00     450.00    8075.32
     2     10    3363.27    2102.05    1320.00     240.00    7025.32
     0     10   10459.17    6536.98     360.00     450.00   17806.15
     1     10    3486.39    2178.99    2160.00     450.00    8275.38
     2     10    3486.39    2178.99    1160.00     200.00    7025.38
     0     10    9434.77    5896.73     360.00     450.00   16141.50
     1     10    3144.92    1965.58    2160.00     450.00    7720.50
     2     10    3144.92    1965.58    1400.00     260.00    6770.50
     0     10   11091.66    6932.29     360.00     450.00   18833.95
     1     10    3697.22    2310.76    2160.00     450.00    8617.98
     2     10    3697.22    2310.76    1280.00     230.00    7517.98
     0     10    7154.04    4471.27     360.00     450.00   12435.31
     1     10    2384.68    1490.42    2160.00     450.00    6485.10
     2     10    2384.68    1490.42    1440.00     270.00    5585.10
     0     10    7898.07    4936.30     360.00     450.00   13644.37
     1     10    2632.69    1645.43    2160.00     450.00    6888.12
     2     10    2632.69    1645.43    1240.00     220.00    5738.12
     0     10   12576.82    7860.51     360.00     450.00   21247.33
     1     10    4192.27    2620.17    2160.00     450.00    9422.44
     2     10    4192.27    2620.17    1280.00     230.00    8322.44
     0     10    8257.48    5160.92     360.00     450.00   14228.40
     1     10    2752.49    1720.31    2160.00     450.00    7082.80
     2     10    2752.49    1720.31    1440.00     270.00    6182.80
     0     10    8525.66    5328.54     360.00     450.00   14664.21
     1     10    2841.89    1776.18    2160.00     450.00    7228.07
     2     10    2841.89    1776.18    1160.00     200.00    5978.07
     0     10    3947.49    2467.18     360.00     450.00    7224.66
     1     10    1315.83     822.39    2160.00     450.00    4748.22
     2     10    1315.83     822.39    1320.00     240.00    3698.22
     0     15   17472.05   10920.03     560.00     700.00   29652.09
     1     15    5824.02    3640.01    3360.00     700.00   13524.03
     2     15    5824.02    3640.01    1800.00     310.00   11574.03
     0     15   10186.11    6366.32     560.00     700.00   17812.42
     1     15    3395.37    2122.11    3360.00     700.00    9577.47
     2     15    3395.37    2122.11    1880.00     330.00    7727.47
     0     15   12804.76    8002.97     560.00     700.00   22067.73
     1     15    4268.25    2667.66    3360.00     700.00   10995.91
     2     15    4268.25    2667.66    2120.00     390.00    9445.91
     0     15   14556.11    9097.57     560.00     700.00   24913.67
     1     15    4852.04    3032.52    3360.00     700.00   11944.56
     2     15    4852.04    3032.52    1880.00     330.00   10094.56
     0     15   14871.18    9294.49     560.00     700.00   25425.67
     1     15    4957.06    3098.16    3360.00     700.00   12115.22
     2     15    4957.06    3098.16    2160.00     400.00   10615.22
     0     15   10183.25    6364.53     560.00     700.00   17807.78
     1     15    3394.42    2121.51    3360.00     700.00    9575.93
     2     15    3394.42    2121.51    2040.00     370.00    7925.93
     0     15   16077.70   10048.56     560.00     700.00   27386.27
     1     15    5359.23    3349.52    3360.00     700.00   12768.76
     2     15    5359.23    3349.52    2120.00     390.00   11218.76
     0     15   13209.98    8256.24     560.00     700.00   22726.22
     1     15    4403.33    2752.08    3360.00     700.00   11215.41
     2     15    4403.33    2752.08    2200.00     410.00    9765.41
     0     15   11464.07    7165.05     560.00     700.00   19889.12
     1     15    3821.36    2388.35    3360.00     700.00   10269.71
     2     15    3821.36    2388.35    2200.00     410.00    8819.71
     0     15   14176.56    8860.35     560.00     700.00   24296.92
     1     15    4725.52    2953.45    3360.00     700.00   11738.97
     2     15    4725.52    2953.45    2000.00     360.00   10038.97
     0     20   20564.19   12852.62     760.00     950.00   35126.80
     1     20    6854.73    4284.21    4560.00     950.00   16648.93
     2     20    6854.73    4284.21    2920.00     540.00   14598.93
     0     20   17389.82   10868.64     760.00     950.00   29968.46
     1     20    5796.61    3622.88    4560.00     950.00   14929.49
     2     20    5796.61    3622.88    2880.00     530.00   12829.49
     0     20   23268.94   14543.09     760.00     950.00   39522.03
     1     20    7756.31    4847.70    4560.00     950.00   18114.01
     2     20    7756.31    4847.70    2920.00     540.00   16064.01
     0     20   28669.61   17918.51     760.00     950.00   48298.12
     1     20    9556.54    5972.84    4560.00     950.00   21039.37
     2     20    9556.54    5972.84    2920.00     540.00   18989.37
     0     20   15566.88    9729.30     760.00     950.00   27006.18
     1     20    5188.96    3243.10    4560.00     950.00   13942.06
     2     20    5188.96    3243.10    2920.00     540.00   11892.06
     0     20   20385.20   12740.75     760.00     950.00   34835.95
     1     20    6795.07    4246.92    4560.00     950.00   16551.98
     2     20    6795.07    4246.92    2760.00     500.00   14301.98
     0     20   13124.04    8202.52     760.00     950.00   23036.56
     1     20    4374.68    2734.17    4560.00     950.00   12618.85
     2     20    4374.68    2734.17    2800.00     510.00   10418.85
     0     20   20151.52   12594.70     760.00     950.00   34456.21
     1     20    6717.17    4198.23    4560.00     950.00   16425.40
     2     20    6717.17    4198.23    2520.00     440.00   13875.40
     0     20   19171.84   11982.40     760.00     950.00   32864.24
     1     20    6390.61    3994.13    4560.00     950.00   15894.75
     2     20    6390.61    3994.13    2920.00     540.00   13844.75
     0     20   23170.27   14481.42     760.00     950.00   39361.70
     1     20    7723.42    4827.14    4560.00     950.00   18060.57
     2     20    7723.42    4827.14    2880.00     530.00   15960.57
     0     25   29098.45   18186.53     960.00    1200.00   49444.98
     1     25    9699.48    6062.18    5760.00    1200.00   22721.66
     2     25    9699.48    6062.18    3440.00     620.00   19821.66
     0     25   21083.56   13177.23     960.00    1200.00   36420.79
     1     25    7027.85    4392.41    5760.00    1200.00   18380.26
     2     25    7027.85    4392.41    3760.00     700.00   15880.26
     0     25   34954.37   21846.48     960.00    1200.00   58960.85
     1     25   11651.46    7282.16    5760.00    1200.00   25893.62
     2     25   11651.46    7282.16    3440.00     620.00   22993.62
     0     25   24357.88   15223.68     960.00    1200.00   41741.56
     1     25    8119.29    5074.56    5760.00    1200.00   20153.85
     2     25    8119.29    5074.56    3760.00     700.00   17653.85
     0     25   26245.79   16403.62     960.00    1200.00   44809.41
     1     25    8748.60    5467.87    5760.00    1200.00   21176.47
     2     25    8748.60    5467.87    3480.00     630.00   18326.47
     0     25   35320.90   22075.56     960.00    1200.00   59556.46
     1     25   11773.63    7358.52    5760.00    1200.00   26092.15
     2     25   11773.63    7358.52    3440.00     620.00   23192.15
     0     25   17868.73   11167.96     960.00    1200.00   31196.68
     1     25    5956.24    3722.65    5760.00    1200.00   16638.89
     2     25    5956.24    3722.65    3480.00     630.00   13788.89
     0     25   15940.45    9962.78     960.00    1200.00   28063.24
     1     25    5313.48    3320.93    5760.00    1200.00   15594.41
     2     25    5313.48    3320.93    3800.00     710.00   13144.41
     0     25   20501.04   12813.15     960.00    1200.00   35474.19
     1     25    6833.68    4271.05    5760.00    1200.00   18064.73
     2     25    6833.68    4271.05    3680.00     680.00   15464.73
     0     25   20031.25   12519.53     960.00    1200.00   34710.78
     1     25    6677.08    4173.18    5760.00    1200.00   17810.26
     2     25    6677.08    4173.18    3640.00     670.00   15160.26
     0     30   32721.89   20451.18    1160.00    1450.00   55783.08
     1     30   10907.30    6817.06    6960.00    1450.00   26134.36
     2     30   10907.30    6817.06    4240.00     770.00   22734.36
     0     30   27856.30   17410.19    1160.00    1450.00   47876.49
     1     30    9285.43    5803.40    6960.00    1450.00   23498.83
     2     30    9285.43    5803.40    4480.00     830.00   20398.83
     0     30   23927.75   14954.84    1160.00    1450.00   41492.59
     1     30    7975.92    4984.95    6960.00    1450.00   21370.86
     2     30    7975.92    4984.95    4520.00     840.00   18320.86
     0     30   25807.18   16129.49    1160.00    1450.00   44546.67
     1     30    8602.39    5376.50    6960.00    1450.00   22388.89
     2     30    8602.39    5376.50    4280.00     780.00   19038.89
     0     30   23276.27   14547.67    1160.00    1450.00   40433.94
     1     30    7758.76    4849.22    6960.00    1450.00   21017.98
     2     30    7758.76    4849.22    4440.00     820.00   17867.98
     0     30   20882.21   13051.38    1160.00    1450.00   36543.59
     1     30    6960.74    4350.46    6960.00    1450.00   19721.20
     2     30    6960.74    4350.46    4200.00     760.00   16271.20
     0     30   24402.15   15251.34    1160.00    1450.00   42263.49
     1     30    8134.05    5083.78    6960.00    1450.00   21627.83
     2     30    8134.05    5083.78    4400.00     810.00   18427.83
     0     30   20995.33   13122.08    1160.00    1450.00   36727.42
     1     30    6998.44    4374.03    6960.00    1450.00   19782.47
     2     30    6998.44    4374.03    4360.00     800.00   16532.47
     0     30   30091.20   18807.00    1160.00    1450.00   51508.20
     1     30   10030.40    6269.00    6960.00    1450.00   24709.40
     2     30   10030.40    6269.00    4440.00     820.00   21559.40
     0     30   27822.91   17389.32    1160.00    1450.00   47822.23
     1     30    9274.30    5796.44    6960.00    1450.00   23480.74
     2     30    9274.30    5796.44    4280.00     780.00   20130.74
     0     35   32934.32   20583.95    1360.00    1700.00   56578.27
     1     35   10978.11    6861.32    8160.00    1700.00   27699.42
     2     35   10978.11    6861.32    4800.00     860.00   23499.42
     0     35   23756.44   14847.77    1360.00    1700.00   41664.21
     1     35    7918.81    4949.26    8160.00    1700.00   22728.07
     2     35    7918.81    4949.26    5320.00     990.00   19178.07
     0     35   25179.34   15737.09    1360.00    1700.00   43976.43
     1     35    8393.11    5245.70    8160.00    1700.00   23498.81
     2     35    8393.11    5245.70    5360.00    1000.00   19998.81
     0     35   38234.93   23896.83    1360.00    1700.00   65191.77
     1     35   12744.98    7965.61    8160.00    1700.00   30570.59
     2     35   12744.98    7965.61    5320.00     990.00   27020.59
     0     35   25175.06   15734.41    1360.00    1700.00   43969.48
     1     35    8391.69    5244.80    8160.00    1700.00   23496.49
     2     35    8391.69    5244.80    4920.00     890.00   19446.49
     0     35   22112.11   13820.07    1360.00    1700.00   38992.19
     1     35    7370.70    4606.69    8160.00    1700.00   21837.40
     2     35    7370.70    4606.69    4880.00     880.00   17737.40
     0     35   43092.38   26932.74    1360.00    1700.00   73085.12
     1     35   14364.13    8977.58    8160.00    1700.00   33201.71
     2     35   14364.13    8977.58    4920.00     890.00   29151.71
     0     35   49751.07   31094.42    1360.00    1700.00   83905.49
     1     35   16583.69   10364.81    8160.00    1700.00   36808.50
     2     35   16583.69   10364.81    5240.00     970.00   33158.50
     0     35   24332.74   15207.96    1360.00    1700.00   42600.69
     1     35    8110.91    5069.32    8160.00    1700.00   23040.23
     2     35    8110.91    5069.32    5200.00     960.00   19340.23
     0     35   22959.13   14349.46    1360.00    1700.00   40368.58
     1     35    7653.04    4783.15    8160.00    1700.00   22296.19
     2     35    7653.04    4783.15    4960.00     900.00   18296.19
     0     40   38336.86   23960.54    1560.00    1950.00   65807.40
     1     40   12778.95    7986.85    9360.00    1950.00   32075.80
     2     40   12778.95    7986.85    5840.00    1070.00   27675.80
     0     40   38396.07   23997.54    1560.00    1950.00   65903.61
     1     40   12798.69    7999.18    9360.00    1950.00   32107.87
     2     40   12798.69    7999.18    5600.00    1010.00   27407.87
     0     40   27047.41   16904.63    1560.00    1950.00   47462.04
     1     40    9015.80    5634.88    9360.00    1950.00   25960.68
     2     40    9015.80    5634.88    5960.00    1100.00   21710.68
     0     40   34214.81   21384.25    1560.00    1950.00   59109.06
     1     40   11404.94    7128.08    9360.00    1950.00   29843.02
     2     40   11404.94    7128.08    5640.00    1020.00   25193.02
     0     40   33629.66   21018.53    1560.00    1950.00   58158.19
     1     40   11209.89    7006.18    9360.00    1950.00   29526.06
     2     40   11209.89    7006.18    5760.00    1050.00   25026.06
     0     40   39436.44   24647.77    1560.00    1950.00   67594.21
     1     40   13145.48    8215.92    9360.00    1950.00   32671.40
     2     40   13145.48    8215.92    5800.00    1060.00   28221.40
     0     40   28744.44   17965.27    1560.00    1950.00   50219.71
     1     40    9581.48    5988.42    9360.00    1950.00   26879.90
     2     40    9581.48    5988.42    5160.00     900.00   21629.90
     0     40   31776.10   19860.06    1560.00    1950.00   55146.17
     1     40   10592.03    6620.02    9360.00    1950.00   28522.06
     2     40   10592.03    6620.02    5880.00    1080.00   24172.06
     0     40   58705.45   36690.91    1560.00    1950.00   98906.36
     1     40   19568.48   12230.30    9360.00    1950.00   43108.79
     2     40   19568.48   12230.30    5680.00    1030.00   38508.79
     0     40   35348.35   22092.72    1560.00    1950.00   60951.06
     1     40   11782.78    7364.24    9360.00    1950.00   30457.02
     2     40   11782.78    7364.24    5560.00    1000.00   25707.02
     0     45   38410.30   24006.44    1760.00    2200.00   66376.74
     1     45   12803.43    8002.15   10560.00    2200.00   33565.58
     2     45   12803.43    8002.15    6400.00    1160.00   28365.58
     0     45   34271.66   21419.79    1760.00    2200.00   59651.44
     1     45   11423.89    7139.93   10560.00    2200.00   31323.81
     2     45   11423.89    7139.93    6800.00    1260.00   26623.81
     0     45   59777.57   37360.98    1760.00    2200.00   101098.55
     1     45   19925.86   12453.66   10560.00    2200.00   45139.52
     2     45   19925.86   12453.66    6520.00    1190.00   40089.52
     0     45   29268.81   18293.01    1760.00    2200.00   51521.82
     1     45    9756.27    6097.67   10560.00    2200.00   28613.94
     2     45    9756.27    6097.67    6120.00    1090.00   23063.94
     0     45   28077.75   17548.59    1760.00    2200.00   49586.34
     1     45    9359.25    5849.53   10560.00    2200.00   27968.78
     2     45    9359.25    5849.53    6640.00    1220.00   23068.78
     0     45   44561.94   27851.21    1760.00    2200.00   76373.15
     1     45   14853.98    9283.74   10560.00    2200.00   36897.72
     2     45   14853.98    9283.74    6960.00    1300.00   32397.72
     0     45   41534.22   25958.89    1760.00    2200.00   71453.10
     1     45   13844.74    8652.96   10560.00    2200.00   35257.70
     2     45   13844.74    8652.96    6760.00    1250.00   30507.70
     0     45   28950.38   18093.99    1760.00    2200.00   51004.37
     1     45    9650.13    6031.33   10560.00    2200.00   28441.46
     2     45    9650.13    6031.33    6760.00    1250.00   23691.46
     0     45   37143.17   23214.48    1760.00    2200.00   64317.65
     1     45   12381.06    7738.16   10560.00    2200.00   32879.22
     2     45   12381.06    7738.16    6440.00    1170.00   27729.22
     0     45   34078.71   21299.19    1760.00    2200.00   59337.91
     1     45   11359.57    7099.73   10560.00    2200.00   31219.30
     2     45   11359.57    7099.73    6280.00    1130.00   25869.30
     0     50   40122.39   25076.49    1960.00    2450.00   69608.88
     1     50   13374.13    8358.83   11760.00    2450.00   35942.96
     2     50   13374.13    8358.83    7320.00    1340.00   30392.96
     0     50   34829.87   21768.67    1960.00    2450.00   61008.54
     1     50   11609.96    7256.22   11760.00    2450.00   33076.18
     2     50   11609.96    7256.22    7200.00    1310.00   27376.18
     0     50   51880.27   32425.17    1960.00    2450.00   88715.44
     1     50   17293.42   10808.39   11760.00    2450.00   42311.81
     2     50   17293.42   10808.39    7680.00    1430.00   37211.81
     0     50   34719.07   21699.42    1960.00    2450.00   60828.49
     1     50   11573.02    7233.14   11760.00    2450.00   33016.16
     2     50   11573.02    7233.14    7360.00    1350.00   27516.16
     0     50   48737.82   30461.14    1960.00    2450.00   83608.95
     1     50   16245.94   10153.71   11760.00    2450.00   40609.65
     2     50   16245.94   10153.71    7680.00    1430.00   35509.65
     0     50   43574.82   27234.26    1960.00    2450.00   75219.08
     1     50   14524.94    9078.09   11760.00    2450.00   37813.03
     2     50   14524.94    9078.09    6600.00    1160.00   31363.03
     0     50   61969.86   38731.16    1960.00    2450.00   105111.03
     1     50   20656.62   12910.39   11760.00    2450.00   47777.01
     2     50   20656.62   12910.39    6320.00    1090.00   40977.01
     0     50   39447.58   24654.74    1960.00    2450.00   68512.32
     1     50   13149.19    8218.25   11760.00    2450.00   35577.44
     2     50   13149.19    8218.25    6840.00    1220.00   29427.44
     0     50   53762.98   33601.87    1960.00    2450.00   91774.85
     1     50   17920.99   11200.62   11760.00    2450.00   43331.62
     2     50   17920.99   11200.62    7480.00    1380.00   37981.62
     0     50   52163.50   32602.19    1960.00    2450.00   89175.69
     1     50   17387.83   10867.40   11760.00    2450.00   42465.23
     2     50   17387.83   10867.40    7240.00    1320.00   36815.23
     0     55   58208.59   36380.37    2160.00    2700.00   99448.96
     1     55   19402.86   12126.79   12960.00    2700.00   47189.65
     2     55   19402.86   12126.79    8280.00    1530.00   41339.65
     0     55   41135.18   25709.49    2160.00    2700.00   71704.67
     1     55   13711.73    8569.83   12960.00    2700.00   37941.56
     2     55   13711.73    8569.83    8160.00    1500.00   31941.56
     0     55   39759.95   24849.97    2160.00    2700.00   69469.92
     1     55   13253.32    8283.32   12960.00    2700.00   37196.64
     2     55   13253.32    8283.32    8080.00    1480.00   31096.64
     0     55   37968.82   23730.51    2160.00    2700.00   66559.33
     1     55   12656.27    7910.17   12960.00    2700.00   36226.44
     2     55   12656.27    7910.17    7400.00    1310.00   29276.44
     0     55   58714.74   36696.71    2160.00    2700.00   100271.46
     1     55   19571.58   12232.24   12960.00    2700.00   47463.82
     2     55   19571.58   12232.24    7320.00    1290.00   40413.82
     0     55   40163.19   25101.99    2160.00    2700.00   70125.18
     1     55   13387.73    8367.33   12960.00    2700.00   37415.06
     2     55   13387.73    8367.33    8240.00    1520.00   31515.06
     0     55   42687.30   26679.56    2160.00    2700.00   74226.86
     1     55   14229.10    8893.19   12960.00    2700.00   38782.29
     2     55   14229.10    8893.19    7760.00    1400.00   32282.29
     0     55   39529.47   24705.92    2160.00    2700.00   69095.38
     1     55   13176.49    8235.31   12960.00    2700.00   37071.79
     2     55   13176.49    8235.31    7760.00    1400.00   30571.79
     0     55   67957.53   42473.46    2160.00    2700.00   115290.99
     1     55   22652.51   14157.82   12960.00    2700.00   52470.33
     2     55   22652.51   14157.82    8440.00    1570.00   46820.33
     0     55   76249.27   47655.79    2160.00    2700.00   128765.06
     1     55   25416.42   15885.26   12960.00    2700.00   56961.69
     2     55   25416.42   15885.26    8080.00    1480.00   50861.69
     0     60   58402.05   36501.28    2360.00    2950.00   100213.34
     1     60   19467.35   12167.09   14160.00    2950.00   48744.45
     2     60   19467.35   12167.09    8840.00    1620.00   42094.45
     0     60   59906.88   37441.80    2360.00    2950.00   102658.67
     1     60   19968.96   12480.60   14160.00    2950.00   49559.56
     2     60   19968.96   12480.60    8760.00    1600.00   42809.56
     0     60   55724.88   34828.05    2360.00    2950.00   95862.92
     1     60   18574.96   11609.35   14160.00    2950.00   47294.31
     2     60   18574.96   11609.35    8800.00    1610.00   40594.31
     0     60   54248.22   33905.14    2360.00    2950.00   93463.36
     1     60   18082.74   11301.71   14160.00    2950.00   46494.45
     2     60   18082.74   11301.71    9120.00    1690.00   40194.45
     0     60   63194.89   39496.81    2360.00    2950.00   108001.70
     1     60   21064.96   13165.60   14160.00    2950.00   51340.57
     2     60   21064.96   13165.60    8400.00    1510.00   44140.57
     0     60   61929.20   38705.75    2360.00    2950.00   105944.96
     1     60   20643.07   12901.92   14160.00    2950.00   50654.99
     2     60   20643.07   12901.92    8560.00    1550.00   43654.99
     0     60   50589.17   31618.23    2360.00    2950.00   87517.40
     1     60   16863.06   10539.41   14160.00    2950.00   44512.47
     2     60   16863.06   10539.41    8880.00    1630.00   37912.47
     0     60   79911.74   49944.84    2360.00    2950.00   135166.57
     1     60   26637.25   16648.28   14160.00    2950.00   60395.52
     2     60   26637.25   16648.28    9000.00    1660.00   53945.52
     0     60   49000.79   30625.49    2360.00    2950.00   84936.29
     1     60   16333.60   10208.50   14160.00    2950.00   43652.10
     2     60   16333.60   10208.50    8880.00    1630.00   37052.10
     0     60   62227.98   38892.49    2360.00    2950.00   106430.47
     1     60   20742.66   12964.16   14160.00    2950.00   50816.82
     2     60   20742.66   12964.16    8800.00    1610.00   44116.82
