     0      5    2949.36    1843.35     160.00     200.00    5152.71
     1      5     983.12     614.45     960.00     200.00    2757.57
     2      5     983.12     614.45     200.00      10.00    1807.57
     0      5    6670.94    4169.34     160.00     200.00   11200.27
     1      5    2223.65    1389.78     960.00     200.00    4773.42
     2      5    2223.65    1389.78     280.00      30.00    3923.42
     0      5    3522.55    2201.59     160.00     200.00    6084.14
     1      5    1174.18     733.86     960.00     200.00    3068.05
     2      5    1174.18     733.86     440.00      70.00    2418.05
     0      5    3223.22    2014.51     160.00     200.00    5597.73
     1      5    1074.41     671.50     960.00     200.00    2905.91
     2      5    1074.41     671.50     280.00      30.00    2055.91
     0      5    1534.19     958.87     160.00     200.00    2853.05
     1      5     511.40     319.62     960.00     200.00    1991.02
     2      5     511.40     319.62     440.00      70.00    1341.02
     0      5    2883.23    1802.02     160.00     200.00    5045.25
     1      5     961.08     600.67     960.00     200.00    2721.75
     2      5     961.08     600.67     400.00      60.00    2021.75
     0      5    2204.76    1377.97     160.00     200.00    3942.73
     1      5     734.92     459.32     960.00     200.00    2354.24
     2      5     734.92     459.32     280.00      30.00    1504.24
     0      5    1660.91    1038.07     160.00     200.00    3058.97
     1      5     553.64     346.02     960.00     200.00    2059.66
     2      5     553.64     346.02     240.00      20.00    1159.66
     0      5    3994.16    2496.35     160.00     200.00    6850.50
     1      5    1331.39     832.12     960.00     200.00    3323.50
     2      5    1331.39     832.12     360.00      50.00    2573.50
     0      5    3261.42    2038.39     160.00     200.00    5659.80
     1      5    1087.14     679.46     960.00     200.00    2926.60
     2      5    1087.14     679.46     520.00      90.00    2376.60
     0     10   10505.93    6566.21     360.00     450.00   17882.14
     1     10    3501.98    2188.74    2160.00     450.00    8300.71
     2     10    3501.98    2188.74     600.00      60.00    6350.71
     0     10    7179.53    4487.20     360.00     450.00   12476.73
     1     10    2393.18    1495.73    2160.00     450.00    6498.91
     2     10    2393.18    1495.73     760.00     100.00    4748.91
     0     10   10922.60    6826.62     360.00     450.00   18559.22
     1     10    3640.87    2275.54    2160.00     450.00    8526.41
     2     10    3640.87    2275.54     440.00      20.00    6376.41
     0     10    3391.28    2119.55     360.00     450.00    6320.83
     1     10    1130.43     706.52    2160.00     450.00    4446.94
     2     10    1130.43     706.52     760.00     100.00    2696.94
     0     10   11442.78    7151.74     360.00     450.00   19404.51
     1     10    3814.26    2383.91    2160.00     450.00    8808.17
     2     10    3814.26    2383.91     720.00      90.00    7008.17
     0     10   13255.82    8284.89     360.00     450.00   22350.71
     1     10    4418.61    2761.63    2160.00     450.00    9790.24
     2     10    4418.61    2761.63     800.00     110.00    8090.24
     0     10    7702.65    4814.16     360.00     450.00   13326.80
     1     10    2567.55    1604.72    2160.00     450.00    6782.27
     2     10    2567.55    1604.72     760.00     100.00    5032.27
     0     10    9700.65    6062.91     360.00     450.00   16573.56
     1     10    3233.55    2020.97    2160.00     450.00    7864.52
     2     10    3233.55    2020.97    1160.00     200.00    6614.52
     0     10    5790.66    3619.16     360.00     450.00   10219.82
     1     10    1930.22    1206.39    2160.00     450.00    5746.61
     2     10    1930.22    1206.39     760.00     100.00    3996.61
     0     10   12847.15    8029.47     360.00     450.00   21686.62
     1     10    4282.38    2676.49    2160.00     450.00    9568.87
     2     10    4282.38    2676.49     680.00      80.00    7718.87
     0     15   12775.33    7984.58     560.00     700.00   22019.92
     1     15    4258.44    2661.53    3360.00     700.00   10979.97
     2     15    4258.44    2661.53     960.00     100.00    7979.97
     0     15   16344.58   10215.36     560.00     700.00   27819.94
     1     15    5448.19    3405.12    3360.00     700.00   12913.31
     2     15    5448.19    3405.12    1120.00     140.00   10113.31
     0     15    8416.86    5260.54     560.00     700.00   14937.40
     1     15    2805.62    1753.51    3360.00     700.00    8619.13
     2     15    2805.62    1753.51    1120.00     140.00    5819.13
     0     15    9407.08    5879.43     560.00     700.00   16546.51
     1     15    3135.69    1959.81    3360.00     700.00    9155.50
     2     15    3135.69    1959.81    1640.00     270.00    7005.50
     0     15    8568.72    5355.45     560.00     700.00   15184.17
     1     15    2856.24    1785.15    3360.00     700.00    8701.39
     2     15    2856.24    1785.15     880.00      80.00    5601.39
     0     15   16915.58   10572.24     560.00     700.00   28747.82
     1     15    5638.53    3524.08    3360.00     700.00   13222.61
     2     15    5638.53    3524.08     840.00      70.00   10072.61
     0     15   13066.74    8166.71     560.00     700.00   22493.45
     1     15    4355.58    2722.24    3360.00     700.00   11137.82
     2     15    4355.58    2722.24    1440.00     220.00    8737.82
     0     15   10759.65    6724.78     560.00     700.00   18744.44
     1     15    3586.55    2241.59    3360.00     700.00    9888.15
     2     15    3586.55    2241.59    1520.00     240.00    7588.15
     0     15   16669.32   10418.32     560.00     700.00   28347.64
     1     15    5556.44    3472.77    3360.00     700.00   13089.21
     2     15    5556.44    3472.77    1040.00     120.00   10189.21
     0     15   13255.19    8284.49     560.00     700.00   22799.68
     1     15    4418.40    2761.50    3360.00     700.00   11239.89
     2     15    4418.40    2761.50    1040.00     120.00    8339.89
     0     20   11199.53    6999.71     760.00     950.00   19909.24
     1     20    3733.18    2333.24    4560.00     950.00   11576.41
     2     20    3733.18    2333.24    1920.00     290.00    8276.41
     0     20   23096.07   14435.04     760.00     950.00   39241.11
     1     20    7698.69    4811.68    4560.00     950.00   18020.37
     2     20    7698.69    4811.68    1480.00     180.00   14170.37
     0     20   19243.15   12026.97     760.00     950.00   32980.11
     1     20    6414.38    4008.99    4560.00     950.00   15933.37
     2     20    6414.38    4008.99    1480.00     180.00   12083.37
     0     20   20672.81   12920.51     760.00     950.00   35303.32
     1     20    6890.94    4306.84    4560.00     950.00   16707.77
     2     20    6890.94    4306.84    1680.00     230.00   13107.77
     0     20   13932.58    8707.86     760.00     950.00   24350.45
     1     20    4644.19    2902.62    4560.00     950.00   13056.82
     2     20    4644.19    2902.62    1640.00     220.00    9406.82
     0     20   17343.69   10839.81     760.00     950.00   29893.50
     1     20    5781.23    3613.27    4560.00     950.00   14904.50
     2     20    5781.23    3613.27    1720.00     240.00   11354.50
     0     20   12495.94    7809.96     760.00     950.00   22015.90
     1     20    4165.31    2603.32    4560.00     950.00   12278.63
     2     20    4165.31    2603.32    1440.00     170.00    8378.63
     0     20   28244.64   17652.90     760.00     950.00   47607.54
     1     20    9414.88    5884.30    4560.00     950.00   20809.18
     2     20    9414.88    5884.30    1720.00     240.00   17259.18
     0     20   20863.74   13039.83     760.00     950.00   35613.57
     1     20    6954.58    4346.61    4560.00     950.00   16811.19
     2     20    6954.58    4346.61    1600.00     210.00   13111.19
     0     20   19744.88   12340.55     760.00     950.00   33795.43
     1     20    6581.63    4113.52    4560.00     950.00   16205.14
     2     20    6581.63    4113.52    1480.00     180.00   12355.14
     0     25   13003.04    8126.90     960.00    1200.00   23289.94
     1     25    4334.35    2708.97    5760.00    1200.00   14003.31
     2     25    4334.35    2708.97    1600.00     160.00    8803.31
     0     25   37308.71   23317.94     960.00    1200.00   62786.65
     1     25   12436.24    7772.65    5760.00    1200.00   27168.88
     2     25   12436.24    7772.65    2560.00     400.00   23168.88
     0     25   20433.20   12770.75     960.00    1200.00   35363.95
     1     25    6811.07    4256.92    5760.00    1200.00   18027.98
     2     25    6811.07    4256.92    1680.00     180.00   12927.98
     0     25   16930.11   10581.32     960.00    1200.00   29671.43
     1     25    5643.37    3527.11    5760.00    1200.00   16130.48
     2     25    5643.37    3527.11    1880.00     230.00   11280.48
     0     25   29339.55   18337.22     960.00    1200.00   49836.77
     1     25    9779.85    6112.41    5760.00    1200.00   22852.26
     2     25    9779.85    6112.41    2480.00     380.00   18752.26
     0     25   21878.08   13673.80     960.00    1200.00   37711.88
     1     25    7292.69    4557.93    5760.00    1200.00   18810.63
     2     25    7292.69    4557.93    1800.00     210.00   13860.63
     0     25   17346.72   10841.70     960.00    1200.00   30348.42
     1     25    5782.24    3613.90    5760.00    1200.00   16356.14
     2     25    5782.24    3613.90    2280.00     330.00   12006.14
     0     25   25960.83   16225.52     960.00    1200.00   44346.35
     1     25    8653.61    5408.51    5760.00    1200.00   21022.12
     2     25    8653.61    5408.51    1880.00     230.00   16172.12
     0     25   33613.33   21008.33     960.00    1200.00   56781.65
     1     25   11204.44    7002.78    5760.00    1200.00   25167.22
     2     25   11204.44    7002.78    2400.00     360.00   20967.22
     0     25   24789.46   15493.41     960.00    1200.00   42442.88
     1     25    8263.15    5164.47    5760.00    1200.00   20387.63
     2     25    8263.15    5164.47    1800.00     210.00   15437.63
     0     30   23512.99   14695.62    1160.00    1450.00   40818.62
     1     30    7837.66    4898.54    6960.00    1450.00   21146.21
     2     30    7837.66    4898.54    2720.00     390.00   15846.21
     0     30   47032.00   29395.00    1160.00    1450.00   79037.00
     1     30   15677.33    9798.33    6960.00    1450.00   33885.67
     2     30   15677.33    9798.33    2200.00     260.00   27935.67
     0     30   33643.80   21027.37    1160.00    1450.00   57281.17
     1     30   11214.60    7009.12    6960.00    1450.00   26633.72
     2     30   11214.60    7009.12    2000.00     210.00   20433.72
     0     30   29676.70   18547.94    1160.00    1450.00   50834.63
     1     30    9892.23    6182.65    6960.00    1450.00   24484.88
     2     30    9892.23    6182.65    2360.00     300.00   18734.88
     0     30   23773.64   14858.52    1160.00    1450.00   41242.16
     1     30    7924.55    4952.84    6960.00    1450.00   21287.39
     2     30    7924.55    4952.84    2240.00     270.00   15387.39
     0     30   26573.96   16608.72    1160.00    1450.00   45792.68
     1     30    8857.99    5536.24    6960.00    1450.00   22804.23
     2     30    8857.99    5536.24    3840.00     670.00   18904.23
     0     30   22071.50   13794.69    1160.00    1450.00   38476.19
     1     30    7357.17    4598.23    6960.00    1450.00   20365.40
     2     30    7357.17    4598.23    2160.00     250.00   14365.40
     0     30   22677.76   14173.60    1160.00    1450.00   39461.36
     1     30    7559.25    4724.53    6960.00    1450.00   20693.79
     2     30    7559.25    4724.53    2920.00     440.00   15643.79
     0     30   26694.96   16684.35    1160.00    1450.00   45989.31
     1     30    8898.32    5561.45    6960.00    1450.00   22869.77
     2     30    8898.32    5561.45    2040.00     220.00   16719.77
     0     30   37096.42   23185.26    1160.00    1450.00   62891.68
     1     30   12365.47    7728.42    6960.00    1450.00   28503.89
     2     30   12365.47    7728.42    4040.00     720.00   24853.89
     0     35   28189.73   17618.58    1360.00    1700.00   48868.31
     1     35    9396.58    5872.86    8160.00    1700.00   25129.44
     2     35    9396.58    5872.86    3800.00     610.00   19679.44
     0     35   33005.65   20628.53    1360.00    1700.00   56694.18
     1     35   11001.88    6876.18    8160.00    1700.00   27738.06
     2     35   11001.88    6876.18    2680.00     330.00   20888.06
     0     35   35763.60   22352.25    1360.00    1700.00   61175.84
     1     35   11921.20    7450.75    8160.00    1700.00   29231.95
     2     35   11921.20    7450.75    3360.00     500.00   23231.95
     0     35   40243.09   25151.93    1360.00    1700.00   68455.02
     1     35   13414.36    8383.98    8160.00    1700.00   31658.34
     2     35   13414.36    8383.98    2600.00     310.00   24708.34
     0     35   22367.34   13979.58    1360.00    1700.00   39406.92
     1     35    7455.78    4659.86    8160.00    1700.00   21975.64
     2     35    7455.78    4659.86    2760.00     350.00   15225.64
     0     35   33144.64   20715.40    1360.00    1700.00   56920.04
     1     35   11048.21    6905.13    8160.00    1700.00   27813.35
     2     35   11048.21    6905.13    2600.00     310.00   20863.35
     0     35   35972.33   22482.71    1360.00    1700.00   61515.04
     1     35   11990.78    7494.24    8160.00    1700.00   29345.01
     2     35   11990.78    7494.24    2600.00     310.00   22395.01
     0     35   26845.28   16778.30    1360.00    1700.00   46683.57
     1     35    8948.43    5592.77    8160.00    1700.00   24401.19
     2     35    8948.43    5592.77    2520.00     290.00   17351.19
     0     35   40921.04   25575.65    1360.00    1700.00   69556.69
     1     35   13640.35    8525.22    8160.00    1700.00   32025.56
     2     35   13640.35    8525.22    3840.00     620.00   26625.56
     0     35   28601.34   17875.84    1360.00    1700.00   49537.18
     1     35    9533.78    5958.61    8160.00    1700.00   25352.39
     2     35    9533.78    5958.61    2520.00     290.00   18302.39
     0     40   33562.03   20976.27    1560.00    1950.00   58048.29
     1     40   11187.34    6992.09    9360.00    1950.00   29489.43
     2     40   11187.34    6992.09    3000.00     360.00   21539.43
     0     40   41801.88   26126.17    1560.00    1950.00   71438.05
     1     40   13933.96    8708.72    9360.00    1950.00   33952.68
     2     40   13933.96    8708.72    2960.00     350.00   25952.68
     0     40   31881.28   19925.80    1560.00    1950.00   55317.09
     1     40   10627.09    6641.93    9360.00    1950.00   28579.03
     2     40   10627.09    6641.93    3400.00     460.00   21129.03
     0     40   23230.71   14519.19    1560.00    1950.00   41259.90
     1     40    7743.57    4839.73    9360.00    1950.00   23893.30
     2     40    7743.57    4839.73    3080.00     380.00   16043.30
     0     40   37126.98   23204.36    1560.00    1950.00   63841.34
     1     40   12375.66    7734.79    9360.00    1950.00   31420.45
     2     40   12375.66    7734.79    3080.00     380.00   23570.45
     0     40   52873.14   33045.71    1560.00    1950.00   89428.86
     1     40   17624.38   11015.24    9360.00    1950.00   39949.62
     2     40   17624.38   11015.24    3760.00     550.00   32949.62
     0     40   44336.23   27710.15    1560.00    1950.00   75556.38
     1     40   14778.74    9236.72    9360.00    1950.00   35325.46
     2     40   14778.74    9236.72    3120.00     390.00   27525.46
     0     40   41199.06   25749.41    1560.00    1950.00   70458.47
     1     40   13733.02    8583.14    9360.00    1950.00   33626.16
     2     40   13733.02    8583.14    3320.00     440.00   26076.16
     0     40   32339.95   20212.47    1560.00    1950.00   56062.42
     1     40   10779.98    6737.49    9360.00    1950.00   28827.47
     2     40   10779.98    6737.49    2720.00     290.00   20527.47
     0     40   29577.42   18485.89    1560.00    1950.00   51573.30
     1     40    9859.14    6161.96    9360.00    1950.00   27331.10
     2     40    9859.14    6161.96    2920.00     340.00   19281.10
     0     45   28983.02   18114.39    1760.00    2200.00   51057.41
     1     45    9661.01    6038.13   10560.00    2200.00   28459.14
     2     45    9661.01    6038.13    3240.00     370.00   19309.14
     0     45   39256.46   24535.29    1760.00    2200.00   67751.74
     1     45   13085.49    8178.43   10560.00    2200.00   34023.91
     2     45   13085.49    8178.43    4080.00     580.00   25923.91
     0     45   30241.38   18900.86    1760.00    2200.00   53102.25
     1     45   10080.46    6300.29   10560.00    2200.00   29140.75
     2     45   10080.46    6300.29    3360.00     400.00   20140.75
     0     45   29945.54   18715.96    1760.00    2200.00   52621.51
     1     45    9981.85    6238.65   10560.00    2200.00   28980.50
     2     45    9981.85    6238.65    4480.00     680.00   21380.50
     0     45   40490.57   25306.60    1760.00    2200.00   69757.17
     1     45   13496.86    8435.53   10560.00    2200.00   34692.39
     2     45   13496.86    8435.53    4560.00     700.00   27192.39
     0     45   37439.90   23399.94    1760.00    2200.00   64799.84
     1     45   12479.97    7799.98   10560.00    2200.00   33039.95
     2     45   12479.97    7799.98    4320.00     640.00   25239.95
     0     45   32069.61   20043.50    1760.00    2200.00   56073.11
     1     45   10689.87    6681.17   10560.00    2200.00   30131.04
     2     45   10689.87    6681.17    4200.00     610.00   22181.04
     0     45   47895.21   29934.50    1760.00    2200.00   81789.71
     1     45   15965.07    9978.17   10560.00    2200.00   38703.24
     2     45   15965.07    9978.17    3360.00     400.00   29703.24
     0     45   37868.86   23668.04    1760.00    2200.00   65496.90
     1     45   12622.95    7889.35   10560.00    2200.00   33272.30
     2     45   12622.95    7889.35    5040.00     820.00   26372.30
     0     45   50128.26   31330.16    1760.00    2200.00   85418.43
     1     45   16709.42   10443.39   10560.00    2200.00   39912.81
     2     45   16709.42   10443.39    3440.00     420.00   31012.81
     0     50   46097.13   28810.70    1960.00    2450.00   79317.83
     1     50   15365.71    9603.57   11760.00    2450.00   39179.28
     2     50   15365.71    9603.57    3440.00     370.00   28779.28
     0     50   54663.65   34164.78    1960.00    2450.00   93238.43
     1     50   18221.22   11388.26   11760.00    2450.00   43819.48
     2     50   18221.22   11388.26    4760.00     700.00   35069.48
     0     50   35346.72   22091.70    1960.00    2450.00   61848.42
     1     50   11782.24    7363.90   11760.00    2450.00   33356.14
     2     50   11782.24    7363.90    4400.00     610.00   24156.14
     0     50   49410.78   30881.74    1960.00    2450.00   84702.52
     1     50   16470.26   10293.91   11760.00    2450.00   40974.17
     2     50   16470.26   10293.91    4440.00     620.00   31824.17
     0     50   37034.63   23146.64    1960.00    2450.00   64591.27
     1     50   12344.88    7715.55   11760.00    2450.00   34270.42
     2     50   12344.88    7715.55    3680.00     430.00   24170.42
     0     50   51836.91   32398.07    1960.00    2450.00   88644.98
     1     50   17278.97   10799.36   11760.00    2450.00   42288.33
     2     50   17278.97   10799.36    3400.00     360.00   31838.33
     0     50   55254.29   34533.93    1960.00    2450.00   94198.22
     1     50   18418.10   11511.31   11760.00    2450.00   44139.41
     2     50   18418.10   11511.31    4640.00     670.00   35239.41
     0     50   55290.03   34556.27    1960.00    2450.00   94256.30
     1     50   18430.01   11518.76   11760.00    2450.00   44158.77
     2     50   18430.01   11518.76    3160.00     300.00   33408.77
     0     50   52859.80   33037.37    1960.00    2450.00   90307.17
     1     50   17619.93   11012.46   11760.00    2450.00   42842.39
     2     50   17619.93   11012.46    3600.00     410.00   32642.39
     0     50   58511.72   36569.83    1960.00    2450.00   99491.55
     1     50   19503.91   12189.94   11760.00    2450.00   45903.85
     2     50   19503.91   12189.94    3880.00     480.00   36053.85
     0     55   34361.12   21475.70    2160.00    2700.00   60696.82
     1     55   11453.71    7158.57   12960.00    2700.00   34272.27
     2     55   11453.71    7158.57    5280.00     780.00   24672.27
     0     55   55452.04   34657.52    2160.00    2700.00   94969.56
     1     55   18484.01   11552.51   12960.00    2700.00   45696.52
     2     55   18484.01   11552.51    4200.00     510.00   34746.52
     0     55   37867.08   23666.92    2160.00    2700.00   66394.00
     1     55   12622.36    7888.97   12960.00    2700.00   36171.33
     2     55   12622.36    7888.97    3760.00     400.00   24671.33
     0     55   61726.94   38579.34    2160.00    2700.00   105166.28
     1     55   20575.65   12859.78   12960.00    2700.00   49095.43
     2     55   20575.65   12859.78    3880.00     430.00   37745.43
     0     55   40505.42   25315.89    2160.00    2700.00   70681.31
     1     55   13501.81    8438.63   12960.00    2700.00   37600.44
     2     55   13501.81    8438.63    4720.00     640.00   27300.44
     0     55   58273.95   36421.22    2160.00    2700.00   99555.17
     1     55   19424.65   12140.41   12960.00    2700.00   47225.06
     2     55   19424.65   12140.41    4120.00     490.00   36175.06
     0     55   35780.80   22363.00    2160.00    2700.00   63003.80
     1     55   11926.93    7454.33   12960.00    2700.00   35041.27
     2     55   11926.93    7454.33    4800.00     660.00   24841.27
     0     55   68493.43   42808.39    2160.00    2700.00   116161.82
     1     55   22831.14   14269.46   12960.00    2700.00   52760.61
     2     55   22831.14   14269.46    4400.00     560.00   42060.61
     0     55   39488.06   24680.04    2160.00    2700.00   69028.10
     1     55   13162.69    8226.68   12960.00    2700.00   37049.37
     2     55   13162.69    8226.68    5760.00     900.00   28049.37
     0     55   45769.07   28605.67    2160.00    2700.00   79234.74
     1     55   15256.36    9535.22   12960.00    2700.00   40451.58
     2     55   15256.36    9535.22    4240.00     520.00   29551.58
     0     60   50536.57   31585.36    2360.00    2950.00   87431.93
     1     60   16845.52   10528.45   14160.00    2950.00   44483.98
     2     60   16845.52   10528.45    4320.00     490.00   32183.98
     0     60   59060.16   36912.60    2360.00    2950.00   101282.77
     1     60   19686.72   12304.20   14160.00    2950.00   49100.92
     2     60   19686.72   12304.20    6040.00     920.00   38950.92
     0     60   59895.90   37434.94    2360.00    2950.00   102640.83
     1     60   19965.30   12478.31   14160.00    2950.00   49553.61
     2     60   19965.30   12478.31    4480.00     530.00   37453.61
     0     60   49523.48   30952.18    2360.00    2950.00   85785.66
     1     60   16507.83   10317.39   14160.00    2950.00   43935.22
     2     60   16507.83   10317.39    4440.00     520.00   31785.22
     0     60   46966.27   29353.92    2360.00    2950.00   81630.20
     1     60   15655.42    9784.64   14160.00    2950.00   42550.07
     2     60   15655.42    9784.64    5880.00     880.00   32200.07
     0     60   51033.94   31896.21    2360.00    2950.00   88240.15
     1     60   17011.31   10632.07   14160.00    2950.00   44753.38
     2     60   17011.31   10632.07    5560.00     800.00   34003.38
     0     60   50280.08   31425.05    2360.00    2950.00   87015.13
     1     60   16760.03   10475.02   14160.00    2950.00   44345.04
     2     60   16760.03   10475.02    4880.00     630.00   32745.04
     0     60   66305.33   41440.83    2360.00    2950.00   113056.16
     1     60   22101.78   13813.61   14160.00    2950.00   53025.39
     2     60   22101.78   13813.61    4120.00     440.00   40475.39
     0     60   77008.26   48130.16    2360.00    2950.00   130448.42
     1     60   25669.42   16043.39   14160.00    2950.00   58822.81
     2     60   25669.42   16043.39    6920.00    1140.00   49772.81
     0     60   39924.86   24953.04    2360.00    2950.00   70187.90
     1     60   13308.29    8317.68   14160.00    2950.00   38735.97
     2     60   13308.29    8317.68    4840.00     620.00   27085.97
