     0     29         52      15.74       5.40    6485.44    7800.00       0.00    1400.00   15685.44   
     1     29         52      15.74       5.40    2161.81    2600.00    6720.00    1400.00   12881.81   
     2     29         52      15.74       5.40    2161.81    2600.00    3160.00     510.00    8431.81   
     0     29         50      15.87       5.70    6838.85    7500.00       0.00    1400.00   15738.85   
     1     29         50      15.87       5.70    2279.62    2500.00    6720.00    1400.00   12899.62   
     2     29         50      15.87       5.70    2279.62    2500.00    2760.00     410.00    7949.62   
     0     29         47      14.89       5.26    6310.79    7050.00       0.00    1400.00   14760.79   
     1     29         47      14.89       5.26    2103.60    2350.00    6720.00    1400.00   12573.60   
     2     29         47      14.89       5.26    2103.60    2350.00    4160.00     760.00    9373.60   
     0     29         62      21.02       7.54    9052.36    9300.00       0.00    1400.00   19752.36   
     1     29         62      21.02       7.54    3017.45    3100.00    6720.00    1400.00   14237.45   
     2     29         62      21.02       7.54    3017.45    3100.00    4000.00     720.00   10837.45   
     0     29         54      18.15       6.71    8054.90    8100.00       0.00    1400.00   17554.90   
     1     29         54      18.15       6.71    2684.97    2700.00    6720.00    1400.00   13504.97   
     2     29         54      18.15       6.71    2684.97    2700.00    3960.00     710.00   10054.97   
     0     29         55      19.33       7.37    8847.03    8250.00       0.00    1400.00   18497.03   
     1     29         55      19.33       7.37    2949.01    2750.00    6720.00    1400.00   13819.01   
     2     29         55      19.33       7.37    2949.01    2750.00    3760.00     660.00   10119.01   
     0     29         36      10.82       3.64    4366.45    5400.00       0.00    1400.00   11166.45   
     1     29         36      10.82       3.64    1455.48    1800.00    6720.00    1400.00   11375.48   
     2     29         36      10.82       3.64    1455.48    1800.00    2360.00     310.00    5925.48   
     0     29         40      12.99       4.44    5330.57    6000.00       0.00    1400.00   12730.57   
     1     29         40      12.99       4.44    1776.86    2000.00    6720.00    1400.00   11896.86   
     2     29         40      12.99       4.44    1776.86    2000.00    3520.00     600.00    7896.86   
     0     29         56      17.43       5.93    7114.18    8400.00       0.00    1400.00   16914.18   
     1     29         56      17.43       5.93    2371.39    2800.00    6720.00    1400.00   13291.39   
     2     29         56      17.43       5.93    2371.39    2800.00    2880.00     440.00    8491.39   
     0     29         46      13.99       4.88    5859.81    6900.00       0.00    1400.00   14159.81   
     1     29         46      13.99       4.88    1953.27    2300.00    6720.00    1400.00   12373.27   
     2     29         46      13.99       4.88    1953.27    2300.00    3720.00     650.00    8623.27   
     0     29         43      12.58       4.11    4936.91    6450.00       0.00    1400.00   12786.91   
     1     29         43      12.58       4.11    1645.64    2150.00    6720.00    1400.00   11915.64   
     2     29         43      12.58       4.11    1645.64    2150.00    4400.00     820.00    9015.64   
     0     29         45      14.44       5.03    6031.93    6750.00       0.00    1400.00   14181.93   
     1     29         45      14.44       5.03    2010.64    2250.00    6720.00    1400.00   12380.64   
     2     29         45      14.44       5.03    2010.64    2250.00    3520.00     600.00    8380.64   
     0     29         50      15.48       5.63    6760.84    7500.00       0.00    1400.00   15660.84   
     1     29         50      15.48       5.63    2253.61    2500.00    6720.00    1400.00   12873.61   
     2     29         50      15.48       5.63    2253.61    2500.00    2840.00     430.00    8023.61   
     0     29         54      17.84       6.26    7514.57    8100.00       0.00    1400.00   17014.57   
     1     29         54      17.84       6.26    2504.86    2700.00    6720.00    1400.00   13324.86   
     2     29         54      17.84       6.26    2504.86    2700.00    2600.00     370.00    8174.86   
     0     29         69      21.99       7.67    9198.15   10350.00       0.00    1400.00   20948.15   
     1     29         69      21.99       7.67    3066.05    3450.00    6720.00    1400.00   14636.05   
     2     29         69      21.99       7.67    3066.05    3450.00    3240.00     530.00   10286.05   
     0     29         59      17.77       6.51    7807.62    8850.00       0.00    1400.00   18057.62   
     1     29         59      17.77       6.51    2602.54    2950.00    6720.00    1400.00   13672.54   
     2     29         59      17.77       6.51    2602.54    2950.00    3960.00     710.00   10222.54   
     0     29         62      19.95       6.80    8156.14    9300.00       0.00    1400.00   18856.14   
     1     29         62      19.95       6.80    2718.71    3100.00    6720.00    1400.00   13938.71   
     2     29         62      19.95       6.80    2718.71    3100.00    4200.00     770.00   10788.71   
     0     29         41      12.54       4.10    4921.53    6150.00       0.00    1400.00   12471.53   
     1     29         41      12.54       4.10    1640.51    2050.00    6720.00    1400.00   11810.51   
     2     29         41      12.54       4.10    1640.51    2050.00    3680.00     640.00    8010.51   
     0     29         72      25.73       9.70   11642.33   10800.00       0.00    1400.00   23842.33   
     1     29         72      25.73       9.70    3880.78    3600.00    6720.00    1400.00   15600.78   
     2     29         72      25.73       9.70    3880.78    3600.00    3200.00     520.00   11200.78   
     0     29         51      15.65       5.32    6378.00    7650.00       0.00    1400.00   15428.00   
     1     29         51      15.65       5.32    2126.00    2550.00    6720.00    1400.00   12796.00   
     2     29         51      15.65       5.32    2126.00    2550.00    3720.00     650.00    9046.00   
     0     29         48      16.44       6.10    7318.60    7200.00       0.00    1400.00   15918.60   
     1     29         48      16.44       6.10    2439.53    2400.00    6720.00    1400.00   12959.53   
     2     29         48      16.44       6.10    2439.53    2400.00    3880.00     690.00    9409.53   
     0     29         43      14.24       4.97    5966.85    6450.00       0.00    1400.00   13816.85   
     1     29         43      14.24       4.97    1988.95    2150.00    6720.00    1400.00   12258.95   
     2     29         43      14.24       4.97    1988.95    2150.00    3200.00     520.00    7858.95   
     0     29         67      22.84       8.20    9842.05   10050.00       0.00    1400.00   21292.05   
     1     29         67      22.84       8.20    3280.68    3350.00    6720.00    1400.00   14750.68   
     2     29         67      22.84       8.20    3280.68    3350.00    2600.00     370.00    9600.68   
     0     29         53      18.69       6.92    8308.08    7950.00       0.00    1400.00   17658.08   
     1     29         53      18.69       6.92    2769.36    2650.00    6720.00    1400.00   13539.36   
     2     29         53      18.69       6.92    2769.36    2650.00    4160.00     760.00   10339.36   
     0     29         59      19.94       7.50    9001.53    8850.00       0.00    1400.00   19251.53   
     1     29         59      19.94       7.50    3000.51    2950.00    6720.00    1400.00   14070.51   
     2     29         59      19.94       7.50    3000.51    2950.00    3880.00     690.00   10520.51   
     0     29         58      17.74       5.92    7107.20    8700.00       0.00    1400.00   17207.20   
     1     29         58      17.74       5.92    2369.07    2900.00    6720.00    1400.00   13389.07   
     2     29         58      17.74       5.92    2369.07    2900.00    3720.00     650.00    9639.07   
     0     29         49      17.03       6.13    7358.42    7350.00       0.00    1400.00   16108.42   
     1     29         49      17.03       6.13    2452.81    2450.00    6720.00    1400.00   13022.81   
     2     29         49      17.03       6.13    2452.81    2450.00    4120.00     750.00    9772.81   
     0     29         61      18.79       6.60    7914.72    9150.00       0.00    1400.00   18464.72   
     1     29         61      18.79       6.60    2638.24    3050.00    6720.00    1400.00   13808.24   
     2     29         61      18.79       6.60    2638.24    3050.00    3960.00     710.00   10358.24   
     0     29         65      19.85       7.05    8459.49    9750.00       0.00    1400.00   19609.49   
     1     29         65      19.85       7.05    2819.83    3250.00    6720.00    1400.00   14189.83   
     2     29         65      19.85       7.05    2819.83    3250.00    3800.00     670.00   10539.83   
     0     29         54      15.97       5.33    6393.69    8100.00       0.00    1400.00   15893.69   
     1     29         54      15.97       5.33    2131.23    2700.00    6720.00    1400.00   12951.23   
     2     29         54      15.97       5.33    2131.23    2700.00    4080.00     740.00    9651.23   
     0     29         58      17.83       6.34    7610.37    8700.00       0.00    1400.00   17710.37   
     1     29         58      17.83       6.34    2536.79    2900.00    6720.00    1400.00   13556.79   
     2     29         58      17.83       6.34    2536.79    2900.00    3800.00     670.00    9906.79   
     0     29         57      16.14       5.38    6450.94    8550.00       0.00    1400.00   16400.94   
     1     29         57      16.14       5.38    2150.31    2850.00    6720.00    1400.00   13120.31   
     2     29         57      16.14       5.38    2150.31    2850.00    3280.00     540.00    8820.31   
     0     29         56      15.99       5.43    6521.65    8400.00       0.00    1400.00   16321.65   
     1     29         56      15.99       5.43    2173.88    2800.00    6720.00    1400.00   13093.88   
     2     29         56      15.99       5.43    2173.88    2800.00    2800.00     420.00    8193.88   
     0     29         61      20.51       7.44    8932.47    9150.00       0.00    1400.00   19482.47   
     1     29         61      20.51       7.44    2977.49    3050.00    6720.00    1400.00   14147.49   
     2     29         61      20.51       7.44    2977.49    3050.00    4200.00     770.00   10997.49   
     0     29         65      19.94       6.74    8092.52    9750.00       0.00    1400.00   19242.52   
     1     29         65      19.94       6.74    2697.51    3250.00    6720.00    1400.00   14067.51   
     2     29         65      19.94       6.74    2697.51    3250.00    3800.00     670.00   10417.51   
     0     29         54      17.39       6.09    7312.71    8100.00       0.00    1400.00   16812.71   
     1     29         54      17.39       6.09    2437.57    2700.00    6720.00    1400.00   13257.57   
     2     29         54      17.39       6.09    2437.57    2700.00    3200.00     520.00    8857.57   
     0     29         52      17.25       6.16    7394.57    7800.00       0.00    1400.00   16594.57   
     1     29         52      17.25       6.16    2464.86    2600.00    6720.00    1400.00   13184.86   
     2     29         52      17.25       6.16    2464.86    2600.00    3800.00     670.00    9534.86   
     0     29         48      15.47       5.48    6578.78    7200.00       0.00    1400.00   15178.78   
     1     29         48      15.47       5.48    2192.93    2400.00    6720.00    1400.00   12712.93   
     2     29         48      15.47       5.48    2192.93    2400.00    3280.00     540.00    8412.93   
     0     29         50      15.75       5.41    6486.59    7500.00       0.00    1400.00   15386.59   
     1     29         50      15.75       5.41    2162.20    2500.00    6720.00    1400.00   12782.20   
     2     29         50      15.75       5.41    2162.20    2500.00    3880.00     690.00    9232.20   
     0     29         42      12.02       4.06    4871.50    6300.00       0.00    1400.00   12571.50   
     1     29         42      12.02       4.06    1623.83    2100.00    6720.00    1400.00   11843.83   
     2     29         42      12.02       4.06    1623.83    2100.00    4160.00     760.00    8643.83   
     0     29         81      29.70      11.06   13277.38   12150.00       0.00    1400.00   26827.38   
     1     29         81      29.70      11.06    4425.79    4050.00    6720.00    1400.00   16595.79   
     2     29         81      29.70      11.06    4425.79    4050.00    3440.00     580.00   12495.79   
     0     29         45      12.90       4.20    5036.76    6750.00       0.00    1400.00   13186.76   
     1     29         45      12.90       4.20    1678.92    2250.00    6720.00    1400.00   12048.92   
     2     29         45      12.90       4.20    1678.92    2250.00    3760.00     660.00    8348.92   
     0     29         67      19.52       6.92    8307.67   10050.00       0.00    1400.00   19757.67   
     1     29         67      19.52       6.92    2769.22    3350.00    6720.00    1400.00   14239.22   
     2     29         67      19.52       6.92    2769.22    3350.00    4200.00     770.00   11089.22   
     0     29         47      13.90       4.77    5726.84    7050.00       0.00    1400.00   14176.84   
     1     29         47      13.90       4.77    1908.95    2350.00    6720.00    1400.00   12378.95   
     2     29         47      13.90       4.77    1908.95    2350.00    4200.00     770.00    9228.95   
     0     29         55      17.75       6.11    7333.78    8250.00       0.00    1400.00   16983.78   
     1     29         55      17.75       6.11    2444.59    2750.00    6720.00    1400.00   13314.59   
     2     29         55      17.75       6.11    2444.59    2750.00    2080.00     240.00    7514.59   
     0     29         46      15.72       5.78    6938.57    6900.00       0.00    1400.00   15238.57   
     1     29         46      15.72       5.78    2312.86    2300.00    6720.00    1400.00   12732.86   
     2     29         46      15.72       5.78    2312.86    2300.00    4040.00     730.00    9382.86   
     0     29         45      12.47       3.77    4521.84    6750.00       0.00    1400.00   12671.84   
     1     29         45      12.47       3.77    1507.28    2250.00    6720.00    1400.00   11877.28   
     2     29         45      12.47       3.77    1507.28    2250.00    4160.00     760.00    8677.28   
     0     29         58      18.73       6.84    8204.18    8700.00       0.00    1400.00   18304.18   
     1     29         58      18.73       6.84    2734.73    2900.00    6720.00    1400.00   13754.73   
     2     29         58      18.73       6.84    2734.73    2900.00    3320.00     550.00    9504.73   
     0     29         41      12.33       3.97    4766.05    6150.00       0.00    1400.00   12316.05   
     1     29         41      12.33       3.97    1588.68    2050.00    6720.00    1400.00   11758.68   
     2     29         41      12.33       3.97    1588.68    2050.00    3680.00     640.00    7958.68   
     0     29         59      20.65       7.48    8977.76    8850.00       0.00    1400.00   19227.76   
     1     29         59      20.65       7.48    2992.59    2950.00    6720.00    1400.00   14062.59   
     2     29         59      20.65       7.48    2992.59    2950.00    3240.00     530.00    9712.59   
