     0     35         54      16.04       5.45    6544.01    8100.00       0.00    1700.00   16344.01   
     1     35         54      16.04       5.45    2181.34    2700.00    8160.00    1700.00   14741.34   
     2     35         54      16.04       5.45    2181.34    2700.00    3440.00     520.00    8841.34   
     0     35         49      14.06       4.66    5593.66    7350.00       0.00    1700.00   14643.66   
     1     35         49      14.06       4.66    1864.55    2450.00    8160.00    1700.00   14174.55   
     2     35         49      14.06       4.66    1864.55    2450.00    4520.00     790.00    9624.55   
     0     35         49      15.48       5.26    6309.54    7350.00       0.00    1700.00   15359.54   
     1     35         49      15.48       5.26    2103.18    2450.00    8160.00    1700.00   14413.18   
     2     35         49      15.48       5.26    2103.18    2450.00    4680.00     830.00   10063.18   
     0     35         71      24.68       9.09   10910.15   10650.00       0.00    1700.00   23260.15   
     1     35         71      24.68       9.09    3636.72    3550.00    8160.00    1700.00   17046.72   
     2     35         71      24.68       9.09    3636.72    3550.00    4360.00     750.00   12296.72   
     0     35         48      14.07       4.58    5499.93    7200.00       0.00    1700.00   14399.93   
     1     35         48      14.07       4.58    1833.31    2400.00    8160.00    1700.00   14093.31   
     2     35         48      14.07       4.58    1833.31    2400.00    4640.00     820.00    9693.31   
     0     35         49      15.35       5.16    6197.73    7350.00       0.00    1700.00   15247.73   
     1     35         49      15.35       5.16    2065.91    2450.00    8160.00    1700.00   14375.91   
     2     35         49      15.35       5.16    2065.91    2450.00    4000.00     660.00    9175.91   
     0     35         61      20.06       7.25    8699.66    9150.00       0.00    1700.00   19549.66   
     1     35         61      20.06       7.25    2899.89    3050.00    8160.00    1700.00   15809.89   
     2     35         61      20.06       7.25    2899.89    3050.00    3200.00     460.00    9609.89   
     0     35         68      20.76       7.24    8691.80   10200.00       0.00    1700.00   20591.80   
     1     35         68      20.76       7.24    2897.27    3400.00    8160.00    1700.00   16157.27   
     2     35         68      20.76       7.24    2897.27    3400.00    3440.00     520.00   10257.27   
     0     35         69      22.07       7.77    9320.97   10350.00       0.00    1700.00   21370.97   
     1     35         69      22.07       7.77    3106.99    3450.00    8160.00    1700.00   16416.99   
     2     35         69      22.07       7.77    3106.99    3450.00    3560.00     550.00   10666.99   
     0     35         65      20.79       7.32    8785.39    9750.00       0.00    1700.00   20235.39   
     1     35         65      20.79       7.32    2928.46    3250.00    8160.00    1700.00   16038.46   
     2     35         65      20.79       7.32    2928.46    3250.00    4720.00     840.00   11738.46   
     0     35         57      19.74       7.37    8841.18    8550.00       0.00    1700.00   19091.18   
     1     35         57      19.74       7.37    2947.06    2850.00    8160.00    1700.00   15657.06   
     2     35         57      19.74       7.37    2947.06    2850.00    4760.00     850.00   11407.06   
     0     35         50      16.07       5.76    6906.68    7500.00       0.00    1700.00   16106.68   
     1     35         50      16.07       5.76    2302.23    2500.00    8160.00    1700.00   14662.23   
     2     35         50      16.07       5.76    2302.23    2500.00    5200.00     960.00   10962.23   
     0     35         59      19.27       6.59    7911.10    8850.00       0.00    1700.00   18461.10   
     1     35         59      19.27       6.59    2637.03    2950.00    8160.00    1700.00   15447.03   
     2     35         59      19.27       6.59    2637.03    2950.00    4120.00     690.00   10397.03   
     0     35         81      25.40       8.46   10151.26   12150.00       0.00    1700.00   24001.26   
     1     35         81      25.40       8.46    3383.75    4050.00    8160.00    1700.00   17293.75   
     2     35         81      25.40       8.46    3383.75    4050.00    3560.00     550.00   11543.75   
     0     35         69      23.96       8.79   10549.24   10350.00       0.00    1700.00   22599.24   
     1     35         69      23.96       8.79    3516.41    3450.00    8160.00    1700.00   16826.41   
     2     35         69      23.96       8.79    3516.41    3450.00    4680.00     830.00   12476.41   
     0     35         66      20.37       7.02    8421.84    9900.00       0.00    1700.00   20021.84   
     1     35         66      20.37       7.02    2807.28    3300.00    8160.00    1700.00   15967.28   
     2     35         66      20.37       7.02    2807.28    3300.00    3280.00     480.00    9867.28   
     0     35         54      18.33       6.84    8210.14    8100.00       0.00    1700.00   18010.14   
     1     35         54      18.33       6.84    2736.71    2700.00    8160.00    1700.00   15296.71   
     2     35         54      18.33       6.84    2736.71    2700.00    3240.00     470.00    9146.71   
     0     35         54      16.68       5.72    6864.88    8100.00       0.00    1700.00   16664.88   
     1     35         54      16.68       5.72    2288.29    2700.00    8160.00    1700.00   14848.29   
     2     35         54      16.68       5.72    2288.29    2700.00    3160.00     450.00    8598.29   
     0     35         58      18.51       6.33    7594.22    8700.00       0.00    1700.00   17994.22   
     1     35         58      18.51       6.33    2531.41    2900.00    8160.00    1700.00   15291.41   
     2     35         58      18.51       6.33    2531.41    2900.00    4880.00     880.00   11191.41   
     0     35         70      22.93       8.37   10042.08   10500.00       0.00    1700.00   22242.08   
     1     35         70      22.93       8.37    3347.36    3500.00    8160.00    1700.00   16707.36   
     2     35         70      22.93       8.37    3347.36    3500.00    4440.00     770.00   12057.36   
     0     35         63      20.28       7.15    8579.19    9450.00       0.00    1700.00   19729.19   
     1     35         63      20.28       7.15    2859.73    3150.00    8160.00    1700.00   15869.73   
     2     35         63      20.28       7.15    2859.73    3150.00    3520.00     540.00   10069.73   
     0     35         56      19.13       6.75    8100.83    8400.00       0.00    1700.00   18200.83   
     1     35         56      19.13       6.75    2700.28    2800.00    8160.00    1700.00   15360.28   
     2     35         56      19.13       6.75    2700.28    2800.00    4120.00     690.00   10310.28   
     0     35         63      18.92       6.32    7581.81    9450.00       0.00    1700.00   18731.81   
     1     35         63      18.92       6.32    2527.27    3150.00    8160.00    1700.00   15537.27   
     2     35         63      18.92       6.32    2527.27    3150.00    3440.00     520.00    9637.27   
     0     35         55      16.97       5.70    6835.42    8250.00       0.00    1700.00   16785.42   
     1     35         55      16.97       5.70    2278.47    2750.00    8160.00    1700.00   14888.47   
     2     35         55      16.97       5.70    2278.47    2750.00    4360.00     750.00   10138.47   
     0     35         60      21.67       8.16    9790.28    9000.00       0.00    1700.00   20490.28   
     1     35         60      21.67       8.16    3263.43    3000.00    8160.00    1700.00   16123.43   
     2     35         60      21.67       8.16    3263.43    3000.00    4760.00     850.00   11873.43   
     0     35         54      17.18       6.22    7463.88    8100.00       0.00    1700.00   17263.88   
     1     35         54      17.18       6.22    2487.96    2700.00    8160.00    1700.00   15047.96   
     2     35         54      17.18       6.22    2487.96    2700.00    2840.00     370.00    8397.96   
     0     35         47      15.41       5.47    6558.48    7050.00       0.00    1700.00   15308.48   
     1     35         47      15.41       5.47    2186.16    2350.00    8160.00    1700.00   14396.16   
     2     35         47      15.41       5.47    2186.16    2350.00    3200.00     460.00    8196.16   
     0     35         61      20.61       7.55    9056.69    9150.00       0.00    1700.00   19906.69   
     1     35         61      20.61       7.55    3018.90    3050.00    8160.00    1700.00   15928.90   
     2     35         61      20.61       7.55    3018.90    3050.00    4720.00     840.00   11628.90   
     0     35         51      16.25       5.89    7073.71    7650.00       0.00    1700.00   16423.71   
     1     35         51      16.25       5.89    2357.90    2550.00    8160.00    1700.00   14767.90   
     2     35         51      16.25       5.89    2357.90    2550.00    3280.00     480.00    8667.90   
     0     35         71      23.14       8.10    9723.87   10650.00       0.00    1700.00   22073.87   
     1     35         71      23.14       8.10    3241.29    3550.00    8160.00    1700.00   16651.29   
     2     35         71      23.14       8.10    3241.29    3550.00    3040.00     420.00   10251.29   
     0     35         50      14.81       4.90    5878.96    7500.00       0.00    1700.00   15078.96   
     1     35         50      14.81       4.90    1959.65    2500.00    8160.00    1700.00   14319.65   
     2     35         50      14.81       4.90    1959.65    2500.00    3320.00     490.00    8269.65   
     0     35         56      16.36       5.30    6354.30    8400.00       0.00    1700.00   16454.30   
     1     35         56      16.36       5.30    2118.10    2800.00    8160.00    1700.00   14778.10   
     2     35         56      16.36       5.30    2118.10    2800.00    3080.00     430.00    8428.10   
     0     35         70      22.89       8.21    9855.92   10500.00       0.00    1700.00   22055.92   
     1     35         70      22.89       8.21    3285.31    3500.00    8160.00    1700.00   16645.31   
     2     35         70      22.89       8.21    3285.31    3500.00    4000.00     660.00   11445.31   
     0     35         66      19.37       6.43    7712.03    9900.00       0.00    1700.00   19312.03   
     1     35         66      19.37       6.43    2570.68    3300.00    8160.00    1700.00   15730.68   
     2     35         66      19.37       6.43    2570.68    3300.00    4560.00     800.00   11230.68   
     0     35         62      19.27       6.76    8109.67    9300.00       0.00    1700.00   19109.67   
     1     35         62      19.27       6.76    2703.22    3100.00    8160.00    1700.00   15663.22   
     2     35         62      19.27       6.76    2703.22    3100.00    5040.00     920.00   11763.22   
     0     35         77      24.67       8.33    9995.32   11550.00       0.00    1700.00   23245.32   
     1     35         77      24.67       8.33    3331.77    3850.00    8160.00    1700.00   17041.77   
     2     35         77      24.67       8.33    3331.77    3850.00    3680.00     580.00   11441.77   
     0     35         64      22.32       8.32    9981.33    9600.00       0.00    1700.00   21281.33   
     1     35         64      22.32       8.32    3327.11    3200.00    8160.00    1700.00   16387.11   
     2     35         64      22.32       8.32    3327.11    3200.00    4400.00     760.00   11687.11   
     0     35         69      22.45       8.20    9844.61   10350.00       0.00    1700.00   21894.61   
     1     35         69      22.45       8.20    3281.54    3450.00    8160.00    1700.00   16591.54   
     2     35         69      22.45       8.20    3281.54    3450.00    5080.00     930.00   12741.54   
     0     35         51      15.41       5.34    6408.74    7650.00       0.00    1700.00   15758.74   
     1     35         51      15.41       5.34    2136.25    2550.00    8160.00    1700.00   14546.25   
     2     35         51      15.41       5.34    2136.25    2550.00    4360.00     750.00    9796.25   
     0     35         64      20.40       7.27    8723.90    9600.00       0.00    1700.00   20023.90   
     1     35         64      20.40       7.27    2907.97    3200.00    8160.00    1700.00   15967.97   
     2     35         64      20.40       7.27    2907.97    3200.00    4000.00     660.00   10767.97   
     0     35         56      16.89       5.83    6990.81    8400.00       0.00    1700.00   17090.81   
     1     35         56      16.89       5.83    2330.27    2800.00    8160.00    1700.00   14990.27   
     2     35         56      16.89       5.83    2330.27    2800.00    4160.00     700.00    9990.27   
     0     35         59      19.54       6.95    8334.59    8850.00       0.00    1700.00   18884.59   
     1     35         59      19.54       6.95    2778.20    2950.00    8160.00    1700.00   15588.20   
     2     35         59      19.54       6.95    2778.20    2950.00    4760.00     850.00   11338.20   
     0     35         66      22.21       7.87    9445.46    9900.00       0.00    1700.00   21045.46   
     1     35         66      22.21       7.87    3148.49    3300.00    8160.00    1700.00   16308.49   
     2     35         66      22.21       7.87    3148.49    3300.00    3000.00     410.00    9858.49   
     0     35         53      18.56       6.89    8268.91    7950.00       0.00    1700.00   17918.91   
     1     35         53      18.56       6.89    2756.30    2650.00    8160.00    1700.00   15266.30   
     2     35         53      18.56       6.89    2756.30    2650.00    4000.00     660.00   10066.30   
     0     35         63      18.75       6.13    7356.80    9450.00       0.00    1700.00   18506.80   
     1     35         63      18.75       6.13    2452.27    3150.00    8160.00    1700.00   15462.27   
     2     35         63      18.75       6.13    2452.27    3150.00    3760.00     600.00    9962.27   
     0     35         64      22.29       8.32    9982.69    9600.00       0.00    1700.00   21282.69   
     1     35         64      22.29       8.32    3327.56    3200.00    8160.00    1700.00   16387.56   
     2     35         64      22.29       8.32    3327.56    3200.00    4240.00     720.00   11487.56   
     0     35         56      18.05       6.36    7632.69    8400.00       0.00    1700.00   17732.69   
     1     35         56      18.05       6.36    2544.23    2800.00    8160.00    1700.00   15204.23   
     2     35         56      18.05       6.36    2544.23    2800.00    4280.00     730.00   10354.23   
     0     35         50      15.54       5.24    6288.41    7500.00       0.00    1700.00   15488.41   
     1     35         50      15.54       5.24    2096.14    2500.00    8160.00    1700.00   14456.14   
     2     35         50      15.54       5.24    2096.14    2500.00    4720.00     840.00   10156.14   
     0     35         59      17.24       5.90    7076.90    8850.00       0.00    1700.00   17626.90   
     1     35         59      17.24       5.90    2358.97    2950.00    8160.00    1700.00   15168.97   
     2     35         59      17.24       5.90    2358.97    2950.00    4880.00     880.00   11068.97   
     0     35         49      15.93       5.55    6657.79    7350.00       0.00    1700.00   15707.79   
     1     35         49      15.93       5.55    2219.26    2450.00    8160.00    1700.00   14529.26   
     2     35         49      15.93       5.55    2219.26    2450.00    3840.00     620.00    9129.26   
