     0     42         69      21.46       7.41    8894.69   10350.00       0.00    2050.00   21294.69   
     1     42         69      21.46       7.41    2964.90    3450.00    9840.00    2050.00   18304.90   
     2     42         69      21.46       7.41    2964.90    3450.00    4640.00     750.00   11804.90   
     0     42         81      27.49      10.16   12196.47   12150.00       0.00    2050.00   26396.47   
     1     42         81      27.49      10.16    4065.49    4050.00    9840.00    2050.00   20005.49   
     2     42         81      27.49      10.16    4065.49    4050.00    5920.00    1070.00   15105.49   
     0     42         64      20.28       7.04    8443.66    9600.00       0.00    2050.00   20093.66   
     1     42         64      20.28       7.04    2814.55    3200.00    9840.00    2050.00   17904.55   
     2     42         64      20.28       7.04    2814.55    3200.00    6200.00    1140.00   13354.55   
     0     42         75      24.51       8.59   10310.98   11250.00       0.00    2050.00   23610.98   
     1     42         75      24.51       8.59    3436.99    3750.00    9840.00    2050.00   19076.99   
     2     42         75      24.51       8.59    3436.99    3750.00    5600.00     990.00   13776.99   
     0     42        108      34.50      11.47   13762.14   16200.00       0.00    2050.00   32012.14   
     1     42        108      34.50      11.47    4587.38    5400.00    9840.00    2050.00   21877.38   
     2     42        108      34.50      11.47    4587.38    5400.00    4520.00     720.00   15227.38   
     0     42         80      26.94      10.12   12148.24   12000.00       0.00    2050.00   26198.24   
     1     42         80      26.94      10.12    4049.41    4000.00    9840.00    2050.00   19939.41   
     2     42         80      26.94      10.12    4049.41    4000.00    4480.00     710.00   13239.41   
     0     42         62      17.35       6.00    7201.36    9300.00       0.00    2050.00   18551.36   
     1     42         62      17.35       6.00    2400.45    3100.00    9840.00    2050.00   17390.45   
     2     42         62      17.35       6.00    2400.45    3100.00    4800.00     790.00   11090.45   
     0     42         86      25.94       9.00   10799.28   12900.00       0.00    2050.00   25749.28   
     1     42         86      25.94       9.00    3599.76    4300.00    9840.00    2050.00   19789.76   
     2     42         86      25.94       9.00    3599.76    4300.00    5680.00    1010.00   14589.76   
     0     42         58      17.80       5.71    6854.15    8700.00       0.00    2050.00   17604.15   
     1     42         58      17.80       5.71    2284.72    2900.00    9840.00    2050.00   17074.72   
     2     42         58      17.80       5.71    2284.72    2900.00    4360.00     680.00   10224.72   
     0     42         60      18.72       6.54    7851.28    9000.00       0.00    2050.00   18901.28   
     1     42         60      18.72       6.54    2617.09    3000.00    9840.00    2050.00   17507.09   
     2     42         60      18.72       6.54    2617.09    3000.00    3920.00     570.00   10107.09   
     0     42         71      21.70       7.67    9206.23   10650.00       0.00    2050.00   21906.23   
     1     42         71      21.70       7.67    3068.74    3550.00    9840.00    2050.00   18508.74   
     2     42         71      21.70       7.67    3068.74    3550.00    5240.00     900.00   12758.74   
     0     42         63      19.41       6.67    7999.57    9450.00       0.00    2050.00   19499.57   
     1     42         63      19.41       6.67    2666.52    3150.00    9840.00    2050.00   17706.52   
     2     42         63      19.41       6.67    2666.52    3150.00    4200.00     640.00   10656.52   
     0     42         74      23.41       8.24    9884.41   11100.00       0.00    2050.00   23034.41   
     1     42         74      23.41       8.24    3294.80    3700.00    9840.00    2050.00   18884.80   
     2     42         74      23.41       8.24    3294.80    3700.00    5800.00    1040.00   13834.80   
     0     42         77      26.08       9.98   11979.59   11550.00       0.00    2050.00   25579.59   
     1     42         77      26.08       9.98    3993.20    3850.00    9840.00    2050.00   19733.20   
     2     42         77      26.08       9.98    3993.20    3850.00    5960.00    1080.00   14883.20   
     0     42         93      30.65      11.11   13330.06   13950.00       0.00    2050.00   29330.06   
     1     42         93      30.65      11.11    4443.35    4650.00    9840.00    2050.00   20983.35   
     2     42         93      30.65      11.11    4443.35    4650.00    5320.00     920.00   15333.35   
     0     42         74      24.93       8.99   10784.06   11100.00       0.00    2050.00   23934.06   
     1     42         74      24.93       8.99    3594.69    3700.00    9840.00    2050.00   19184.69   
     2     42         74      24.93       8.99    3594.69    3700.00    5280.00     910.00   13484.69   
     0     42         71      22.32       7.77    9325.19   10650.00       0.00    2050.00   22025.19   
     1     42         71      22.32       7.77    3108.40    3550.00    9840.00    2050.00   18548.40   
     2     42         71      22.32       7.77    3108.40    3550.00    3400.00     440.00   10498.40   
     0     42         81      25.32       9.26   11116.49   12150.00       0.00    2050.00   25316.49   
     1     42         81      25.32       9.26    3705.50    4050.00    9840.00    2050.00   19645.50   
     2     42         81      25.32       9.26    3705.50    4050.00    4680.00     760.00   13195.50   
     0     42         62      19.35       6.53    7834.07    9300.00       0.00    2050.00   19184.07   
     1     42         62      19.35       6.53    2611.36    3100.00    9840.00    2050.00   17601.36   
     2     42         62      19.35       6.53    2611.36    3100.00    5760.00    1030.00   12501.36   
     0     42         86      28.21      10.22   12259.60   12900.00       0.00    2050.00   27209.60   
     1     42         86      28.21      10.22    4086.53    4300.00    9840.00    2050.00   20276.53   
     2     42         86      28.21      10.22    4086.53    4300.00    5360.00     930.00   14676.53   
     0     42         84      25.76       8.67   10406.79   12600.00       0.00    2050.00   25056.79   
     1     42         84      25.76       8.67    3468.93    4200.00    9840.00    2050.00   19558.93   
     2     42         84      25.76       8.67    3468.93    4200.00    5040.00     850.00   13558.93   
     0     42         74      24.79       9.11   10927.03   11100.00       0.00    2050.00   24077.03   
     1     42         74      24.79       9.11    3642.34    3700.00    9840.00    2050.00   19232.34   
     2     42         74      24.79       9.11    3642.34    3700.00    5960.00    1080.00   14382.34   
     0     42         67      21.04       7.26    8715.00   10050.00       0.00    2050.00   20815.00   
     1     42         67      21.04       7.26    2905.00    3350.00    9840.00    2050.00   18145.00   
     2     42         67      21.04       7.26    2905.00    3350.00    4800.00     790.00   11845.00   
     0     42         75      22.42       7.86    9432.44   11250.00       0.00    2050.00   22732.44   
     1     42         75      22.42       7.86    3144.15    3750.00    9840.00    2050.00   18784.15   
     2     42         75      22.42       7.86    3144.15    3750.00    4000.00     590.00   11484.15   
     0     42        104      32.70      12.13   14557.20   15600.00       0.00    2050.00   32207.20   
     1     42        104      32.70      12.13    4852.40    5200.00    9840.00    2050.00   21942.40   
     2     42        104      32.70      12.13    4852.40    5200.00    5560.00     980.00   16592.40   
     0     42         86      29.80      11.33   13598.47   12900.00       0.00    2050.00   28548.47   
     1     42         86      29.80      11.33    4532.82    4300.00    9840.00    2050.00   20722.82   
     2     42         86      29.80      11.33    4532.82    4300.00    4000.00     590.00   13422.82   
     0     42         67      21.29       7.17    8608.60   10050.00       0.00    2050.00   20708.60   
     1     42         67      21.29       7.17    2869.53    3350.00    9840.00    2050.00   18109.53   
     2     42         67      21.29       7.17    2869.53    3350.00    3360.00     430.00   10009.53   
     0     42         62      18.12       6.28    7530.99    9300.00       0.00    2050.00   18880.99   
     1     42         62      18.12       6.28    2510.33    3100.00    9840.00    2050.00   17500.33   
     2     42         62      18.12       6.28    2510.33    3100.00    6160.00    1130.00   12900.33   
     0     42         70      22.06       8.01    9607.67   10500.00       0.00    2050.00   22157.67   
     1     42         70      22.06       8.01    3202.56    3500.00    9840.00    2050.00   18592.56   
     2     42         70      22.06       8.01    3202.56    3500.00    5040.00     850.00   12592.56   
     0     42         56      17.54       6.07    7286.68    8400.00       0.00    2050.00   17736.68   
     1     42         56      17.54       6.07    2428.89    2800.00    9840.00    2050.00   17118.89   
     2     42         56      17.54       6.07    2428.89    2800.00    4720.00     770.00   10718.89   
     0     42         64      21.55       7.91    9487.79    9600.00       0.00    2050.00   21137.79   
     1     42         64      21.55       7.91    3162.60    3200.00    9840.00    2050.00   18252.60   
     2     42         64      21.55       7.91    3162.60    3200.00    4480.00     710.00   11552.60   
     0     42         68      21.05       7.27    8720.31   10200.00       0.00    2050.00   20970.31   
     1     42         68      21.05       7.27    2906.77    3400.00    9840.00    2050.00   18196.77   
     2     42         68      21.05       7.27    2906.77    3400.00    5280.00     910.00   12496.77   
     0     42         86      26.96       9.59   11510.76   12900.00       0.00    2050.00   26460.76   
     1     42         86      26.96       9.59    3836.92    4300.00    9840.00    2050.00   20026.92   
     2     42         86      26.96       9.59    3836.92    4300.00    6040.00    1100.00   15276.92   
     0     42         66      19.08       6.56    7872.93    9900.00       0.00    2050.00   19822.93   
     1     42         66      19.08       6.56    2624.31    3300.00    9840.00    2050.00   17814.31   
     2     42         66      19.08       6.56    2624.31    3300.00    3440.00     450.00    9814.31   
     0     42         54      16.94       5.94    7129.29    8100.00       0.00    2050.00   17279.29   
     1     42         54      16.94       5.94    2376.43    2700.00    9840.00    2050.00   16966.43   
     2     42         54      16.94       5.94    2376.43    2700.00    4840.00     800.00   10716.43   
     0     42         88      29.04      10.46   12552.90   13200.00       0.00    2050.00   27802.90   
     1     42         88      29.04      10.46    4184.30    4400.00    9840.00    2050.00   20474.30   
     2     42         88      29.04      10.46    4184.30    4400.00    4720.00     770.00   14074.30   
     0     42        107      33.02      11.18   13416.02   16050.00       0.00    2050.00   31516.02   
     1     42        107      33.02      11.18    4472.01    5350.00    9840.00    2050.00   21712.01   
     2     42        107      33.02      11.18    4472.01    5350.00    5160.00     880.00   15862.01   
     0     42        110      40.16      15.31   18372.90   16500.00       0.00    2050.00   36922.90   
     1     42        110      40.16      15.31    6124.30    5500.00    9840.00    2050.00   23514.30   
     2     42        110      40.16      15.31    6124.30    5500.00    5920.00    1070.00   18614.30   
     0     42         79      24.60       8.96   10757.05   11850.00       0.00    2050.00   24657.05   
     1     42         79      24.60       8.96    3585.68    3950.00    9840.00    2050.00   19425.68   
     2     42         79      24.60       8.96    3585.68    3950.00    5200.00     890.00   13625.68   
     0     42         63      18.61       6.15    7376.22    9450.00       0.00    2050.00   18876.22   
     1     42         63      18.61       6.15    2458.74    3150.00    9840.00    2050.00   17498.74   
     2     42         63      18.61       6.15    2458.74    3150.00    4840.00     800.00   11248.74   
     0     42         58      18.24       6.38    7660.65    8700.00       0.00    2050.00   18410.65   
     1     42         58      18.24       6.38    2553.55    2900.00    9840.00    2050.00   17343.55   
     2     42         58      18.24       6.38    2553.55    2900.00    5280.00     910.00   11643.55   
     0     42         65      18.75       6.56    7877.28    9750.00       0.00    2050.00   19677.28   
     1     42         65      18.75       6.56    2625.76    3250.00    9840.00    2050.00   17765.76   
     2     42         65      18.75       6.56    2625.76    3250.00    6080.00    1110.00   13065.76   
     0     42         59      18.17       6.17    7400.32    8850.00       0.00    2050.00   18300.32   
     1     42         59      18.17       6.17    2466.77    2950.00    9840.00    2050.00   17306.77   
     2     42         59      18.17       6.17    2466.77    2950.00    3200.00     390.00    9006.77   
     0     42         61      17.94       6.04    7250.07    9150.00       0.00    2050.00   18450.07   
     1     42         61      17.94       6.04    2416.69    3050.00    9840.00    2050.00   17356.69   
     2     42         61      17.94       6.04    2416.69    3050.00    4960.00     830.00   11256.69   
     0     42         63      20.47       7.33    8794.38    9450.00       0.00    2050.00   20294.38   
     1     42         63      20.47       7.33    2931.46    3150.00    9840.00    2050.00   17971.46   
     2     42         63      20.47       7.33    2931.46    3150.00    5000.00     840.00   11921.46   
     0     42         99      35.40      13.29   15943.42   14850.00       0.00    2050.00   32843.42   
     1     42         99      35.40      13.29    5314.47    4950.00    9840.00    2050.00   22154.47   
     2     42         99      35.40      13.29    5314.47    4950.00    4600.00     740.00   15604.47   
     0     42         71      21.12       7.33    8801.75   10650.00       0.00    2050.00   21501.75   
     1     42         71      21.12       7.33    2933.92    3550.00    9840.00    2050.00   18373.92   
     2     42         71      21.12       7.33    2933.92    3550.00    4240.00     650.00   11373.92   
     0     42         58      16.85       5.63    6761.65    8700.00       0.00    2050.00   17511.65   
     1     42         58      16.85       5.63    2253.88    2900.00    9840.00    2050.00   17043.88   
     2     42         58      16.85       5.63    2253.88    2900.00    5080.00     860.00   11093.88   
     0     42         78      25.81       9.09   10906.65   11700.00       0.00    2050.00   24656.65   
     1     42         78      25.81       9.09    3635.55    3900.00    9840.00    2050.00   19425.55   
     2     42         78      25.81       9.09    3635.55    3900.00    3760.00     530.00   11825.55   
     0     42         74      23.10       8.23    9879.09   11100.00       0.00    2050.00   23029.09   
     1     42         74      23.10       8.23    3293.03    3700.00    9840.00    2050.00   18883.03   
     2     42         74      23.10       8.23    3293.03    3700.00    5240.00     900.00   13133.03   
