     0      6         11       4.48       1.85    2222.44    1650.00       0.00     250.00    4122.44   
     1      6         11       4.48       1.85     740.81     550.00    1200.00     250.00    2740.81   
     2      6         11       4.48       1.85     740.81     550.00     440.00      60.00    1790.81   
     0      6          7       2.06       0.66     791.37    1050.00       0.00     250.00    2091.37   
     1      6          7       2.06       0.66     263.79     350.00    1200.00     250.00    2063.79   
     2      6          7       2.06       0.66     263.79     350.00     640.00     110.00    1363.79   
     0      6          6       1.20       0.32     385.86     900.00       0.00     250.00    1535.86   
     1      6          6       1.20       0.32     128.62     300.00    1200.00     250.00    1878.62   
     2      6          6       1.20       0.32     128.62     300.00     400.00      50.00     878.62   
     0      6          8       2.36       0.77     929.00    1200.00       0.00     250.00    2379.00   
     1      6          8       2.36       0.77     309.67     400.00    1200.00     250.00    2159.67   
     2      6          8       2.36       0.77     309.67     400.00     680.00     120.00    1509.67   
     0      6          9       3.31       1.27    1525.87    1350.00       0.00     250.00    3125.87   
     1      6          9       3.31       1.27     508.62     450.00    1200.00     250.00    2408.62   
     2      6          9       3.31       1.27     508.62     450.00     760.00     140.00    1858.62   
     0      6          8       2.45       0.76     908.52    1200.00       0.00     250.00    2358.52   
     1      6          8       2.45       0.76     302.84     400.00    1200.00     250.00    2152.84   
     2      6          8       2.45       0.76     302.84     400.00     680.00     120.00    1502.84   
     0      6          8       2.43       0.76     912.79    1200.00       0.00     250.00    2362.79   
     1      6          8       2.43       0.76     304.26     400.00    1200.00     250.00    2154.26   
     2      6          8       2.43       0.76     304.26     400.00     720.00     130.00    1554.26   
     0      6         14       4.31       1.47    1759.87    2100.00       0.00     250.00    4109.87   
     1      6         14       4.31       1.47     586.62     700.00    1200.00     250.00    2736.62   
     2      6         14       4.31       1.47     586.62     700.00     640.00     110.00    2036.62   
     0      6          7       2.46       0.91    1092.17    1050.00       0.00     250.00    2392.17   
     1      6          7       2.46       0.91     364.06     350.00    1200.00     250.00    2164.06   
     2      6          7       2.46       0.91     364.06     350.00     600.00     100.00    1414.06   
     0      6          7       2.45       0.87    1046.51    1050.00       0.00     250.00    2346.51   
     1      6          7       2.45       0.87     348.84     350.00    1200.00     250.00    2148.84   
     2      6          7       2.45       0.87     348.84     350.00     560.00      90.00    1348.84   
     0     11         15       4.26       1.45    1745.42    2250.00       0.00     500.00    4495.42   
     1     11         15       4.26       1.45     581.81     750.00    2400.00     500.00    4231.81   
     2     11         15       4.26       1.45     581.81     750.00    1360.00     240.00    2931.81   
     0     11         18       5.12       1.54    1847.59    2700.00       0.00     500.00    5047.59   
     1     11         18       5.12       1.54     615.86     900.00    2400.00     500.00    4415.86   
     2     11         18       5.12       1.54     615.86     900.00    1080.00     170.00    2765.86   
     0     11         18       5.25       1.64    1967.89    2700.00       0.00     500.00    5167.89   
     1     11         18       5.25       1.64     655.96     900.00    2400.00     500.00    4455.96   
     2     11         18       5.25       1.64     655.96     900.00    1600.00     300.00    3455.96   
     0     11         16       5.23       1.75    2103.25    2400.00       0.00     500.00    5003.25   
     1     11         16       5.23       1.75     701.08     800.00    2400.00     500.00    4401.08   
     2     11         16       5.23       1.75     701.08     800.00     920.00     130.00    2551.08   
     0     11         20       6.68       2.43    2913.57    3000.00       0.00     500.00    6413.57   
     1     11         20       6.68       2.43     971.19    1000.00    2400.00     500.00    4871.19   
     2     11         20       6.68       2.43     971.19    1000.00    1440.00     260.00    3671.19   
     0     11         16       5.29       1.81    2170.81    2400.00       0.00     500.00    5070.81   
     1     11         16       5.29       1.81     723.60     800.00    2400.00     500.00    4423.60   
     2     11         16       5.29       1.81     723.60     800.00    1600.00     300.00    3423.60   
     0     11         22       6.34       2.31    2775.87    3300.00       0.00     500.00    6575.87   
     1     11         22       6.34       2.31     925.29    1100.00    2400.00     500.00    4925.29   
     2     11         22       6.34       2.31     925.29    1100.00    1000.00     150.00    3175.29   
     0     11         17       5.60       2.00    2401.48    2550.00       0.00     500.00    5451.48   
     1     11         17       5.60       2.00     800.49     850.00    2400.00     500.00    4550.49   
     2     11         17       5.60       2.00     800.49     850.00    1160.00     190.00    3000.49   
     0     11         21       6.73       2.36    2830.05    3150.00       0.00     500.00    6480.05   
     1     11         21       6.73       2.36     943.35    1050.00    2400.00     500.00    4893.35   
     2     11         21       6.73       2.36     943.35    1050.00    1160.00     190.00    3343.35   
     0     11         13       4.43       1.57    1878.26    1950.00       0.00     500.00    4328.26   
     1     11         13       4.43       1.57     626.09     650.00    2400.00     500.00    4176.09   
     2     11         13       4.43       1.57     626.09     650.00     840.00     110.00    2226.09   
     0     16         30      10.34       3.76    4516.37    4500.00       0.00     750.00    9766.37   
     1     16         30      10.34       3.76    1505.46    1500.00    3600.00     750.00    7355.46   
     2     16         30      10.34       3.76    1505.46    1500.00    2000.00     350.00    5355.46   
     0     16         28       8.99       3.04    3647.77    4200.00       0.00     750.00    8597.77   
     1     16         28       8.99       3.04    1215.92    1400.00    3600.00     750.00    6965.92   
     2     16         28       8.99       3.04    1215.92    1400.00    2200.00     400.00    5215.92   
     0     16         25       7.48       2.45    2936.95    3750.00       0.00     750.00    7436.95   
     1     16         25       7.48       2.45     978.98    1250.00    3600.00     750.00    6578.98   
     2     16         25       7.48       2.45     978.98    1250.00    1880.00     320.00    4428.98   
     0     16         26       8.32       2.93    3511.45    3900.00       0.00     750.00    8161.45   
     1     16         26       8.32       2.93    1170.48    1300.00    3600.00     750.00    6820.48   
     2     16         26       8.32       2.93    1170.48    1300.00    2120.00     380.00    4970.48   
     0     16         28       8.41       2.76    3317.96    4200.00       0.00     750.00    8267.96   
     1     16         28       8.41       2.76    1105.99    1400.00    3600.00     750.00    6855.99   
     2     16         28       8.41       2.76    1105.99    1400.00    1840.00     310.00    4655.99   
     0     16         19       6.20       2.12    2545.84    2850.00       0.00     750.00    6145.84   
     1     16         19       6.20       2.12     848.61     950.00    3600.00     750.00    6148.61   
     2     16         19       6.20       2.12     848.61     950.00    2040.00     360.00    4198.61   
     0     16         18       5.72       1.95    2337.76    2700.00       0.00     750.00    5787.76   
     1     16         18       5.72       1.95     779.25     900.00    3600.00     750.00    6029.25   
     2     16         18       5.72       1.95     779.25     900.00    1120.00     130.00    2929.25   
     0     16         52      17.38       6.12    7349.14    7800.00       0.00     750.00   15899.14   
     1     16         52      17.38       6.12    2449.71    2600.00    3600.00     750.00    9399.71   
     2     16         52      17.38       6.12    2449.71    2600.00    1720.00     280.00    7049.71   
     0     16         30       9.42       3.06    3671.08    4500.00       0.00     750.00    8921.08   
     1     16         30       9.42       3.06    1223.69    1500.00    3600.00     750.00    7073.69   
     2     16         30       9.42       3.06    1223.69    1500.00    2160.00     390.00    5273.69   
     0     16         31       9.02       2.98    3577.11    4650.00       0.00     750.00    8977.11   
     1     16         31       9.02       2.98    1192.37    1550.00    3600.00     750.00    7092.37   
     2     16         31       9.02       2.98    1192.37    1550.00    1680.00     270.00    4692.37   
     0     21         38      11.08       3.58    4292.70    5700.00       0.00    1000.00   10992.70   
     1     21         38      11.08       3.58    1430.90    1900.00    4800.00    1000.00    9130.90   
     2     21         38      11.08       3.58    1430.90    1900.00    1960.00     290.00    5580.90   
     0     21         32       9.67       3.30    3962.54    4800.00       0.00    1000.00    9762.54   
     1     21         32       9.67       3.30    1320.85    1600.00    4800.00    1000.00    8720.85   
     2     21         32       9.67       3.30    1320.85    1600.00    2400.00     400.00    5720.85   
     0     21         37      10.22       3.63    4356.76    5550.00       0.00    1000.00   10906.76   
     1     21         37      10.22       3.63    1452.25    1850.00    4800.00    1000.00    9102.25   
     2     21         37      10.22       3.63    1452.25    1850.00    1960.00     290.00    5552.25   
     0     21         34       9.85       3.02    3624.86    5100.00       0.00    1000.00    9724.86   
     1     21         34       9.85       3.02    1208.29    1700.00    4800.00    1000.00    8708.29   
     2     21         34       9.85       3.02    1208.29    1700.00    2920.00     530.00    6358.29   
     0     21         28       8.13       2.61    3132.71    4200.00       0.00    1000.00    8332.71   
     1     21         28       8.13       2.61    1044.24    1400.00    4800.00    1000.00    8244.24   
     2     21         28       8.13       2.61    1044.24    1400.00    2760.00     490.00    5694.24   
     0     21         38      12.82       4.59    5510.11    5700.00       0.00    1000.00   12210.11   
     1     21         38      12.82       4.59    1836.70    1900.00    4800.00    1000.00    9536.70   
     2     21         38      12.82       4.59    1836.70    1900.00    2080.00     320.00    6136.70   
     0     21         36      10.90       3.65    4382.18    5400.00       0.00    1000.00   10782.18   
     1     21         36      10.90       3.65    1460.73    1800.00    4800.00    1000.00    9060.73   
     2     21         36      10.90       3.65    1460.73    1800.00    2280.00     370.00    5910.73   
     0     21         44      14.99       5.42    6501.42    6600.00       0.00    1000.00   14101.42   
     1     21         44      14.99       5.42    2167.14    2200.00    4800.00    1000.00   10167.14   
     2     21         44      14.99       5.42    2167.14    2200.00    1680.00     220.00    6267.14   
     0     21         30       8.95       2.98    3579.95    4500.00       0.00    1000.00    9079.95   
     1     21         30       8.95       2.98    1193.32    1500.00    4800.00    1000.00    8493.32   
     2     21         30       8.95       2.98    1193.32    1500.00    1880.00     270.00    4843.32   
     0     21         41      14.55       5.43    6515.48    6150.00       0.00    1000.00   13665.48   
     1     21         41      14.55       5.43    2171.83    2050.00    4800.00    1000.00   10021.83   
     2     21         41      14.55       5.43    2171.83    2050.00    2640.00     460.00    7321.83   
     0     26         38      11.79       4.03    4834.16    5700.00       0.00    1250.00   11784.16   
     1     26         38      11.79       4.03    1611.39    1900.00    6000.00    1250.00   10761.39   
     2     26         38      11.79       4.03    1611.39    1900.00    3880.00     720.00    8111.39   
     0     26         42      12.08       4.08    4895.81    6300.00       0.00    1250.00   12445.81   
     1     26         42      12.08       4.08    1631.94    2100.00    6000.00    1250.00   10981.94   
     2     26         42      12.08       4.08    1631.94    2100.00    3040.00     510.00    7281.94   
     0     26         35      10.57       3.62    4347.16    5250.00       0.00    1250.00   10847.16   
     1     26         35      10.57       3.62    1449.05    1750.00    6000.00    1250.00   10449.05   
     2     26         35      10.57       3.62    1449.05    1750.00    2720.00     430.00    6349.05   
     0     26         41      12.97       4.37    5243.40    6150.00       0.00    1250.00   12643.40   
     1     26         41      12.97       4.37    1747.80    2050.00    6000.00    1250.00   11047.80   
     2     26         41      12.97       4.37    1747.80    2050.00    2960.00     490.00    7247.80   
     0     26         46      14.85       5.51    6611.67    6900.00       0.00    1250.00   14761.67   
     1     26         46      14.85       5.51    2203.89    2300.00    6000.00    1250.00   11753.89   
     2     26         46      14.85       5.51    2203.89    2300.00    2600.00     400.00    7503.89   
     0     26         48      15.26       5.52    6629.49    7200.00       0.00    1250.00   15079.49   
     1     26         48      15.26       5.52    2209.83    2400.00    6000.00    1250.00   11859.83   
     2     26         48      15.26       5.52    2209.83    2400.00    3800.00     700.00    9109.83   
     0     26         67      18.23       5.60    6721.28   10050.00       0.00    1250.00   18021.28   
     1     26         67      18.23       5.60    2240.43    3350.00    6000.00    1250.00   12840.43   
     2     26         67      18.23       5.60    2240.43    3350.00    2720.00     430.00    8740.43   
     0     26         47      12.90       4.39    5263.94    7050.00       0.00    1250.00   13563.94   
     1     26         47      12.90       4.39    1754.65    2350.00    6000.00    1250.00   11354.65   
     2     26         47      12.90       4.39    1754.65    2350.00    2680.00     420.00    7204.65   
     0     26         40      12.48       4.36    5232.03    6000.00       0.00    1250.00   12482.03   
     1     26         40      12.48       4.36    1744.01    2000.00    6000.00    1250.00   10994.01   
     2     26         40      12.48       4.36    1744.01    2000.00    3480.00     620.00    7844.01   
     0     26         55      15.54       5.10    6124.17    8250.00       0.00    1250.00   15624.17   
     1     26         55      15.54       5.10    2041.39    2750.00    6000.00    1250.00   12041.39   
     2     26         55      15.54       5.10    2041.39    2750.00    3280.00     570.00    8641.39   
     0     31         59      18.12       6.27    7523.07    8850.00       0.00    1500.00   17873.07   
     1     31         59      18.12       6.27    2507.69    2950.00    7200.00    1500.00   14157.69   
     2     31         59      18.12       6.27    2507.69    2950.00    4240.00     760.00   10457.69   
     0     31         57      17.81       5.93    7116.41    8550.00       0.00    1500.00   17166.41   
     1     31         57      17.81       5.93    2372.14    2850.00    7200.00    1500.00   13922.14   
     2     31         57      17.81       5.93    2372.14    2850.00    3120.00     480.00    8822.14   
     0     31         50      15.45       5.37    6441.43    7500.00       0.00    1500.00   15441.43   
     1     31         50      15.45       5.37    2147.14    2500.00    7200.00    1500.00   13347.14   
     2     31         50      15.45       5.37    2147.14    2500.00    2600.00     350.00    7597.14   
     0     31         59      18.59       6.56    7873.54    8850.00       0.00    1500.00   18223.54   
     1     31         59      18.59       6.56    2624.51    2950.00    7200.00    1500.00   14274.51   
     2     31         59      18.59       6.56    2624.51    2950.00    3600.00     600.00    9774.51   
     0     31         54      17.59       6.35    7615.85    8100.00       0.00    1500.00   17215.85   
     1     31         54      17.59       6.35    2538.62    2700.00    7200.00    1500.00   13938.62   
     2     31         54      17.59       6.35    2538.62    2700.00    2720.00     380.00    8338.62   
     0     31         42      11.61       3.88    4658.38    6300.00       0.00    1500.00   12458.38   
     1     31         42      11.61       3.88    1552.79    2100.00    7200.00    1500.00   12352.79   
     2     31         42      11.61       3.88    1552.79    2100.00    4400.00     800.00    8852.79   
     0     31         46      13.14       4.46    5356.19    6900.00       0.00    1500.00   13756.19   
     1     31         46      13.14       4.46    1785.40    2300.00    7200.00    1500.00   12785.40   
     2     31         46      13.14       4.46    1785.40    2300.00    3440.00     560.00    8085.40   
     0     31         44      15.07       5.61    6732.60    6600.00       0.00    1500.00   14832.60   
     1     31         44      15.07       5.61    2244.20    2200.00    7200.00    1500.00   13144.20   
     2     31         44      15.07       5.61    2244.20    2200.00    3040.00     460.00    7944.20   
     0     31         40      12.19       4.21    5047.12    6000.00       0.00    1500.00   12547.12   
     1     31         40      12.19       4.21    1682.37    2000.00    7200.00    1500.00   12382.37   
     2     31         40      12.19       4.21    1682.37    2000.00    4480.00     820.00    8982.37   
     0     31         54      16.49       5.90    7085.28    8100.00       0.00    1500.00   16685.28   
     1     31         54      16.49       5.90    2361.76    2700.00    7200.00    1500.00   13761.76   
     2     31         54      16.49       5.90    2361.76    2700.00    3120.00     480.00    8661.76   
     0     36         51      14.70       4.90    5879.08    7650.00       0.00    1750.00   15279.08   
     1     36         51      14.70       4.90    1959.69    2550.00    8400.00    1750.00   14659.69   
     2     36         51      14.70       4.90    1959.69    2550.00    4080.00     670.00    9259.69   
     0     36         63      20.26       7.23    8673.00    9450.00       0.00    1750.00   19873.00   
     1     36         63      20.26       7.23    2891.00    3150.00    8400.00    1750.00   16191.00   
     2     36         63      20.26       7.23    2891.00    3150.00    5280.00     970.00   12291.00   
     0     36         68      21.08       7.76    9310.56   10200.00       0.00    1750.00   21260.56   
     1     36         68      21.08       7.76    3103.52    3400.00    8400.00    1750.00   16653.52   
     2     36         68      21.08       7.76    3103.52    3400.00    2680.00     320.00    9503.52   
     0     36         53      16.38       5.72    6860.58    7950.00       0.00    1750.00   16560.58   
     1     36         53      16.38       5.72    2286.86    2650.00    8400.00    1750.00   15086.86   
     2     36         53      16.38       5.72    2286.86    2650.00    4160.00     690.00    9786.86   
     0     36         44      13.11       4.51    5406.07    6600.00       0.00    1750.00   13756.07   
     1     36         44      13.11       4.51    1802.02    2200.00    8400.00    1750.00   14152.02   
     2     36         44      13.11       4.51    1802.02    2200.00    3160.00     440.00    7602.02   
     0     36         49      13.25       4.30    5157.06    7350.00       0.00    1750.00   14257.06   
     1     36         49      13.25       4.30    1719.02    2450.00    8400.00    1750.00   14319.02   
     2     36         49      13.25       4.30    1719.02    2450.00    4160.00     690.00    9019.02   
     0     36         70      21.97       7.53    9037.75   10500.00       0.00    1750.00   21287.75   
     1     36         70      21.97       7.53    3012.58    3500.00    8400.00    1750.00   16662.58   
     2     36         70      21.97       7.53    3012.58    3500.00    4200.00     700.00   11412.58   
     0     36         63      18.25       6.03    7237.24    9450.00       0.00    1750.00   18437.24   
     1     36         63      18.25       6.03    2412.41    3150.00    8400.00    1750.00   15712.41   
     2     36         63      18.25       6.03    2412.41    3150.00    3520.00     530.00    9612.41   
     0     36         59      17.58       5.94    7133.05    8850.00       0.00    1750.00   17733.05   
     1     36         59      17.58       5.94    2377.68    2950.00    8400.00    1750.00   15477.68   
     2     36         59      17.58       5.94    2377.68    2950.00    5160.00     940.00   11427.68   
     0     36         55      17.38       6.22    7466.67    8250.00       0.00    1750.00   17466.67   
     1     36         55      17.38       6.22    2488.89    2750.00    8400.00    1750.00   15388.89   
     2     36         55      17.38       6.22    2488.89    2750.00    4240.00     710.00   10188.89   
     0     41         81      27.69      10.14   12170.81   12150.00       0.00    2000.00   26320.81   
     1     41         81      27.69      10.14    4056.94    4050.00    9600.00    2000.00   19706.94   
     2     41         81      27.69      10.14    4056.94    4050.00    5400.00     950.00   14456.94   
     0     41         58      17.97       6.01    7211.87    8700.00       0.00    2000.00   17911.87   
     1     41         58      17.97       6.01    2403.96    2900.00    9600.00    2000.00   16903.96   
     2     41         58      17.97       6.01    2403.96    2900.00    4400.00     700.00   10403.96   
     0     41         64      19.83       7.06    8475.59    9600.00       0.00    2000.00   20075.59   
     1     41         64      19.83       7.06    2825.20    3200.00    9600.00    2000.00   17625.20   
     2     41         64      19.83       7.06    2825.20    3200.00    5240.00     910.00   12175.20   
     0     41         66      22.50       8.15    9776.90    9900.00       0.00    2000.00   21676.90   
     1     41         66      22.50       8.15    3258.97    3300.00    9600.00    2000.00   18158.97   
     2     41         66      22.50       8.15    3258.97    3300.00    4400.00     700.00   11658.97   
     0     41         62      18.82       6.49    7788.66    9300.00       0.00    2000.00   19088.66   
     1     41         62      18.82       6.49    2596.22    3100.00    9600.00    2000.00   17296.22   
     2     41         62      18.82       6.49    2596.22    3100.00    5520.00     980.00   12196.22   
     0     41         67      20.54       6.90    8274.30   10050.00       0.00    2000.00   20324.30   
     1     41         67      20.54       6.90    2758.10    3350.00    9600.00    2000.00   17708.10   
     2     41         67      20.54       6.90    2758.10    3350.00    4080.00     620.00   10808.10   
     0     41         83      27.96      10.36   12433.68   12450.00       0.00    2000.00   26883.68   
     1     41         83      27.96      10.36    4144.56    4150.00    9600.00    2000.00   19894.56   
     2     41         83      27.96      10.36    4144.56    4150.00    4240.00     660.00   13194.56   
     0     41         58      16.86       5.71    6852.30    8700.00       0.00    2000.00   17552.30   
     1     41         58      16.86       5.71    2284.10    2900.00    9600.00    2000.00   16784.10   
     2     41         58      16.86       5.71    2284.10    2900.00    3760.00     540.00    9484.10   
     0     41         91      31.40      11.36   13626.74   13650.00       0.00    2000.00   29276.74   
     1     41         91      31.40      11.36    4542.25    4550.00    9600.00    2000.00   20692.25   
     2     41         91      31.40      11.36    4542.25    4550.00    4360.00     690.00   14142.25   
     0     41         75      24.33       8.50   10200.74   11250.00       0.00    2000.00   23450.74   
     1     41         75      24.33       8.50    3400.25    3750.00    9600.00    2000.00   18750.25   
     2     41         75      24.33       8.50    3400.25    3750.00    6080.00    1120.00   14350.25   
     0     46         60      19.77       7.12    8549.94    9000.00       0.00    2250.00   19799.94   
     1     46         60      19.77       7.12    2849.98    3000.00   10800.00    2250.00   18899.98   
     2     46         60      19.77       7.12    2849.98    3000.00    6200.00    1100.00   13149.98   
     0     46        100      32.84      11.70   14038.51   15000.00       0.00    2250.00   31288.51   
     1     46        100      32.84      11.70    4679.50    5000.00   10800.00    2250.00   22729.50   
     2     46        100      32.84      11.70    4679.50    5000.00    5360.00     890.00   15929.50   
     0     46         65      20.34       7.15    8579.85    9750.00       0.00    2250.00   20579.85   
     1     46         65      20.34       7.15    2859.95    3250.00   10800.00    2250.00   19159.95   
     2     46         65      20.34       7.15    2859.95    3250.00    6000.00    1050.00   13159.95   
     0     46         91      29.62      10.63   12754.40   13650.00       0.00    2250.00   28654.40   
     1     46         91      29.62      10.63    4251.47    4550.00   10800.00    2250.00   21851.47   
     2     46         91      29.62      10.63    4251.47    4550.00    5200.00     850.00   14851.47   
     0     46         79      22.15       7.36    8834.42   11850.00       0.00    2250.00   22934.42   
     1     46         79      22.15       7.36    2944.81    3950.00   10800.00    2250.00   19944.81   
     2     46         79      22.15       7.36    2944.81    3950.00    6400.00    1150.00   14444.81   
     0     46         85      30.01      11.28   13532.78   12750.00       0.00    2250.00   28532.78   
     1     46         85      30.01      11.28    4510.93    4250.00   10800.00    2250.00   21810.93   
     2     46         85      30.01      11.28    4510.93    4250.00    6120.00    1080.00   15960.93   
     0     46        100      32.44      11.64   13963.68   15000.00       0.00    2250.00   31213.68   
     1     46        100      32.44      11.64    4654.56    5000.00   10800.00    2250.00   22704.56   
     2     46        100      32.44      11.64    4654.56    5000.00    6200.00    1100.00   16954.56   
     0     46         93      29.39      10.22   12262.94   13950.00       0.00    2250.00   28462.94   
     1     46         93      29.39      10.22    4087.65    4650.00   10800.00    2250.00   21787.65   
     2     46         93      29.39      10.22    4087.65    4650.00    3800.00     500.00   13037.65   
     0     46         83      26.40       9.23   11070.87   12450.00       0.00    2250.00   25770.87   
     1     46         83      26.40       9.23    3690.29    4150.00   10800.00    2250.00   20890.29   
     2     46         83      26.40       9.23    3690.29    4150.00    5960.00    1040.00   14840.29   
     0     46         65      18.85       6.48    7771.39    9750.00       0.00    2250.00   19771.39   
     1     46         65      18.85       6.48    2590.46    3250.00   10800.00    2250.00   18890.46   
     2     46         65      18.85       6.48    2590.46    3250.00    4440.00     660.00   10940.46   
     0     51         70      21.65       7.58    9095.77   10500.00       0.00    2500.00   22095.77   
     1     51         70      21.65       7.58    3031.92    3500.00   12000.00    2500.00   21031.92   
     2     51         70      21.65       7.58    3031.92    3500.00    6120.00    1030.00   13681.92   
     0     51         79      25.79       8.86   10631.46   11850.00       0.00    2500.00   24981.46   
     1     51         79      25.79       8.86    3543.82    3950.00   12000.00    2500.00   21993.82   
     2     51         79      25.79       8.86    3543.82    3950.00    5640.00     910.00   14043.82   
     0     51         84      24.05       8.41   10088.45   12600.00       0.00    2500.00   25188.45   
     1     51         84      24.05       8.41    3362.82    4200.00   12000.00    2500.00   22062.82   
     2     51         84      24.05       8.41    3362.82    4200.00    7520.00    1380.00   16462.82   
     0     51         90      26.55       9.34   11211.42   13500.00       0.00    2500.00   27211.42   
     1     51         90      26.55       9.34    3737.14    4500.00   12000.00    2500.00   22737.14   
     2     51         90      26.55       9.34    3737.14    4500.00    5960.00     990.00   15187.14   
     0     51        108      32.18      11.25   13494.51   16200.00       0.00    2500.00   32194.51   
     1     51        108      32.18      11.25    4498.17    5400.00   12000.00    2500.00   24398.17   
     2     51        108      32.18      11.25    4498.17    5400.00    5000.00     750.00   15648.17   
     0     51         72      23.17       8.31    9968.22   10800.00       0.00    2500.00   23268.22   
     1     51         72      23.17       8.31    3322.74    3600.00   12000.00    2500.00   21422.74   
     2     51         72      23.17       8.31    3322.74    3600.00    7360.00    1340.00   15622.74   
     0     51         69      19.89       6.68    8012.61   10350.00       0.00    2500.00   20862.61   
     1     51         69      19.89       6.68    2670.87    3450.00   12000.00    2500.00   20620.87   
     2     51         69      19.89       6.68    2670.87    3450.00    6240.00    1060.00   13420.87   
     0     51         82      26.21       9.11   10935.91   12300.00       0.00    2500.00   25735.91   
     1     51         82      26.21       9.11    3645.30    4100.00   12000.00    2500.00   22245.30   
     2     51         82      26.21       9.11    3645.30    4100.00    4000.00     500.00   12245.30   
     0     51         92      30.97      10.98   13176.55   13800.00       0.00    2500.00   29476.55   
     1     51         92      30.97      10.98    4392.18    4600.00   12000.00    2500.00   23492.18   
     2     51         92      30.97      10.98    4392.18    4600.00    6840.00    1210.00   17042.18   
     0     51         78      21.85       7.08    8499.00   11700.00       0.00    2500.00   22699.00   
     1     51         78      21.85       7.08    2833.00    3900.00   12000.00    2500.00   21233.00   
     2     51         78      21.85       7.08    2833.00    3900.00    6360.00    1090.00   14183.00   
     0     56         89      27.65       9.76   11715.51   13350.00       0.00    2750.00   27815.51   
     1     56         89      27.65       9.76    3905.17    4450.00   13200.00    2750.00   24305.17   
     2     56         89      27.65       9.76    3905.17    4450.00    7160.00    1240.00   16755.17   
     0     56         83      24.56       8.67   10405.42   12450.00       0.00    2750.00   25605.42   
     1     56         83      24.56       8.67    3468.47    4150.00   13200.00    2750.00   23568.47   
     2     56         83      24.56       8.67    3468.47    4150.00    5080.00     720.00   13418.47   
     0     56         90      26.39       9.09   10913.73   13500.00       0.00    2750.00   27163.73   
     1     56         90      26.39       9.09    3637.91    4500.00   13200.00    2750.00   24087.91   
     2     56         90      26.39       9.09    3637.91    4500.00    7480.00    1320.00   16937.91   
     0     56         99      31.36      11.46   13748.60   14850.00       0.00    2750.00   31348.60   
     1     56         99      31.36      11.46    4582.87    4950.00   13200.00    2750.00   25482.87   
     2     56         99      31.36      11.46    4582.87    4950.00    4440.00     560.00   14532.87   
     0     56         99      31.79      11.30   13562.35   14850.00       0.00    2750.00   31162.35   
     1     56         99      31.79      11.30    4520.78    4950.00   13200.00    2750.00   25420.78   
     2     56         99      31.79      11.30    4520.78    4950.00    5160.00     740.00   15370.78   
     0     56         99      29.73      10.44   12533.03   14850.00       0.00    2750.00   30133.03   
     1     56         99      29.73      10.44    4177.68    4950.00   13200.00    2750.00   25077.68   
     2     56         99      29.73      10.44    4177.68    4950.00    7240.00    1260.00   17627.68   
     0     56        121      41.03      15.24   18288.26   18150.00       0.00    2750.00   39188.26   
     1     56        121      41.03      15.24    6096.09    6050.00   13200.00    2750.00   28096.09   
     2     56        121      41.03      15.24    6096.09    6050.00    7960.00    1440.00   21546.09   
     0     56         98      30.02      10.91   13087.86   14700.00       0.00    2750.00   30537.86   
     1     56         98      30.02      10.91    4362.62    4900.00   13200.00    2750.00   25212.62   
     2     56         98      30.02      10.91    4362.62    4900.00    6320.00    1030.00   16612.62   
     0     56         85      25.90       8.86   10636.03   12750.00       0.00    2750.00   26136.03   
     1     56         85      25.90       8.86    3545.34    4250.00   13200.00    2750.00   23745.34   
     2     56         85      25.90       8.86    3545.34    4250.00    6480.00    1070.00   15345.34   
     0     56        101      32.40      11.80   14162.57   15150.00       0.00    2750.00   32062.57   
     1     56        101      32.40      11.80    4720.86    5050.00   13200.00    2750.00   25720.86   
     2     56        101      32.40      11.80    4720.86    5050.00    7640.00    1360.00   18770.86   
     0     61         95      27.52       9.63   11558.73   14250.00       0.00    3000.00   28808.73   
     1     61         95      27.52       9.63    3852.91    4750.00   14400.00    3000.00   26002.91   
     2     61         95      27.52       9.63    3852.91    4750.00    8120.00    1430.00   18152.91   
     0     61        124      39.80      13.98   16780.80   18600.00       0.00    3000.00   38380.80   
     1     61        124      39.80      13.98    5593.60    6200.00   14400.00    3000.00   29193.60   
     2     61        124      39.80      13.98    5593.60    6200.00    7440.00    1260.00   20493.60   
     0     61        102      30.70      10.79   12944.85   15300.00       0.00    3000.00   31244.85   
     1     61        102      30.70      10.79    4314.95    5100.00   14400.00    3000.00   26814.95   
     2     61        102      30.70      10.79    4314.95    5100.00    6920.00    1130.00   17464.95   
     0     61         89      25.69       8.72   10460.23   13350.00       0.00    3000.00   26810.23   
     1     61         89      25.69       8.72    3486.74    4450.00   14400.00    3000.00   25336.74   
     2     61         89      25.69       8.72    3486.74    4450.00    8520.00    1530.00   17986.74   
     0     61         89      27.50       9.56   11472.26   13350.00       0.00    3000.00   27822.26   
     1     61         89      27.50       9.56    3824.09    4450.00   14400.00    3000.00   25674.09   
     2     61         89      27.50       9.56    3824.09    4450.00    7600.00    1300.00   17174.09   
     0     61         94      28.64       9.74   11689.31   14100.00       0.00    3000.00   28789.31   
     1     61         94      28.64       9.74    3896.44    4700.00   14400.00    3000.00   25996.44   
     2     61         94      28.64       9.74    3896.44    4700.00    5600.00     800.00   14996.44   
     0     61        117      36.57      12.83   15401.43   17550.00       0.00    3000.00   35951.43   
     1     61        117      36.57      12.83    5133.81    5850.00   14400.00    3000.00   28383.81   
     2     61        117      36.57      12.83    5133.81    5850.00    6760.00    1090.00   18833.81   
     0     61        123      37.73      13.62   16338.76   18450.00       0.00    3000.00   37788.76   
     1     61        123      37.73      13.62    5446.25    6150.00   14400.00    3000.00   28996.25   
     2     61        123      37.73      13.62    5446.25    6150.00    7360.00    1240.00   20196.25   
     0     61        110      36.04      13.12   15746.30   16500.00       0.00    3000.00   35246.30   
     1     61        110      36.04      13.12    5248.77    5500.00   14400.00    3000.00   28148.77   
     2     61        110      36.04      13.12    5248.77    5500.00    7280.00    1220.00   19248.77   
     0     61         84      24.13       7.88    9458.96   12600.00       0.00    3000.00   25058.96   
     1     61         84      24.13       7.88    3152.99    4200.00   14400.00    3000.00   24752.99   
     2     61         84      24.13       7.88    3152.99    4200.00    8800.00    1600.00   17752.99   
