     0      6          5       2.07       1.17    1403.39     750.00       0.00     250.00    2403.39   
     1      6          5       2.07       1.17     467.80     250.00    1200.00     250.00    2167.80   
     2      6          5       2.07       1.17     467.80     250.00     720.00     130.00    1567.80   
     0      6          9       5.70       3.63    4352.87    1350.00       0.00     250.00    5952.87   
     1      6          9       5.70       3.63    1450.96     450.00    1200.00     250.00    3350.96   
     2      6          9       5.70       3.63    1450.96     450.00     720.00     130.00    2750.96   
     0      6          6       3.02       1.80    2160.11     900.00       0.00     250.00    3310.11   
     1      6          6       3.02       1.80     720.04     300.00    1200.00     250.00    2470.04   
     2      6          6       3.02       1.80     720.04     300.00     680.00     120.00    1820.04   
     0      6          9       6.04       4.07    4885.22    1350.00       0.00     250.00    6485.22   
     1      6          9       6.04       4.07    1628.41     450.00    1200.00     250.00    3528.41   
     2      6          9       6.04       4.07    1628.41     450.00     440.00      60.00    2578.41   
     0      6         11       8.78       7.23    8672.61    1650.00       0.00     250.00   10572.61   
     1      6         11       8.78       7.23    2890.87     550.00    1200.00     250.00    4890.87   
     2      6         11       8.78       7.23    2890.87     550.00     600.00     100.00    4140.87   
     0      6         10       6.50       4.62    5542.86    1500.00       0.00     250.00    7292.86   
     1      6         10       6.50       4.62    1847.62     500.00    1200.00     250.00    3797.62   
     2      6         10       6.50       4.62    1847.62     500.00     640.00     110.00    3097.62   
     0      6          9       5.65       3.73    4474.87    1350.00       0.00     250.00    6074.87   
     1      6          9       5.65       3.73    1491.62     450.00    1200.00     250.00    3391.62   
     2      6          9       5.65       3.73    1491.62     450.00     720.00     130.00    2791.62   
     0      6          6       3.34       2.24    2686.99     900.00       0.00     250.00    3836.99   
     1      6          6       3.34       2.24     895.66     300.00    1200.00     250.00    2645.66   
     2      6          6       3.34       2.24     895.66     300.00     520.00      80.00    1795.66   
     0      6          5       3.01       1.97    2362.87     750.00       0.00     250.00    3362.87   
     1      6          5       3.01       1.97     787.62     250.00    1200.00     250.00    2487.62   
     2      6          5       3.01       1.97     787.62     250.00     760.00     140.00    1937.62   
     0      6         12       7.16       4.90    5874.67    1800.00       0.00     250.00    7924.67   
     1      6         12       7.16       4.90    1958.22     600.00    1200.00     250.00    4008.22   
     2      6         12       7.16       4.90    1958.22     600.00     640.00     110.00    3308.22   
     0     11         13       7.84       5.57    6688.55    1950.00       0.00     500.00    9138.55   
     1     11         13       7.84       5.57    2229.52     650.00    2400.00     500.00    5779.52   
     2     11         13       7.84       5.57    2229.52     650.00    1400.00     250.00    4529.52   
     0     11         20      10.86       6.97    8367.88    3000.00       0.00     500.00   11867.88   
     1     11         20      10.86       6.97    2789.29    1000.00    2400.00     500.00    6689.29   
     2     11         20      10.86       6.97    2789.29    1000.00    1320.00     230.00    5339.29   
     0     11         18      12.84       9.55   11461.14    2700.00       0.00     500.00   14661.14   
     1     11         18      12.84       9.55    3820.38     900.00    2400.00     500.00    7620.38   
     2     11         18      12.84       9.55    3820.38     900.00    1040.00     160.00    5920.38   
     0     11         24      13.60       9.29   11147.92    3600.00       0.00     500.00   15247.92   
     1     11         24      13.60       9.29    3715.97    1200.00    2400.00     500.00    7815.97   
     2     11         24      13.60       9.29    3715.97    1200.00     840.00     110.00    5865.97   
     0     11         20      14.19      10.70   12838.30    3000.00       0.00     500.00   16338.30   
     1     11         20      14.19      10.70    4279.43    1000.00    2400.00     500.00    8179.43   
     2     11         20      14.19      10.70    4279.43    1000.00    1400.00     250.00    6929.43   
     0     11         13       7.54       5.29    6353.53    1950.00       0.00     500.00    8803.53   
     1     11         13       7.54       5.29    2117.84     650.00    2400.00     500.00    5667.84   
     2     11         13       7.54       5.29    2117.84     650.00    1280.00     220.00    4267.84   
     0     11         15       9.61       6.52    7828.72    2250.00       0.00     500.00   10578.72   
     1     11         15       9.61       6.52    2609.57     750.00    2400.00     500.00    6259.57   
     2     11         15       9.61       6.52    2609.57     750.00    1040.00     160.00    4559.57   
     0     11         17       9.21       5.51    6613.46    2550.00       0.00     500.00    9663.46   
     1     11         17       9.21       5.51    2204.49     850.00    2400.00     500.00    5954.49   
     2     11         17       9.21       5.51    2204.49     850.00    1520.00     280.00    4854.49   
     0     11         27      20.99      16.92   20309.34    4050.00       0.00     500.00   24859.34   
     1     11         27      20.99      16.92    6769.78    1350.00    2400.00     500.00   11019.78   
     2     11         27      20.99      16.92    6769.78    1350.00    1160.00     190.00    9469.78   
     0     11         12       6.11       3.84    4612.49    1800.00       0.00     500.00    6912.49   
     1     11         12       6.11       3.84    1537.50     600.00    2400.00     500.00    5037.50   
     2     11         12       6.11       3.84    1537.50     600.00    1160.00     190.00    3487.50   
     0     16         19      10.94       7.07    8485.71    2850.00       0.00     750.00   12085.71   
     1     16         19      10.94       7.07    2828.57     950.00    3600.00     750.00    8128.57   
     2     16         19      10.94       7.07    2828.57     950.00    1040.00     110.00    4928.57   
     0     16         28      16.84      10.87   13039.91    4200.00       0.00     750.00   17989.91   
     1     16         28      16.84      10.87    4346.64    1400.00    3600.00     750.00   10096.64   
     2     16         28      16.84      10.87    4346.64    1400.00    1960.00     340.00    8046.64   
     0     16         22      12.78       8.26    9906.28    3300.00       0.00     750.00   13956.28   
     1     16         22      12.78       8.26    3302.09    1100.00    3600.00     750.00    8752.09   
     2     16         22      12.78       8.26    3302.09    1100.00    2040.00     360.00    6802.09   
     0     16         32      20.98      14.99   17984.28    4800.00       0.00     750.00   23534.28   
     1     16         32      20.98      14.99    5994.76    1600.00    3600.00     750.00   11944.76   
     2     16         32      20.98      14.99    5994.76    1600.00    1280.00     170.00    9044.76   
     0     16         31      16.56      11.81   14175.95    4650.00       0.00     750.00   19575.95   
     1     16         31      16.56      11.81    4725.32    1550.00    3600.00     750.00   10625.32   
     2     16         31      16.56      11.81    4725.32    1550.00    1640.00     260.00    8175.32   
     0     16         33      20.00      14.26   17112.25    4950.00       0.00     750.00   22812.25   
     1     16         33      20.00      14.26    5704.08    1650.00    3600.00     750.00   11704.08   
     2     16         33      20.00      14.26    5704.08    1650.00    2320.00     430.00   10104.08   
     0     16         26      15.39      10.91   13096.52    3900.00       0.00     750.00   17746.52   
     1     16         26      15.39      10.91    4365.51    1300.00    3600.00     750.00   10015.51   
     2     16         26      15.39      10.91    4365.51    1300.00    1560.00     240.00    7465.51   
     0     16         25      14.07       8.57   10278.54    3750.00       0.00     750.00   14778.54   
     1     16         25      14.07       8.57    3426.18    1250.00    3600.00     750.00    9026.18   
     2     16         25      14.07       8.57    3426.18    1250.00    2040.00     360.00    7076.18   
     0     16         26      16.93      12.12   14544.56    3900.00       0.00     750.00   19194.56   
     1     16         26      16.93      12.12    4848.19    1300.00    3600.00     750.00   10498.19   
     2     16         26      16.93      12.12    4848.19    1300.00    1960.00     340.00    8448.19   
     0     16         31      21.65      16.22   19458.46    4650.00       0.00     750.00   24858.46   
     1     16         31      21.65      16.22    6486.15    1550.00    3600.00     750.00   12386.15   
     2     16         31      21.65      16.22    6486.15    1550.00    1960.00     340.00   10336.15   
     0     21         43      24.93      18.50   22200.42    6450.00       0.00    1000.00   29650.42   
     1     21         43      24.93      18.50    7400.14    2150.00    4800.00    1000.00   15350.14   
     2     21         43      24.93      18.50    7400.14    2150.00    2680.00     470.00   12700.14   
     0     21         33      20.09      13.21   15850.08    4950.00       0.00    1000.00   21800.08   
     1     21         33      20.09      13.21    5283.36    1650.00    4800.00    1000.00   12733.36   
     2     21         33      20.09      13.21    5283.36    1650.00    2480.00     420.00    9833.36   
     0     21         46      25.42      16.46   19750.76    6900.00       0.00    1000.00   27650.76   
     1     21         46      25.42      16.46    6583.59    2300.00    4800.00    1000.00   14683.59   
     2     21         46      25.42      16.46    6583.59    2300.00    2040.00     310.00   11233.59   
     0     21         72      47.45      33.49   40188.76   10800.00       0.00    1000.00   51988.76   
     1     21         72      47.45      33.49   13396.25    3600.00    4800.00    1000.00   22796.25   
     2     21         72      47.45      33.49   13396.25    3600.00    1960.00     290.00   19246.25   
     0     21         37      21.55      13.74   16487.59    5550.00       0.00    1000.00   23037.59   
     1     21         37      21.55      13.74    5495.86    1850.00    4800.00    1000.00   13145.86   
     2     21         37      21.55      13.74    5495.86    1850.00    2720.00     480.00   10545.86   
     0     21         34      22.29      16.35   19620.62    5100.00       0.00    1000.00   25720.62   
     1     21         34      22.29      16.35    6540.21    1700.00    4800.00    1000.00   14040.21   
     2     21         34      22.29      16.35    6540.21    1700.00    2720.00     480.00   11440.21   
     0     21         38      22.39      15.09   18111.23    5700.00       0.00    1000.00   24811.23   
     1     21         38      22.39      15.09    6037.08    1900.00    4800.00    1000.00   13737.08   
     2     21         38      22.39      15.09    6037.08    1900.00    2680.00     470.00   11087.08   
     0     21         44      27.77      18.25   21897.73    6600.00       0.00    1000.00   29497.73   
     1     21         44      27.77      18.25    7299.24    2200.00    4800.00    1000.00   15299.24   
     2     21         44      27.77      18.25    7299.24    2200.00    2720.00     480.00   12699.24   
     0     21         34      22.39      15.96   19150.39    5100.00       0.00    1000.00   25250.39   
     1     21         34      22.39      15.96    6383.46    1700.00    4800.00    1000.00   13883.46   
     2     21         34      22.39      15.96    6383.46    1700.00    1600.00     200.00    9883.46   
     0     21         26      15.49      10.20   12234.73    3900.00       0.00    1000.00   17134.73   
     1     21         26      15.49      10.20    4078.24    1300.00    4800.00    1000.00   11178.24   
     2     21         26      15.49      10.20    4078.24    1300.00    2080.00     320.00    7778.24   
     0     26         55      36.64      25.89   31069.61    8250.00       0.00    1250.00   40569.61   
     1     26         55      36.64      25.89   10356.54    2750.00    6000.00    1250.00   20356.54   
     2     26         55      36.64      25.89   10356.54    2750.00    2080.00     270.00   15456.54   
     0     26         54      37.15      28.38   34059.31    8100.00       0.00    1250.00   43409.31   
     1     26         54      37.15      28.38   11353.10    2700.00    6000.00    1250.00   21303.10   
     2     26         54      37.15      28.38   11353.10    2700.00    2720.00     430.00   17203.10   
     0     26         55      33.03      23.70   28435.14    8250.00       0.00    1250.00   37935.14   
     1     26         55      33.03      23.70    9478.38    2750.00    6000.00    1250.00   19478.38   
     2     26         55      33.03      23.70    9478.38    2750.00    2760.00     440.00   15428.38   
     0     26         38      23.07      14.78   17740.39    5700.00       0.00    1250.00   24690.39   
     1     26         38      23.07      14.78    5913.46    1900.00    6000.00    1250.00   15063.46   
     2     26         38      23.07      14.78    5913.46    1900.00    3320.00     580.00   11713.46   
     0     26         37      22.91      16.16   19389.57    5550.00       0.00    1250.00   26189.57   
     1     26         37      22.91      16.16    6463.19    1850.00    6000.00    1250.00   15563.19   
     2     26         37      22.91      16.16    6463.19    1850.00    2760.00     440.00   11513.19   
     0     26         43      24.70      16.69   20025.70    6450.00       0.00    1250.00   27725.70   
     1     26         43      24.70      16.69    6675.23    2150.00    6000.00    1250.00   16075.23   
     2     26         43      24.70      16.69    6675.23    2150.00    2320.00     330.00   11475.23   
     0     26         44      28.95      20.83   24999.68    6600.00       0.00    1250.00   32849.68   
     1     26         44      28.95      20.83    8333.23    2200.00    6000.00    1250.00   17783.23   
     2     26         44      28.95      20.83    8333.23    2200.00    3000.00     500.00   14033.23   
     0     26         44      29.51      20.58   24695.93    6600.00       0.00    1250.00   32545.93   
     1     26         44      29.51      20.58    8231.98    2200.00    6000.00    1250.00   17681.98   
     2     26         44      29.51      20.58    8231.98    2200.00    3040.00     510.00   13981.98   
     0     26         53      32.92      22.34   26811.61    7950.00       0.00    1250.00   36011.61   
     1     26         53      32.92      22.34    8937.20    2650.00    6000.00    1250.00   18837.20   
     2     26         53      32.92      22.34    8937.20    2650.00    3320.00     580.00   15487.20   
     0     26         47      27.08      17.34   20810.68    7050.00       0.00    1250.00   29110.68   
     1     26         47      27.08      17.34    6936.89    2350.00    6000.00    1250.00   16536.89   
     2     26         47      27.08      17.34    6936.89    2350.00    3320.00     580.00   13186.89   
     0     31         59      39.05      27.73   33272.26    8850.00       0.00    1500.00   43622.26   
     1     31         59      39.05      27.73   11090.75    2950.00    7200.00    1500.00   22740.75   
     2     31         59      39.05      27.73   11090.75    2950.00    3280.00     520.00   17840.75   
     0     31         60      42.98      31.71   38057.45    9000.00       0.00    1500.00   48557.45   
     1     31         60      42.98      31.71   12685.82    3000.00    7200.00    1500.00   24385.82   
     2     31         60      42.98      31.71   12685.82    3000.00    3560.00     590.00   19835.82   
     0     31         60      40.31      30.81   36971.95    9000.00       0.00    1500.00   47471.95   
     1     31         60      40.31      30.81   12323.98    3000.00    7200.00    1500.00   24023.98   
     2     31         60      40.31      30.81   12323.98    3000.00    3000.00     450.00   18773.98   
     0     31         55      38.17      28.35   34020.45    8250.00       0.00    1500.00   43770.45   
     1     31         55      38.17      28.35   11340.15    2750.00    7200.00    1500.00   22790.15   
     2     31         55      38.17      28.35   11340.15    2750.00    4600.00     850.00   19540.15   
     0     31         57      37.74      27.03   32435.61    8550.00       0.00    1500.00   42485.61   
     1     31         57      37.74      27.03   10811.87    2850.00    7200.00    1500.00   22361.87   
     2     31         57      37.74      27.03   10811.87    2850.00    3520.00     580.00   17761.87   
     0     31         49      31.30      22.90   27478.97    7350.00       0.00    1500.00   36328.97   
     1     31         49      31.30      22.90    9159.66    2450.00    7200.00    1500.00   20309.66   
     2     31         49      31.30      22.90    9159.66    2450.00    3480.00     570.00   15659.66   
     0     31         51      32.54      22.33   26796.81    7650.00       0.00    1500.00   35946.81   
     1     31         51      32.54      22.33    8932.27    2550.00    7200.00    1500.00   20182.27   
     2     31         51      32.54      22.33    8932.27    2550.00    3920.00     680.00   16082.27   
     0     31         48      29.66      20.37   24444.91    7200.00       0.00    1500.00   33144.91   
     1     31         48      29.66      20.37    8148.30    2400.00    7200.00    1500.00   19248.30   
     2     31         48      29.66      20.37    8148.30    2400.00    3680.00     620.00   14848.30   
     0     31         50      29.62      20.13   24150.20    7500.00       0.00    1500.00   33150.20   
     1     31         50      29.62      20.13    8050.07    2500.00    7200.00    1500.00   19250.07   
     2     31         50      29.62      20.13    8050.07    2500.00    3720.00     630.00   14900.07   
     0     31         51      30.73      19.65   23580.72    7650.00       0.00    1500.00   32730.72   
     1     31         51      30.73      19.65    7860.24    2550.00    7200.00    1500.00   19110.24   
     2     31         51      30.73      19.65    7860.24    2550.00    2920.00     430.00   13760.24   
     0     36         54      35.34      24.49   29388.24    8100.00       0.00    1750.00   39238.24   
     1     36         54      35.34      24.49    9796.08    2700.00    8400.00    1750.00   22646.08   
     2     36         54      35.34      24.49    9796.08    2700.00    5560.00    1040.00   19096.08   
     0     36         61      41.56      30.14   36162.18    9150.00       0.00    1750.00   47062.18   
     1     36         61      41.56      30.14   12054.06    3050.00    8400.00    1750.00   25254.06   
     2     36         61      41.56      30.14   12054.06    3050.00    4640.00     810.00   20554.06   
     0     36         72      45.86      33.38   40061.14   10800.00       0.00    1750.00   52611.14   
     1     36         72      45.86      33.38   13353.71    3600.00    8400.00    1750.00   27103.71   
     2     36         72      45.86      33.38   13353.71    3600.00    3480.00     520.00   20953.71   
     0     36         67      43.65      31.13   37352.32   10050.00       0.00    1750.00   49152.32   
     1     36         67      43.65      31.13   12450.77    3350.00    8400.00    1750.00   25950.77   
     2     36         67      43.65      31.13   12450.77    3350.00    4440.00     760.00   21000.77   
     0     36         50      30.48      20.81   24974.68    7500.00       0.00    1750.00   34224.68   
     1     36         50      30.48      20.81    8324.89    2500.00    8400.00    1750.00   20974.89   
     2     36         50      30.48      20.81    8324.89    2500.00    4640.00     810.00   16274.89   
     0     36         55      35.85      25.19   30233.80    8250.00       0.00    1750.00   40233.80   
     1     36         55      35.85      25.19   10077.93    2750.00    8400.00    1750.00   22977.93   
     2     36         55      35.85      25.19   10077.93    2750.00    4480.00     770.00   18077.93   
     0     36         72      47.80      35.30   42361.42   10800.00       0.00    1750.00   54911.42   
     1     36         72      47.80      35.30   14120.47    3600.00    8400.00    1750.00   27870.47   
     2     36         72      47.80      35.30   14120.47    3600.00    4280.00     720.00   22720.47   
     0     36         60      38.46      26.72   32069.09    9000.00       0.00    1750.00   42819.09   
     1     36         60      38.46      26.72   10689.70    3000.00    8400.00    1750.00   23839.70   
     2     36         60      38.46      26.72   10689.70    3000.00    4720.00     830.00   19239.70   
     0     36         54      36.40      25.80   30963.13    8100.00       0.00    1750.00   40813.13   
     1     36         54      36.40      25.80   10321.04    2700.00    8400.00    1750.00   23171.04   
     2     36         54      36.40      25.80   10321.04    2700.00    3920.00     630.00   17571.04   
     0     36         70      47.98      34.76   41715.49   10500.00       0.00    1750.00   53965.49   
     1     36         70      47.98      34.76   13905.16    3500.00    8400.00    1750.00   27555.16   
     2     36         70      47.98      34.76   13905.16    3500.00    4080.00     670.00   22155.16   
     0     41         77      46.54      32.17   38606.81   11550.00       0.00    2000.00   52156.81   
     1     41         77      46.54      32.17   12868.94    3850.00    9600.00    2000.00   28318.94   
     2     41         77      46.54      32.17   12868.94    3850.00    4160.00     640.00   21518.94   
     0     41         63      35.83      24.17   29000.87    9450.00       0.00    2000.00   40450.87   
     1     41         63      35.83      24.17    9666.96    3150.00    9600.00    2000.00   24416.96   
     2     41         63      35.83      24.17    9666.96    3150.00    5440.00     960.00   19216.96   
     0     41         61      38.44      26.26   31507.59    9150.00       0.00    2000.00   42657.59   
     1     41         61      38.44      26.26   10502.53    3050.00    9600.00    2000.00   25152.53   
     2     41         61      38.44      26.26   10502.53    3050.00    4720.00     780.00   19052.53   
     0     41         55      32.16      21.68   26013.50    8250.00       0.00    2000.00   36263.50   
     1     41         55      32.16      21.68    8671.17    2750.00    9600.00    2000.00   23021.17   
     2     41         55      32.16      21.68    8671.17    2750.00    5120.00     880.00   17421.17   
     0     41         69      44.44      31.57   37889.14   10350.00       0.00    2000.00   50239.14   
     1     41         69      44.44      31.57   12629.71    3450.00    9600.00    2000.00   27679.71   
     2     41         69      44.44      31.57   12629.71    3450.00    5080.00     870.00   22029.71   
     0     41         73      44.77      30.47   36559.77   10950.00       0.00    2000.00   49509.77   
     1     41         73      44.77      30.47   12186.59    3650.00    9600.00    2000.00   27436.59   
     2     41         73      44.77      30.47   12186.59    3650.00    5160.00     890.00   21886.59   
     0     41         75      45.77      32.33   38800.29   11250.00       0.00    2000.00   52050.29   
     1     41         75      45.77      32.33   12933.43    3750.00    9600.00    2000.00   28283.43   
     2     41         75      45.77      32.33   12933.43    3750.00    6000.00    1100.00   23783.43   
     0     41         75      47.48      32.73   39270.81   11250.00       0.00    2000.00   52520.81   
     1     41         75      47.48      32.73   13090.27    3750.00    9600.00    2000.00   28440.27   
     2     41         75      47.48      32.73   13090.27    3750.00    4760.00     790.00   22390.27   
     0     41         76      48.64      33.28   39934.03   11400.00       0.00    2000.00   53334.03   
     1     41         76      48.64      33.28   13311.34    3800.00    9600.00    2000.00   28711.34   
     2     41         76      48.64      33.28   13311.34    3800.00    5280.00     920.00   23311.34   
     0     41         84      55.57      39.57   47485.90   12600.00       0.00    2000.00   62085.90   
     1     41         84      55.57      39.57   15828.63    4200.00    9600.00    2000.00   31628.63   
     2     41         84      55.57      39.57   15828.63    4200.00    5920.00    1080.00   27028.63   
     0     46         61      35.16      23.76   28508.24    9150.00       0.00    2250.00   39908.24   
     1     46         61      35.16      23.76    9502.75    3050.00   10800.00    2250.00   25602.75   
     2     46         61      35.16      23.76    9502.75    3050.00    6040.00    1060.00   19652.75   
     0     46         95      61.55      44.16   52992.55   14250.00       0.00    2250.00   69492.55   
     1     46         95      61.55      44.16   17664.18    4750.00   10800.00    2250.00   35464.18   
     2     46         95      61.55      44.16   17664.18    4750.00    6320.00    1130.00   29864.18   
     0     46         77      50.28      36.11   43335.46   11550.00       0.00    2250.00   57135.46   
     1     46         77      50.28      36.11   14445.15    3850.00   10800.00    2250.00   31345.15   
     2     46         77      50.28      36.11   14445.15    3850.00    5800.00    1000.00   25095.15   
     0     46         59      34.43      22.84   27406.38    8850.00       0.00    2250.00   38506.38   
     1     46         59      34.43      22.84    9135.46    2950.00   10800.00    2250.00   25135.46   
     2     46         59      34.43      22.84    9135.46    2950.00    4320.00     630.00   17035.46   
     0     46         76      50.91      37.97   45567.39   11400.00       0.00    2250.00   59217.39   
     1     46         76      50.91      37.97   15189.13    3800.00   10800.00    2250.00   32039.13   
     2     46         76      50.91      37.97   15189.13    3800.00    6040.00    1060.00   26089.13   
     0     46         74      46.38      33.86   40628.82   11100.00       0.00    2250.00   53978.82   
     1     46         74      46.38      33.86   13542.94    3700.00   10800.00    2250.00   30292.94   
     2     46         74      46.38      33.86   13542.94    3700.00    6480.00    1170.00   24892.94   
     0     46         81      53.31      38.66   46388.54   12150.00       0.00    2250.00   60788.54   
     1     46         81      53.31      38.66   15462.85    4050.00   10800.00    2250.00   32562.85   
     2     46         81      53.31      38.66   15462.85    4050.00    4120.00     580.00   24212.85   
     0     46         73      45.19      30.77   36923.60   10950.00       0.00    2250.00   50123.60   
     1     46         73      45.19      30.77   12307.87    3650.00   10800.00    2250.00   29007.87   
     2     46         73      45.19      30.77   12307.87    3650.00    3880.00     520.00   20357.87   
     0     46         60      34.96      23.69   28431.92    9000.00       0.00    2250.00   39681.92   
     1     46         60      34.96      23.69    9477.31    3000.00   10800.00    2250.00   25527.31   
     2     46         60      34.96      23.69    9477.31    3000.00    6440.00    1160.00   20077.31   
     0     46         81      50.98      36.57   43889.76   12150.00       0.00    2250.00   58289.76   
     1     46         81      50.98      36.57   14629.92    4050.00   10800.00    2250.00   31729.92   
     2     46         81      50.98      36.57   14629.92    4050.00    5200.00     850.00   24729.92   
     0     51         75      45.65      32.05   38456.52   11250.00       0.00    2500.00   52206.52   
     1     51         75      45.65      32.05   12818.84    3750.00   12000.00    2500.00   31068.84   
     2     51         75      45.65      32.05   12818.84    3750.00    4840.00     710.00   22118.84   
     0     51         73      44.91      31.63   37961.35   10950.00       0.00    2500.00   51411.35   
     1     51         73      44.91      31.63   12653.78    3650.00   12000.00    2500.00   30803.78   
     2     51         73      44.91      31.63   12653.78    3650.00    7240.00    1310.00   24853.78   
     0     51         71      42.59      29.07   34888.57   10650.00       0.00    2500.00   48038.57   
     1     51         71      42.59      29.07   11629.52    3550.00   12000.00    2500.00   29679.52   
     2     51         71      42.59      29.07   11629.52    3550.00    6960.00    1240.00   23379.52   
     0     51         81      52.01      38.19   45822.90   12150.00       0.00    2500.00   60472.90   
     1     51         81      52.01      38.19   15274.30    4050.00   12000.00    2500.00   33824.30   
     2     51         81      52.01      38.19   15274.30    4050.00    7200.00    1300.00   27824.30   
     0     51         82      51.91      37.27   44729.73   12300.00       0.00    2500.00   59529.73   
     1     51         82      51.91      37.27   14909.91    4100.00   12000.00    2500.00   33509.91   
     2     51         82      51.91      37.27   14909.91    4100.00    5640.00     910.00   25559.91   
     0     51         77      46.80      32.41   38890.71   11550.00       0.00    2500.00   52940.71   
     1     51         77      46.80      32.41   12963.57    3850.00   12000.00    2500.00   31313.57   
     2     51         77      46.80      32.41   12963.57    3850.00    6600.00    1150.00   24563.57   
     0     51        112      77.51      58.22   69864.37   16800.00       0.00    2500.00   89164.37   
     1     51        112      77.51      58.22   23288.12    5600.00   12000.00    2500.00   43388.12   
     2     51        112      77.51      58.22   23288.12    5600.00    6600.00    1150.00   36638.12   
     0     51         86      54.83      39.55   47458.99   12900.00       0.00    2500.00   62858.99   
     1     51         86      54.83      39.55   15819.66    4300.00   12000.00    2500.00   34619.66   
     2     51         86      54.83      39.55   15819.66    4300.00    6960.00    1240.00   28319.66   
     0     51         88      54.64      37.45   44939.60   13200.00       0.00    2500.00   60639.60   
     1     51         88      54.64      37.45   14979.87    4400.00   12000.00    2500.00   33879.87   
     2     51         88      54.64      37.45   14979.87    4400.00    6800.00    1200.00   27379.87   
     0     51         87      52.79      35.52   42626.25   13050.00       0.00    2500.00   58176.25   
     1     51         87      52.79      35.52   14208.75    4350.00   12000.00    2500.00   33058.75   
     2     51         87      52.79      35.52   14208.75    4350.00    6360.00    1090.00   26008.75   
     0     56        100      69.27      51.96   62346.68   15000.00       0.00    2750.00   80096.68   
     1     56        100      69.27      51.96   20782.23    5000.00   13200.00    2750.00   41732.23   
     2     56        100      69.27      51.96   20782.23    5000.00    7320.00    1280.00   34382.23   
     0     56         81      47.14      32.34   38812.38   12150.00       0.00    2750.00   53712.38   
     1     56         81      47.14      32.34   12937.46    4050.00   13200.00    2750.00   32937.46   
     2     56         81      47.14      32.34   12937.46    4050.00    7200.00    1250.00   25437.46   
     0     56        122      85.44      63.91   76689.62   18300.00       0.00    2750.00   97739.62   
     1     56        122      85.44      63.91   25563.21    6100.00   13200.00    2750.00   47613.21   
     2     56        122      85.44      63.91   25563.21    6100.00    6800.00    1150.00   39613.21   
     0     56         87      54.01      37.15   44585.29   13050.00       0.00    2750.00   60385.29   
     1     56         87      54.01      37.15   14861.76    4350.00   13200.00    2750.00   35161.76   
     2     56         87      54.01      37.15   14861.76    4350.00    7920.00    1430.00   28561.76   
     0     56         85      47.59      32.18   38617.86   12750.00       0.00    2750.00   54117.86   
     1     56         85      47.59      32.18   12872.62    4250.00   13200.00    2750.00   33072.62   
     2     56         85      47.59      32.18   12872.62    4250.00    5840.00     910.00   23872.62   
     0     56         84      54.19      38.79   46545.58   12600.00       0.00    2750.00   61895.58   
     1     56         84      54.19      38.79   15515.19    4200.00   13200.00    2750.00   35665.19   
     2     56         84      54.19      38.79   15515.19    4200.00    6320.00    1030.00   27065.19   
     0     56         95      59.76      41.80   50165.51   14250.00       0.00    2750.00   67165.51   
     1     56         95      59.76      41.80   16721.84    4750.00   13200.00    2750.00   37421.84   
     2     56         95      59.76      41.80   16721.84    4750.00    5840.00     910.00   28221.84   
     0     56         84      50.86      36.13   43352.14   12600.00       0.00    2750.00   58702.14   
     1     56         84      50.86      36.13   14450.71    4200.00   13200.00    2750.00   34600.71   
     2     56         84      50.86      36.13   14450.71    4200.00    8160.00    1490.00   28300.71   
     0     56         69      40.54      27.36   32836.16   10350.00       0.00    2750.00   45936.16   
     1     56         69      40.54      27.36   10945.39    3450.00   13200.00    2750.00   30345.39   
     2     56         69      40.54      27.36   10945.39    3450.00    6080.00     970.00   21445.39   
     0     56        106      69.68      50.31   60374.79   15900.00       0.00    2750.00   79024.79   
     1     56        106      69.68      50.31   20124.93    5300.00   13200.00    2750.00   41374.93   
     2     56        106      69.68      50.31   20124.93    5300.00    8000.00    1450.00   34874.93   
     0     61         83      50.95      34.01   40808.59   12450.00       0.00    3000.00   56258.59   
     1     61         83      50.95      34.01   13602.86    4150.00   14400.00    3000.00   35152.86   
     2     61         83      50.95      34.01   13602.86    4150.00    6880.00    1120.00   25752.86   
     0     61        104      63.97      46.45   55737.74   15600.00       0.00    3000.00   74337.74   
     1     61        104      63.97      46.45   18579.25    5200.00   14400.00    3000.00   41179.25   
     2     61        104      63.97      46.45   18579.25    5200.00    6120.00     930.00   30829.25   
     0     61        116      76.89      55.59   66709.32   17400.00       0.00    3000.00   87109.32   
     1     61        116      76.89      55.59   22236.44    5800.00   14400.00    3000.00   45436.44   
     2     61        116      76.89      55.59   22236.44    5800.00    5520.00     780.00   34336.44   
     0     61        118      76.71      56.51   67812.01   17700.00       0.00    3000.00   88512.01   
     1     61        118      76.71      56.51   22604.00    5900.00   14400.00    3000.00   45904.00   
     2     61        118      76.71      56.51   22604.00    5900.00    5960.00     890.00   35354.00   
     0     61         91      55.40      36.88   44257.44   13650.00       0.00    3000.00   60907.44   
     1     61         91      55.40      36.88   14752.48    4550.00   14400.00    3000.00   36702.48   
     2     61         91      55.40      36.88   14752.48    4550.00    7040.00    1160.00   27502.48   
     0     61        130      83.86      60.53   72633.43   19500.00       0.00    3000.00   95133.43   
     1     61        130      83.86      60.53   24211.14    6500.00   14400.00    3000.00   48111.14   
     2     61        130      83.86      60.53   24211.14    6500.00    9120.00    1680.00   41511.14   
     0     61         98      63.98      45.50   54601.32   14700.00       0.00    3000.00   72301.32   
     1     61         98      63.98      45.50   18200.44    4900.00   14400.00    3000.00   40500.44   
     2     61         98      63.98      45.50   18200.44    4900.00    8040.00    1410.00   32550.44   
     0     61         95      59.71      43.30   51962.83   14250.00       0.00    3000.00   69212.83   
     1     61         95      59.71      43.30   17320.94    4750.00   14400.00    3000.00   39470.94   
     2     61         95      59.71      43.30   17320.94    4750.00    8280.00    1470.00   31820.94   
     0     61        103      67.69      47.93   57517.87   15450.00       0.00    3000.00   75967.87   
     1     61        103      67.69      47.93   19172.62    5150.00   14400.00    3000.00   41722.62   
     2     61        103      67.69      47.93   19172.62    5150.00    8400.00    1500.00   34222.62   
     0     61         92      52.42      36.07   43289.77   13800.00       0.00    3000.00   60089.77   
     1     61         92      52.42      36.07   14429.92    4600.00   14400.00    3000.00   36429.92   
     2     61         92      52.42      36.07   14429.92    4600.00    8400.00    1500.00   28929.92   
