     0      6          9       3.43       1.36    1631.44    1350.00       0.00     250.00    3231.44   
     1      6          9       3.43       1.36     543.81     450.00    1200.00     250.00    2443.81   
     2      6          9       3.43       1.36     543.81     450.00     520.00      80.00    1593.81   
     0      6          6       3.03       1.58    1893.42     900.00       0.00     250.00    3043.42   
     1      6          6       3.03       1.58     631.14     300.00    1200.00     250.00    2381.14   
     2      6          6       3.03       1.58     631.14     300.00     600.00     100.00    1631.14   
     0      6          5       1.37       0.45     536.31     750.00       0.00     250.00    1536.31   
     1      6          5       1.37       0.45     178.77     250.00    1200.00     250.00    1878.77   
     2      6          5       1.37       0.45     178.77     250.00     720.00     130.00    1278.77   
     0      6          9       4.44       2.32    2787.41    1350.00       0.00     250.00    4387.41   
     1      6          9       4.44       2.32     929.14     450.00    1200.00     250.00    2829.14   
     2      6          9       4.44       2.32     929.14     450.00     560.00      90.00    2029.14   
     0      6          7       3.64       1.93    2321.84    1050.00       0.00     250.00    3621.84   
     1      6          7       3.64       1.93     773.95     350.00    1200.00     250.00    2573.95   
     2      6          7       3.64       1.93     773.95     350.00     640.00     110.00    1873.95   
     0      6          6       3.03       1.57    1883.55     900.00       0.00     250.00    3033.55   
     1      6          6       3.03       1.57     627.85     300.00    1200.00     250.00    2377.85   
     2      6          6       3.03       1.57     627.85     300.00     440.00      60.00    1427.85   
     0      6          6       2.58       1.17    1400.17     900.00       0.00     250.00    2550.17   
     1      6          6       2.58       1.17     466.72     300.00    1200.00     250.00    2216.72   
     2      6          6       2.58       1.17     466.72     300.00     560.00      90.00    1416.72   
     0      6          9       4.12       2.10    2524.78    1350.00       0.00     250.00    4124.78   
     1      6          9       4.12       2.10     841.59     450.00    1200.00     250.00    2741.59   
     2      6          9       4.12       2.10     841.59     450.00     600.00     100.00    1991.59   
     0      6          9       4.73       2.53    3035.79    1350.00       0.00     250.00    4635.79   
     1      6          9       4.73       2.53    1011.93     450.00    1200.00     250.00    2911.93   
     2      6          9       4.73       2.53    1011.93     450.00     760.00     140.00    2361.93   
     0      6         11       5.26       2.66    3187.36    1650.00       0.00     250.00    5087.36   
     1      6         11       5.26       2.66    1062.45     550.00    1200.00     250.00    3062.45   
     2      6         11       5.26       2.66    1062.45     550.00     440.00      60.00    2112.45   
     0     11         12       5.17       2.42    2898.34    1800.00       0.00     500.00    5198.34   
     1     11         12       5.17       2.42     966.11     600.00    2400.00     500.00    4466.11   
     2     11         12       5.17       2.42     966.11     600.00    1480.00     270.00    3316.11   
     0     11         19      10.10       5.57    6687.88    2850.00       0.00     500.00   10037.88   
     1     11         19      10.10       5.57    2229.29     950.00    2400.00     500.00    6079.29   
     2     11         19      10.10       5.57    2229.29     950.00    1480.00     270.00    4929.29   
     0     11         26      11.58       5.69    6824.70    3900.00       0.00     500.00   11224.70   
     1     11         26      11.58       5.69    2274.90    1300.00    2400.00     500.00    6474.90   
     2     11         26      11.58       5.69    2274.90    1300.00    1120.00     180.00    4874.90   
     0     11         15       5.94       2.96    3557.67    2250.00       0.00     500.00    6307.67   
     1     11         15       5.94       2.96    1185.89     750.00    2400.00     500.00    4835.89   
     2     11         15       5.94       2.96    1185.89     750.00     760.00      90.00    2785.89   
     0     11         16       7.39       3.55    4260.85    2400.00       0.00     500.00    7160.85   
     1     11         16       7.39       3.55    1420.28     800.00    2400.00     500.00    5120.28   
     2     11         16       7.39       3.55    1420.28     800.00    1520.00     280.00    4020.28   
     0     11         14       6.10       2.78    3341.27    2100.00       0.00     500.00    5941.27   
     1     11         14       6.10       2.78    1113.76     700.00    2400.00     500.00    4713.76   
     2     11         14       6.10       2.78    1113.76     700.00    1240.00     210.00    3263.76   
     0     11         16       7.78       3.86    4627.12    2400.00       0.00     500.00    7527.12   
     1     11         16       7.78       3.86    1542.37     800.00    2400.00     500.00    5242.37   
     2     11         16       7.78       3.86    1542.37     800.00    1400.00     250.00    3992.37   
     0     11         25      10.13       4.69    5629.90    3750.00       0.00     500.00    9879.90   
     1     11         25      10.13       4.69    1876.63    1250.00    2400.00     500.00    6026.63   
     2     11         25      10.13       4.69    1876.63    1250.00    1120.00     180.00    4426.63   
     0     11         17       8.40       4.22    5064.56    2550.00       0.00     500.00    8114.56   
     1     11         17       8.40       4.22    1688.19     850.00    2400.00     500.00    5438.19   
     2     11         17       8.40       4.22    1688.19     850.00     960.00     140.00    3638.19   
     0     11         14       5.63       2.74    3291.70    2100.00       0.00     500.00    5891.70   
     1     11         14       5.63       2.74    1097.23     700.00    2400.00     500.00    4697.23   
     2     11         14       5.63       2.74    1097.23     700.00    1120.00     180.00    3097.23   
     0     16         27      11.54       5.39    6467.95    4050.00       0.00     750.00   11267.95   
     1     16         27      11.54       5.39    2155.98    1350.00    3600.00     750.00    7855.98   
     2     16         27      11.54       5.39    2155.98    1350.00    1640.00     260.00    5405.98   
     0     16         25      11.40       5.58    6695.70    3750.00       0.00     750.00   11195.70   
     1     16         25      11.40       5.58    2231.90    1250.00    3600.00     750.00    7831.90   
     2     16         25      11.40       5.58    2231.90    1250.00    1920.00     330.00    5731.90   
     0     16         29      14.34       7.52    9027.74    4350.00       0.00     750.00   14127.74   
     1     16         29      14.34       7.52    3009.25    1450.00    3600.00     750.00    8809.25   
     2     16         29      14.34       7.52    3009.25    1450.00    1280.00     170.00    5909.25   
     0     16         36      15.63       7.23    8678.22    5400.00       0.00     750.00   14828.22   
     1     16         36      15.63       7.23    2892.74    1800.00    3600.00     750.00    9042.74   
     2     16         36      15.63       7.23    2892.74    1800.00    1640.00     260.00    6592.74   
     0     16         25      10.18       4.79    5749.20    3750.00       0.00     750.00   10249.20   
     1     16         25      10.18       4.79    1916.40    1250.00    3600.00     750.00    7516.40   
     2     16         25      10.18       4.79    1916.40    1250.00    1920.00     330.00    5416.40   
     0     16         36      15.28       6.95    8336.79    5400.00       0.00     750.00   14486.79   
     1     16         36      15.28       6.95    2778.93    1800.00    3600.00     750.00    8928.93   
     2     16         36      15.28       6.95    2778.93    1800.00     960.00      90.00    5628.93   
     0     16         24      11.62       5.95    7140.87    3600.00       0.00     750.00   11490.87   
     1     16         24      11.62       5.95    2380.29    1200.00    3600.00     750.00    7930.29   
     2     16         24      11.62       5.95    2380.29    1200.00    1960.00     340.00    5880.29   
     0     16         39      19.14       9.85   11825.16    5850.00       0.00     750.00   18425.16   
     1     16         39      19.14       9.85    3941.72    1950.00    3600.00     750.00   10241.72   
     2     16         39      19.14       9.85    3941.72    1950.00    2200.00     400.00    8491.72   
     0     16         23       9.66       4.47    5361.23    3450.00       0.00     750.00    9561.23   
     1     16         23       9.66       4.47    1787.08    1150.00    3600.00     750.00    7287.08   
     2     16         23       9.66       4.47    1787.08    1150.00    1920.00     330.00    5187.08   
     0     16         36      16.90       8.33    9990.91    5400.00       0.00     750.00   16140.91   
     1     16         36      16.90       8.33    3330.30    1800.00    3600.00     750.00    9480.30   
     2     16         36      16.90       8.33    3330.30    1800.00    2040.00     360.00    7530.30   
     0     21         31      13.12       6.37    7646.43    4650.00       0.00    1000.00   13296.43   
     1     21         31      13.12       6.37    2548.81    1550.00    4800.00    1000.00    9898.81   
     2     21         31      13.12       6.37    2548.81    1550.00    1960.00     290.00    6348.81   
     0     21         34      12.95       5.74    6882.96    5100.00       0.00    1000.00   12982.96   
     1     21         34      12.95       5.74    2294.32    1700.00    4800.00    1000.00    9794.32   
     2     21         34      12.95       5.74    2294.32    1700.00    1880.00     270.00    6144.32   
     0     21         29      11.69       5.24    6283.13    4350.00       0.00    1000.00   11633.13   
     1     21         29      11.69       5.24    2094.38    1450.00    4800.00    1000.00    9344.38   
     2     21         29      11.69       5.24    2094.38    1450.00    2320.00     380.00    6244.38   
     0     21         27      12.63       6.46    7753.82    4050.00       0.00    1000.00   12803.82   
     1     21         27      12.63       6.46    2584.61    1350.00    4800.00    1000.00    9734.61   
     2     21         27      12.63       6.46    2584.61    1350.00    2720.00     480.00    7134.61   
     0     21         35      15.45       7.43    8915.54    5250.00       0.00    1000.00   15165.54   
     1     21         35      15.45       7.43    2971.85    1750.00    4800.00    1000.00   10521.85   
     2     21         35      15.45       7.43    2971.85    1750.00    2480.00     420.00    7621.85   
     0     21         53      23.46      11.94   14329.82    7950.00       0.00    1000.00   23279.82   
     1     21         53      23.46      11.94    4776.61    2650.00    4800.00    1000.00   13226.61   
     2     21         53      23.46      11.94    4776.61    2650.00    2160.00     340.00    9926.61   
     0     21         34      16.36       8.19    9822.65    5100.00       0.00    1000.00   15922.65   
     1     21         34      16.36       8.19    3274.22    1700.00    4800.00    1000.00   10774.22   
     2     21         34      16.36       8.19    3274.22    1700.00    2080.00     320.00    7374.22   
     0     21         38      16.96       8.34   10009.40    5700.00       0.00    1000.00   16709.40   
     1     21         38      16.96       8.34    3336.47    1900.00    4800.00    1000.00   11036.47   
     2     21         38      16.96       8.34    3336.47    1900.00    1840.00     260.00    7336.47   
     0     21         33      14.72       7.15    8580.56    4950.00       0.00    1000.00   14530.56   
     1     21         33      14.72       7.15    2860.19    1650.00    4800.00    1000.00   10310.19   
     2     21         33      14.72       7.15    2860.19    1650.00    2000.00     300.00    6810.19   
     0     21         29      11.24       5.02    6018.52    4350.00       0.00    1000.00   11368.52   
     1     21         29      11.24       5.02    2006.17    1450.00    4800.00    1000.00    9256.17   
     2     21         29      11.24       5.02    2006.17    1450.00    2960.00     540.00    6956.17   
     0     26         58      27.06      13.43   16114.14    8700.00       0.00    1250.00   26064.14   
     1     26         58      27.06      13.43    5371.38    2900.00    6000.00    1250.00   15521.38   
     2     26         58      27.06      13.43    5371.38    2900.00    3160.00     540.00   11971.38   
     0     26         36      16.83       8.46   10154.69    5400.00       0.00    1250.00   16804.69   
     1     26         36      16.83       8.46    3384.90    1800.00    6000.00    1250.00   12434.90   
     2     26         36      16.83       8.46    3384.90    1800.00    2600.00     400.00    8184.90   
     0     26         34      15.30       7.49    8983.78    5100.00       0.00    1250.00   15333.78   
     1     26         34      15.30       7.49    2994.59    1700.00    6000.00    1250.00   11944.59   
     2     26         34      15.30       7.49    2994.59    1700.00    3120.00     530.00    8344.59   
     0     26         38      17.50       8.58   10291.65    5700.00       0.00    1250.00   17241.65   
     1     26         38      17.50       8.58    3430.55    1900.00    6000.00    1250.00   12580.55   
     2     26         38      17.50       8.58    3430.55    1900.00    3040.00     510.00    8880.55   
     0     26         52      20.93      10.57   12678.10    7800.00       0.00    1250.00   21728.10   
     1     26         52      20.93      10.57    4226.03    2600.00    6000.00    1250.00   14076.03   
     2     26         52      20.93      10.57    4226.03    2600.00    2680.00     420.00    9926.03   
     0     26         53      25.08      12.46   14947.07    7950.00       0.00    1250.00   24147.07   
     1     26         53      25.08      12.46    4982.36    2650.00    6000.00    1250.00   14882.36   
     2     26         53      25.08      12.46    4982.36    2650.00    3200.00     550.00   11382.36   
     0     26         40      17.22       8.03    9635.45    6000.00       0.00    1250.00   16885.45   
     1     26         40      17.22       8.03    3211.82    2000.00    6000.00    1250.00   12461.82   
     2     26         40      17.22       8.03    3211.82    2000.00    2800.00     450.00    8461.82   
     0     26         44      16.97       7.64    9171.84    6600.00       0.00    1250.00   17021.84   
     1     26         44      16.97       7.64    3057.28    2200.00    6000.00    1250.00   12507.28   
     2     26         44      16.97       7.64    3057.28    2200.00    3240.00     560.00    9057.28   
     0     26         40      16.71       8.00    9600.95    6000.00       0.00    1250.00   16850.95   
     1     26         40      16.71       8.00    3200.32    2000.00    6000.00    1250.00   12450.32   
     2     26         40      16.71       8.00    3200.32    2000.00    3240.00     560.00    9000.32   
     0     26         59      25.98      13.12   15743.55    8850.00       0.00    1250.00   25843.55   
     1     26         59      25.98      13.12    5247.85    2950.00    6000.00    1250.00   15447.85   
     2     26         59      25.98      13.12    5247.85    2950.00    2560.00     390.00   11147.85   
     0     31         44      18.93       8.94   10726.68    6600.00       0.00    1500.00   18826.68   
     1     31         44      18.93       8.94    3575.56    2200.00    7200.00    1500.00   14475.56   
     2     31         44      18.93       8.94    3575.56    2200.00    3800.00     650.00   10225.56   
     0     31         46      20.44       9.67   11599.14    6900.00       0.00    1500.00   19999.14   
     1     31         46      20.44       9.67    3866.38    2300.00    7200.00    1500.00   14866.38   
     2     31         46      20.44       9.67    3866.38    2300.00    2200.00     250.00    8616.38   
     0     31         47      19.75       9.57   11486.27    7050.00       0.00    1500.00   20036.27   
     1     31         47      19.75       9.57    3828.76    2350.00    7200.00    1500.00   14878.76   
     2     31         47      19.75       9.57    3828.76    2350.00    4040.00     710.00   10928.76   
     0     31         45      19.72       9.39   11273.65    6750.00       0.00    1500.00   19523.65   
     1     31         45      19.72       9.39    3757.88    2250.00    7200.00    1500.00   14707.88   
     2     31         45      19.72       9.39    3757.88    2250.00    3760.00     640.00   10407.88   
     0     31         58      26.85      13.16   15792.00    8700.00       0.00    1500.00   25992.00   
     1     31         58      26.85      13.16    5264.00    2900.00    7200.00    1500.00   16864.00   
     2     31         58      26.85      13.16    5264.00    2900.00    4440.00     810.00   13414.00   
     0     31         64      28.50      14.54   17452.60    9600.00       0.00    1500.00   28552.60   
     1     31         64      28.50      14.54    5817.53    3200.00    7200.00    1500.00   17717.53   
     2     31         64      28.50      14.54    5817.53    3200.00    3520.00     580.00   13117.53   
     0     31         63      28.88      14.32   17180.60    9450.00       0.00    1500.00   28130.60   
     1     31         63      28.88      14.32    5726.87    3150.00    7200.00    1500.00   17576.87   
     2     31         63      28.88      14.32    5726.87    3150.00    3640.00     610.00   13126.87   
     0     31         46      18.82       9.44   11326.66    6900.00       0.00    1500.00   19726.66   
     1     31         46      18.82       9.44    3775.55    2300.00    7200.00    1500.00   14775.55   
     2     31         46      18.82       9.44    3775.55    2300.00    3920.00     680.00   10675.55   
     0     31         53      25.32      12.95   15542.52    7950.00       0.00    1500.00   24992.52   
     1     31         53      25.32      12.95    5180.84    2650.00    7200.00    1500.00   16530.84   
     2     31         53      25.32      12.95    5180.84    2650.00    2560.00     340.00   10730.84   
     0     31         67      31.08      14.85   17818.06   10050.00       0.00    1500.00   29368.06   
     1     31         67      31.08      14.85    5939.35    3350.00    7200.00    1500.00   17989.35   
     2     31         67      31.08      14.85    5939.35    3350.00    2400.00     300.00   11989.35   
     0     36         60      26.00      12.91   15497.61    9000.00       0.00    1750.00   26247.61   
     1     36         60      26.00      12.91    5165.87    3000.00    8400.00    1750.00   18315.87   
     2     36         60      26.00      12.91    5165.87    3000.00    4600.00     800.00   13565.87   
     0     36         59      25.62      12.52   15020.11    8850.00       0.00    1750.00   25620.11   
     1     36         59      25.62      12.52    5006.70    2950.00    8400.00    1750.00   18106.70   
     2     36         59      25.62      12.52    5006.70    2950.00    3920.00     630.00   12506.70   
     0     36         56      24.49      11.85   14216.16    8400.00       0.00    1750.00   24366.16   
     1     36         56      24.49      11.85    4738.72    2800.00    8400.00    1750.00   17688.72   
     2     36         56      24.49      11.85    4738.72    2800.00    5120.00     930.00   13588.72   
     0     36         60      25.27      12.47   14966.78    9000.00       0.00    1750.00   25716.78   
     1     36         60      25.27      12.47    4988.93    3000.00    8400.00    1750.00   18138.93   
     2     36         60      25.27      12.47    4988.93    3000.00    4400.00     750.00   13138.93   
     0     36         60      27.03      13.64   16363.01    9000.00       0.00    1750.00   27113.01   
     1     36         60      27.03      13.64    5454.34    3000.00    8400.00    1750.00   18604.34   
     2     36         60      27.03      13.64    5454.34    3000.00    4520.00     780.00   13754.34   
     0     36         52      24.49      12.16   14594.82    7800.00       0.00    1750.00   24144.82   
     1     36         52      24.49      12.16    4864.94    2600.00    8400.00    1750.00   17614.94   
     2     36         52      24.49      12.16    4864.94    2600.00    4040.00     660.00   12164.94   
     0     36         52      20.84       9.70   11637.14    7800.00       0.00    1750.00   21187.14   
     1     36         52      20.84       9.70    3879.05    2600.00    8400.00    1750.00   16629.05   
     2     36         52      20.84       9.70    3879.05    2600.00    4880.00     870.00   12229.05   
     0     36         79      34.33      17.08   20498.21   11850.00       0.00    1750.00   34098.21   
     1     36         79      34.33      17.08    6832.74    3950.00    8400.00    1750.00   20932.74   
     2     36         79      34.33      17.08    6832.74    3950.00    3760.00     590.00   15132.74   
     0     36         56      23.58      11.29   13549.82    8400.00       0.00    1750.00   23699.82   
     1     36         56      23.58      11.29    4516.61    2800.00    8400.00    1750.00   17466.61   
     2     36         56      23.58      11.29    4516.61    2800.00    3120.00     430.00   10866.61   
     0     36         61      23.92      11.48   13770.65    9150.00       0.00    1750.00   24670.65   
     1     36         61      23.92      11.48    4590.22    3050.00    8400.00    1750.00   17790.22   
     2     36         61      23.92      11.48    4590.22    3050.00    5120.00     930.00   13690.22   
     0     41         55      24.21      12.10   14523.17    8250.00       0.00    2000.00   24773.17   
     1     41         55      24.21      12.10    4841.06    2750.00    9600.00    2000.00   19191.06   
     2     41         55      24.21      12.10    4841.06    2750.00    5400.00     950.00   13941.06   
     0     41         79      32.96      17.00   20398.03   11850.00       0.00    2000.00   34248.03   
     1     41         79      32.96      17.00    6799.34    3950.00    9600.00    2000.00   22349.34   
     2     41         79      32.96      17.00    6799.34    3950.00    6000.00    1100.00   17849.34   
     0     41         72      34.23      17.37   20845.73   10800.00       0.00    2000.00   33645.73   
     1     41         72      34.23      17.37    6948.58    3600.00    9600.00    2000.00   22148.58   
     2     41         72      34.23      17.37    6948.58    3600.00    4000.00     600.00   15148.58   
     0     41         68      31.31      15.52   18619.84   10200.00       0.00    2000.00   30819.84   
     1     41         68      31.31      15.52    6206.61    3400.00    9600.00    2000.00   21206.61   
     2     41         68      31.31      15.52    6206.61    3400.00    3880.00     570.00   14056.61   
     0     41         63      29.28      14.90   17882.13    9450.00       0.00    2000.00   29332.13   
     1     41         63      29.28      14.90    5960.71    3150.00    9600.00    2000.00   20710.71   
     2     41         63      29.28      14.90    5960.71    3150.00    5960.00    1090.00   16160.71   
     0     41         73      32.27      15.64   18768.49   10950.00       0.00    2000.00   31718.49   
     1     41         73      32.27      15.64    6256.16    3650.00    9600.00    2000.00   21506.16   
     2     41         73      32.27      15.64    6256.16    3650.00    5440.00     960.00   16306.16   
     0     41         69      29.91      14.39   17262.45   10350.00       0.00    2000.00   29612.45   
     1     41         69      29.91      14.39    5754.15    3450.00    9600.00    2000.00   20804.15   
     2     41         69      29.91      14.39    5754.15    3450.00    4720.00     780.00   14704.15   
     0     41         56      24.70      12.03   14433.40    8400.00       0.00    2000.00   24833.40   
     1     41         56      24.70      12.03    4811.13    2800.00    9600.00    2000.00   19211.13   
     2     41         56      24.70      12.03    4811.13    2800.00    5160.00     890.00   13661.13   
     0     41         67      31.95      16.28   19535.54   10050.00       0.00    2000.00   31585.54   
     1     41         67      31.95      16.28    6511.85    3350.00    9600.00    2000.00   21461.85   
     2     41         67      31.95      16.28    6511.85    3350.00    4720.00     780.00   15361.85   
     0     41         67      30.98      15.81   18966.70   10050.00       0.00    2000.00   31016.70   
     1     41         67      30.98      15.81    6322.23    3350.00    9600.00    2000.00   21272.23   
     2     41         67      30.98      15.81    6322.23    3350.00    5080.00     870.00   15622.23   
     0     46         65      30.23      15.35   18417.37    9750.00       0.00    2250.00   30417.37   
     1     46         65      30.23      15.35    6139.12    3250.00   10800.00    2250.00   22439.12   
     2     46         65      30.23      15.35    6139.12    3250.00    4640.00     710.00   14739.12   
     0     46         96      48.40      25.56   30673.53   14400.00       0.00    2250.00   47323.53   
     1     46         96      48.40      25.56   10224.51    4800.00   10800.00    2250.00   28074.51   
     2     46         96      48.40      25.56   10224.51    4800.00    6200.00    1100.00   22324.51   
     0     46         82      34.88      17.19   20629.71   12300.00       0.00    2250.00   35179.71   
     1     46         82      34.88      17.19    6876.57    4100.00   10800.00    2250.00   24026.57   
     2     46         82      34.88      17.19    6876.57    4100.00    5120.00     830.00   16926.57   
     0     46         94      45.66      24.38   29256.94   14100.00       0.00    2250.00   45606.94   
     1     46         94      45.66      24.38    9752.31    4700.00   10800.00    2250.00   27502.31   
     2     46         94      45.66      24.38    9752.31    4700.00    5760.00     990.00   21202.31   
     0     46         77      38.22      20.50   24594.20   11550.00       0.00    2250.00   38394.20   
     1     46         77      38.22      20.50    8198.07    3850.00   10800.00    2250.00   25098.07   
     2     46         77      38.22      20.50    8198.07    3850.00    6240.00    1110.00   19398.07   
     0     46         86      42.73      22.78   27333.53   12900.00       0.00    2250.00   42483.53   
     1     46         86      42.73      22.78    9111.18    4300.00   10800.00    2250.00   26461.18   
     2     46         86      42.73      22.78    9111.18    4300.00    5280.00     870.00   19561.18   
     0     46         90      40.56      20.73   24870.74   13500.00       0.00    2250.00   40620.74   
     1     46         90      40.56      20.73    8290.25    4500.00   10800.00    2250.00   25840.25   
     2     46         90      40.56      20.73    8290.25    4500.00    4280.00     620.00   17690.25   
     0     46         81      36.36      17.62   21140.12   12150.00       0.00    2250.00   35540.12   
     1     46         81      36.36      17.62    7046.71    4050.00   10800.00    2250.00   24146.71   
     2     46         81      36.36      17.62    7046.71    4050.00    5160.00     840.00   17096.71   
     0     46         83      36.23      17.99   21586.81   12450.00       0.00    2250.00   36286.81   
     1     46         83      36.23      17.99    7195.60    4150.00   10800.00    2250.00   24395.60   
     2     46         83      36.23      17.99    7195.60    4150.00    5880.00    1020.00   18245.60   
     0     46         71      32.73      16.30   19560.03   10650.00       0.00    2250.00   32460.03   
     1     46         71      32.73      16.30    6520.01    3550.00   10800.00    2250.00   23120.01   
     2     46         71      32.73      16.30    6520.01    3550.00    5640.00     960.00   16670.01   
     0     51         80      38.25      19.15   22983.55   12000.00       0.00    2500.00   37483.55   
     1     51         80      38.25      19.15    7661.18    4000.00   12000.00    2500.00   26161.18   
     2     51         80      38.25      19.15    7661.18    4000.00    6640.00    1160.00   19461.18   
     0     51         71      30.68      15.02   18024.76   10650.00       0.00    2500.00   31174.76   
     1     51         71      30.68      15.02    6008.25    3550.00   12000.00    2500.00   24058.25   
     2     51         71      30.68      15.02    6008.25    3550.00    5320.00     830.00   15708.25   
     0     51        106      49.07      24.99   29992.89   15900.00       0.00    2500.00   48392.89   
     1     51        106      49.07      24.99    9997.63    5300.00   12000.00    2500.00   29797.63   
     2     51        106      49.07      24.99    9997.63    5300.00    6200.00    1050.00   22547.63   
     0     51         80      32.94      16.21   19454.74   12000.00       0.00    2500.00   33954.74   
     1     51         80      32.94      16.21    6484.91    4000.00   12000.00    2500.00   24984.91   
     2     51         80      32.94      16.21    6484.91    4000.00    5680.00     920.00   17084.91   
     0     51         80      36.28      17.65   21185.56   12000.00       0.00    2500.00   35685.56   
     1     51         80      36.28      17.65    7061.85    4000.00   12000.00    2500.00   25561.85   
     2     51         80      36.28      17.65    7061.85    4000.00    5920.00     980.00   17961.85   
     0     51         76      31.06      15.24   18289.13   11400.00       0.00    2500.00   32189.13   
     1     51         76      31.06      15.24    6096.38    3800.00   12000.00    2500.00   24396.38   
     2     51         76      31.06      15.24    6096.38    3800.00    7120.00    1280.00   18296.38   
     0     51         86      41.99      21.92   26302.35   12900.00       0.00    2500.00   41702.35   
     1     51         86      41.99      21.92    8767.45    4300.00   12000.00    2500.00   27567.45   
     2     51         86      41.99      21.92    8767.45    4300.00    6520.00    1130.00   20717.45   
     0     51         84      36.11      18.02   21623.08   12600.00       0.00    2500.00   36723.08   
     1     51         84      36.11      18.02    7207.69    4200.00   12000.00    2500.00   25907.69   
     2     51         84      36.11      18.02    7207.69    4200.00    6480.00    1120.00   19007.69   
     0     51         79      36.72      18.28   21939.92   11850.00       0.00    2500.00   36289.92   
     1     51         79      36.72      18.28    7313.31    3950.00   12000.00    2500.00   25763.31   
     2     51         79      36.72      18.28    7313.31    3950.00    6000.00    1000.00   18263.31   
     0     51         77      33.84      16.64   19970.15   11550.00       0.00    2500.00   34020.15   
     1     51         77      33.84      16.64    6656.72    3850.00   12000.00    2500.00   25006.72   
     2     51         77      33.84      16.64    6656.72    3850.00    6320.00    1080.00   17906.72   
     0     56         96      43.29      21.53   25836.41   14400.00       0.00    2750.00   42986.41   
     1     56         96      43.29      21.53    8612.14    4800.00   13200.00    2750.00   29362.14   
     2     56         96      43.29      21.53    8612.14    4800.00    7480.00    1320.00   22212.14   
     0     56         92      40.03      19.40   23279.04   13800.00       0.00    2750.00   39829.04   
     1     56         92      40.03      19.40    7759.68    4600.00   13200.00    2750.00   28309.68   
     2     56         92      40.03      19.40    7759.68    4600.00    7920.00    1430.00   21709.68   
     0     56        102      47.95      24.29   29144.56   15300.00       0.00    2750.00   47194.56   
     1     56        102      47.95      24.29    9714.85    5100.00   13200.00    2750.00   30764.85   
     2     56        102      47.95      24.29    9714.85    5100.00    6040.00     960.00   21814.85   
     0     56         91      40.41      20.84   25013.33   13650.00       0.00    2750.00   41413.33   
     1     56         91      40.41      20.84    8337.78    4550.00   13200.00    2750.00   28837.78   
     2     56         91      40.41      20.84    8337.78    4550.00    5040.00     710.00   18637.78   
     0     56         89      37.92      17.65   21177.91   13350.00       0.00    2750.00   37277.91   
     1     56         89      37.92      17.65    7059.30    4450.00   13200.00    2750.00   27459.30   
     2     56         89      37.92      17.65    7059.30    4450.00    6920.00    1180.00   19609.30   
     0     56         96      43.72      23.45   28143.16   14400.00       0.00    2750.00   45293.16   
     1     56         96      43.72      23.45    9381.05    4800.00   13200.00    2750.00   30131.05   
     2     56         96      43.72      23.45    9381.05    4800.00    5880.00     920.00   20981.05   
     0     56        113      50.09      25.84   31004.44   16950.00       0.00    2750.00   50704.44   
     1     56        113      50.09      25.84   10334.81    5650.00   13200.00    2750.00   31934.81   
     2     56        113      50.09      25.84   10334.81    5650.00    8000.00    1450.00   25434.81   
     0     56        104      49.86      25.64   30764.39   15600.00       0.00    2750.00   49114.39   
     1     56        104      49.86      25.64   10254.80    5200.00   13200.00    2750.00   31404.80   
     2     56        104      49.86      25.64   10254.80    5200.00    5960.00     940.00   22354.80   
     0     56         88      37.98      18.30   21955.93   13200.00       0.00    2750.00   37905.93   
     1     56         88      37.98      18.30    7318.64    4400.00   13200.00    2750.00   27668.64   
     2     56         88      37.98      18.30    7318.64    4400.00    7360.00    1290.00   20368.64   
     0     56        109      48.46      24.60   29516.89   16350.00       0.00    2750.00   48616.89   
     1     56        109      48.46      24.60    9838.96    5450.00   13200.00    2750.00   31238.96   
     2     56        109      48.46      24.60    9838.96    5450.00    7800.00    1400.00   24488.96   
     0     61         97      39.41      19.07   22882.36   14550.00       0.00    3000.00   40432.36   
     1     61         97      39.41      19.07    7627.45    4850.00   14400.00    3000.00   29877.45   
     2     61         97      39.41      19.07    7627.45    4850.00    7960.00    1390.00   21827.45   
     0     61        116      53.10      27.82   33383.06   17400.00       0.00    3000.00   53783.06   
     1     61        116      53.10      27.82   11127.69    5800.00   14400.00    3000.00   34327.69   
     2     61        116      53.10      27.82   11127.69    5800.00    8480.00    1520.00   26927.69   
     0     61         82      34.89      17.42   20906.70   12300.00       0.00    3000.00   36206.70   
     1     61         82      34.89      17.42    6968.90    4100.00   14400.00    3000.00   28468.90   
     2     61         82      34.89      17.42    6968.90    4100.00    7120.00    1180.00   19368.90   
     0     61         86      37.26      18.58   22296.82   12900.00       0.00    3000.00   38196.82   
     1     61         86      37.26      18.58    7432.27    4300.00   14400.00    3000.00   29132.27   
     2     61         86      37.26      18.58    7432.27    4300.00    6720.00    1080.00   19532.27   
     0     61         80      32.54      15.53   18636.14   12000.00       0.00    3000.00   33636.14   
     1     61         80      32.54      15.53    6212.05    4000.00   14400.00    3000.00   27612.05   
     2     61         80      32.54      15.53    6212.05    4000.00    5840.00     860.00   16912.05   
     0     61         98      43.56      21.55   25862.72   14700.00       0.00    3000.00   43562.72   
     1     61         98      43.56      21.55    8620.91    4900.00   14400.00    3000.00   30920.91   
     2     61         98      43.56      21.55    8620.91    4900.00    5760.00     840.00   20120.91   
     0     61         96      41.04      20.47   24558.32   14400.00       0.00    3000.00   41958.32   
     1     61         96      41.04      20.47    8186.11    4800.00   14400.00    3000.00   30386.11   
     2     61         96      41.04      20.47    8186.11    4800.00    7040.00    1160.00   21186.11   
     0     61        126      56.01      27.81   33377.44   18900.00       0.00    3000.00   55277.44   
     1     61        126      56.01      27.81   11125.81    6300.00   14400.00    3000.00   34825.81   
     2     61        126      56.01      27.81   11125.81    6300.00    7760.00    1340.00   26525.81   
     0     61        102      42.30      20.76   24911.22   15300.00       0.00    3000.00   43211.22   
     1     61        102      42.30      20.76    8303.74    5100.00   14400.00    3000.00   30803.74   
     2     61        102      42.30      20.76    8303.74    5100.00    8160.00    1440.00   23003.74   
     0     61        109      51.48      26.81   32177.98   16350.00       0.00    3000.00   51527.98   
     1     61        109      51.48      26.81   10725.99    5450.00   14400.00    3000.00   33575.99   
     2     61        109      51.48      26.81   10725.99    5450.00    8280.00    1470.00   25925.99   
