     0      5          5       2.04       0.84    1006.38     750.00       0.00     200.00    1956.38   
     1      5          5       2.04       0.84     335.46     250.00     960.00     200.00    1745.46   
     2      5          5       2.04       0.84     335.46     250.00     520.00      90.00    1195.46   
     3      5          5       2.04       0.84     335.46     250.00    4600.00     460.00    5645.46   
     0      5          5       1.70       0.58     699.84     750.00       0.00     200.00    1649.84   
     1      5          5       1.70       0.58     233.28     250.00     960.00     200.00    1643.28   
     2      5          5       1.70       0.58     233.28     250.00     480.00      80.00    1043.28   
     3      5          5       1.70       0.58     233.28     250.00    5600.00     560.00    6643.28   
     0      5          6       1.95       0.65     780.44     900.00       0.00     200.00    1880.44   
     1      5          6       1.95       0.65     260.15     300.00     960.00     200.00    1720.15   
     2      5          6       1.95       0.65     260.15     300.00     480.00      80.00    1120.15   
     3      5          6       1.95       0.65     260.15     300.00    1600.00     160.00    2320.15   
     0      5          4       1.13       0.36     435.76     600.00       0.00     200.00    1235.76   
     1      5          4       1.13       0.36     145.25     200.00     960.00     200.00    1505.25   
     2      5          4       1.13       0.36     145.25     200.00     520.00      90.00     955.25   
     3      5          4       1.13       0.36     145.25     200.00    5200.00     520.00    6065.25   
     0      5          5       1.28       0.38     451.41     750.00       0.00     200.00    1401.41   
     1      5          5       1.28       0.38     150.47     250.00     960.00     200.00    1560.47   
     2      5          5       1.28       0.38     150.47     250.00     400.00      60.00     860.47   
     3      5          5       1.28       0.38     150.47     250.00    6800.00     680.00    7880.47   
     0      5          6       1.60       0.46     557.24     900.00       0.00     200.00    1657.24   
     1      5          6       1.60       0.46     185.75     300.00     960.00     200.00    1645.75   
     2      5          6       1.60       0.46     185.75     300.00     560.00     100.00    1145.75   
     3      5          6       1.60       0.46     185.75     300.00    3400.00     340.00    4225.75   
     0      5          5       2.05       0.85    1016.44     750.00       0.00     200.00    1966.44   
     1      5          5       2.05       0.85     338.81     250.00     960.00     200.00    1748.81   
     2      5          5       2.05       0.85     338.81     250.00     400.00      60.00    1048.81   
     3      5          5       2.05       0.85     338.81     250.00    2000.00     200.00    2788.81   
     0      5          6       2.46       1.01    1216.58     900.00       0.00     200.00    2316.58   
     1      5          6       2.46       1.01     405.53     300.00     960.00     200.00    1865.53   
     2      5          6       2.46       1.01     405.53     300.00     400.00      60.00    1165.53   
     3      5          6       2.46       1.01     405.53     300.00    6000.00     600.00    7305.53   
     0      5          4       1.54       0.60     721.47     600.00       0.00     200.00    1521.47   
     1      5          4       1.54       0.60     240.49     200.00     960.00     200.00    1600.49   
     2      5          4       1.54       0.60     240.49     200.00     480.00      80.00    1000.49   
     3      5          4       1.54       0.60     240.49     200.00    1600.00     160.00    2200.49   
     0      5          5       1.42       0.46     548.06     750.00       0.00     200.00    1498.06   
     1      5          5       1.42       0.46     182.69     250.00     960.00     200.00    1592.69   
     2      5          5       1.42       0.46     182.69     250.00     640.00     120.00    1192.69   
     3      5          5       1.42       0.46     182.69     250.00    1200.00     120.00    1752.69   
     0      5          4       1.24       0.39     464.94     600.00       0.00     200.00    1264.94   
     1      5          4       1.24       0.39     154.98     200.00     960.00     200.00    1514.98   
     2      5          4       1.24       0.39     154.98     200.00     400.00      60.00     814.98   
     3      5          4       1.24       0.39     154.98     200.00    3000.00     300.00    3654.98   
     0      5          4       1.23       0.40     480.95     600.00       0.00     200.00    1280.95   
     1      5          4       1.23       0.40     160.32     200.00     960.00     200.00    1520.32   
     2      5          4       1.23       0.40     160.32     200.00     440.00      70.00     870.32   
     3      5          4       1.23       0.40     160.32     200.00    5100.00     510.00    5970.32   
     0      5          6       2.34       0.93    1112.88     900.00       0.00     200.00    2212.88   
     1      5          6       2.34       0.93     370.96     300.00     960.00     200.00    1830.96   
     2      5          6       2.34       0.93     370.96     300.00     480.00      80.00    1230.96   
     3      5          6       2.34       0.93     370.96     300.00    4800.00     480.00    5950.96   
     0      5          7       2.17       0.68     818.22    1050.00       0.00     200.00    2068.22   
     1      5          7       2.17       0.68     272.74     350.00     960.00     200.00    1782.74   
     2      5          7       2.17       0.68     272.74     350.00     600.00     110.00    1332.74   
     3      5          7       2.17       0.68     272.74     350.00    1600.00     160.00    2382.74   
     0      5          5       1.61       0.58     692.36     750.00       0.00     200.00    1642.36   
     1      5          5       1.61       0.58     230.79     250.00     960.00     200.00    1640.79   
     2      5          5       1.61       0.58     230.79     250.00     560.00     100.00    1140.79   
     3      5          5       1.61       0.58     230.79     250.00    1200.00     120.00    1800.79   
     0      5          4       1.26       0.42     499.10     600.00       0.00     200.00    1299.10   
     1      5          4       1.26       0.42     166.37     200.00     960.00     200.00    1526.37   
     2      5          4       1.26       0.42     166.37     200.00     440.00      70.00     876.37   
     3      5          4       1.26       0.42     166.37     200.00    1600.00     160.00    2126.37   
     0      5          6       1.79       0.63     754.18     900.00       0.00     200.00    1854.18   
     1      5          6       1.79       0.63     251.39     300.00     960.00     200.00    1711.39   
     2      5          6       1.79       0.63     251.39     300.00     200.00      10.00     761.39   
     3      5          6       1.79       0.63     251.39     300.00    1200.00     120.00    1871.39   
     0      5          6       1.93       0.64     768.25     900.00       0.00     200.00    1868.25   
     1      5          6       1.93       0.64     256.08     300.00     960.00     200.00    1716.08   
     2      5          6       1.93       0.64     256.08     300.00     640.00     120.00    1316.08   
     3      5          6       1.93       0.64     256.08     300.00    1200.00     120.00    1876.08   
     0      5          6       2.20       0.86    1026.86     900.00       0.00     200.00    2126.86   
     1      5          6       2.20       0.86     342.29     300.00     960.00     200.00    1802.29   
     2      5          6       2.20       0.86     342.29     300.00     200.00      10.00     852.29   
     3      5          6       2.20       0.86     342.29     300.00    1200.00     120.00    1962.29   
     0      5          7       2.16       0.72     863.65    1050.00       0.00     200.00    2113.65   
     1      5          7       2.16       0.72     287.88     350.00     960.00     200.00    1797.88   
     2      5          7       2.16       0.72     287.88     350.00     600.00     110.00    1347.88   
     3      5          7       2.16       0.72     287.88     350.00    1200.00     120.00    1957.88   
     0      5          7       2.10       0.64     762.86    1050.00       0.00     200.00    2012.86   
     1      5          7       2.10       0.64     254.29     350.00     960.00     200.00    1764.29   
     2      5          7       2.10       0.64     254.29     350.00     400.00      60.00    1064.29   
     3      5          7       2.10       0.64     254.29     350.00    2000.00     200.00    2804.29   
     0      5          6       1.90       0.66     789.05     900.00       0.00     200.00    1889.05   
     1      5          6       1.90       0.66     263.02     300.00     960.00     200.00    1723.02   
     2      5          6       1.90       0.66     263.02     300.00     520.00      90.00    1173.02   
     3      5          6       1.90       0.66     263.02     300.00    1600.00     160.00    2323.02   
     0      5          7       2.10       0.71     850.35    1050.00       0.00     200.00    2100.35   
     1      5          7       2.10       0.71     283.45     350.00     960.00     200.00    1793.45   
     2      5          7       2.10       0.71     283.45     350.00     480.00      80.00    1193.45   
     3      5          7       2.10       0.71     283.45     350.00    8400.00     840.00    9873.45   
     0      5          7       2.35       0.81     976.19    1050.00       0.00     200.00    2226.19   
     1      5          7       2.35       0.81     325.40     350.00     960.00     200.00    1835.40   
     2      5          7       2.35       0.81     325.40     350.00     360.00      50.00    1085.40   
     3      5          7       2.35       0.81     325.40     350.00    2000.00     200.00    2875.40   
     0      5          7       2.07       0.64     771.39    1050.00       0.00     200.00    2021.39   
     1      5          7       2.07       0.64     257.13     350.00     960.00     200.00    1767.13   
     2      5          7       2.07       0.64     257.13     350.00     560.00     100.00    1267.13   
     3      5          7       2.07       0.64     257.13     350.00    1200.00     120.00    1927.13   
     0      5          6       1.56       0.49     590.73     900.00       0.00     200.00    1690.73   
     1      5          6       1.56       0.49     196.91     300.00     960.00     200.00    1656.91   
     2      5          6       1.56       0.49     196.91     300.00     480.00      80.00    1056.91   
     3      5          6       1.56       0.49     196.91     300.00    4800.00     480.00    5776.91   
     0      5          7       2.15       0.71     847.78    1050.00       0.00     200.00    2097.78   
     1      5          7       2.15       0.71     282.59     350.00     960.00     200.00    1792.59   
     2      5          7       2.15       0.71     282.59     350.00     520.00      90.00    1242.59   
     3      5          7       2.15       0.71     282.59     350.00    3100.00     310.00    4042.59   
     0      5          4       1.29       0.45     540.78     600.00       0.00     200.00    1340.78   
     1      5          4       1.29       0.45     180.26     200.00     960.00     200.00    1540.26   
     2      5          4       1.29       0.45     180.26     200.00     640.00     120.00    1140.26   
     3      5          4       1.29       0.45     180.26     200.00    1200.00     120.00    1700.26   
     0      5          5       1.16       0.34     404.50     750.00       0.00     200.00    1354.50   
     1      5          5       1.16       0.34     134.83     250.00     960.00     200.00    1544.83   
     2      5          5       1.16       0.34     134.83     250.00     440.00      70.00     894.83   
     3      5          5       1.16       0.34     134.83     250.00    5000.00     500.00    5884.83   
     0      5          4       1.25       0.42     508.87     600.00       0.00     200.00    1308.87   
     1      5          4       1.25       0.42     169.62     200.00     960.00     200.00    1529.62   
     2      5          4       1.25       0.42     169.62     200.00     480.00      80.00     929.62   
     3      5          4       1.25       0.42     169.62     200.00    1600.00     160.00    2129.62   
     0      5          6       1.60       0.47     567.19     900.00       0.00     200.00    1667.19   
     1      5          6       1.60       0.47     189.06     300.00     960.00     200.00    1649.06   
     2      5          6       1.60       0.47     189.06     300.00     400.00      60.00     949.06   
     3      5          6       1.60       0.47     189.06     300.00    1200.00     120.00    1809.06   
     0      5          5       1.58       0.51     610.68     750.00       0.00     200.00    1560.68   
     1      5          5       1.58       0.51     203.56     250.00     960.00     200.00    1613.56   
     2      5          5       1.58       0.51     203.56     250.00     520.00      90.00    1063.56   
     3      5          5       1.58       0.51     203.56     250.00    4200.00     420.00    5073.56   
     0      5         10       3.56       1.34    1609.52    1500.00       0.00     200.00    3309.52   
     1      5         10       3.56       1.34     536.51     500.00     960.00     200.00    2196.51   
     2      5         10       3.56       1.34     536.51     500.00     440.00      70.00    1546.51   
     3      5         10       3.56       1.34     536.51     500.00    5600.00     560.00    7196.51   
     0      5          4       1.22       0.39     468.16     600.00       0.00     200.00    1268.16   
     1      5          4       1.22       0.39     156.05     200.00     960.00     200.00    1516.05   
     2      5          4       1.22       0.39     156.05     200.00     440.00      70.00     866.05   
     3      5          4       1.22       0.39     156.05     200.00    3600.00     360.00    4316.05   
     0      5          5       1.41       0.44     523.64     750.00       0.00     200.00    1473.64   
     1      5          5       1.41       0.44     174.55     250.00     960.00     200.00    1584.55   
     2      5          5       1.41       0.44     174.55     250.00     360.00      50.00     834.55   
     3      5          5       1.41       0.44     174.55     250.00    5100.00     510.00    6034.55   
     0      5          9       2.81       0.98    1173.97    1350.00       0.00     200.00    2723.97   
     1      5          9       2.81       0.98     391.32     450.00     960.00     200.00    2001.32   
     2      5          9       2.81       0.98     391.32     450.00     600.00     110.00    1551.32   
     3      5          9       2.81       0.98     391.32     450.00    3000.00     300.00    4141.32   
     0      5          5       1.70       0.59     712.59     750.00       0.00     200.00    1662.59   
     1      5          5       1.70       0.59     237.53     250.00     960.00     200.00    1647.53   
     2      5          5       1.70       0.59     237.53     250.00     520.00      90.00    1097.53   
     3      5          5       1.70       0.59     237.53     250.00    4300.00     430.00    5217.53   
     0      5          8       3.18       1.27    1527.52    1200.00       0.00     200.00    2927.52   
     1      5          8       3.18       1.27     509.17     400.00     960.00     200.00    2069.17   
     2      5          8       3.18       1.27     509.17     400.00     600.00     110.00    1619.17   
     3      5          8       3.18       1.27     509.17     400.00    3300.00     330.00    4539.17   
     0      5          5       1.13       0.29     347.43     750.00       0.00     200.00    1297.43   
     1      5          5       1.13       0.29     115.81     250.00     960.00     200.00    1525.81   
     2      5          5       1.13       0.29     115.81     250.00     600.00     110.00    1075.81   
     3      5          5       1.13       0.29     115.81     250.00    1600.00     160.00    2125.81   
     0      5          6       1.52       0.49     590.81     900.00       0.00     200.00    1690.81   
     1      5          6       1.52       0.49     196.94     300.00     960.00     200.00    1656.94   
     2      5          6       1.52       0.49     196.94     300.00     520.00      90.00    1106.94   
     3      5          6       1.52       0.49     196.94     300.00    1600.00     160.00    2256.94   
     0      5          8       3.11       1.27    1528.80    1200.00       0.00     200.00    2928.80   
     1      5          8       3.11       1.27     509.60     400.00     960.00     200.00    2069.60   
     2      5          8       3.11       1.27     509.60     400.00     560.00     100.00    1569.60   
     3      5          8       3.11       1.27     509.60     400.00    3100.00     310.00    4319.60   
     0      5          5       1.33       0.39     472.93     750.00       0.00     200.00    1422.93   
     1      5          5       1.33       0.39     157.64     250.00     960.00     200.00    1567.64   
     2      5          5       1.33       0.39     157.64     250.00     560.00     100.00    1067.64   
     3      5          5       1.33       0.39     157.64     250.00    4800.00     480.00    5687.64   
     0      5          7       2.41       0.89    1067.60    1050.00       0.00     200.00    2317.60   
     1      5          7       2.41       0.89     355.87     350.00     960.00     200.00    1865.87   
     2      5          7       2.41       0.89     355.87     350.00     480.00      80.00    1265.87   
     3      5          7       2.41       0.89     355.87     350.00    4100.00     410.00    5215.87   
     0      5          8       2.98       1.15    1379.20    1200.00       0.00     200.00    2779.20   
     1      5          8       2.98       1.15     459.73     400.00     960.00     200.00    2019.73   
     2      5          8       2.98       1.15     459.73     400.00     360.00      50.00    1269.73   
     3      5          8       2.98       1.15     459.73     400.00    2000.00     200.00    3059.73   
     0      5          4       1.14       0.39     463.20     600.00       0.00     200.00    1263.20   
     1      5          4       1.14       0.39     154.40     200.00     960.00     200.00    1514.40   
     2      5          4       1.14       0.39     154.40     200.00     560.00     100.00    1014.40   
     3      5          4       1.14       0.39     154.40     200.00    3000.00     300.00    3654.40   
     0      5          9       3.14       1.14    1362.12    1350.00       0.00     200.00    2912.12   
     1      5          9       3.14       1.14     454.04     450.00     960.00     200.00    2064.04   
     2      5          9       3.14       1.14     454.04     450.00     520.00      90.00    1514.04   
     3      5          9       3.14       1.14     454.04     450.00    1600.00     160.00    2664.04   
     0      5          9       2.73       0.95    1140.91    1350.00       0.00     200.00    2690.91   
     1      5          9       2.73       0.95     380.30     450.00     960.00     200.00    1990.30   
     2      5          9       2.73       0.95     380.30     450.00     640.00     120.00    1590.30   
     3      5          9       2.73       0.95     380.30     450.00    3000.00     300.00    4130.30   
     0      5          8       2.21       0.65     783.93    1200.00       0.00     200.00    2183.93   
     1      5          8       2.21       0.65     261.31     400.00     960.00     200.00    1821.31   
     2      5          8       2.21       0.65     261.31     400.00     560.00     100.00    1321.31   
     3      5          8       2.21       0.65     261.31     400.00    2400.00     240.00    3301.31   
     0      5          6       2.00       0.67     804.02     900.00       0.00     200.00    1904.02   
     1      5          6       2.00       0.67     268.01     300.00     960.00     200.00    1728.01   
     2      5          6       2.00       0.67     268.01     300.00     480.00      80.00    1128.01   
     3      5          6       2.00       0.67     268.01     300.00    5300.00     530.00    6398.01   
     0      5          8       2.04       0.65     784.72    1200.00       0.00     200.00    2184.72   
     1      5          8       2.04       0.65     261.57     400.00     960.00     200.00    1821.57   
     2      5          8       2.04       0.65     261.57     400.00     400.00      60.00    1121.57   
     3      5          8       2.04       0.65     261.57     400.00    2000.00     200.00    2861.57   
