     0     34         61      38.43      26.89   32263.13    9150.00       0.00    1650.00   43063.13   
     1     34         61      38.43      26.89   10754.38    3050.00    7920.00    1650.00   23374.38   
     2     34         61      38.43      26.89   10754.38    3050.00    6680.00    1340.00   21824.38   
     3     34         61      38.43      26.89   10754.38    3050.00   16800.00    1680.00   32284.38   
     0     34         45      26.70      17.92   21499.65    6750.00       0.00    1650.00   29899.65   
     1     34         45      26.70      17.92    7166.55    2250.00    7920.00    1650.00   18986.55   
     2     34         45      26.70      17.92    7166.55    2250.00    7400.00    1520.00   18336.55   
     3     34         45      26.70      17.92    7166.55    2250.00   14200.00    1420.00   25036.55   
     0     34         79      48.92      33.17   39804.07   11850.00       0.00    1650.00   53304.07   
     1     34         79      48.92      33.17   13268.02    3950.00    7920.00    1650.00   26788.02   
     2     34         79      48.92      33.17   13268.02    3950.00    7320.00    1500.00   26038.02   
     3     34         79      48.92      33.17   13268.02    3950.00   16700.00    1670.00   35588.02   
     0     34         51      32.93      24.05   28860.79    7650.00       0.00    1650.00   38160.79   
     1     34         51      32.93      24.05    9620.26    2550.00    7920.00    1650.00   21740.26   
     2     34         51      32.93      24.05    9620.26    2550.00    6680.00    1340.00   20190.26   
     3     34         51      32.93      24.05    9620.26    2550.00   16400.00    1640.00   30210.26   
     0     34         48      28.57      19.24   23083.24    7200.00       0.00    1650.00   31933.24   
     1     34         48      28.57      19.24    7694.41    2400.00    7920.00    1650.00   19664.41   
     2     34         48      28.57      19.24    7694.41    2400.00    7120.00    1450.00   18664.41   
     3     34         48      28.57      19.24    7694.41    2400.00   17200.00    1720.00   29014.41   
     0     34         74      48.45      33.15   39775.67   11100.00       0.00    1650.00   52525.67   
     1     34         74      48.45      33.15   13258.56    3700.00    7920.00    1650.00   26528.56   
     2     34         74      48.45      33.15   13258.56    3700.00    7400.00    1520.00   25878.56   
     3     34         74      48.45      33.15   13258.56    3700.00   17900.00    1790.00   36648.56   
     0     34         60      38.52      28.07   33689.09    9000.00       0.00    1650.00   44339.09   
     1     34         60      38.52      28.07   11229.70    3000.00    7920.00    1650.00   23799.70   
     2     34         60      38.52      28.07   11229.70    3000.00    6560.00    1310.00   22099.70   
     3     34         60      38.52      28.07   11229.70    3000.00   19100.00    1910.00   35239.70   
     0     34         62      40.89      29.78   35731.02    9300.00       0.00    1650.00   46681.02   
     1     34         62      40.89      29.78   11910.34    3100.00    7920.00    1650.00   24580.34   
     2     34         62      40.89      29.78   11910.34    3100.00    6800.00    1370.00   23180.34   
     3     34         62      40.89      29.78   11910.34    3100.00   16200.00    1620.00   32830.34   
     0     34         47      29.71      20.09   24108.09    7050.00       0.00    1650.00   32808.09   
     1     34         47      29.71      20.09    8036.03    2350.00    7920.00    1650.00   19956.03   
     2     34         47      29.71      20.09    8036.03    2350.00    6840.00    1380.00   18606.03   
     3     34         47      29.71      20.09    8036.03    2350.00   13800.00    1380.00   25566.03   
     0     34         71      40.13      26.69   32030.43   10650.00       0.00    1650.00   44330.43   
     1     34         71      40.13      26.69   10676.81    3550.00    7920.00    1650.00   23796.81   
     2     34         71      40.13      26.69   10676.81    3550.00    7440.00    1530.00   23196.81   
     3     34         71      40.13      26.69   10676.81    3550.00   15300.00    1530.00   31056.81   
     0     34         63      44.86      33.48   40172.23    9450.00       0.00    1650.00   51272.23   
     1     34         63      44.86      33.48   13390.74    3150.00    7920.00    1650.00   26110.74   
     2     34         63      44.86      33.48   13390.74    3150.00    6600.00    1320.00   24460.74   
     3     34         63      44.86      33.48   13390.74    3150.00   15200.00    1520.00   33260.74   
     0     34         60      35.98      25.29   30347.16    9000.00       0.00    1650.00   40997.16   
     1     34         60      35.98      25.29   10115.72    3000.00    7920.00    1650.00   22685.72   
     2     34         60      35.98      25.29   10115.72    3000.00    7240.00    1480.00   21835.72   
     3     34         60      35.98      25.29   10115.72    3000.00   19100.00    1910.00   34125.72   
     0     34         72      46.76      31.97   38359.83   10800.00       0.00    1650.00   50809.83   
     1     34         72      46.76      31.97   12786.61    3600.00    7920.00    1650.00   25956.61   
     2     34         72      46.76      31.97   12786.61    3600.00    6800.00    1370.00   24556.61   
     3     34         72      46.76      31.97   12786.61    3600.00   19700.00    1970.00   38056.61   
     0     34         64      39.50      27.26   32712.24    9600.00       0.00    1650.00   43962.24   
     1     34         64      39.50      27.26   10904.08    3200.00    7920.00    1650.00   23674.08   
     2     34         64      39.50      27.26   10904.08    3200.00    7240.00    1480.00   22824.08   
     3     34         64      39.50      27.26   10904.08    3200.00   16600.00    1660.00   32364.08   
     0     34         49      27.18      18.36   22026.54    7350.00       0.00    1650.00   31026.54   
     1     34         49      27.18      18.36    7342.18    2450.00    7920.00    1650.00   19362.18   
     2     34         49      27.18      18.36    7342.18    2450.00    6640.00    1330.00   17762.18   
     3     34         49      27.18      18.36    7342.18    2450.00   17700.00    1770.00   29262.18   
     0     34         50      28.93      19.70   23637.76    7500.00       0.00    1650.00   32787.76   
     1     34         50      28.93      19.70    7879.25    2500.00    7920.00    1650.00   19949.25   
     2     34         50      28.93      19.70    7879.25    2500.00    7480.00    1540.00   19399.25   
     3     34         50      28.93      19.70    7879.25    2500.00   18700.00    1870.00   30949.25   
     0     34         53      31.96      22.50   27002.34    7950.00       0.00    1650.00   36602.34   
     1     34         53      31.96      22.50    9000.78    2650.00    7920.00    1650.00   21220.78   
     2     34         53      31.96      22.50    9000.78    2650.00    7480.00    1540.00   20670.78   
     3     34         53      31.96      22.50    9000.78    2650.00   17300.00    1730.00   30680.78   
     0     34         42      25.24      16.53   19838.99    6300.00       0.00    1650.00   27788.99   
     1     34         42      25.24      16.53    6613.00    2100.00    7920.00    1650.00   18283.00   
     2     34         42      25.24      16.53    6613.00    2100.00    6520.00    1300.00   16533.00   
     3     34         42      25.24      16.53    6613.00    2100.00   17400.00    1740.00   27853.00   
     0     34         52      32.63      22.07   26487.34    7800.00       0.00    1650.00   35937.34   
     1     34         52      32.63      22.07    8829.11    2600.00    7920.00    1650.00   20999.11   
     2     34         52      32.63      22.07    8829.11    2600.00    6600.00    1320.00   19349.11   
     3     34         52      32.63      22.07    8829.11    2600.00   14900.00    1490.00   27819.11   
     0     34         64      40.03      28.34   34008.66    9600.00       0.00    1650.00   45258.66   
     1     34         64      40.03      28.34   11336.22    3200.00    7920.00    1650.00   24106.22   
     2     34         64      40.03      28.34   11336.22    3200.00    6600.00    1320.00   22456.22   
     3     34         64      40.03      28.34   11336.22    3200.00   15000.00    1500.00   31036.22   
     0     34         62      35.56      24.96   29947.27    9300.00       0.00    1650.00   40897.27   
     1     34         62      35.56      24.96    9982.42    3100.00    7920.00    1650.00   22652.42   
     2     34         62      35.56      24.96    9982.42    3100.00    6400.00    1270.00   20752.42   
     3     34         62      35.56      24.96    9982.42    3100.00   16000.00    1600.00   30682.42   
     0     34         49      31.31      21.64   25969.88    7350.00       0.00    1650.00   34969.88   
     1     34         49      31.31      21.64    8656.63    2450.00    7920.00    1650.00   20676.63   
     2     34         49      31.31      21.64    8656.63    2450.00    7120.00    1450.00   19676.63   
     3     34         49      31.31      21.64    8656.63    2450.00   13600.00    1360.00   26066.63   
     0     34         42      24.07      15.37   18443.41    6300.00       0.00    1650.00   26393.41   
     1     34         42      24.07      15.37    6147.80    2100.00    7920.00    1650.00   17817.80   
     2     34         42      24.07      15.37    6147.80    2100.00    7320.00    1500.00   17067.80   
     3     34         42      24.07      15.37    6147.80    2100.00   17100.00    1710.00   27057.80   
     0     34         60      36.27      24.06   28871.95    9000.00       0.00    1650.00   39521.95   
     1     34         60      36.27      24.06    9623.98    3000.00    7920.00    1650.00   22193.98   
     2     34         60      36.27      24.06    9623.98    3000.00    6920.00    1400.00   20943.98   
     3     34         60      36.27      24.06    9623.98    3000.00   13300.00    1330.00   27253.98   
     0     34         45      27.56      18.68   22414.52    6750.00       0.00    1650.00   30814.52   
     1     34         45      27.56      18.68    7471.51    2250.00    7920.00    1650.00   19291.51   
     2     34         45      27.56      18.68    7471.51    2250.00    6360.00    1260.00   17341.51   
     3     34         45      27.56      18.68    7471.51    2250.00   15400.00    1540.00   26661.51   
     0     34         56      31.59      20.67   24809.48    8400.00       0.00    1650.00   34859.48   
     1     34         56      31.59      20.67    8269.83    2800.00    7920.00    1650.00   20639.83   
     2     34         56      31.59      20.67    8269.83    2800.00    7280.00    1490.00   19839.83   
     3     34         56      31.59      20.67    8269.83    2800.00   15200.00    1520.00   27789.83   
     0     34         46      26.50      17.60   21114.81    6900.00       0.00    1650.00   29664.81   
     1     34         46      26.50      17.60    7038.27    2300.00    7920.00    1650.00   18908.27   
     2     34         46      26.50      17.60    7038.27    2300.00    7160.00    1460.00   17958.27   
     3     34         46      26.50      17.60    7038.27    2300.00   16100.00    1610.00   27048.27   
     0     34         67      43.01      32.10   38522.80   10050.00       0.00    1650.00   50222.80   
     1     34         67      43.01      32.10   12840.93    3350.00    7920.00    1650.00   25760.93   
     2     34         67      43.01      32.10   12840.93    3350.00    7240.00    1480.00   24910.93   
     3     34         67      43.01      32.10   12840.93    3350.00   16300.00    1630.00   34120.93   
     0     34         51      30.92      21.36   25634.33    7650.00       0.00    1650.00   34934.33   
     1     34         51      30.92      21.36    8544.78    2550.00    7920.00    1650.00   20664.78   
     2     34         51      30.92      21.36    8544.78    2550.00    6400.00    1270.00   18764.78   
     3     34         51      30.92      21.36    8544.78    2550.00   16900.00    1690.00   29684.78   
     0     34         65      42.56      30.34   36404.59    9750.00       0.00    1650.00   47804.59   
     1     34         65      42.56      30.34   12134.86    3250.00    7920.00    1650.00   24954.86   
     2     34         65      42.56      30.34   12134.86    3250.00    6240.00    1230.00   22854.86   
     3     34         65      42.56      30.34   12134.86    3250.00   15600.00    1560.00   32544.86   
