      34        148        178         92         15        117         60   
     153         62         18         63        139         19        181         83   
     190         62         56        123   
      12        102        174         35         65   
      84        161        195         33         49         83        102         12        193        184        111        171   
     175         92        111         59         16        184         20        193         44        138         98   
     131        174        102        135   
       5         13         43        106        129   
      22        111         59        193         44        138         48        139         79         73         54         72   
     151         19        181        170         83        102         12        113        121         41         22   
     137         14         12        158         44        138   
     151        139         48        138         98        140          3         32         43        142        157        162   
      26         81         83        170        181         19        155          7        156   
      12         14         23   
     101        127        104         98        140          3         32          6        123        186         27         78        106         43         13        199        149        171         22   
     127        101         62         76   
      85         89         61        147         23        174        134   
      61         37         52        192   
      48        138         44         30        146        147         52        192         68   
     142        157        108        191        175         22        178        132   
     178         92        177        100         95   
      54        125         79        139         48        124        140          6   
     132         61        147         23        174        134         65        168        167   
      26        145         97         68         51   
      62         18         63        104        138         44         30        146        147         36   
     125         93   
      59        193         44        138         48        139         79         73         54   
      51         94        105         39        131         49         33          9        176        125   
      45         33         49         83        102         12        193        184        111        171         15   
      54        112        198        155   
      73        109         19        181         83        102        119   
     151        139         48        124   
      36         23         90        102   
      79         19   
     197        117        177         92        178         17        146         14         23   
     166         26        145          4         14        113        121         41         92         15         91   
       5        149         91   
     101         62         56         27   
      20        193         12         14        147   
      55        169        129         27          3        140         98        138         44        183        113        147         52         74        115   
      62         56        123          3        140          6         32         43        142        157        162         42   
      13          5        149        114         77        199         50         91        110        157        142         43         32        123        140        124         70   
      94         68         58   
      98        138         44        183        121         17   
     106         27         56         62         18         21        196        187        176         25        118   
     123        140        124         63        164        109          9         75   
     111         41         17         34         37         52         94        128        152   
      28         46         35         49         33         45   
      30        121         41         92         15        117        189   
      95        100        177         92        178        132   
      95        117        191        149   
     102        135        113         17        178         85   
      29          7        173        159   
      11         56         62         64   
     163        185         37         52   
     118         45         33         49         81        174         23        147         61        132         85         80   
      29         21        155   
     142         13          5        149        171        111        184        158         12         90   
      49         33          9        109        198        173   
      12        193         20         16        184         59        111         22        171        149          5         13         43         32          6        140   
     119        107        121   
      45        161        125        112   
     192        105         23         90        102         83        181         19   
     134         49         83        170        181         19          1         70         64        190         62         40         67          0        144   
     107         30         44        138         48          1   
      12        193         20         16        184         59        111         22        171        149          5         13         43         32          6        140   
     142         13          5        149        171        111        184        158         12        102        174         35         71   
      68         97        145        174        102         83        181         19        155        179   
      10        194        109        164        180        101         62         40         11   
      65        134        174        102   
      79         19        181         83        102        135        113         17         34        165        163   
      37         34        148        178         92         15         99   
      35        174        102         12        193         20         16        184        111        171        149        199        157   
     130         60        162         77         13         43         32   
     149        191   
     112         79         19        181        170         83        102         12        113        121         41         22   
     159        173          7        182        101         62        153         78         32   
      26         81         83        170        181         19          1   
       3         27          6        140         98        138         44        193        184        111   
     108         91        175         22        178        132        185         53   
      68        192         36         14         12        193         20         16        184         59        111         22        171        149          5         13         43         32         27   
      24        109        164         63        124        140        123   
      80        148         34         37         14         90        102         83         49         33          9         75   
     185        132   
      69         60         91        149          5         13         43         32        123        140        124         63        164         79   
      31        127        182         29   
     194         33         49         83        102         12        113        121         41         22   
     173         79         19        181         83        102        135         14        147   
     144          0         11         56         62         18         21        164        109          9   
      79         19        181         83         49   
     129        169          0   
      24         33         49         83        102         12        193        184   
     159        125        109         19        181         83        102        135         14        137        185        172   
      59        111        171         15   
     176         79        139         48        124   
      32          3        140         98        138         44        193         59   
     176         24         33         49         81        174         23          4   
      41        111         59         16        184         20        193         44        138        124         70        101         62         40   
     103          0         11         56         62         18         21        155   
     149          5         13         43        154         47        169         57   
      53         36        145         26        166        168         88         75   
      29         21         63        104        138         44         30        146        147          4   
     148         34         37          4        145         39   
     190         64         62         40         11        169         57   
     117        160   
     142         13          5        149        171        111        184        158         44        138         31          1         19        109          9        133   
     165         61        147         23        174        134         49         33         88   
     106         27          3        140         98        138         44        183        113         17         34   
      81         83        170        181         19          1        143         98        140          3         32         43   
     127        104        138         44         30        119         23        105   
      55        169         67         76         62         18        156        179        173         82   
     120         56         62         18         63        139   
      87         95        117        191        110          5         13         43        106        120        186   
      96         19        181         83        102        119         23         36         52   
     179         79         73         93   
     120         56         62         18         21        164        109          9         25   
     107         14         36        192        128   
      35        174        102         12        193         59        111        171         99   
     187         19        181        170         83        102         12        193         20   
      55        169        129         32          3        140         98        138         44        183        121         41         85   
      73        161        133        167        168   
      95        117        191        149          5         13        199        114         50         91        171        111         59        193         44        138         48        139         19   
      49         83        170        181         19          1        143   
     159        173        155        139   
      52        147        146         12        102         83        181         19         96        198   
      96         19        181         83        102        174        145          2        192   
      33         49         83        102         12        113         17         41   
     125         79        196   
     154         78        123        140        124        143   
     141         85         41        121         30         44        138         48        139        198   
      50          5         13         43         32        123         56         62         18         21        179   
      97        145         26        166        168         88        133   
     133        194        109        164        180   
       8          9        109        164         63        124   
     145          4        137         34        148        178         92        175   
      74         52        147         14   
     164        179   
      34         17        107         30         44        138         48        180        196        179   
     150        105          4         14        113        121        184        111        171        149   
      47        120         56         62        101        127        124   
      88        194        109        164         63        124        140          6   
      20        193         44        138         48        139         79        176         75   
     173        155         63        124        140          3         32         43        142        157        162   
     135        113        121         41         92         15        191   
      56        123        140         98        138         44        183        113        147         52         74         58   
     111         59         16        184         20        193         44        138        124        140        123         78         47        169         55   
      78        153         62         18        180        164   
      50        191        117        100   
     101        127        104        138         44         30        146        147         52        192   
      29         18        127        124        140          3         32         43        142        157        162         60   
     158        184        111        171        175   
     117         15         92        111        184        158         12   
     199        149        171        111        184   
      38        198   
     115         53         36        145         26        166        168         88        195   
      74         52         36   
      38        139         48        138         44        183        121         17   
     140         98        138         44        193         59   
     124         31          1         19        109         24        195   
     142         13          5        149        114         77        199         50         91        110        157        108        191         99        171        111         59         16        184         20        193         44        138         98        140          3   
     169        129         27          6        140         98   
     167         86         33         49         83        170        181         19          1        143         98        140          3         32         43        142   
      62         56        123          3        140          6         32         43         13        199   
      81         83        170        181         19          1         70        101         62         40         67        169        103   
     171        111         41         17         34         37   
      98        143         70   
     144        169         47         32          3        140          6         27        123         56         62        153         78        154         43         13        199        149         91   
     129         32          3        140          6         27        123         56         62        153         78        154         43         13        199        149        171        177   
     185         34         17        107         30         44        138        124         70         64        190   
     108          5         13         43         32        123        140        124         63        155        196   
       1        127   
      48        139         79        176         25        116   
     109         24         33         49        131         39          2         97   
      16        184         20        193         59        111         22        171        149          5         13         43        106        120   
     172        165   
      73         79        139         48        138         44        193        184        111        171        177   
      30        113   
      86         33         49        131         39          2         52   
      19        181         83         81        134   
     167         86         33         49         83        170        181         19          1        104         98        140          3         32         43         13        199        110   
     197        117        177         92         41   
     103        169        129         27          3        140         98        138         44        193         20         16   
      33        194        109        164         21         29   
     190         64        180        164        109        194   
     154         78        123        140         98        104         31        138         44         30        119         23   
     100        177         92        178         17         34         37         36   
      78         32         43        142        157        162         42        130   
     176         79        139         48        138         98        140          3         32          6        123        186         27         78        106         43         13        199        149         91   
       5        149        171        111        184        121        146        147         23         39         46         28   
     160        100        177         92        178         17        146         14         23        145   
      55        169         11         56         62         18         21        164        109          9         25   
     193         44        138         48        139         79        176          9   
     102        174        134   
     130         95        100        177         92        178        132        185   
     172         89         85         41        111         59         16        184         20        193         44        138        124        140        123        120   
      84         93         82        173          7        182         64        190         62         40         67          0        144   
     165        148        178         92         15         91        110         77        142   
     148        178         17        107         12        102         83        170   
      32          3        140          6         27        123         56         62        153         78        154         43         13        199        149        171         92   
     116        167        168        166         26        145         36         53         74   
     170        181         19          1        143        124        140        123         78        154   
      86         33         49         81        174         23   
      60         91        149          5         13         43         32         27         56         62         18         21   
     139        198        112         82   
     159        173        155         63        124        140          3         32         43         13        199        108   
     140        124        127   
      85         41        121         30         44        138         48        139         79        125   
      39         23        135        183         44        138        124        140        123         78        154   
     177         92         41   
      83        102        135        113         17         34        148   
      25         86         33         49         83        170        181         19          1        104         98        140          3         32         43        142        157        162         42         69   
      15         92         22   
     187         19        181         83        102        135        113         17         34        165        163   
     192         36         14        107        121        184         16         20         59        111        171        149          5         13   
      94         52         74        185        163         80   
      58        172         89         85         41         92         15   
     122        150        105         39   
     194        109        164        180        101   
     107        121        184        111        171        149        110   
     185         37         14         12        158         44        138         48          1   
     162        114          5         13         43         32        123        140        124         48   
     139         19        181         83         81         26        145         97   
      20        193         44        138         48        139         79        187   
     112         93   
     111         59         16        184         20        193         44        138         98   
      51         94        105         39        131         49         33          9        161         54   
     195         33         49         83        102         12        193         59        111        171         99        188        197   
      10         33         49         83        102         12        183   
      69         60         91        149          5         13         43        106        120         56         62         18        156          7   
     117        191        149          5         13        199        114         50         91        171        111        184        158         44        138         31          1         19        181         83         49         33   
     114          5         13         43        106        129   
      74        185        132        178         92        177   
     161        195         33         49         81        174         23         14   
     103        169        129         27          3        140         98        138         44         30        146        147         52   
      89         85         41        111         59         16        184         20        193         44        138        124        140        123         78         47   
       2          4        137         34        148        178         92         15   
     134        174        102         12        193        184        111   
     166         49         83        170        181         19          1         70         64        190         62         40         67          0   
      30         90        102         83         49         33          9         25   
      87         95        100         15         92        111        184        193   
     153         62         18         63        139         19        181         83         49   
     120        123        140         98        104         31        138         44         30        146        147         52         94   
     104         48   
     123        140        124   
     181         83         81        131         46         28   
     121         41         92         15        117        189   
      36        145         26         71   
     122        150        105         39        131         49         33          9   
     168        166         81         83        170        181         19          1        104         98        140          3         32         43         13        199   
      15         92        178         17        146         14         23         39   
      88         33         49         83        170        181         19          1        143         98        140          3         32         43        142   
      78        123          3        140         98        138         44        183        121         41         85        148   
      27         56         62         18         21        164        109          9         75   
      45         33         49         81        174         23        147   
     195         33         49         81        174         23        147         61         89   
      75        176         79        151   
      46         35         49         33          9        161         54   
       4        137         61   
      26        134   
      11         56        123        140         98        138         44        183        113        147         61        165   
      18         62        186        129   
     189         99        175         22        178        132        185   
      44        138         48        139   
Routing Failed to deliver
     150        192         53        185        132        178         92         15        117        130   
      80         85         41        111         59         16        184         20        193         44        138        124   
      32          3        140          6         27        123         56         62        153         78        154         43         13        199        149        171         22        178         85        141   
      36         14         12        158         44        138         48        180         18   
      50          5         13         43        106        120         11         67   
      88        195   
      41         92         15         91        110        162   
     155         19        181         83        102        135         14   
      95        130         60        162         77        142         43        154         47        169         57   
     197         60         91        149          5         13        199        114         50        191        171        111         59        193         44        138         31          1         19        109        194   
     177         91        110         77         13         43        106        129        169          0   
      34        185   
       5        149        171        111        184        158   
     161        195         33         49         83        102         12        113         17         41         92        177        100         95   
     171         22        178        132        163   
     197         95        100        177         92        178        132        185         74         58   
      43         13          5        149        171        111        184        121        146         14         23   
     139         79         73         54         84   
     191        149          5         13        199        114         50         91        171        111         59        193         44        138         48        139         19   
     173          7        182        101         62   
      43         13        157        162         42        189         95   
      63        124        140        123         76         40   
     138         48        139        155   
     144          0         11         56         62         18        127   
      98        140          3         32          6        123        186         27         78        106         43         13        199         50   
     148         34         37         14         23        174        134   
      52        147        113        183        193         20   
      87         95        117        191        149          5        114         50         91        171        111         59         16   
      29         21        164         19        181         83   
      60         99        175         22        178         17         34         37         36   
     160        117        191        110          5         13         43        106        120         40   
      23        174         26   
     143          1        164         79   
     152        150        105         23         90         30         44        138        124         70        101         62   
     183         44        138        124        140        123        120   
     121        113        147         52         74        115   
      36         14         12        183   
      17         34        185   
     101        127        104        138         44         30        119         23          2        150   
     162         50        191        175         22        178        132         89   
     154         43        142        157        162         42   
     160        100         15         92        111        184        158         12        102         83         49         65        168   
     187         19        181        170         83        102         12        193        184        111        171   
     140        124         63        164        187   
     170         83         49         33         88   
      31         98        140          3         32          6        123        186         27         78        106         43         13        199        149        191         99   
     131         49         33        194        109         38        179         66   
      83         81         26        145         97   
      43         32        123        140        124         63        155        187        112   
      62         18         63        104        138         44         30        146        147         52        192         51   
     167        116         72         84   
      48        138         44        193        184        111        171        177        100         95   
      95        117        191        149          5         13        199        114         50         91        110         77        108        162        157        142         43         32        123        140        124         63        139   
     192         36        137         34        148        178         92        175   
      91        175         22        178        132        185         74         58   
      65         49         33        194        109        164         21   
     116          9        109        151   
     155         19        181         83        102        135        113        147         61        185   
     166         26        145         97         94   
     159        173        155         63        124        140          3         32          6        123        186         27         78        106         43         13        199        114   
      36        137         34        148        178         92         15        117         69   
      75         24         33         49         83        102        135        146   
     117        177         92        178         17        146        147         36          2   
      47         32          3        140          6         27        123         56         62        153         78        154         43         13          5   
     198        139         19   
      71         26        145          4        137         34        148        178         92         15        117         42   
     152        150        105         39        174        102         83        181         19        151   
      90        183        193         20         16        184         59        111        171        149        114   
     107         90        102         83   
     178         17        107         90        102         83         49         33          9         25   
      11         56        123        140         98        104         31        138         44         30        119         23   
     181        170         83        102         12        193        184        111        171   
       2         23        135        183         44        138        124        140        123         78        154   
      43        106        120        153   
      54        125         79        139         48        138         44        193         59   
     185         37         36   
     100         99         91        110         77         13         43        106   
     174         23        135        113         17   
      29         64         62        153         78         32         43        142   
     196        180        143         98        140          3         32         43        142   
      88         33         49         83        102        135        113         17   
     129         27          3        140         98        138         44        183        113        147         61        165        172   
     121         30         44        138         48        139         79        176        161   
      22        178         85        141   
      24         33         49         81        174         23   
     152        150        105         23         90         30         44        138        124         70         64   
      45         33         49         83        102         12        193         59        111        171         99        189   
      69         60         91        149          5         13        199        114         50        191        171        111         59        193         44        138         31          1         19        109          9         10   
      59        193         12         14          4   
      17        107         30         44        138        143   
     154         43         13        199        108   
     162        114          5         13         43        106        120         56         62         18   
     193        184        111        171        177        100         95   
      32         47        169         57   
     187         19        181         83        102        135        113         17         34        148         80   
      10        161        125   
      90         30         44        138        124         70         64   
     109         24         33         49        131         46         28         97        128        152   
       2         23         90         30         44        138         48        180         18   
      22        178        132        185         53        192        136   
     159        173          7        182         64        190         62         40         67          0        144   
     145        174         81         83        181         19        187   
     121         30         44        138         48        139        164   
     131        174        102         12        193         59        111        171         99   
     127        104         98        140          3         32          6        123        186         27         78        106         43         13        199        149        171   
      93         75         88         33         49        131         39          2         36   
     186        123          3        140         98        138         44        193        184        111   
      66        179         79         19        181         83   
      76        123          3        140          6         32         43         13        157        162         42        117   
      43        106        120        186   
     192        105         39        131         71   
     104        138         44        193   
      43         13          5        149        171         22        178        132        185         74   
      35         49         83        170        181         19          1         31   
       3        140        124         31          1         19        109        194   
     136        192         36         14        113        121        184        111        171        149         50   
      87         95        117        191        149          5         13         43         32        123        140        124         63        180   
     175        171   
     144         57        169         47         32         43        142        157        162         42        188   
     133        194        109        164         63        124        140          3         32         43        142        157   
       7        173        112         73   
       7        155         19        181         83        102        119   
      47        120         56         62         18         70   
      80        148         34         37         14         90        102         83         49         33         10          8   
      67         76         62         18         63        139         79        176        194   
      14        137        185        163   
     123         78        106   
     136        192         36         14         12        193         20         16        184         59        111         22        171        149          5         13         43        106        120         11   
      43         13          5        149        171        111         41         17         34         37   
      18         62         40         11        169   
     109         19        181         83        102        135        113         17         34         89   
     149          5         13         43         32        123        140        124         63        155   
       9         33         49         83        170        181         19          1        104        138         44        193         20   
     112        198        139         63        127   
      33        194        109        164        180        101   
     115         53        137         14         12        193   
     130        117         15         92        111        184        158         12   
      78        153   
       8         88   
     190         64        180          1         19        181         83         81         26        145         97   
     152        150        105         39        131         49         33          9        118         72   
     176         79        139         48        138         98        140          3         32         43        142        157        162         42        189   
      36         14         12        193         20         16        184         59        111         22        171        149          5         13         43        106        120         11   
      24         33         49         35   
     155        180         64        190         62         40         67   
     124        138         44        183        113        147         61   
     183         44        138         48        180         21          7   
      12         14         37         53   
     187        155         63        124        140        123         78        129   
      13         43        106        129        169        144   
     181         19        187        112   
      87         95        100        177         92        178         17        146         90        102        174   
      88        194        109        164         63        124        140          6   
     116         45         33         49         83        170        181         19          1        104         98        140          3         32         43        142        157        162         42   
     125         79        139         48        138         44        193        184        111        171        177        100   
      50          5         13        199        114        149        171        111         59        193         44        138         48        139         79        109   
      43         32        123        140        124         63        164        109   
     146         14         23         39   
     164         19        181         83        102        135         14        137   
      65         49         83        170        181         19          1         70        101         62         40   
      66        179         79         19        181         83         81         26        145         97         68         51   
     135        102         83         49         33          9        116   
      34         17        107         30         44        138         48        180   
     151        155        180        101         62   
     183        121   
      22        178        132        185         53        192        150   
     194        109        187   
     192        105         39        131         49         33          9        176        125   
      65        168         88         86   
      47        120         56         62         18         21        164        109          9         25   
     158         12         14        137        185        172   
      85         41        121         30         44        138         48        139        196   
      42        162         77         13         43        106        120         11   
      28         46         35         49         33        194   
     122        150        105         23        135        183         44        138         98        140   
     155        180         64        190         62         40         67   
     160        100        177         92        178        132        165   
     124        140          3         32         43        142         77   
     148         34         37          4        145   
     124         63        155        198   
     149        171        111        184        158         12        102        174        134        166   
      35        174         23        147         61        132         85         80   
     194        109         19          1        104         98        140          3         32         43         13        199   
      77         50        191        175         22        178         85        141        126   
      46         26        145          4        137         34        148         85        141        126         80        163        132        178         92        177        100   
     184        158         44        138         48        139         79         73         54   
      52        147        113        183         44        138        124        140        123         78         47        169        103   
      55        144          0   
      87         95        100         15         92        111        184        158         12        102         83         49         65        168   
      77          5        149        171        111         59        193         44        138         31          1         19        109          9         45   
     198        139         48        124        140   
     126        141         85         41         92        171   
     181         19          1         70         64   
     147         23        174        134         49         33   
      55        169        129         27          3        140         98         31          1         19        181         83         81        131         46         28   
      28         46         26         81         83        170        181         19          1         70        101         62   
      99        171        111        184        158         12        102        174   
      36         14        113        121        184        111   
     109         19        181        170         83        102        135        113         17        178         85   
     127        104         98        140          6          3         32        123         56         27         78        153         62        186        120        106         43         13          5        149        171        111         59         16   
      38        187        112   
      63        124        140        123         78        154   
      94        105         39        131         49         33          9        176        125   
     127        104        138         44         30        119         23          2        150   
     105         39        131         49         33          9        161         54   
      71        134         49         83        170        181         19          1         70        124        140        123        153   
      96         19        181        170         83        102         12        113        121   
      82        125        109         24         33         49        131         39        105   
     138         48        139         79         73         54   
     180        143   
      99        171        111         59        193         44        138         31   
      95        117        191        149   
      43         32        123        140        124         63        164        109          9         75   
      24         33         49        131         39          2         52         74         58   
     113        183        193         20         16        184         59        111        171        149          5         13         43   
     198        139         48        124   
     146         12        102         83        170   
       3        140        124         63         21   
     181         83         81        134   
     167         75        176         73   
     121        184         20   
      72         25         86         33         49         83        170        181         19          1        104        138         44        158   
     129         56         62         18         63        139         19        181         83         81         35   
     158        184         16         20         59        111        171        149        199         77   
     199          5         13         43         32        123        140        124         63        155        187         73         54   
      54         82        173          7        182         64        190         62         40         67          0        144   
     166         49         83        170        181         19          1         48   
      93         75         45   
      52        105         39        131         49         33          9        118         84   
     192         36         14        107        121        184         16         20         59        111        171        149        114   
     192         36         14         12        193         20         16        184         59        111        171        149          5         13         43   
     178         92        171        149          5         13         43        106         47        169   
       1        196          7         66   
     110        149        171        111         41         17         34         37         52         94   
      56        123        140         98         31          1         19        181         83         81         26   
      45        194        109        164         63        124        140        123         78   
     118          9        109        164        180        101         62         40         11        169   
     161        195         33         49         35   
      56        123        140         98   
      67         76         62         18         21        196        187        176         25        118   
      58         68         97         28         46         35         65        168   
     187         19        181        170         83        102         12   
     122        150        105         39        131         49         33          9   
      30         44        138        124        140        123   
     127          1         19        109          9         25   
     148        178         92        171        149        110   
     178         17        107         90        102         83         49         33          9        118         84   
     162        114          5         13         43        106        120         56         62         64   
     131         49         33          9        176        112   
      78        153         62         18         21        196        187        176         25        118   
       7        155         19        181         83         81         26        145         97   
       2         23        135        183         44        138        124         70        101         62         40   
     144        169        129         27          3        140         98        104         31        138         44         30        119         23   
      42        117        177         92        178        132         61        137   
      46         26        174        102         12        158   
     153         62         18        156        179        173        112         54         84   
     141         85         41        121         30         44        138         31          1         19        181   
     113         14         23        174         26   
     110         91        175         22         41   
     145          4         14        113         17   
      59        193         44        138         31          1         19        109          9         10   
      20        193         44        138         48        139        151   
      77         50         91        175         22        178        132         61   
      48        124        140        123         76         40   
      24         33         49        131         39          2        150         68   
      20        184        121         41         85        148   
      66        182        127        124        140          3         32         43         13        199        108   
      14        113        121         41         92         15        117   
      40         62         18         63        139         19        181   
     171        149          5         13         43        154         47        169         55   
     113         30         44        138         31   
      32          6        140         98         31          1         19        109         24         88   
     167         86        194        109        164         63        124        140        123         27   
      89         85        178   
     187         19        181         83         81         35         71   
     152        150        105         23        135        183   
     104         63   
      24         33         49         83        102         12        193         59        111        171         99        117   
     179         79        176   
      34        185         74         58   
      97        145         23        135        183        193         20         16        184         59        111        171        149          5         13        142   
     168         88          9   
     178         17   
      96         19        181         83        102        135        113        147         61   
     141         85         41        111         59   
      20         16        184        193         44        138        124         70         64        190   
      51         94         36         14         12        158         44        138         48        180        182         29   
     119        146         17         34   
      16        184        158         44        138         48        139         79        187   
      58         68         97        145         26        134   
     152        150        105          4         14        107        121        184         16         20         59        111        171        149        199        157   
      65        131         39         23        147         37   
      46         26        145          4        137         34        148         85        141        126         80        163        132        178         92        177        117        160   
      95        117        191        149          5         13         43         32        123         56         62         18        156        179        173        159   
     115        172         89         85        141        126         80        148        178         92         15        117        188   
      57        169        129         27          3        140         98        138         44        183        113        147         61        165   
      61        147        146        183        158   
      41         92         15        117         69   
     198        109         24         33         49         81   
     130         60         91         50   
      47         32          3        140         98        138         44        183        113         17         34         89   
      52        147        113        121        184        111        171        149   
     132         61        147         23        174         35         65   
      40         62         18         63        139         19        181         83         49   
      65         49         33        194        109        164         21         29   
     182         63        139         79        176         24        195   
      13          5        149        171        111        184        158         12        102        174         26   
      68         97        145   
     198        139         48        138         98        140          3         32         43        142        157        162         42        189   
     155         19        181         83         81        174   
      30         44        138         48        139         79        176        161   
     157        108         91        171   
     157         13          5        149        114         77        199         50         91        110        162        108        191        171        111         59        193         44        138         48        139         79        125   
     113         14         23         39        131         71   
      94         36        137         61   
      34         37         14         90        102        174         81   
      14         12        193         20         16        184         59        111        171        149          5         13         43        154         47        169         55   
     116         45   
       3        140         98        138         44        183        121         17   
      49         33         86   
      17         34   
      75        176         79        179         21        101         62         76   
     131        166   
      83         81        174   
      31        138         44        158   
      10         33         49         83        170        181         19          1        104        138         44        193   
      75        176         79        179        156         64        190         62         40         11        169         55   
     109        164          1   
      15         92        111         59        193         44        138         48        139         79        176        161   
     174         23        135        113         17         41         92        177        100         95   
      43        106        120         11   
       1        104        138         44         30         12   
      99        117   
     180         48        104        138         44         30         90        102   
     192         53        185        132         85        141        126         80        163         89        148        178         92        177        100         95   
      43        106        120        153   
     168         88        194        109        164         21         64   
      43         32        123        140        124        127   
     136         94        105         39        131         49         33   
     101         62        153         78        106   
     114          5         13        199        149        171        111         59        193         44        138         48        139         79        187   
     189         60        162         77         13         43        106        129   
      18         63        104        138         44         30   
     195         33         49         83        102        135        113   
      69         60         91        149          5         13         43         32          6        140   
     137         14         12        102         83        181         19         96        198   
      36         53   
      87         95        117        191        149          5        114         50         91        171        111         59   
     181         19          1        143        124   
     164         63        124        140        123         78         47   
       3         27          6        140         98        138         44        183        121         41   
     150        192         53        185        163         80   
      15         92         41        121        146         90        102        174         35         65   
       4         14         12        193         20         16        184         59        111         22        171        149          5         13         43        106        120         76   
     111        184        158         12        102         83   
      81        174         23         36         53   
     110        149        171        111        184        158         12   
     171        111         59        193         44        138         48        139         79         73         93   
       3         32         78   
      93        176         24         33         49         83   
     175         92        111         59         16        184        158         44        138         48        180   
      66         21         63        104        138         44   
      73         79         19        181        170         83        102         12        113         17         41   
     188        100        177        175         22        178         85        141        126   
     172         53        192          2   
     108          5         13         43         32        123        140        124         48   
      21        164        109         24         33         49         65   
     106        120         76         62   
      77        114        149        171        111        184        158         12        102        174        131   
     166         49         33        194        109         38        179        156   
     109         24         33         49        131         39          2        150         68   
      56         62         18         63        139         19        181         83         49   
      75        167        168        166         26        145         97        128        122   
      94         36         14         12        193         20         16        184         59        111        171        149          5         13         43        106         78   
      92        111         59         16        184        158         44        138         48        180        182   
      83         81         26        145         97         68         51   
      81         26        145        105   
      35         46         28         97   
      71         26        174        102         12        193         20         16        184        111        171        149        108   
     177         92        178        132        185         53        192        128   
     107         14         36        192         51   
     140          6   
      46         26        145          4        137         34        148        178         92        177   
     170        181         19        187         73         54         72   
      59        111        171        175   
      68        192         36         14        113        121        184        111        171        149        108   
      90         23         36         53        115   
     129         27          3        140         98        138         44        183        113        147         52         74        115   
      76         62         18         21        179   
      37         34         17        121   
     112        198        179        156         64        190         62         40         67   
     107         90         23         39        131         71   
     118          9        109        164        155   
     113        147         61        165        172   
     170        181         83        102         12        193         20         16        184        111        171        149        199        157   
     195        194        109        164         63   
      74        185        132        178         92        171        149          5   
      67        169        103   
     179        164         63        124         98   
       7        155         19        181         83        102        135         14   
      98        138         44        183        121         41         85        148   
      67         76         56        123        140        124   
      23         90         30         44        138         48         70   
     153         11          0        144   
     190         62         56        123          3        140          6         32         43        142        157        162         42         69   
     166         49         33        194        109        164         21         29   
     113        135         90   
     191        175         22        178        132        185         74   
       0         11         56        123          3        140          6         32         43         13        199        149   
      75         88         33         49   
     123         56         62         18   
     155         63        124        140          3         32         43         13   
     177         91        110         77         13         43        106         47        169   
     119         30         44        138        124         70        101         62   
      81         26        145         97        128        152   
      91        149          5         13        199        114         50        191        171        111        184        158         12        102         83         49         65        168        167   
     114        149        171         22        178        132        163   
     130         60        162   
     158        184        111        171         15   
     154         43         13          5        149        171         22        178        132        185         74   
     196          1        104         98        140          3         32         43        142        157        162         60   
     160        100         15         92        111        184        158         44        138         31          1         19        181         83         49         33   
      54        161        195         33         49         83        102         90   
      69         60         91        149          5         13        199        114         50        191        171        111         59        193         44        138         48        139         79        176         75   
       8        195         33         49         83        170        181         19          1        143         98        140          3         32         43         13   
       2         23        135        146   
     171        111         59   
     143        138         44         30        146        147          4   
     136        192         36         14         12        193         20         16        184         59        111         22        171        149          5         13         43         32          6        140   
      26         81         83        170        181         19          1         70        101         62        186   
      64         70        124        140          3         32          6        123        186         27         78        106         43         13        199        149        171         92   
      22        111         59         16        184        158         44        138         48        180         18   
     164        109         24         86   
     162        114          5         13         43        106        120         56         62         18        156          7   
       9         33         49         83        102        135        113         17   
       4        137         34        148         80        126        141         85        132        178         22        175        177        100         95         87   
     110        149        171        111        184        158         12        102         83         49         65        168        167   
     157        108         91        175         22   
     169         47         32          3        140          6         27        123         56         62        153         78        154         43         13        199        149        191         99   
       7        155         63        104        138   
      38        179   
      85         89         61        147         23         39         46   
     193         12        102        174         35         71   
     145         23        135        183         44        138        124        140        123         78        106   
      55        169         67         76         62         18         21        196        187        176        161   
      27          3        140         98        138         44         30        146        147   
     112        109         19        181         83        102        135        113        147         61   
      33         49         83        102         12        113        121         41         92        175   
      88         33         49         83   
      42        162         77         13         43        106        120         76   
     150        105         39        131         49         33        194   
      32          3        140         98        138         44        183        113   
      28         97        192         53        185        132         85        141        126         80        163        172         89        148        178         22        175        177        100         95         87   
      37         14         90        102         83        181   
      56        123          6   
     196         79   
     106         27         56         62         18         63        139         79        176         24         88   
     196          1        104         98        140          3         32         43        142        157        162         42        197   
     103        169        129         27          3        140         98        138         44         30        135   
       8         88        168        166         26        145   
      29         21        164         19        181         83         81        174   
      11         56        123          3        140          6         32         43         13        199        149        171        177   
     177         92        178         17        146        147         23         39         46         28   
      43         13        199        149        171         22        178         85        141        126   
      45         33         49         81        174         23        147         61         34   
     130         60        162         77         13         43        106         47   
     102         90   
     133        167   
       5        149        171        111         41         17         34         37         53        192         51   
     190         62         56        123          3        140          6         32         43        142        157        162         60   
     188         99         91   
     125        109         24         33         49        131         26   
     115        172         89         85        141        126         80        148        178         92         15        117        188   
      15         92        111   
      51         94         36         14         90   
      37         14         12        193         20         16        184         59        111         22        171        149          5         13         43        106        120         56   
       4        145         26         35   
     105         23        135         12   
     146         30         44        138         48   
       4         14         12        158         44        138         48        180         21          7   
     149          5         13         43         32        123        140        124   
     131         39         23        147         61         34   
      81        174         23         36         53         74   
      59        193         44        138         48        139         79        176          9   
     178        132        185         53        192         68   
     154         78        123        140        124         31          1         19        109          9         45   
     172         89         34         17        121   
      41         92         15         91   
      59        193         12        102        174        134   
     103        169        129         27          3        140         98        138         44         30        146        147         52        192         68   
     127        101         62         40         11        169   
     135        183        158   
     178         92        171        149          5         13         43        106   
     117        177         92        178        132        185         37         52   
     148        178         17        107         30         44        138   
     196        180        101         62        153         78        106   
     134         49         83        170        181         19          1         70         64        190         62         40         67          0        144   
      92        111         59        193         44        138         48        139         79         73         54         84   
     142         13          5        149        171        111         59        193         44        138         31          1         19        181        170   
     194        109        164        180        182   
      75         88         33         49         81        174         23         36        137        185   
      41         17         34         37         52         94        150   
      18         21        164        109          9         25   
      24         33         49        131         39          2   
     176         79        179        156         64        190         62         40         11        169         55   
     163        132        178         17        107         30         44        138         48        180   
      17        107         30         44        138         48        139        155   
      30         44        138         48        180         21   
     136        152   
     103          0         67         76         62         18         21        196        187        176        161   
     111         59         16        184        158         44        138   
     196          1        104         98        140          3         32          6        123        186         27         78        106         43         13        199        149        191   
     185         37         14         12        158         44        138         48        127   
     141         80        163        172   
      79        176        161   
      83        170        181         19          1        104         98        140          6          3         32        123         56         27         78        153         62        186        120        106         43         13          5        149        171        111         59         16   
      40         27          3        140         98        138         44        193         59   
       9        109        164        180        101         62         40         11        169         57   
     172         89         85         41        111         59         16        184         20        193         44        138        124        140        123         78        154   
      42        162        114        149        171        111        184        158         12        102         83         49         65        168        167   
     131         49         33          9        161         54   
      12         14         36        192   
      17        146        147         52          2         97   
      83        181         19        155        196   
     118          9        109        164         63        124        140        123        120   
     192        105         23         90        102         83        181         19        139   
     131         49         83        170        181         19          1        143   
       3         32         78   
     110        149        171        111         41         17        113   
     183         44        138        124         70        101         62         76   
     186         62         18         63        139         79        176         24         88   
     197         60         91        149          5         13        199        114         50        191        171        111         59        193         44        138         48        139         79        176         25        118   
      73         79        139         48        138         98        140          3         32          6        123        186         27         78        106         43         13        199         50   
     132         61        147        146         90        102         83        181   
      20         16         59        111        171        149   
      32          3        140         98        138         44        183        121         41        178   
     144        169         47         78   
      25        176         79        139         48        124        140        123         27   
      77        114        149        171        111        184        158         12        102         83   
     115         53        137         14         12        193         20         16        184         59        111        171        149          5         13         43        154         47        169         55   
      95        100        177         92        178        132        185         74        115   
     112        198        139         48        124        140        123         78        106   
      49         65        168        167   
     133        194         33         49         83        102         12        193         59        111        171         99        117   
      33        194        109        164        139   
     128         97         28         46   
     169         67         76         62         18         21        196        187        112   
     157        162         42        197   
      89         34   
      80        148         34         37         14         90        102         83         49         33         10   
     185        132        178         92        171        149          5         13         43   
      75        176         79        179         21        101         62         40         11        169   
      97        145        174         81         83        181         19         79   
      28         97        145          4        137         34        148        178         92         15        117        130   
      40         27          3        140         98        138         44        193        184   
     132        178         17        107        183   
     125         79        139         48        124        140        123         78        106   
     127        124        140          3         32         43   
     134        174        102         12        113        121         41         92   
     155        180        101         62         40         11        169   
      73         79        139         48        138         44        193        184        111         92   
      62         56        123          6   
     166         49         33        194        109   
      41         17         34         37         52        192        128   
      40         27          3        140          6         32         43        142        157        162         42        189        160   
      61        147        146         90        102         83        181         19        187   
     119        183        121         41         92         15        117         60   
      23        135        183         44        138         98        140   
      93         75         88         33         49         81   
     144        169   
     190         64         62         40         11        169   
     168         88        194        109        164        180        101         62         40   
      43        106        129        169        144   
     124        140        123         32   
     144          0         11         56         62        101   
      85         41        121         30         44        138         48        139         38   
      93        176        194         33         49         83        170   
     164        109         24         88   
     122        150        105   
      59         16        184        158         44        138         48        180         21          7   
      62         56        123          3        140         98        138         44        193        184        111   
     141         80   
     186        123        140         98        138         44         30        146         14   
      48        139         79        176         24        195   
      97        145        174        102         83        170        181         19        155          7         29   
     130        117         15         92         41        121        146         90        102        174         81   
     115         53         36         23        174        134         49         33          9        176        112         82   
      82        125         79   
     178         92        111         59         16        184         20        193         44        138        124         70        101         62         40         11   
     153        123        140         98        104         31        138         44         30        119         23          2        150        152   
      84        161        195         33         49        131         39        145   
     176         79        179         21         18   
      59         16        184         20        193         44        138        124        140        123         78         47   
      27         56         62         18         63   
     170        181         83        102         12        193         59        111        171        191         60         42   
     127        124        140        123         78         47   
       9         88        168   
      40         76   
       2         23         90         30         44        138         48         70   
      14         90        102         83        181         19        187         73         54   
     124        140          3         32         43         13   
      17         41         92        177        117        160   
      87         95        100        177         92        178         17        146        147          4   
     162        114        149        171        111         59   
      10         33         49         83        102         12        113        121         41         92   
      92        171        149          5         13         43        106        129   
      90         23          2        150        136   
     123          3        140          6         32         43         13        199        149   
      52        147        146         90        102         83        181         19   
     164         19        181        170         83        102        135        113         17   
     141        126         80        163        132         85         41         22        175        177        100         95         87   
      37         14         90        102         83         49         33         24   
     176         79        139         48        124        140        123         27   
      30        193         20         16        184         59        111        171        149          5         13   
      48        124        140        123         76   
      73         79         19   
      22        111         59         16        184         20        193         44        138        124        140        123        120   
     165         61        147        146         90        102         83        181         19        151   
     132         61        147        146        119   
      73         79        139         48        124        140          3   
      59         16        184         20        193         44        138        124        140        123         27   
     111         22        178         85        141   
     154         43         13        199        149        171         22        178        132         89   
     184        121        146        135   
     182        101         62         40         11        169         55   
      21         63        104        138         44        183        113   
      30        146   
      36        145         26         71   
      48        124        140          3         32         43        142         77   
      27        186   
     151         19        181         83         81        131         46         28   
      70         48         31   
      31        127        182   
      25        176         79        139         48        124        140        123         78        154   
      62         18         63        104        138         44         30        119         23        105   
     108        149        171        111   
     146         90        102         83        181         19        187        112         82   
     156        179        196   
     195          9        176   
      39        131         35   
      17        146         90         23        174         26   
     144          0         11         56         62         18         63        139         79        176         75        167   
      89         85   
     125        161         45   
     157         13         43        106        120         56         62         18        156         66   
      93        176        194         33         49         83        102        135        113         17        178         85        141        126   
      26         81         83        170        181         19          1         48   
     189         99        171        111        184        158         12        102        174         81   
      29         64         62        153         78         32         43        142   
     185         37         52   
     183         90        102         83         49         65        168   
      19          1        104         98        140          3         32         43        142        157        162   
      23        135        183         44        138        124        140        123   
     199          5         13         43         32        123        140        124         63        164        109        176   
     105         39        131         49         33         86   
     166         49         83        170        181         19          1         70         64   
     135        102         83        170   
     111         41         17        113   
      18        127        124        140          3         32          6        123        186         27         78        106         43         13        199        149   
      13          5        149        171        111        184        158         12        102   
      20         16        184         59        193         44        138        124         70         64        190         62         40         67          0   
      81        131         46   
     100         15         92        111         59        193         44        138         31   
     170        181         83        102         12        193         20         16         59        111        171        149   
     129         56        123        140         98         31          1         19        181         83         81         26   
      75        194         33         49         83        102         12        193         59        111        171         99   
      42        117        177        175   
     124        138         44         30        146        147          4   
      45         33         49         83        102        135        107   
     123        140         98        138         44         30        146        147         52        192        136   
      70          1         19        109          9   
     188         99        171        111         59        193         44        138         48        139         79        187   
     138         98        140          3         32          6        123        186         27         78        106         43         13        199         50   
     166         71   
      29          7        196         38   
      73        109         19        181         83        102        135        113         17         34        148         80   
     137         14         90        102         83         49   
     149        191        117        160   
     193         12        102        174         35         65   
     196          1        104         98        140          3         32         43         13        157        162         42        117   
      61         34         17         41        111         59         16        184         20        193         44        138        124        140        123         78         47        169         55   
     147         23        174        134         65        168   
     150        192         36   
      76        123          3        140          6         32         43         13        199        149        191         15   
      20         16        184        193         44        138        124         70        101         62   
      88         25         93         54   
      93         84   
      35         49         33          9         25   
      49         83        170        181         19          1        143         98        140          3         32         43        142   
     177         92        111         59        193         44        138         48        139         79        125   
      36         14         12        102         83        181         19         96   
      48        138         44        193        184   
     156        179         79        176         25   
      69        117        177         92        178         85   
     164          1        104        138         44        158   
     171        149          5         13         43        106        120         56         62         18        156   
      48        139         79        176         25        116   
     121         41        178   
     138         44        193        184        111   
     188         99        175         22        178        132        185         53   
      77        108   
     189         99        171        111         59        193         44        138         31          1         19        109         24        195   
      71         46   
     156         18        127        124        140          3         32         43        142        157        162         60   
      84        161        195         33         49         83        102         12        193         59        111        171        191   
      37         14         12   
      24         33         49         83        102         12        113        121         41         92   
      82        173        155         63        124        140          3         32         43        142   
      45        194        109        151   
      97        192         53   
     111         59         16        184        158         44        138         48        180         21          7   
     159        125        109         19        181         83        102        119         23          4   
     100        177         92        178        132        185         74   
      69        117        177         92        178         17        113   
     144          0         67         76         62         18        182   
      99        171        111         59         16        184        158         44        138         48        180         21   
      55        169         67         76         62         18        156        179        173   
     170         83        102        174        145          2        192   
       4         23   
      94         36         14         12        193         20         16        184         59        111        171        149          5         13         43        154   
     146         30         44   
     188         99        175         22        178         17         34         37   
      17        146         90         23        174         26   
      79        139          1   
     124        140        123   
      97        128   
       0         11         56        123          3   
      17        107         90        102         83         49         33          9        116   
      79        176         24         33         49         65   
      72         93   
      38        139         48        138         44        193        184        111         92   
     177         92        111         59         16        184        158         44        138         48        180         21          7   
      20        193         44        138         31          1         19        109         24   
     152        150        105         23         90        102         83        181         19        139   
      28         46         35         65        168   
     153        123          3        140         98        138         44        183        121         41         85   
