     173         31          8        148         70   
     163        104        173         68   
Routing Failed to deliver
Routing Failed to deliver
      13         92         23         59         44         63        166         10        156        118         27   
       2        122        191        198         92         23         74        187         99   
     127        118        156         62        166        153         98         43         25   
     143        105         65        167        124   
      23         59        115         87         60         64          8        182        168        172   
      61        101         24         80         57        128        120         93        159         70        148          8        182        168        181   
       3        151        160         49        166         10        156        118         12        110         85         32   
     105         48        125         88         93        193   
     125        107         53          8         31   
      92        149        142   
      22         35         76        119        124         86   
      64         60        170          9         98        100   
     187        160   
      13         92         23        174   
      70        107         39        170   
      35         90        112        164        117        101         61         33   
     111        121         13         92         23        100          6        160   
      96         67   
      85        152        182          8        148         70        103         29        167        124        150   
     140        146         34         79         69         94   
      95          9         18          1         80         24   
      19         13         92        149         18          9        170         39        107        125   
     176          6         44          9        170         39        107         48        145         71         94   
Routing Failed to deliver
     171        173        104         11        137        105         66   
      78        132         26         30          8        148        107        125         88         93        193   
      51         74        100         98         63         84   
      18          9        170         60         64   
     119         76        159         70        148          8        182        152   
       0        155        133        114          3        151        160        153         63         84         87   
      60         64         50        126   
      10         84         39        107        157   
     170        115   
     176          6         49        166         10        156        118         27   
      43         18        158   
     164        112        128        120         93        193         75        158         59        115         95        109   
      82        166         63        115         87         39        107         48        145         69        124         86   
     165        115         87   
Routing Failed to deliver
      25         59         44         63        166         10        156        118         27   
      29         66        125         88         93        128   
      23        142        115         87         39        170         37          9         18         57        128        120   
     102        177        162   
     123         34         79         69        145        105        143        196   
     137         15        125         88         83        112        164        117        101         61   
     195        164        112        193         93        159        125   
      64         60   
       2        122        112         83         76        119        124        116   
      30          8        131        144        126   
      11        104        173        171   
      11        137        105         65         94        184         71         69        124        147   
     153        165        115         87         39        170         37          9         18         57        128        120   
     190         33        129        101         24        164        112         83         76        119        124   
     188         43        165         37         84         60         64        131        163   
     140        112         80          1        149          5         72         51   
      62        109         67        107         48        145         29   
     100          6        113   
     158        128        120         93        159         70         46        144        178   
     165        115         87         39        107         48        145         69        124          7   
      77          5        188        135        151          3        114        133          0   
      58        193        120         93        128         57         75          4         83         88        125        107         39   
     103        106        107         67        109         62        166         49        160   
     157        179        167        124   
      77          5         43        165         37         84         60         64        131        108   
     113         63         84         87   
       1         58        193        120         93        159         70         38         50   
      60        170          9         18        149         92         13        175         28   
     193         93        159        145         71        184   
       5        149        183         58         22        140   
     111        129        101         24         80         57        128        120         93        159         70         46        144        178        104   
      35        193        120         93        128         57        142        115         95        109        189        156   
      72         23         36         57         75         93         76        119        124        150   
      23         59        115         95        109        189         30        132        173        172         85   
     156         30          8        148         16   
      26          8        148         70        157   
     126         38         70        157   
     137        105         65         71   
      69        119         40        161   
      96        106         45         88         83         22   
      17         99        135        100         25         36         57         58        112   
     117         80         57        128        120         93        159         70         96   
     185         77          5         72         51         41   
      23         92        199        191        101        129   
      29        103        106        107         39        170          9        165   
     159         70        148          8        132   
      96         39        170          9         59         23         55   
      53          8        132         78        162   
Routing Failed to deliver
      54        182        168        172   
      57        128         93        159        169   
     132          8        131        163   
       7        124        119         76         83   
     111        129        101         24        122        112         83         35   
      67        107         48   
      75        120         93        159         70        148          8        138   
      23        142   
     154        175        111   
     141         51         55          5         77        154        175   
      59         25   
      21        173         31          8        148         70   
      26         30        156        177        102        134   
       5        149        183   
      50         15        125         88         83        112         80        191        198   
      79         34         20         90        112        164         24        101   
Routing Failed to deliver
Routing Failed to deliver
     156         10         84         87        115          9         59        158        128        193   
     176          6         44          9        170         39        107         47        105   
     162         78        132          8        148   
      81        145        159         93         75        158         59         43        100   
      13         77        185         19        121        154         56         92          5         72         51         41   
     142        115         95        109         62   
      11        131         53         67        170          9         59         25         92         77   
      24         80         57        142        115         95        109        189        156        118         78   
     152        182         26         30        189        109         95          9         59         43   
      96         67        109         62        166         49        160        151         73   
      40        119         76         93        128        158         59         44        113   
      75        158         36         23         72   
      18          9         95        109         10   
      17          3        151        160         49        166         10        156         30        132   
     112        128        120         93         75         57        142        115         95   
     169         96         53          8         31   
      40        119         76         88   
      85        152        182         26         30          8        148         70        159         93        136         90   
      97        159         70        148         67        109        189   
     190         33        129        101         24        164        112         83         76        179        145   
     153        160        151          3        114   
      51         55         25         36         57         58         22        140   
      44         59        158         58   
     135        100         98          9        170         39        107        125        159   
Routing Failed to deliver
      64          8        182        168        181   
     103         29   
     175         13         92        149        142        115         87         60         64          8   
      92         23         74        187        151        197   
     149         59         44         63         84         10        156   
     161         34        119         76        159         70        148          8        132         78         27   
      67         84         63        113        160        187         99        141   
Routing Failed to deliver
      13         92         23        174   
       1        149         92         77   
      15        125         88         83   
      13         92         23         59         44         63        166         10        156        118        192   
      24         80          1   
     192         78        132          8        148         70        159   
      70        159         93         22         58         80        191        198        154        175         28   
      27        118        156         10         84   
      75        120         93        159         70         38        186   
      98         37        170   
      87         39        107         47   
       4         93        159        103   
      21        173        132         30        189        109         95         63   
     106         96         46        144        163   
      10        156         30         31        173        171   
      89         20         34         40   
     164         80        183        142   
      19         77          5         43         98        113   
     191         80         57        128        120         93        159         70         46        144        178        104   
      18          9        170         60         64          8        182        168         32   
     150         79         97         88         83        112         80          1        149          5   
     175         13         92         23        100          6        160        197        151         99        187        176        174        135         74         55        188         43         98        153        166         82        139   
     103         45         88         83         22   
      98          9        170         39        107         47   
     184         65        103         48   
     171        173         31          8         64   
     113        165         18         57         75   
     145        159         93         22        112   
     146         35        193        120         93        159         70        148          8        132         78   
     169         96         67        109         62   
     119         76         83        112         80        191        198         56        185   
      89        146         35         88        125         47        186        144   
      65        179         88         83        140   
      45        169         16        131        108   
     118        156         30          8        148         70   
       1         58         22         90         20         34        123   
     132         30        189         62        166        153         98        174         55         72   
     152        182         26         30        189        109        170         87   
     170         60         64        131        163   
     101         24        122        112         83         76        179        103   
      23         59         44         63         84         10        156        118        127   
       0        155        133        114          3        151        160        153         63         84         39        107        169   
      15        107         39        170          9        165   
      28         61        101         24         80        112        193         93        159         70         38        143   
     147         79         97         88   
     143         15        107         39        170         37   
       9         63   
      49         63        115         87         39        107         48        145         81   
     188         43        142   
       8         53         60   
      21        173         31         26         30        189        109        170          9         18        158   
     154        198        117        164        112         83         88   
     146         90   
     149         43   
      30          8        148         70        159         76         83         20   
     148         67   
     136        112         58        183   
      35        193        120         93        159         70        148          8         26   
     185         77         92        149         18          9        170         60        148         50         38   
      53         16         47        103         29   
      24         80         57        128        120         93        159         70        148   
     123         34        119         76        159   
      57        142         98         63        166   
Routing Failed to deliver
     118         78        132          8        131        144        126   
      11        131         53         67        170          9         59         25   
     155          0        133        114         17         99        135        100         25         36          1   
     149         18          9        170         60         96   
     184         65        179        125        107         39        170        115   
     164         80        183        142   
      75        158         59         44        113   
     142        115         87         60         64         50        196   
     148         67        170          9         98        174         55         72   
      26         30        189         62        166        153          6   
     173        104         11        137        105         65         29   
       4         93        159        103        105   
      26         54         78         12   
     175         13         92        149        183         58          4         93   
     165         18         36   
     136        112         80          1        149         23         74         51        141   
      14         33        129        101         24        164        194   
      56        185         19         77          5         72         51        141         52   
     136         93        159         70         38   
Routing Failed to deliver
      15         46        131   
      30        189         62        166        153        160        187         99        141         41   
      25        142        115         87         60         64        131         11   
      37        170         60         64         50        186   
      90         35         88        125         47         50   
      62        109        170         87         39        107        125         88         97        119         34   
      93        128        158         59         44        153   
      16        107         39         84         63        113        160        151         52   
       8         30        189         62   
      33        129        101        117         80         57        128        120         93        159         70        148          8        132         54   
     103        179         97        119         34   
     103        125         88         83        112         80        191        198         56   
     148         70        103         29        167        124   
     117        198         13   
     109         95          9         18        149         92         13        175         28   
       0        133        114         17         99        135        100         25         36          1         80   
     118        156         10         84         37          9         18         57         58   
Routing Failed to deliver
     161         34        119         76        159         70        148         64   
     103         45         76   
      43        165         63         84        109   
     102        177        156         30          8        148         70        159         97        119         40        161   
      89        146         35         93        159         70        148   
      82        166         10         84         60         53   
      74         23         36         57         75         22        136         20   
       2        122        112         90         20         34        123   
      31          8        148         70        169   
      78         54         30        189        109         95          9         59   
       8         53         67        170          9         18        149         92         56         19   
Routing Failed to deliver
     145        105        143         11        104        173        181   
     104        173        132         78        192   
Routing Failed to deliver
      98         63         84         10        189   
     122        112        193        120         93        159         70        148          8        138   
      37         84         10   
Routing Failed to deliver
     108        196        180        105         65        167        119         40        161   
     159         93   
     115         87         39        107         48        145         69   
     137        105         65         69   
      58        183         59         43        100   
     171        173         31          8         64   
     117         80        112        193        120         93        159         70         15   
     155          0        133        114          3        151        160        153         63         84         39        107         15   
     130         86         42         97        159         70        107         39   
      12         78        132          8        148         70        159         88   
      82        166        153         98         43          5         77        154   
      85        110   
      84         63         98        174   
     180         15   
     151         99        141   
     115         87         39        107         48        145        167         79   
     110         78        118        156         62        166        153         98   
      73        141         51         74        188   
     177        156         30        132   
Routing Failed to deliver
     113         63         84         60         64          8   
     141         51         55          5         77        154        175        190   
     123         34        119         69         66        105        143         11        163   
      28         61        101         24        164        112         83         76        179         65        184   
Routing Failed to deliver
      71        145        105        143         11        104        173        172         85   
     174         98          9        170         39        107         48        145         71   
Routing Failed to deliver
     153         63         95   
     168        182         26         30        189        109         95          9         59         25   
      76        179         65         29   
      50         15        125         88         83        112         80        191        198   
     109        170         87         39        107        125         88         93   
      86         42         97         88         83        112         80   
     116         79         97        159         93        128        158         59         44         49   
      67         87        115          9         18         57        128   
      79         97        159         70        148         64   
      21        173         31         30        189        109         95          9         59         25          5   
      26          8        148         16   
     116         79         69        145        105        143        126   
      66        125        107         39         87   
      81        167         97         88         83        112        164   
     140        146         34        124         86   
      21        173        132         30        189         62   
     121         13         92        149        142        115         87         60         64   
     109         67        107         15   
Routing Failed to deliver
     124        119         76         93         75        158         59         23         74         51        141   
     145         48        107         67        109        189        156        118        162   
      23        142        115         87         60         64        131   
       6         49        166         10        156         30        132        173         68   
     118        156         10         84         37          9         18         57         80        164          2   
      81        145         48        107         53          8        132         78         12   
     136         93        120        128        193         35          4         75         57        142        115         95        109        189         30   
     114          3        151        160        153        165          9   
      84         10        156   
      90         35         93   
     196        108        104        173        152   
      54        138          8        148         70        103        145   
     108        131         16        169         48   
      91         78        132         26         30        189        109        170          9         18         57         58        112   
Routing Failed to deliver
      39        170          9         18        158   
     122        112        193        120         93        159         70         46        144        178        104   
     195        164         80          1        149         23         74        187         99         52   
      69         79   
      38         70        107         39        170          9         59         23   
     118        156         30          8        148         70        103         66   
      59         98   
      86         79         69        145        105        143        196   
      62        166        153         98         43          5         77         13        175         33   
     158         58         22   
     146         35        193        120         93        128         57        142        115         95        109        189        156        118        192   
      37        170         39        107        125   
      47        125         88         83        112         58   
       2        122        112         83        146         34        124          7   
      98         63         84        109        189         30   
      92         23         74        187        151          3        114        133          0   
      78         54         26          8         53         67        170          9         18        149         92        199   
     152        182          8        148         70         48   
      82        166         63        115        142         57         58         22        140   
     115        142         25         92         13        175   
     162         78        132          8        148         70        103         65        167   
     136          4        128        158         59         44         49        160        197   
      18         57        128         93         76         97   
      28        121         19        185         77         13         56         92          5         72         51   
      16         53          8         30   
      49         63        115         87         39        107        125   
      58          4         35         76        179         65         29   
     120          4        140   
     160        153        165        115         87         39        107         48        145         69        124        147   
Routing Failed to deliver
      75        120         93        128         57        142        115         95        109        189        156        118        192   
     161         34         20        140        112         80        191        198        154   
     198        117        164        112        136        146   
     114          3        151        135        100         25         36         57         75         22        136        146   
     188         43         18          9        170         39        107        169   
      38         70        107         39         84         63   
      75         57        142        115   
     121         13         92        149        183         58         75   
      15        125         88         93        128   
      34        146         35        193        120         93        128         57         75          4         83         88        125        107         39        170   
     105         38        131         64   
     157        107         67        109        189        156        118        162   
     161         34        124   
     149        183         58          4         35         76        119         69   
     130        150        124         40        123   
Routing Failed to deliver
     125        107         53          8        132         78        110   
     137         15        125         88         83        136   
     137         11        104        173        132         78   
     193         58        183         36   
     114         17         99        135        100         25         36          1         80        164   
     191         80          1        149   
     135        100         98          9        170         39        107         47        105   
     137         15        125         88         93          4   
     137         15        107         39        170          9         59         23   
      64         60        170   
       8        182        168   
      81        145        105        143         11        104        173        172         85   
     152        173   
      52        141         51         55         25         36        158         80        164        194   
      76        159         70        148          8         26   
     196        108        104        173        172   
      49         63        115         87         39        107        125         88         97        119         40   
     174         55          5         77         19   
     143         11   
Routing Failed to deliver
      19         77          5         43        165   
       5         77        185   
      16         50   
      15        107         39        170          9   
      64         60         84         10        166   
      93         75        158         59         23         74   
     109         95         63         98        100   
      95        109        189         30         31        173   
     189        109        170         87         39        107        125         88         97        119         40        161   
     172        168   
     158        128        120         93        159         70        148          8         31   
      68        173         31         26   
     110         78        132         26         30          8        148         70        159         93         22   
     174         98          9        170         39        107         48        179   
     110        168        152   
     182         26         30        189        109        170          9         18          1         80        191   
      95          9         18          1         80        164   
      74         23         36          1         80        164   
Routing Failed to deliver
      60        170          9         98        174         74   
     172         21   
     122          2        194        195        164        112         83        146         34        124        147   
     177        156        189   
       5         92        199        117        164        195   
     194          2        122        112         83        146         34        124        150   
     143         15        125         88         83        112         80        191        198        154   
      81        145         48        107         53          8        132         78         12   
      72         23        142        115         87         39   
      28         61        101         24        122        112   
     162         78        132          8        148         70        103         65        167   
       8        148         70         15   
     108        131         53         67        170          9         59         23   
     159         97        119         34   
       4         35         76        119        124         86   
     119         76         93         75        158   
     145        159         93        128        158         59         44          6   
     166        153         98        100   
     167         97         88         83        112         80          1        149         92   
     187        160         49        166         10        156         30        132   
     156         62        166        153         98        174   
      47        186         11        104        173         21   
      83         22   
     131         53         67         84         63        113          6        176   
     183         57        128        120         93        159         70        148   
     123         34        119         76        159         70        148          8        182   
      18         43        174        176   
      20         90        112        164        117        101         61        111   
     182         26         30        189        109         95          9         18        149         92         56   
      90         35         88        125   
     124         86   
      77         92        149         18          9        170         39        107        169   
Routing Failed to deliver
      77          5         43        165         63         84         60         64          8        182        152         68   
      68        173         31         26         30        189        109        170          9         18          1         80        191   
     196         46         70        125         88         93         75        158        183   
      28        121         13         92         23         59         44         63         84         10        156        118        127   
      26          8        148         70        103         29         71   
      97        159         70        148          8        132         78         12   
     103         70        148          8        132         78         27   
       8        148         70        103        145   
     108        131         53         67        170          9         59         25         55         72         51         41        141         99        135         74         23          5         77        185   
      38         70        107         39        170         37   
      43         98        113   
     101         24         80        112        193        120         93        159         70         38         50   
     128        158         80        191        101         61        111   
      50        148         67        170          9         18        149   
     192         78         54   
      69         81   
      65        103         70         96         67   
     113        165        115         87         39        170          9        142         57        128        193   
      34        146        140        112         80          1        149          5         72   
     172        173        132         30   
     101         24        164        112         83         76        119         42   
Routing Failed to deliver
Routing Failed to deliver
     164        112        193        120         93        159         70        148          8        182        168        181   
     190        121         13         92         23   
      37         98         43         23   
     179         88         83         90        112        164        195   
     169         96         53          8        132         78        127   
      42         97        159         70        148          8        132         78        110   
     182         26         30        189        109        170          9         18         57         58   
     126         50        148         67         87   
      70        125         88         93        128   
      51         55         25         36         57         58   
      13         92        149        142        115         87         60   
     183         58         22         35         76        119        124         86   
     142        115         95        109         10   
      72         23        142         57        128   
      34        146        140        112         80          1        149          5         72         51         41   
     118        156         30          8        148         70        103   
      67        107         48        145         65   
     138          8        148         70        103         29         81   
      57         75         93         76        119        124        150   
      14         33        129        101        191        198   
      58         80        191        101         61   
      63         84         10        156   
       7        124         69         66        169         96         53          8        132         78   
      89        146         35   
     165         18         57         75   
      33        121         13         92         23        100          6        160   
     130         86         42         97        159         48   
     128        158         36         25         92   
Routing Failed to deliver
     166        153        160        187        135   
      10         84         37         98         43          5         92        199   
      37         98         43          5         92   
     182         26         30        189        109        170        115        142         57        128   
     152        182          8        148         70        169   
      44         59        158         80        164        194   
       8         30        189         62        166         49        160        151         52   
      47        186         11        104        173         68         32   
     135        100         98         37         84         60         64          8   
      64        107        125        179         97   
      43         98          6         49   
      15        107         39        170          9         98        174         74         51         41   
     189         62        166        153         98        100   
      12         78        132          8        148         70         48   
     123         34        146        140        112         80          1        149          5         72         51   
      74         55          5         77         13        175         33   
Routing Failed to deliver
      54         26          8         53         67        170          9         18        149         92         13        175        190   
      97        119   
     180        196        178   
     131        144   
     140          4        120        128        193         93         75         57        183        142        115         87   
      99        135        100         98          9        170         39        107        125   
      83        193        120         93        159         70        148          8        138   
      92        149        183         58        193   
      52        151        160        153         63         84         60         64        131         11   
     160        153        165         18         57         75         22         35        146         34   
      40        119         97   
     185        154        175        129   
     140        112         80          1        149          5   
     191         80         57        142        115         95        109        189        156        118        192   
      10         84         37         98         43        149   
     178        196        180        105         66        179   
     171        173         31         30        189        109         95          9         59         25         92         77   
      73        151        160        153        165        115         87         39        170          9        142         57        128        193   
      20         35         76         97   
      26          8        148         70        159         76   
     190        121         13         92        149         59        115         87         60         64          8        182   
     178        196         38         70        159   
Routing Failed to deliver
     159         93        128        158         59         44         49   
     124        119         76         93         75        158         36         23         72   
     180         46        131          8   
     167         66        169         96         64          8   
      77         92        149         18          9        170         39        107         48        103   
     170         39        107         48        145         69        124          7   
     196         46         96         39        170          9         98        174         74   
     122        112        193        120         93        159         70         46        144         11   
Routing Failed to deliver
      56        199        117        164        112         90   
     163        131         16        169         45         88         83   
     116         79         97        159         70        148          8        132   
      52        141   
     154         13   
      62        109         67        148         50        196   
      60        107         15   
     104         11        131         53         67        170          9         18        149         92        199   
     136        112         80   
     198         92        149         59        115         87         60         64          8        182        168         32   
     187        174         98          9        170         39        107         47        105         65        184   
      40        161         34         20         90        112        122        117   
       6         44          9        170         39        107         70   
      41        141         99        151        160         49        166         82   
      49         63        115         87         39        107        125         88         97        119         40        123   
     158        128         93        159        103        105   
      21        173         31         30        189        109         95   
      96        169         66         69        124        116   
      78        132        173        104        178   
     179         88         83        112         58   
     177        156         30          8        148         70        103         29        167        124        150   
       7        124         34         20         90        112        164        117        101        129   
      81        167        119         34         20         89        146         90        112        164        195   
      78        132          8        148         70        159         76   
     153        160        151         99   
     184         65        179        125        107         39        170          9        165   
      93        159         70        148          8   
     172        173         31         30        189        109         95          9         59         43   
     129        175        154        185         77          5        188        135        151          3        114   
     168        182         26         30        189         62        166        153         98        174         55   
     191         80         57        128        120         93        159         70        148          8        182        173   
     122        112        193        120         93        159         70        148   
      51         74        100         98         37        170         60         64         50        186   
     144         46   
     177        156         62        109        170          9         18          1         80        117   
      29         94        167        124        116   
      74         23         92        199        191   
      69         97         88         83        112   
     146         35         93   
      91         78        132          8        148         70         15   
     149        183         57   
      40        119         76         93         75        158         59         23         74        187         99         52   
      36         43        174        187        151   
      87         60         53          8         26   
Routing Failed to deliver
     183         80        164        194   
     180        105         66         97   
     113        165         18          1         80        191        101         61   
     178        104        173        132         78   
      78        132         26         30          8        148         70        159         93         22        140   
      11        137        105         65         94        184         71         69        124        147   
      45        106        107         39        170   
Routing Failed to deliver
     150         79         97         88         93         75        158         36        149   
Routing Failed to deliver
      14         28        121         13         92         23        100          6        160        197        151         99        187        176        174         98        153        166         82   
       7        124         69         66        169         16        131        108        104        173         68         32   
      96        169         66        167   
     122         80        183         59         44         49        166         82   
      10        166        153        160        187         99        141         41   
      31         30        189         62        166        153        160        187   
     105         65        167         79   
     121         13         92        149         59        115         87         60         53          8        138   
     151        160        153         63         84         39        107         47   
       8        131         46   
      76        159   
     189        109        170        115        142         57         58         22   
      66         69        124         86   
      55          5         77        154        175         28   
      14         33        129        101         24         80         57        128        120         93        193         75        158        142        115         87         60   
      53          8         30        156        177   
     148         70        103   
      61        101         24         80         57        128        120         93        159         70        148          8         31   
      82        166        153         98        174         55   
     197        160        153         63         84         39        107        106   
     152         21   
      96         47        105         65         81   
      21        173        132         30        189         62        166        153         98        174         55   
     147        124   
     118        156         62        166        153        160        187        135   
     176        174   
      59         25         92        198   
      74        100         98         37        170         60         53   
     122        112         83         35   
      43         18         57        128         93         88   
     153        166         10        156        118         12        110         85         32   
     147         79         97         88         83        112         80   
     126        108        104        173        132         78   
      50        148         67        170          9         18          1   
     161         34         20        140        112         80        191        199   
      55        174         98         37         84         60         64        131        163   
     116         79         97        159         70        148          8        182        173   
     161         34        119         76         45   
      73        141         51         74   
     150         79         97         88         93        128        158         59         44        153   
     181        173         31         26         30        189        109        170         87   
      99        187        160         49        166         10        156        118         12        110   
      43         18         57        128         93        159        145         65   
     172        173         31         26         30        189        109        170          9         18          1         80        191        101        129   
     181        173         31         26         30        189        109        170          9         18         57         58        112   
      76        159         70        148          8        182        168        181   
      47        125         88         83         90   
      71        145        159         93         75        158         36         25          5   
     172         32   
     189        109        170         87         39         60        107        125        159         93        120   
     165         63         84         60         53          8         31   
      58          4         93   
       6         44         37         84         60         64        131        163        178   
     148         67        109         95         63        113          6   
     171        173        132         30        189         62        166   
     196        180        105         66         97   
      20         34         79         69         94   
     129        175         13         92         23        188   
     109         67        107         47        105         65        184   
     169         16        131        163        178   
      17         99        187        174         98          9        170         39        107         15   
      26         30        189        109         84   
     168        182          8        148         70        106   
     128         93         76         97   
     118        156         62        166        153         98         43          5         77        154        175        190   
     199         56        185   
      86         42         97         88         83        112         80        191        199   
      20         35        193        120         93        159         70        148          8        132         78        110   
      71        145        159         93         75        158         80        191        198         13   
      15         46        131          8        182        168         85   
     118        156         30          8        131        186        180   
     131         53         67   
     187        174         98         44   
     186         15        107   
     160         49        166         10        156        118         27   
      74        100          6         49        166         10        156         30         31   
     152        182          8        148         70        103         29         71   
      68        173         31          8        148         70        159         93   
      85        152        182          8        131        186        137   
     111        129        101         24         80        112          4   
      77          5        188        176          6   
     168        182         26         30          8        148         70        159         93         22   
      13         92         23         74        187        151          3        114        133          0   
     142        115         87         60         64         50        137   
      38         70        107         39        170          9         98        174        188   
Routing Failed to deliver
      47         46        131        108        104        173        181   
      93        159        145         71        184   
     187        174         25         36         57         75         22         90         20         34        161   
      93         75        158         59         23         74        187         99         17   
     101        191         80        183         59         44         49        166         82   
      47        103         65   
     153         63         84         60         64        131        108        104   
      84         95   
     125         15        186         11        104        173         21   
     164        112        193        120         93        159         70        148          8        182        168        181   
      72         23        142        115         87         39        107        106   
      56         92        149         18          9        170         60         64         50        143   
     193         58         80   
      80         57        128        120         93        159         70        148          8        182        152         68   
      11        131         53         67         84         63        113   
     168        182         26         30        189         62        166        153        160        176         74         51   
      16        169         66        167         79   
     168        182          8        148         70        159         97        119         40   
Routing Failed to deliver
     179        125        107         39         84         63   
      59        115         87         60         53   
     136          4        120        128         58         75        193         93         88        125        107         67         84         95   
     165         43        188         74   
     120         93         35   
      80        183         59         43        174        176   
      55         25        142        115         87         39        107        125   
      71        145         48        107         64          8   
     159         70        148          8         30        156   
       2        122        112        193        120         93        159         70        148          8        182        168         32   
     105         65        167        119         40   
     175         13         92         23         59         44         63        166         10        156        118        162   
      85         91        162   
      80        183         36   
     197        160        113        165         18         57         80        164          2   
     108        131        148        107        125         88         83        112         80   
     140         35         76   
      58          4         93   
     140        146   
      74        100          6         49        166         10        156         30         31        173   
      97         88         83        112         80   
     135         74         72   
       0        155        133        114          3        151        160        153         63         84         39        107   
     155          0        133        114          3        151        160        153         63        115         87         39        107         48         66   
     141         51         74        188   
      81        145        105        143         11        104        173        168   
     115         87         60         64         50        196   
      25        142          9   
      12         78        132          8        148         70        159         93        136   
      55        174         98         63        166         10        156        118        162   
      43        142   
      21        173         31         26         30        189        109        170          9         18          1         80        122   
     112        193         93        159         48   
      18          9        170         60         64          8        182        168   
     117        198         92         23         74        187        151          3        114   
      50         15        125         88         83         90   
     135        100         98          9        170         39        107        125        159   
     169        107         67         84         95   
     103        179        167        119         40   
     179         88         83        112         80        191        199   
     105         48        159         93         22         58         80        191   
      61        101         24        164        112         83         76        179         65         81   
      52        151        160        153   
      33        129        101         24        164        112         83         76        179         65         29   
     187        174         98          9        170         39        107         48        179        167         42   
      53        107        125         88         83   
      20         90        112        164        117        101         61        111         14   
     118        156         62        166        153         44   
      63        115         87         39        107         48        145         29   
      52        151        160        153         63         84         60         64   
     169         70   
       5        149         18          9        170         39        107         47   
     194        164        112        193        120         93        128         57         75          4         83         35         88        125        107         39         87   
     126         38         70        159         76   
     123         34        146        140   
      79         34         20         90        112         80        191        198        154        175        190   
     188        176          6         49        166         10        156        118         12        110   
      71        145   
      21        173         31          8        148         70   
     183         59         44         63         84         10        189   
     155          0        133        114          3        151        160         49         63         84         60         64        131        163        178   
     179        125        107         39         84         63        113          6   
      62        166        153        160        187        135   
      87         60         64         50        196   
      33        129        101         24        164        112         83         88   
     135        100         98          9        170         39        107         48        179   
     193         58         80        191        198        154        175        190   
     162        177        156         62        166        153        165   
       1         58        193         93        159        103        105   
       7        124        167   
Routing Failed to deliver
      71        145        159         93         75         57   
     198        117        164        112         83         76        179        145   
     197        160        113        165         18   
      38         70        107         39         84         63         44   
     172        173        104        163   
      28         61        101         24         80         57        128        120         93        159         70        148         64   
       1         58         22         90         20         34        123   
      90         22          4   
       1         59         44         63        166         10        156        118         27   
     197        160        176        188          5         92   
     171        173        104        163   
     101         24         80         57        128        120         93        159         70         46        144        163   
     121         13         92        149         59        165   
      21        173        104         11        137        105         66         45   
      10         84         95   
     141         51         55         25         36         57         58         22   
Routing Failed to deliver
      15        107         39        170          9         59         23         55   
     193        120         93        159         70        148          8        138   
      79         97        159         70        148         67        109         62        166         82   
       8        132         54   
      22         93        159         70        107   
      45        169         96         53          8        138   
     144         38         70        159         93        136         90   
     139         82        166        153         98         43          5         77        154   
       4         58          1        149         23   
      25         59        115         95        109        189        156        118         78   
     124         69         66        169         16        131        108        104        173        181   
Routing Failed to deliver
      23         36        158         80        164        194   
     130         86         79         97         66        169         16         46   
     187        174         98          9        170         39        107        125         45   
       5        149         18          9        170         60        148         16   
     150         79         40        161         34         20         89   
     138          8        131        163   
     135        100         98          9        170         87         39        107        125        179         97   
       9         95        109        189         30   
      24         80         57        128        120         93        159         70         46        144        108   
     137         15        107         39        170          9         98        174         74   
     120        128        193         93        159         70        148          8        182        168        172   
      93         75        158         36         23         55   
     134        102        177        156         30          8        148         70        159         97        119         40        161   
      56         92         23        100          6   
     184         65        179         88         93         75   
     182          8        148         70        159         97        119   
     141         99        187        160         49        166         10        156        118         12        110         85         32   
      84         39        107         48        179   
      79         97         88         83   
      67        170          9         18         36   
     125        107         67        109        189        156        118   
     137         15        125         88         83        112         80        191        198        154        175         28   
     119         76        159         70        148          8         30        156        177   
     137         11        104        173        172        110         91   
     156         10         84         37          9         18        158         80        164        195   
      60         87        115        142          1         80         24        101   
     193        120         93        159         70        148          8        182        168         32   
     136         93        159        103        105        180   
      75        120         93        159         70        107   
     184         65        179         88         93         75        158         59         23         74   
     119         76         83        112         80        191        198        154        175        190   
      76         93         75        158         59         23         72         51         41   
     151        135        188          5         92        199        191        101        129   
      90        112         58        183         59         43        174   
      72          5         92        199        191   
     189         62        166        153        160        187   
      90         35        193        120         93        128         57         75          4         83         88        125        107         39   
      93        159         70        148         53   
      63        115         87         39        107         48        145         81   
     103        125         88         83        112         80          1        149          5   
     176        100         98          9        170         39        107         48        145        167         79   
      95         63        166         82        139   
      68        173         31         26         30        189        109        170          9         18        149         92        198   
      83        193        120         93        128         57         75          4         35         88        125        107         39   
     115         87         60         64          8        182        152         21   
     193        120         93        159         70        148          8         26   
     122        112        193        120         93        159         70         38   
      28         61        101         24         80         57        128        120         93        159         70        148          8        182        168        181   
     199         92        149        142        115         87         60         64        131        163        178   
      91         78        118        156         62        166        153         98         43         23   
     143        105         65        167        119         34   
      43        149   
     102        177        156         30          8        148        107   
Routing Failed to deliver
      87         84         39        107        125         88         83        146   
      91         78         54         30        189        109         95         37   
      13         92         23         74        187        151          3        114        133          0   
      16        169         45         88         83         90   
Routing Failed to deliver
     126        108        131          8         30        189         10   
      77          5         43        165         63         84         60         64          8        182   
      60         84         10        189   
     105         48        107         39        170          9         98        174         74   
      63          9         18          1         80        122   
     195        164         80         57        142         98         63        166   
     160        153         63         84         60        148         50         38   
     188         43        165        115         87         60         64        131         11   
      45        106         96         67   
      25        142        115         87         67   
     189        109         95          9        142   
      63        115         87         39        107         48        145         69        124        147   
Routing Failed to deliver
      99        135        188         23   
Routing Failed to deliver
      48        107         39        170          9         98        174         55         51   
     170          9         18         36   
      58          4         35         76        119        167   
      56         92          5   
     131          8        132         78        162   
      19        121        175   
     156         30          8        131   
      95         63         44   
     191        198         92         23         74        187        151          3   
     188         43        165        115   
      50         47        103        179        167        119   
      72          5         92        199        191   
     183         59         44         49        160        197        151          3        114        133   
     175        129        101         24        164        112         83         76        119         42   
     169        107         39        170          9         98        100   
     154         77          5         43        165         63         84         10        156        118         78   
     185         56         92        149        183         57   
Routing Failed to deliver
      90         35         76        179        103   
     150         79         34         20         90        112        164        117        101         61         33   
     122        112         83         76        179         65         71   
      11        131         53         67        170          9         18        149         92         13        175        190   
     138         30        189         62        166        153        160        187         99        141         41   
      58        193         93        159         70         47   
     152        182         26         30        189        109        170          9         18         57         58   
Routing Failed to deliver
      83        112         80        191        198        154        175        190   
       2        122        112        193        120         93        159         70        148          8        182        168   
      22         75        120         93        128         57        142        115         95   
     135        100         98         37         84         60         64          8   
     161         34        146        140        112         58        183        142   
     194        164         80          1        149         23         74        187         99   
     188         43        165         37         84         60         64        131        163        178   
      42         97        159        157   
     141         51         74         23        142        115         87         39        107         47   
      69        145   
     180         15        107         39         84         63        113   
     164        112        193        120         93        159         70        148          8        132         78        110   
      61        175        154        185   
      73        151        160         49         63         84         60         64        131        108        104   
      62        109         67        107         48        103   
     102        177        156         30          8        148         70        103         65         69   
     154        175        129   
     152        182         26         30        189         62        166        153         98        174         74   
     149        183         58         22         35         76        119        124          7        130   
      49        166         10        156        118   
      65        105        143         11        163   
     152        173   
      70         46        131   
     147         79         34         20         90        112        164        117        101         61        111   
      69         97         88         83        112         80        191        198   
      98          9        170         39        107         48        103   
     152        182          8        148         70        103         65        167         79   
      53         67        170          9         59         43   
     122        112         83         88   
     163        196        180        105         65        167        119         34   
      50         15        125         88         83         22   
      40        161         34         20         90        112        164        117        101         61        111   
      92         77        185         19         56        199         13        154        121         28        175        129        101        191        198        117        164         80          1        149          5         72         51   
     180         15        125         88         83        112         80        191        198         56         77   
      16        169         45         76   
     178        196         38         70        159         76         83         20   
      15         96        148   
     198        117        164        112         83         76        179   
      35        193         58         57   
      83        193        120         93        128         57        142        115         95        109         62   
Routing Failed to deliver
      20         35        193        120         93        128         57         75          4         83         88        125        107         39        170   
      22         58          1         59         23         74        187         99         73   
      41         51         55         25         36         57        128         93         76        119        124         86   
      88         83        112        122        117   
     117        199         92   
      98         37        170         67   
     149        183         58          4         35         76        179         65   
     189         30        132   
      19         13         92        149        183         58          4         35         76        179         65         81   
       3        151        160        153        165        115         87         39        107         48        145         71         94        167        124          7        130   
      28         61        101         24         80         57        128        120         93        159         70        148          8         31   
     189         30         31        173        152   
      30        132        173        172   
      64         50        180        105         65         94        184         71         69        124          7   
      95          9         18        149         92         13        175         28   
      81        167         97         88         83         90   
      10        156        177   
      71        145        159         93         75        158         36   
      59         43   
      40        161         34         20         90        112        164        117        101         61         33   
      37        115         87         39        107        125         88         93   
      30        189         62        166        153         98        174         74   
     193        120         93        159         70        148          8        182   
       3        151        135        188          5         77         13        175         61   
      90        112        128        120         93         75         57        142        115         95        109         62   
Routing Failed to deliver
     151        135        188         23   
      90        112        122        117   
      40        119         69         66        103   
     166         63        115         87         39        107        125         88         83   
      61        101        117         80        183         59   
      45        169         16        186   
      51         74        100         98        165   
       1         58         22        136         20         34         40   
       9        170         87         39        107        125        179         97   
      83         88        125         47         50   
      58        193        120         93        159         70        148          8        182        152         21   
     175         13         92        149         59        115         87         60         64          8        182        168        181   
     187        174         98          9        170         39        107         48        145         71   
      87        115        142         25         92        199   
     104         11        137        105         66        179   
     138         30        189         62        166        153         98        100   
     130        150         79         34         20         90        112        164        117        101         61   
     118        156         62        166        153         98         43          5   
     140        112         80        191        198        154        175         28   
      59        158         58         22   
     198         92         23        100          6        160   
      98        174        135   
      81        167        119         76         83        112        164        117        101         61        111         14   
     167         97         88         93   
     196        180        105         65        167        119         40        161   
     146         35        193        120         93        159         70        148          8        138   
      70        148          8        138   
      76         93        128        158         59         44         49        160        197        151          3        114        133        155   
