     184        150   
      15        118         77         48        112        193         53   
     188         14        152         79        142        163        191        190         39   
      74        143         95         72        166        196        159        179         32          2         49         79   
     134         11        136         66        158        128        191         19        162        154         49          2         32   
      31        110        119         78         55        186        198         73   
      11        136          6        181         10        101         22        127         98        139   
     166         72        150         95         62        196        159        179         32          2         49         44        135   
      87         42        132         44         49          2         32        199   
      48          8        128        190   
      37         45         38   
      75         20        176         40         48        112          6        136         11         57   
     152        139   
     170        177        128         68          1        186         55         42   
     108         59   
      12         34        186          1         68        128        177   
     192        101        135         44         49          2        123         43   
     196         62         72        150         95        166        146        143         23         36        170        177        128         68         82   
     136          6        181         10        101         22        127         98        139   
      42        132         44         94        154        162        182        191        190         39        170         36         23        183        106   
      29        181         10        101         22         44         49          2        130         90   
     128         68        163          7        122   
Routing Failed to deliver
     103         44         94        154        162        182        191        190         39        170         36         23        183         93   
      42        175        108        192         48        112        193        129   
      15        142        163        191        190         39        178         47   
      83         98   
     171        107         86   
       6        158          3         24         50   
      52         61         59          1         68        128         39        170         36         23        183         88   
     123          2        130         31         18         17   
      90        130          2         49         79        173        124   
      95         72        166        196        159        179         32          2         49         44   
     161        153        185        192        101         22         44   
      13        118         15        127         98        139         31        116   
       8        128   
      40         13         59   
     182        191   
Routing Failed to deliver
      69          9        172         86        185        112        158          3         24        178   
      39        128         68          1         13        157   
      91        113   
     131         23   
     135        101         10        112        193         35        114   
     117        167        196         62         72        150         36         47         24          3         38         45   
      65        112        158        128        191        182        162        154         49          2         32        199   
      42         81         67        157   
      46          5        199        179        167        196         62        150         36         47         24   
     144        158        128         68   
      66        193         65        107         25        176   
      35        193         65        107         86         61         20   
      62         72        150         95        166        196        159        179         32          2         49         79        132   
     145          0         78         55        186        198         91   
      20         34        186        175        127         98         49          2   
     192        108        173         79        152         31        130   
     128         68          1        118   
      78        119         83   
       2         32        179        167         51   
      33         67        175        127         98         49          2         46   
     194         50        177        128         68        192   
     105        168         24          3        158        112        185         86        140        197   
      75         34        186          1         68          8   
     187        189        123        199        159        196        166   
      11        136          6        181         10        101        103   
      55        132         44         94        154        162        182        191        190         39        170         36         23        183        106   
      89        130          2         49        154        162        182        190         39        178   
     156        102         91          9        100   
       8        128         39        170         36        150   
     162        154         94         44   
      19        162        154         49          2        123   
       8        128        190        182        162        154         49         94         44        122         79        111         98        152         31        130         46         32        179        167         85        160         84   
     113        198        186        175        127         98         49          2   
      47         50        177        190         19        162        154         49          2   
      60         21         53   
     103        118         59         80   
      28         57         11        136        144          3         24        137         36         23        143   
     112        158        128        190        182        162        154         49          2         32        179        167         85         56   
     113        140        172   
      76        197         30         41        148   
      65        107         10          1        186         81   
      92         88         93   
Routing Failed to deliver
      56         85        196         62         72        150         95        166        146        143         23         36        170        177        128         68         10        180        138   
     117        160         84   
     162        182        190         39        178        168         16        164   
      67        175        127        119        139         18        155   
      69          9        172         41        148        193         66          3         24   
      16         47         50        177        128         68          1         13   
      82          8        128         39        170         36         23         92   
      48          8        163        191        182        162        154         49          2         32        179        167         85         56   
     155         18        110         79        142        163         68         48        181   
      38          6        181         10          1        186         55   
      36         23        183         64   
     188         78         55         96         75        104         58   
      95         72        166        196        159        179         32          2         49        111   
     114         38          3        158        128         68        163          7   
     167        179         32          2         49         79        173         55   
     123          2         49   
      15        142        163          8        128         39        178         24   
Routing Failed to deliver
      99         58        125         71         87         42         78         14        139         31        116   
      91         86        185        112        158          3         24        137   
     143         95         72        166        150         36        170        177        128         68          1        108   
      20         33         40         48          8        128         39        178        168   
      71         87   
     158        128        191         19        162        154         49          2        123         43   
     167        179         32          2         49         44        103        108         59         61        140        100   
      16         47         50        177        190         19        162        154         49         98        139         18        145   
     188        165         18        149        189         43   
     148        193         66          3         24         50   
      58        125         34        186        175        127         98         49          2         32        199   
      83         49        154        162        182        191         19        190         39        170         36         23         92        146        160   
      40         48        112          6        136         11        134   
      86        185        192          8        128         39        170         36         23        183   
     177        128         68         10        180   
       2         49         44        103        108         59         61        197          9   
     108         59         20         52   
      60        158        128        190   
     126         13        118         22         44         49          2        123         97   
      61         86        138   
     182        191        163        101        108   
     191        128        158          6   
      18         31        130          2         32        179        167   
     177        190         19        162        154         49          2        123   
     128         68          1         59         20         73   
      80         59        118        173   
      47         24          3        158        112        185         86         91   
     191         19        162        154         49          2        109   
     119         78         55        186        198         91   
     135        132        111        110         18        145   
      86         61        198   
     178        170         36         23        166         51        160         56   
     173        108         77        180   
     149         18        165        119        127        175         67         33        176   
      50        177        190        191        163         22   
       4        157         77         27   
      31        110         79        173        118         59   
     187         31        110        119        127        175        186   
      83        127        175         67         33         91        140   
     194         50        177        128   
      96         42         78        188   
      48          8        163        191        182        162   
     109          2         49         79        173        108         59         61          4   
      44         49          2        130        189   
     132         42         78   
      15        142         44         94        154        162        182        191        190         39        170         36         23        183         64   
      86        107        181          6        144   
      14        152         79        142        163          8        128         39        178        168         16        164   
      94         49         98        139         18        155   
     175        186        198         73   
     148        193         21   
     169        193         66          3         24        137         36        120        131   
     187         31        110        119         78         55        186        198         91          9        100   
      25         30   
     172        140         52   
      66          3         24        137         36         23        183         93   
      84        106        146         62         72        150         36        170        177        128        158        112         65        171   
     189         46          2         49         44        103        108          1   
     124        135         44         94        154        162        182        191        190         39        170         36         23        183        106         26   
      42        124        135        163          8        128   
     119         83         49        154        162        182        191        190         39        170         36        150         62   
      78         14        152         31        130         46         43   
      18         17   
      37         45   
      87         42        132        111         49          2        123   
     193         66          3         24        137   
     178        168         16        164   
      67         77         48        112        193        136         11   
      64        146        196        159        179         32          2         49        111   
     194         50        177        128         68          1        186         34   
      92        196        159        179         32          2         49         79        173         55         87         71   
     146         62         72        150         95        166         51        196        143         23         36        170        177        128         68         10        180   
     100        140         86        185        192          8        128         39        170         36         23        183         93   
      79        142        163          8         48        112        193         35        114   
       3        158        112         10         77   
      10        101         22         44         49          2         46   
     137         50        177        128         68        101   
     179         32          2         49         44        103        118         67   
      56        117        159        199        109          2         49         98        152   
      96         81        108        192         48        112        193        136         11   
      16         47         50   
       4        198        186         55        132        111        152         31   
      69         76        104        125   
      67        186   
     191         19        162        154         49          2        123   
     189        149         18        165        119         78         55         96         75        102   
      51        167        179         32          2         49         44        103        101   
     146        196        159        179         32          2         49         79        173         81         96         12   
      32         46        130         89        133        155        147   
      37        114         38          3        158        128         68        163        142   
      92        196         85   
      92        196        159        199         32   
      56         85        167        179         32          2         49         44        103        108          1   
      86         30   
     106        146         62         72        150         95        166         51        196        143         23         36        170        177        190   
     198        186        175        127         98         49          2         32        199   
     129         29        153   
     143         95         72        166        150         36        170        177        128         68          1         59         61        197         99   
     150         72        166         95         23         62        196        167        179         32          5          2         49        154        162        182   
     161        171         29        115        136   
     185         86        140        121   
     179         32          2        130        149         18        155   
     153        185        192          8        163        191        182        162        154         49          2         32        179        167        117   
     169        148        107         10        101        103        173   
     184         36        170        177        128         68          1         77   
      88        143         95         72        166        150         36        170        177        128         68         10        180         30        172        100   
     198        113   
     127        103        101         10        107         29   
     166         72        150         95         62        146        196        159        179         32          2         49         44        103        118         59   
      72        166         95        150         36        170         24          3         66          6   
       6        181         10        101         22        127         98        139   
       8         48         40   
     186          1         10        112          6        136   
      91        198        186         55         78         14        165   
     179         32          2         49         44        135        101         10         48   
     164         16         47         24          3        158        112        185         86        140         99        174   
     172         86        185         82          8        128        177   
     107         48          8        128         39        170         36        120   
       6        158        128   
      39        128         68          1         59        176   
Routing Failed to deliver
      31        130         46         32        179        167        117   
      66        193        148         41         30        113         58   
      44        103        108         77   
       1        118         15        127        119        139         18        155   
      49         98        139         18        141        147   
      30         33         67        175        127        111   
      13         27         68        128         39        170         36        150         95   
      36        170        177        190        191        163         22   
      32          2         49         79        173         81         96         75        125   
      14        152         79         49        154        162        182        190         39        170         36         23        183         74   
      84         64        183        184         36        170         24          3   
     130         46         32        179        167         51   
     158        144         38   
      10         68        128         39        170         36        150   
     109        199        159        196        143        120         36        194         16        164   
     149         18        165        119        127        175         67        157        138        172   
     139        119         78         55         96   
     102         34        186        175        142         44         94        154        162        182        191         19        190         39        170         36         23        166         51        160         56   
      26        106        146         62         72        150         95        166        196        159        179         32          2         49         79        173        118         59         20        113   
      51        166         72        150         36        170         24          3         66        193   
      72        166         95        150         36         47         24          3         38         35        115   
     144          6        181        107        138        140        121   
     126         40         82          8        128         39         50   
     101         67         59         34        125   
      61         59        108         22         44         94        154        162        182        191         19        190         39        170         36        150        166        196   
      46          5        199        179        167        196         62         72        150         95        166        146         51        159        117         85        160         54        106        183        143         23         36        170        177        190        182   
      50        177        128         68          1        186         55   
     121          4        198        186         55         78        119   
     188         78         55        118         27         48        112          6         60   
      37         45         38          3        158        128        191        182        162        154         49          2         32        199   
      19        190         39        170   
      81         67        157         25   
      92        196        159        199         43        189   
      11        136          6        181         10        101         22        127        119        139         18        141        147   
      18         31        130         46         32   
     178        137         36         23        183         93   
      70        155        133         31        152         79         49        154        162        182        190         39        170         36        184   
      86         33         67        175        127         98        152         31        130         90   
      50        177        190         19        162        154         49          2        123   
      94         44        103        101         10        107        171   
     179         32         46        130   
     162        182        190         39        170        194   
      86         33         59   
      19        191        163        103        118        186         34         12   
     164         16         47         50   
      88         92        150         72        166         95         23         36        170        177        128         68          1         59         34        195   
       0         14        152         79        142        163          8        128         39        178         24   
      10         68        128         39        170         36        120        131   
     145         18         31        130          2         32        179        167        196         92   
       1        118         15        127         98        139   
      19        190         39        170        194   
      72        166        196        159        179         32          2         49         94   
      43         46          2         49         79        173        118         59         20         73   
      55        186         13        180        153        171   
     146         54         26   
      72        166         95        150         36        170        177        128         68          1         59         20        113   
     193        148         41         30        197   
      20         59        118        103   
     135        132        111        110         18        141         70   
     183        166         51        159        199        109         46        130         89        133        155        147   
      55        124        135        163        191        128         39        178        168         16   
     129         35         38          3         24        194   
     109        199        159        196        143        120   
     150         92         88         64   
      58        125         71         87         42         78   
     176         77        118        122          7   
      86         61        102        156        151   
      60          3         24        137         36         23        183         93   
     134         11        136          6        181         10        101        103         15   
     187         31        152         79        122   
     198         91        197   
       9        113        102        156         87   
     184        150         72        166         95         23         62        196        159        179         32          2         49         79        173        175   
     107         10        101        135         44         49          2          5   
     102        104   
      53         21        144          3         24        168         16        164   
      44        111   
     161        153        185        192        101        135         44         49          2        123   
      90         46          2         49         44        135        101         10   
     167        196        143        120   
     136          6        158        128        191        163          7        111         98   
      73        198         13         27         68        128         39        170        137   
      35          6        158        128        191        163          7        111        152   
      94        154        162        182        190         39        170   
     127        175         81   
     114         21        193        112        185        157        198         34         71   
      45         38          3        158        128        191        163          7        111        110         18        141         70   
     195         34        186        175        142         44         94        154        162        182        191         19        190         39        178        170         36        150        166         51        117   
     144        158        128         68          1        186         55   
     175        108        192         68   
      10          1        186         55         42   
      84         56        117        159        199        109          2         49         83        119   
     116        189        123        199        159        196        166   
      49        154        162        182        190         39        170         36         23        143   
     182        191        163        101        108   
     107         48          8        163        191        182        162        154         49          2         32        179        167        117   
      19        190         39        178        168         16   
     194         50        177        190         19        162        154         49        111   
     169        148        107         10        101        103        173   
     102         61        157   
      79         49        154        162        182        190         39        170         36        150         95   
     132        111        152         31        116   
      56        117        159        199        109          2        130         89        133        155        141   
     101         10   
       0         78         55        186        198        113         99        174   
     176         59   
     180         77        118        122   
     182        191        163        103        175        186         34        156   
     198        186         55        132        111        152         31        130        189   
      23         95         72        166        150         36        170        177        190   
     177        128         68        192   
      68          1         13        157   
      26        106        146         62         72        150         95        166        196        159        179         32          2         49         79        173        118         59         20         73   
     173        108        192         82   
     152         79        142        163         68         48        107        148   
     132        111        110   
      54        146         62         72        150         95        166         51        196        143         23         36        170        177        128         68         10        185   
     105        194         50        177        190        191   
     150         72        166        196        159        199        109          2        130         31        139        165          0   
      14        152         79         49        154        162        182        191        190         39        170         36         23        183         64   
      24         50         39        190         19        162        154         49          2        123         43   
      94         44        103        118         59         20         52   
      51        159        199        109         46        130         89        133        155        147   
       2         49        154        162        182        190        128        158          3   
      27         13        126        140         99         69   
     181        185        157         67         81         96   
      60        158        128        191        163          7        111        110         18        133   
     129         29        181         10        101         22        127         98   
      14        188   
     144        158        112         10   
     138        107        181          6        144          3         24         47   
     144          6        181        107        138        172        100   
     123         32   
      65        107         86         61        198         34   
     144          6         53         65   
      72        166        183         93   
     193         66          3         24        137         36         23        183        106         54   
     113        198        186         55        132        111        152         31        130        189   
      88        143         95         72        150         36        170        178   
     144        136         11   
      11        136         66        158        128        191         19        162        154         49          2          5   
      17        165        119        127        103        101         10        112        193        136         11         37   
     175        142         44         94        154        162        182        191         19        190         39        170         36        150        166        196   
      50        178   
      47         24          3        158        112        185         25   
     109          2         49         44        103        118   
      68         48        107         29   
      82          8        128         39        170         36         23        183         88   
     135        163        191         19   
      36        150         72        166        196        159        199        109          2         49         83   
       6        158        128         39        170         36         23        183   
      26         54         56        117        159        199        109          2   
      59        118        173         79   
      81         15   
     115         29        153        138        140          9   
     129        193         66          3         24        170         36        150        166         51        117   
     165        110         31        130          2          5   
      93         84   
     185         77        108   
       7        163         68         48        107         29   
     164         16        168         24          3         66        193   
     195        198         13         27         68          8   
     113        198        186         55         78         14   
     106        146        196        159        179         32          2         49         79        173        118        186   
     105        194         50        177        190         19        162        154         49         83   
      82          8        128         39         50   
      31        152         79        142        163   
      44        142   
     181         10        101         22        127         98        139         31   
      47        178   
      11        136        144          3         24        137         36         23   
     123          5          2         49        154        162        182        190        177   
     146        196        159        179         32          2         49         94   
     168        178        177        128         68          1        118   
     115         29        107         86         61        102        125   
     191        163          7        127        119        165   
Routing Failed to deliver
     170        177        190         19        162        154         49         98        110   
      63         52        102        156         87         42         78         14        139        133        187   
     192          8        163        191        182        162   
      98        127        175         67        157         30   
     195         34        186         81   
     171         41         30        140   
     142        103        101         27   
     160        146         62        150         36         47         24          3         38         45         37   
      89        133        139         83         44        135        101         10        107         29   
     113        176         77        192         68   
     143        196        167   
     185        112          6        136         11        134   
       2         49        154        162         19   
      44        132         55         96   
     181          6        136         11         57   
     107         48          8        128         39        170         36         23        183   
     193        148        171        161   
     134         11        136        193        112        185        157         59   
     164         16         47         50        177        190         19        162        154         49         83        119        165          0   
     146        196        159        179         32          2         49         79        173         55         87   
       0         14        152         79         49         94   
       3         24        178   
     120         36         47   
      67         33   
     120         36        170        177        128         68          1         59         20         58   
     148        153   
      53         65        107         10        101        103        127        119         14   
      19        191        128          8   
      19        191        163        103        118         59         34         75   
      13         67   
      62        183         88   
      14        119        127        103        101         10        112        193        136         45   
     162         19        191        163        101         77         33   
      31        152         79        122        103   
      95         72        166         51        159        199        109          2        130         31        139   
      56         85         51   
     119        127        103        101         10        107   
     191        128        158        144        136         11         37   
      26        106        146         62         72        150         95        166        196        167        179         32          5          2         49        154        162         19   
     151         75         20          4   
      53         65        107         10          1        186         55   
     101         22        127         98        139         31        149   
      70        155        145          0         78         55         96         75        104   
      95         72        166        150         36        170        177        128         68          1   
      74        143        196        159        199        109         46        130         89        133        155         70   
      14        119        127        103        101         10        112   
      43        199        179        167        196         62         72        150         36        170         24          3   
     133        139         83         44        135        163        191        190   
     172        161        171         29        115        114         37   
     186          1         10        112        193         53   
      39        190         19        162        154         49          2          5   
      44        135        101         68   
     178        177        190        191        163        142   
      94         49         98        139         18        141         70   
     156         96         42        132        111   
      68        163        142         79         49          2        109   
      30         33         13   
     115        136        144          3         24        137         36        120   
     120         36         47         24          3         38         35   
      30         33         67        175        127         83   
      25         61        102        195   
     134         11        136          6        158        128        191        163          7        111        152         31   
      76        104         75         87         42        132        111        152         31        130   
      73         34        186        175        127         44         49   
      79        173         55         87   
      86         61        102        156         71   
     102         58         76   
     136        193        148        171        161   
      63         52         61         59        108         22         44         94        154        162        182        191         19        190         39        170         36         23         92        146        160   
     193         66          3         24        137         36         23         92   
      23         36         47         24          3         38         45         11   
     145          0         78         55        186        198        113         52   
      61         59        118        173        132   
      55         96         75        195   
      53          6        158        128         39        170         36         23        183         64   
     119        165   
      96         34         59        157        180   
     181        185        157        198         34         87   
       1         10        181   
      81        132         44         94        154        162        182        191         19        190         39        178        170         36        150        166         51        167   
      11        136        193         65        107         86         61   
      76        104         75         87         42         78         14        139         31        149   
     170        177        128         68         10        185   
      25        107        181          6         66   
      32        179        167        196        143        120   
     159        196         62        150         36         47   
     153        185        192          8        163        191   
     119        139         18   
     152         79        142        163          8        128        158        144        136         11   
     113        102        125   
      59        118         22         44         49          2         32        199   
Routing Failed to deliver
      69         76        104         75         87   
     124         81         96         75        104   
      34        186        175        127         98         49          2        123   
     182        162        154         49          2         32        199   
     192         77        176         80   
     123          5          2         49         44        135        101         10        112        193        136         11         37   
      13        118         15        127        119        139         18        141        147   
      50        177        190         19        162        154         49         79        127   
      67         27        192   
     121          4        157         77        192          8   
      59        108         22         44         94        154        162        182        191        190         39        170         36         23         92        146   
     165        119        127         22        101          8        128        158        144        136         11        134   
     113        102        156        151         87         42         78        188   
     168        178        177        190         19        162        154         94   
      52         61         59        108         22        135   
      66        193        148         41        138   
      65        112        158        128        190        182        162        154         49          2         32        179        167        117   
     187        133        139        119         78         55         96         34   
      80         59         13   
      40         13        118         55         78          0        145   
      79        142        163        191        128         39        178        168   
     156        151         87         42         78          0         17   
      13         27         68        128         39        170         36   
      89        130          2         49        154        162        182        190         39        170        137   
      90        149         18        165        119         78         55        186        198        113         99        174   
      31        152         79        142        163          8        128        158        144         38   
     134         11        136         66        158   
      35          6        158        128          8   
      15        118        101   
      92        150         36         47   
      22        118        186   
     179         32          2         49         44        103        108         77   
       4         25        107        181          6   
      17        165        119        127         22        101          8        128        158   
     153         86         61        102        156   
     190        182        162        154         49         94         44        122         79        111         98        152         31        130         46         32        179        167         85   
     158        112        185         77         13   
      22        101         10        107         65   
     140         80         34         96         42   
     126         13        118         22         44         49          2         32   
      84         56        117        159        199        109          2        130         31        139   
     168        178        177        190         19        162        154         49          2   
     184         36         47        168        105        164         16        194         24          3         38         45         11         57   
     155        133        139         83         44        135        101          8        128        158        144        136         11         57   
      97         32        179        167        196         62         95   
      15        142        163        191        190         39        170         36         23   
     179         32          2         49         44        103        108         13        126         86   
     159        179         32          2         49   
     134         11        136        193   
      87         81        132         44         94        154        162        182        191         19        190         39        178        170         36        150        166         51   
      55         78   
     112         10        101         22         44   
      54        146        196        159        199        109          2         49         83        119         78   
Routing Failed to deliver
       9        113        198        186         55         78         14        110   
      33         77        192          8        128         39        170         36        150         95   
     164         16         47         50        177        128         68          1        186   
      67        157         30        172        100   
     155        145        165        119        127        175         67         33        176   
      97         32        179        167        196         62         72        150         36        170         50   
Routing Failed to deliver
     178        177        128         68          1        186         34        156   
     165        119        127        103        101         10        112        193         53   
       8        128         39        170         36         23   
      93        146        196        159        179         32          2         49   
      32          2         49         44        103        118         59   
     159        196         62         72        150         36        170         24          3         66        193         53   
     152         79        142        163          8        128        158         60   
      80        126        138        153         29        129   
      84         64        183        120         36         47         24          3         38        136   
      76        113        176         77         82          8        128         39        170        137   
     153        185        192          8        163        191         19        162        154   
      13         27         68          8   
     189         46          2         49         44         22   
     107         10        101        103        173   
     150         72        166        196        159        199        109          2         49         83        119         14   
      52         80         59        118         22         44         49          2          5   
      59         61          4   
      38          6        181        185        157        198         73   
     104        113         30         41   
     121          4         25        185   
     150         72        166         95         23         36        170        177        128         68        101   
      91         33         77         82          8        128   
     138        176        198         34         96   
      23         36        170   
      45         38          3         24        170         36        150         72   
     198         34         12   
      92        120         36        194         16        164   
     160        146         62         72        150         36         47         24          3         38         35        115   
       8         48        180         30        197        121   
      60        158        128         68          1        186         55         78          0   
      24        137         36         23        183        106   
      78         55        124        135        163   
     110         79        142         22   
     153         40         13        118         55         78         14        165   
      40        126        140        197   
     150         36        170         50   
      88         92        150         72        166         95         23         36        170        177        128         68          1        186   
     139        119        127        175         67         33        126   
      30        180         48          8        128         39        170         36         23        183         88   
       7        127   
     155        133         31        130         46         32        179        167         85        160         54   
     197         30         41        148        193        136         11         28   
     162         19        191        128         68         10        107        138        172   
      48        180   
      91         86        107   
     134         11        136          6        181         10        101        103        122   
      23        184   
      23         95         72        166        150         36        170        177        128         68         48   
      35         45         11         57   
      95         72        166        150         36        170        177        128         68         10        180        138   
     126         20         75   
     114        115         29        153        138        172        100   
     173        124   
     112        158        128         39        170         36        150   
      10        180         30        197         76   
     170        177        190         19        162        154         49         79   
     129         35         38          3         24        137   
     132        135        101         10        112   
      11        136         35   
     170        177        128         68         10        180        138   
     125         20        176         40         48        112        193        136         45   
     120         92        146   
      43        199        179        167        196         62         72        150         36         47         24          3         38   
      69        121          4   
     154        162        182        190         39        170         36         23        143   
      24          3        158        128         68        163        103   
      76        104         75         87         42         78         14        165   
      38          3         24        137         36         23        183   
     151         96         81        108        192          8        128         39        178        168        105   
      58         80   
      64        183        184         36        170         24          3         66          6   
      70        155        133        139         83         44        135        163        191        190         39        170   
     156         34         59         77         48        112          6         66   
      64        160         51        159        199        109          2        130         31        139        165          0   
      15        142        163        191        128        177   
      17         18         31        130         46         32        179        167        117   
      48          8        128         39        170         36         23   
      90         46          2         49         44        103        108         77        180         25   
      53         65        181         10        101        103        127        119        165   
     120         36        170        177        128          8   
       3         38         45         37        134   
     171        107         10          1        186         55         78        188   
      33         25   
     137         24          3        158        112        185         86         91         58         76   
     149         18        165        119         78         55        186        198         73   
      32        109   
      39        128         68          1        186         34        156   
      91         86         40   
     181          6        144          3         24        137   
     164         16         47         50        177        190         19        162        154         94         44   
      54        146         62         72        150         36        170        177        128        158   
     131         92        196        159        199        123         46   
      75         34        186          1         68        128        177   
      86        185        192          8        128        190   
     115         29   
      42        124        135        163   
Routing Failed to deliver
     176         33   
     140         86        185   
      52         80         59        186   
     175         67        157         30   
     130          2         49         44        103        108   
      14        152         79         49        154        162        182        190         39        170         36         23        143   
      10        101        135         44         94        154   
     196        166   
     174          9        172        161        171         29        115        114         37   
     168        137         36         23        183         74   
      48        180         30        140   
     174         76        104        195         34   
      90         46          2         49         44        103        101         10        185   
     126         59        118         55         78         14        165   
     152         79        122        108         59        126         30   
       3        158        112         10          1   
      56        117        159        199        109          2         49         83        119   
     175        186         34         75   
      14        152         79         49        154        162        182        191        190         39        170         36         23         92        146   
Routing Failed to deliver
      89        133        139        119        127        175         67        157   
      71         96         55   
      58        125         34        186        175   
      41        172          9        121   
      46        130         31         18   
     102        156   
     162        154         49         79        173         15   
     193        148         41        172   
     158        128        191        163          7        111        152         31        130   
     182         19        191        163          7        111   
     197         80         59        118        103   
     171        107         10          1        118   
     195         34        186        175        127         98         49          2        109   
     177        170         36         23        183         64   
     176         13        118         15        127         83   
      23         95         72        166        150         36        170        177        128         68          1         59         61        197         99   
      53         65        107         10        101        103        127        119        165         17   
     153        148   
      92        150         72        166         95         23         36        170        177        190        191   
     141        145        165        119        127        175         67        157         25   
      37         45         38          3   
     126         59         34         87         42         78   
      86        185        112        158          3         24         47   
     164         16        168         24          3         38         21   
     123        199        159         85        160         84         26   
      12         73          4         86         41   
     142        163        191        128         39        178        168   
     164         16        168         24          3         66        193        148   
      25         33         67        108   
     154         49         79        173         55         87   
      17         18        149        189   
     109          2        130         31        139   
       5          2         49         44        103        108         59        126   
       4        198        186         55         78         14   
     160        117        159        199        123        189        187   
     134         57         11        136        144          3         24        170         36         23        166         51        160         56   
     115         29        181         10        101         22        127         98        139        133         89   
      50        177        190        191        163        142   
      30         33         67        175        173   
     167        196        143        120         36         47        168        105        164         16        194         24          3         38         45         37        134   
      88        143         95         72        166        150         36        170        177        128         68          1         59         80   
       6        181         82         68   
     150         72        166         95         23         36        170        177        128         68         10        180         30        197          9   
      63        100        172        161        171         29        115        114         45   
     112         10          1         67   
     178        177        190        191        163          7        122   
     106        146         62         72        150         36        170        177        128        158        112   
      48         27        118         15        127   
     106        160         51        167   
     136        193        148   
     197         20         34         96         42   
     173        108         59         61          4   
     183        166         51        159        199        109         46        130         89        133        155        147   
     144          3         24        137         36         23        183         93   
      58         61        157         77        192   
      99         91         86        185        112        158          3         24         47   
     134         11        136         66        158        128        191        163          7        111        152         31        116   
      62         72        150         95        166        196        159        179         32          2         49         79        173         81         96         75        104   
      35          6        181         10          1        186         55         78          0   
     197         80         34        186        175        127        111   
      67         27         82   
     153        185        192          8        128         39        170         36         23        143   
     171        107         10        101   
     126         40         82          8        163        191   
      19        191        163        101         77         33   
     189        123        199        159        196        143        184   
     132         44         94        154        162        182        191         19        190         39        170         36        150        166        196   
     163         22   
      58        125        156         96         42        132        111         49          2        123         97   
     146        183         74   
      90        149         18        165        119         78         55         96   
     102        156        151   
      45         38          3         24        170         36        150        166         51        167   
      35          6        158        128        191        163          7        111        110         18        133   
      37        114         38          3        158        128        191        163          7         79   
     109          2         49         44        103        108         13        126        138   
       8         48        180         25   
     151         96         42        132         44         49          2         32        199   
      27        101        163   
     112         82   
Routing Failed to deliver
     171        107         48          8        163        191        182        162        154         49          2         32        179        167         85         56   
      52         80         59        186   
      23         95         72        166        196        159        179         32          2         49         44        142   
     123          2         49         44        135        101         68   
     126         20         75         71   
     173        142   
     137         50        177        128         68        192   
     116         31        152         79        142        163         68         48        112   
     180         13        186         55         42   
      53         65        107         10        101        103        127        119         14   
     126         40         82          8   
     160        117        159        199        109          2        130         31         18         17   
     140         86        185        192          8        128         39        170         36         23        183         74   
     115         29        153        138        140         99   
     127        142        163        191        128         39        178        168        105   
     187         31        152         79        142        163         68         48        181   
      90        149         18        165        119         78         55        186        198        113         99         69   
     198        195         75   
     152        111         49        154        162        182        191         19        190         39        178        170         36        150        166         51   
      43         46          2         49         79        173        118         59         61        197         99   
      86         33         67        175        127         98   
      43        189        149         18        145   
     149        189        123        199        159         51        146         64   
      12         96         81        122          7   
      91         33         77        101        163        191        182        162        154         49          2         32        179        167         85         56   
     139         98         49        154        162        182        190         39        170         36        120        131   
      58         61        157        185         48   
      18        165        119         78         55        186        198        113        121   
      57         11        136        144          3         24        137         36         23        183         88   
      66        193         65        107   
     169        193         66          3         24        170         36        150        166         51         85   
      43         46          2         49         79        173        118         59         20        197         63        174   
      83         49        154        162        182        191        190         39        170         36        150        166   
     137         50        177        190         19        162        154         49         83        119   
     136        193         65        107         86        126   
     185         77        118         55         78   
     161        172        140         80         34         12   
      93        183        184         36        170         50   
     160        146        143        120   
      44         94        154        162        182        191         19        190         39        170         36         23        183        106         84   
      87         42        132         44         49          2         32        199   
       6        158        128        191        163          7        111        152   
      96         75         20        197          9   
     190         39        178   
     100        172         86        185         82          8        128   
     105        164         16        168         24          3         38         45   
      87         81        108        192         48        112          6        136         11         28   
      14        139         18   
     156        125   
     126         13        118        122          7   
     174          9         91         33         77         82          8        128   
     126         20        102   
     151         96         42        132        111         49          2          5   
      75         34        186          1         68        128         39        170         36        150         95   
Routing Failed to deliver
     125         34        186        175        142         44         94        154        162        182        191         19        190         39        170         36         23         92        146        160   
      56         85        159        179         32          2         49         44        103   
     191        128        158        144        136         11         28   
      47         16        164   
      22         44         94        154        162        182        191        190         39        170         36         23        183        106   
      70        155        133         31        130          2         32        179        167        196         92   
     175        127         98         49          2         32   
      82         77         59        198   
      70        155        133         31        130         46         32   
     110         79        142        163         68        192   
     149         18        165        119        127        175        186   
     146        196        159        179         32          2         49         44        103   
      82         27        118         55         78          0        145   
     120         92        196        159        199          5   
      28         11        136          6        181         82   
      63        100        172         41        148        193         66        144   
      79        122   
     150         72        166        196        159        199        109          2        130         31        139        165          0   
Routing Failed to deliver
      33         77          1   
     167        179         32          2         49         44        103        101         10        107        171   
       0         78         55        186        198        126        138   
      13        180        153         29         53   
      33         40         48        181   
     155         18        110         79        142        163         68         48        112   
      18         31        130          2         32        179        167        196        146         88   
     141         18         31        130         46         32   
      76        113        176         77        101        163        191        182        162   
      68          1         59         20         58         76   
Routing Failed to deliver
      83        111   
       1         10        107   
      89        130          2         49        154        162        182        190         39        170        194   
       9         91         33         67        175        127         98         49          2        123   
      93        146        196        159        199        109          2        130         31        139        165          0   
     188        165         18        149   
     184        150         72        166         95         23         36        170        177        128         68          1         67   
      83        139         18        141        147   
      35          6        158        128        191        163          7        111   
      84        160         51        159        179         32          2         49         79        173        118         59         61        197         99   
      78         55        186        198         91        197   
     199        109          2         49         79        173         81   
      99        140         86        185        112        158   
     140         86        185        192          8        128         39        170         36        150   
      91        102        156        151         87         42         78          0         17   
     105        168         24   
     159        179         32          2         49         79        127   
     195         34        186        108         22         44         94        154        162   
      57         11        136        193         65        107         86         61         20   
      35          6        158        128        191        163          7        111        152         31        149   
     115         21        144          3         24        137         36         23        183         88   
      83        127        175         67         33        126   
      56        117        159        179         32          2         49         79        173         15   
      32        179        167        159        199          5          2         49        154   
     170        177        190         19        162        154         49         98        110   
      82         77        176         80   
      92        196        159        179         32          2         49         79   
      10        112          6        136         11        134   
Routing Failed to deliver
     180         13        118         55         78        119   
      53          6        158        128        191        163          7        111        110         18        133   
     165         18        155   
      27         48        112          6   
       6        158        128        191        163          7        111   
     102        198         13         27         68        128         39        170         36         23   
     162        154         49          2         46   
      67         27         82   
     196         62         72        150         36         47         24          3         38        136   
     174          9        172        161        171         29         53   
       5          2        130         31        139   
     197         30        180         48          8        128         39        170         36         23        183         88   
     181        185        157        198         34         71        151   
      59          1         68        128         39        170         36         23        183         93   
     151         96         81        122         44         94        154        162        182        190         39        170         36        150   
      94         44        103        101   
      74        143         95         72        166        196        159        179         32          2         49         79        173        124   
     146         51        159        199         32   
      36         47         24          3         38         45         11   
       6        158        128        190        182        162        154         49          2         32        179        167        117   
     186        198        113         58   
       8         48        112        193        115   
     110         79        142        163        191        190         39   
Routing Failed to deliver
     176         77        101        135         44         49          2        123   
      36        150        166         51        159   
      33         91        197   
     124        173   
      51        159        199        123        189        187         89   
      10        107         29        169   
     189        149         18        165        119        127        175        186   
       8         48        180         30        197          9   
     174        121        197   
      34         87         42        132        111        152         31        130         90   
      79        142        163         68         48        107         29        169   
      66        193        115   
      94         44        103        118         59         20         52   
      23         36        170        177        128        158        112   
      96         81        108        192          8        128         39        178         47   
     186        175        124   
      47         50        177        190         19        162        154         49          2          5   
      33         20         75   
     173        118         59         80   
       7        175         67         13   
      43         32          2         49         44        103        108         77        180        153         41   
     117         51        166        150         36         47        168        105        164         16        194         24          3         38         45         11         57   
     176         59        118         15        127        119        139         18        155   
       9         91        198        186        175        127         83   
     173         79        152         31        187   
      46          2         49         44        103        101         27   
      22        101         10   
     163        191        182        162        154         49         94         44        122         79        111         98        152         31        130         46         32        179        167         85        160         84   
      59        157        185        153         29   
      56        117        159        199        109          2         49         83        119   
     136        193         65        107         86          4   
      72        150        184   
     125         34        186          1         68        128         39         50   
      72        166         95        150        120         36        170        177        128         68          1        108   
      70        155        145        165        119        127        175         67         13   
     167        179         32        123   
      21         60        158        128        191         19        162        154         49          2         46   
     182        191        128         68         10        107   
     118         22         44         94        154        162        182        191        190         39        170         36         23        183        106         26   
     178        177        128         68          1         59         20        197         63         69   
      92        150         72        166         95         23         36        170        177        128         68         10        180        138   
      48         77         59         34        156   
     138         40         82          8        128   
      32          2         49         44        103        101         27   
      29        181         10        101        103        124   
     149        189        123        199        159        196        146         93   
     184        183        106         54   
     124        127         98        139   
     136        144          3         24        137         36   
      35         38          3         24        137         36         23        183        106         26   
     153         65        112        158   
      60         38         45         37         28   
      72        166         51        160         56   
     193         65        107         25        176   
      10         68        128   
      90         46         32        179        167        196         92   
      45         21        193         65        107         25         33   
     182        191        163        101         77        176         91          9   
     198        126         86   
     118         22         44         94        154        162        182        191         19        190         39        178        177        128         68        163        135        142         79         49          2         32        179        159   
      11        136          6        158        128        191        163          7        111        152         31        187   
     128        191         19        162        154         49          2        123         43   
      10        112          6        136         11         57   
     146         62         72        150         95        166         51        196        143         23         36        170        177        190        191   
     122        118         59         61        197        121   
     157        198         73   
       0        145        155   
      53          6        158        128        191        182   
     124        135        163        191        190         39        178         47   
      46          2         49         44        103        108          1   
     141         18        110         79         44        135        163        191         19   
     129         29        107         86        126   
      90         46          5        199        179        167        196         62         72        150         36        170        177        128        158   
      39        128         68          1         59         20         58         76   
     131         88         54         84   
     173        135         44         94        154        162        182        191        190         39        170         36         23         92        146   
     183        120         36         47         24          3         38         45         11   
     168         24          3        158        112        185        157         33   
      47         50        177        190        182   
      91        102         75   
      75         34         59          1         68        128   
      23         95         72        166         51        159        199        109          2        130         31         18   
     131        184         36   
     155        145          0         78         55        186        198         20   
     169        148        107         10        101         22        127         98   
      60        158        128         68        163          7        173   
      13        198        113         76   
     182        191        163        101         77        176         91        197   
      81        122         44         94        154        162        182        191        190         39        170         36         23        183        106   
      68         10        107        138        172   
     183         62         72        150         95        166        146        196        159        179         32          2         49         44        135        101         10   
      60        158        112        185        157        198         34        156   
     151         96         81        122         44         94        154        162        182        191         19        190         39        170         36        150        166        196   
     102        198         13         27         68        128        190   
      37         45         38          3         24        170         36        150        166         51        117   
      87         81        122        103   
     147        155        133        139         83         44        135        163        191         19   
     177        190         19        162        154         49         83        119         78        188   
     186          1         68        128        177   
Routing Failed to deliver
     199        109          2         49         79        173         81         96         75        104         58   
     148         41         30         61         20   
     148        107         40         13         67   
     146         62         72        150         95        166         51        196        143         23         36        170        177        128         68         10         40   
     108         59         61        140   
     140        138         41   
     147        155        145          0         78         55         96         75        104   
     115         29        107   
      93        183        184         36        170         24          3         66          6   
     122         81         96         34   
     110         18        141         70   
     133        139        119         78         55        186        198        113         99   
      26         54         56   
