Connect
0.0051   0.7944
0.0813   0.0574
0.0959   0.602
0.416   0.093
0.0318   0.0473
0.6178   0.1195
0.581   0.2607
0.4449   0.96
0.2289   0.5938
0.1831   0.1806
0.0769   0.4207
0.6213   0.9073
0.867   0.2438
0.4738   0.9042
0.4819   0.0854
0.5686   0.2499
0.6742   0.9574
0.8934   0.3573
0.9015   0.951
0.0959   0.5714
0.811   0.9303
0.8769   0.2035
0.3885   0.869
0.6175   0.004
0.9735   0.15
0.9831   0.9901
0.3111   0.4957
0.6389   0.1219
0.1462   0.0713
0.8955   0.3434
0.4155   0.5374
0.427   0.0714
0.3277   0.125
0.5032   0.1429
0.6684   0.4133
0.8864   0.5423
0.0087   0.52
0.0167   0.4444
0.4652   0.471
0.0352   0.7085
0.8587   0.9179
0.2369   0.5613
0.5144   0.3077
0.4208   0.9113
0.6213   0.103
0.4149   0.5805
0.5372   0.2906
0.0193   0.7525
0.1157   0.502
0.5733   0.9504
0.8379   0.9232
0.8676   0.0274
0.5956   0.6877
0.0529   0.3653
0.4692   0.9029
0.2795   0.8649
0.6562   0.2223
0.1482   0.5242
0.8686   0.102
0.9273   0.6854
0.2574   0.8687
0.5806   0.3094
0.8972   0.0681
0.6199   0.1067
0.1258   0.4209
0.0059   0.767
0.4029   0.9507
0.2587   0.1243
0.0367   0.0508
0.5291   0.0004
0.0114   0.6815
0.0547   0.5212
0.2395   0.5713
0.3638   0.4092
0.6026   0.1548
0.6108   0.1192
0.6195   0.0347
0.105   0.1141
0.8785   0.0487
0.1016   0.3698
0.0378   0.0603
0.7218   0.6799
0.6125   0.1229
0.2695   0.5003
0.3516   0.7092
0.191   0.6415
0.3281   0.9809
0.5722   0.1691
0.8857   0.6503
0.3041   0.477
0.5709   0.4777
0.3755   0.4389
0.343   0.6834
0.144   0.3754
0.7086   0.9399
0.1902   0.1245
0.1783   0.003
0.3043   0.6006
0.8529   0.5109
0.765   0.9348
0.2693   0.0247
0.0676   0.6347
0.2369   0.6234
0.3686   0.7327
0.7412   0.6676
0.8663   0.0336
0.1105   0.1981
0.9639   0.0977
0.2135   0.0095
0.2466   0.5639
0.4248   0.5316
0.6727   0.2947
0.7076   0.9183
0.9685   0.4404
0.8824   0.1672
0.4003   0.5721
0.2971   0.0067
0.4508   0.0401
0.3416   0.5138
0.2411   0.8426
0.0561   0.1946
0.9904   0.6313
0.9639   0.1586
0.2075   0.7852
0.9442   0.9673
0.1031   0.6863
0.877   0.2578
0.4696   0.6647
0.0579   0.0247
0.5462   0.7301
0.2039   0.6007
0.8884   0.1257
0.3419   0.8433
0.2775   0.5694
0.8714   0.6729
0.959   0.6347
0.2091   0.9868
0.4874   0.0483
0.5722   0.1089
0.222   0.824
0.9472   0.2127
0.4989   0.9179
0.2311   0.0528
0.1599   0.3666
0.9773   0.6485
0.177   0.4887
0.3101   0.6581
0.0841   0.4199
0.8606   0.0286
0.196   0.5801
0.2704   0.0994
0.0319   0.7012
0.962   0.239
0.2114   0.1192
0.5321   0.2421
0.9811   0.6511
0.1975   0.6058
0.6097   0.1031
0.5541   0.0459
0.9277   0.4998
0.1251   0.1424
0.1514   0.3962
0.1665   0.3727
0.3666   0.0364
0.8613   0.3019
0.8304   0.7169
0.5519   0.1945
0.1932   0.1495
0.9885   0.6581
0.3177   0.617
0.9268   0.9951
0.9762   0.6048
0.5277   0.3299
0.2625   0.6775
0.0175   0.6989
0.03   0.9388
0.0403   0.8184
0.014   0.7312
0.2663   0.0592
0.2805   0.4928
0.4534   0.4873
0.5652   0.106
0.5342   0.2419
0.241   0.8342
0.9436   0.9894
0.2476   0.1361
0.8865   0.638
0.4991   0.4137
0.392   0.8131
0.1697   0.4973
0.1201   0.1362
0.1451   0.0775
0.5853   0.4518
0.6288   0.7481
0.3517   0.458
0.5249   0.6811
0.3487   0.5849
0.9279   0.9308
0.3215   0.0287
0.0405   0.0025
0.2533   0.5143
0.6948   0.2094
0.624   0.0698
0.4   0.0482
0.323   0.6067
0.6124   0.728
0.108   0.5618
0.0332   0.1287
0.9036   0.7487
0.2039   0.8511
0.6447   0.0391
0.9854   0.2247
0.7628   0.9295
0.2114   0.4782
0.9192   0.934
0.912   0.1942
0.9185   0.4629
0.3437   0.6545
0.4193   0.4477
0.4051   0.0085
0.9171   0.131
0.2575   0.5564
0.4054   0.1728
0.0367   0.1215
0.2751   0.3701
0.0605   0.3612
0.9599   0.3159
0.2311   0.1977
0.5366   0.0409
0.0401   0.5342
0.1279   0.0397
0.8898   0.4642
0.2169   0.0434
0.9627   0.9254
0.5944   0.3996
0.0749   0.3833
0.206   0.8157
0.9614   0.9153
0.5002   0.4379
0.9044   0.1911
0.2299   0.5225
0.5086   0.3882
0.0239   0.1893
0.1599   0.3777
0.06   0.4314
0.1079   0.5485
0.3056   0.5412
0.9738   0.6763
1   0.2165
0.6212   0.2004
0.8749   0.2827
0.2725   0.6109
0.0873   0.6315
0.2325   0.54
0.9597   0.0838
0.2971   0.1939
0.2567   0.3788
0.017   0.0957
0.1141   0.6751
0.3661   0.6721
0.0078   0.7061
0.9106   0.1284
0.1407   0.5059
0.2689   0.4626
0.1159   0.372
0.5796   0.7345
0.1121   0.659
0.1682   0.497
0.4078   0.7111
0.9805   0.9256
0.6543   0.1774
0.6253   0.1502
0.1781   0.6734
0.5346   0.2329
0.902   0.0968
0.5086   0.2437
0.9605   0.1179
0.048   0.9168
0.1617   0.092
0.4997   0.1186
0.4665   0.6607
0.2366   0.8445
0.3645   0.4021
0.2251   0.925
0.2675   0.1155
0.3047   0.018
0.9546   0.5872
0.6452   0.3307
0.6848   0.4576
0.4057   0.1667
0.9363   0.48
0.2314   0.8786
0.2777   0.5368
0.7884   0.7357
0.5828   0.3308
0.6544   0.9277
0.1263   0.4836
0.1939   0.0425
0.2262   0.5978
0.6068   0.2296
0.3144   0.7365
0.2572   0.6945
0.2611   0.4476
0.6764   0.4388
0.304   0.1161
0.5108   0.0928
0.2044   0.1438
0.9994   0.6293
0.9451   0.2328
0.6909   0.1518
0.1147   0.623
0.1046   0.523
0.6196   0.4377
0.6381   0.1583
0.5613   0.2127
0.6954   0.472
0.4048   0.1158
0.2486   0.3875
0.8877   0.4966
0.1848   0.5767
0.3652   0.8539
0.7352   0.681
0.6947   0.1345
0.0017   0.6378
0.4076   0.4878
0.2352   0.6446
0.3184   0.4868
0.9798   0.4002
0.8873   0.6931
0.8945   0.1547
0.2142   0.9161
0.353   0.6753
0.1617   0.5971
0.2232   0.5722
0.0063   0.6806
0.4878   0.721
0.22   0.5239
0.934   0.2745
0.8975   0.4903
0.0106   0.86
0.0978   0.0617
0.1113   0.6835
0.647   0.0328
0.9759   0.14
0.038   0.0824
0.0469   0.666
0.3872   0.4381
0.2194   0.5322
0.5535   0.9302
0.1367   0.5832
0.9602   0.3616
0.2249   0.1833
0.2187   0.0095
0.7666   0.9369
0.2588   0.8901
0.1091   0.6571
0.5997   0.2456
0.0524   0.3656
0.6549   0.7301
0.2233   0.81
0.0042   0.5275
0.1161   0.1751
0.5703   0.317
0.9446   0.1607
0.4469   0.6651
0.683   0.202
0.9845   0.6928
0.5185   0.7222
0.8557   0.462
0.0262   0.1627
0.9666   0.6613
0.9506   0.1526
0.4433   0.5519
0.1538   0.3812
0.3233   0.7005
0.6736   0.1248
0.5619   0.2803
0.8742   0.2212
0.0194   0.1807
0.6127   0.0084
0.6789   0.7159
0.7451   0.9563
0.1415   0.515
0.6903   0.3038
0.2494   0.8212
0.9347   0.0679
0.387   0.0838
0.8576   0.4012
0.0446   0.0593
0.936   0.1838
0.0015   0.9667
0.2766   0.0934
0.2295   0.4563
0.1584   0.42
0.4746   0.4528
0.6866   0.9529
0.9076   0.0428
0.4362   0.6663
0.0681   0.0463
0.0688   0.5235
0.4996   0.9359
0.0816   0.5504
0.0426   0.0388
0.977   0.5614
0.9476   0.1483
0.9082   0.426
0.2538   0.1184
0.3673   0.8983
0.9921   0.52
0.1791   0.18
0.9688   0.267
0.049   0.5138
0.0773   0.4268
0.6387   0.0533
0.4573   0.0306
0.9591   0.535
0.2724   0.4461
0.0254   0.4602
0.5032   0.4974
0.0615   0.5492
0.8245   0.7495
0.6355   0.3392
0.6041   0.2241
0.5956   0.0137
0.5795   0.1925
0.2044   0.0001
0.0121   0.4832
0.6586   0.702
0.2377   0.6793
0.5348   0.9405
0.185   0.5039
0.3733   0.4217
0.5641   0.1408
0.1622   0.0619
0.0472   0.087
0.3745   0.5706
0.0327   0.5067
0.3844   0.124
0.0886   0.6939
0.2228   0.8251
0.633   0.0769
0.3033   0.1435
0.1868   0.0438
0.4038   0.1949
0.0311   0.9912
0.8776   0.2677
0.3039   0.8712
0.4474   0.5667
0.3955   0.6641
0.1916   0.0479
0.2732   0.9276
0.239   0.7068
0.9066   0.4079
0.4252   0.7255
0.2959   0.9743
0.032   0.5235
0.3111   0.9663
0.9619   0.1321
0.8792   0.1036
0.1662   0.5633
0.3379   0.8873
0.2464   0.9398
0.8719   0.0853
0.1679   0.6206
0.979   0.2806
0.9037   0.7106
0.9305   0.1858
0.5946   0.4862
0.68   0.0169
0.4231   0.0343
0.171   0.1501
0.2294   0.9875
0.2691   0.8709
0.9146   0.243
0.458   0.1129
0.2485   0.4147
0.6998   0.1137
0.3463   0.094
0.9844   0.4256
0.0353   0.8274
0.4727   0.0073
0.2604   0.8897
0.9226   0.6474
0.5623   0.4407
0.9322   0.018
0.4701   0.0725
0.3169   0.7733
0.4395   0.0153
0.6144   0.211
0.1482   0.0551
0.8109   0.958
0.5097   0.701
0.8565   0.4754
0.6669   0.7383
0.4311   0.9721
0.2408   0.8443
0.9557   0.4842
0.1733   0.65
0.9078   0.6419
0.2487   0.9918
0.3352   0.0447
0.1935   0.4714
0.396   0.0805
0.8927   0.9316
0.5856   0.3964
0.2831   0.4095
0.4936   0.0131
0.1129   0.5914
0.6015   0.2292
0.3693   0.1437
0.2516   0.3741
0.0446   0.0052
0.3412   0.6656
0.1242   0.0399
0.1568   0.1711
0.527   0.1486
0.1761   0.5988
0.0759   0.4357
0.2515   0.7799
0.273   0.1611
0.2979   0.8609
0.4217   0.066
0.2445   0.4172
0.0083   0.0812
0.9102   0.2767
0.4161   0.4437
0.8556   0.2153
0.8991   0.9313
0.1877   0.1901
0.5493   0.9717
0.9909   0.9117
0.1467   0.0543
0.9619   0.3471
0.3335   0.3814
0.1714   0.4552
0.51   0.7036
0.875   0.9384
0.5466   0.0578
0.4079   0.3938
0.2284   0.9246
0.2001   0.9417
0.2218   0.0471
0.0127   0.941
0.2171   0.1023
0.9107   0.6339
0.1635   0.194
0.5923   0.336
0.2455   0.094
0.5871   0.3375
0.6812   0.6936
0.7226   0.6987
0.433   0.3893
0.3551   0.7056
0.263   0.0363
0.6473   0.1313
0.1594   0.531
0.2317   0.1186
0.4767   0.4371
0.2049   0.6397
0.6893   0.2095
0.555   0.163
0.9553   0.9529
0.6211   0.9066
0.2112   0.9207
0.0364   0.543
0.9979   0.2045
0.772   0.7194
0.587   0.386
0.6587   0.0146
0.1954   0.5758
0.8502   0.9078
0.6909   0.0837
0.6355   0.1744
0.4175   0.0365
0.8163   0.9058
0.1266   0.5351
0.8727   0.1122
0.1491   0.4481
0.942   0.2267
0.5782   0.0951
0.0084   0.0218
0.0299   0.0201
0.9538   0.618
0.3769   0.506
0.0572   0.0548
0.8987   0.3999
0.0195   0.6585
0.0473   0.8627
0.3053   0.6182
0.0282   0.4281
0.1845   0.1063
0.9994   0.2461
0.4441   0.1412
0.8614   0.164
0.0312   0.6303
0.5901   0.0017
0.0584   0.0735
0.3349   0.9587
0.6243   0.4145
0.2769   0.6743
0.0726   0.5597
0.2248   0.8
0.3658   0.8297
0.5925   0.3273
0.2966   0.3508
0.529   0.1395
0.2671   0.6322
0.9448   0.4004
0.0382   0.4053
0.8504   0.7132
0.0013   0.0508
0.2627   0.9524
0.1848   0.1471
0.994   0.1574
0.8531   0.1453
0.1432   0.4779
0.3997   0.9738
0.9681   0.93
0.5421   0.1296
0.0768   0.0473
0.3048   0.7749
0.9452   0.6414
0.0917   0.6699
0.5358   0.3586
0.3171   0.0624
0.9398   0.4019
0.3066   0.982
0.1546   0.0954
0.4764   0.0925
0.155   0.5612
0.6694   0.087
0.128   0.3937
0.3358   0.379
0.9309   0.0334
0.9521   0.0973
0.2619   0.6536
0.8466   0.6637
0.2269   0.8
0.2826   0.3535
0.8827   0.2865
0.1685   0.0709
0.1897   0.0629
0.6108   0.1027
0.1679   0.0285
0.4756   0.9147
0.0362   0.6484
0.3415   0.8682
0.2382   0.4173
0.6186   0.9712
0.196   0.3778
0.2127   0.7402
0.4172   0.7296
0.4845   0.1419
0.9316   0.3233
0.3824   0.9505
0.9728   0.3657
0.1458   0.4859
0.9413   0.5783
0.9528   0.5645
0.2134   0.4304
0.2488   0.1432
0.8696   0.2193
0.226   0.7488
0.1437   0.4936
0.2059   0.0474
0.8932   0.7081
0.9052   0.1094
0.3592   0.0052
0.1353   0.3676
0.5682   0.2169
0.9426   0.0443
0.1043   0.4787
0.5506   0.0256
0.077   0.0592
0.6197   0.0611
0.6137   0.7404
0.0251   0.1501
0.2131   0.8387
0.9018   0.21
0.4808   0.1021
0.4054   0.1973
0.1551   0.6079
0.6519   0.4666
0.3187   0.4206
0.6253   0.0082
0.5019   0.3361
0.6167   0.7068
0.7612   0.992
0.2055   0.1585
0.5415   0.9571
0.571   0.1663
0.9792   0.4882
0.0553   0.0975
0.9162   0.6691
0.0769   0.6536
0.1438   0.0283
0.8628   0.4652
0.1876   0.0511
0.6985   0.1389
0.6524   0.34
0.276   0.8912
0.2652   0.8907
0.1283   0.0651
0.4841   0.9325
0.5194   0.9225
0.0241   0.9812
0.4773   0.4144
0.3206   0.9872
0.1257   0.1403
0.8963   0.067
0.1666   0.1599
0.977   0.2372
0.4332   0.4469
0.5294   0.3676
0.6525   0.2085
0.7318   0.7214
0.498   0.9034
0.9093   0.4039
0.5047   0.0917
0.2148   0.0706
0.541   0.3283
0.3975   0.659
0.9069   0.6863
0.5139   0.2798
0.0249   0.7702
0.691   0.2079
0.3898   0.0802
0.3723   0.5368
0.9555   0.4324
0.0739   0.4161
0.1406   0.0346
0.2883   0.1207
0.196   0.4907
0.1245   0.6511
0.2517   0.7102
0.6567   0.7076
0.2327   0.6761
0.7532   0.6838
0.8797   0.7298
0.5639   0.0238
0.5722   0.9515
0.9342   0.1155
0.7748   0.9765
0.0864   0.4948
0.3607   0.9987
0.4772   0.0472
0.5772   0.6852
0.1851   0.1281
0.6216   0.992
0.0644   0.1329
0.8575   0.1675
0.6262   0.9252
0.2238   0.5902
0.665   0.9736
0.1288   0.0293
0.1797   0.4791
0.6331   0.1958
0.9623   0.0008
0.6171   0.6978
0.7176   0.7018
0.2149   0.1668
0.3422   0.1708
0.5325   0.9089
0.9588   0.0099
0.5068   0.2445
0.0583   0.1253
0.2093   0.7755
0.1117   0.5125
0.1782   0.6485
0.2846   0.5254
0.6186   0.2076
0.0836   0.5763
0.4628   0.0984
0.6551   0.0703
0.9497   0.4926
0.5263   0.4283
0.0013   0.7871
0.0717   0.4084
0.1383   0.1608
0.3018   0.5882
0.5125   0.953
0.8969   0.087
0.954   0.1287
0.8872   0.166
0.0322   0.0807
0.4988   0.951
0.7537   0.9196
0.0401   0.0132
0.224   0.5425
0.945   0.5651
0.0922   0.4003
0.9309   0.2426
0.1957   0.3839
0.5598   0.6534
0.5773   0.3907
0.1652   0.0322
0.4697   0.1042
0.9871   0.2785
0.8796   0.7444
0.2521   0.9753
0.9705   0.5315
0.8729   0.1851
0.2548   0.1542
0.9661   0.1165
0.026   0.0073
0.128   0.5351
0.25   0.5285
0.2439   0.0857
0.2223   0.7974
0.1115   0.0597
0.3167   0.1317
0.4764   0.9234
0.3822   0.5574
0.3095   0.6528
0.9321   0.406
0.8459   0.6661
0.3568   0.863
0.8734   0.4184
0.8218   0.964
0.1387   0.0025
0.3295   0.5355
0.221   0.7633
0.5313   0.1062
0.8755   0.184
0.9877   0.6282
0.2883   0.7565
0.2571   0.6066
0.9392   0.5283
0.3432   0.567
0.2816   0.7855
0.3812   0.5467
0.5288   0.7218
0.9202   0.2292
0.0094   0.7557
0.6898   0.3229
0.9581   0.9704
0.2665   0.7018
0.4105   0.011
0.8891   0.5519
0.1754   0.1768
0.9639   0.6213
0.3325   0.3766
0.248   0.1332
0.6402   0.3952
0.3729   0.0732
0.0953   0.186
0.5014   0.1906
0.0444   0.4273
0.9992   0.0842
0.2983   0.8955
0.5715   0.3927
0.3284   0.736
0.9806   0.5008
0.063   0.0335
0.5066   0.1372
0.17   0.5459
0.9044   0.0851
0.352   0.7533
0.5457   0.4823
0.8895   0.2041
0.6888   0.3809
0.0382   0.3692
0.0143   0.6401
0.3818   0.8958
0.3046   0.5699
0.0759   0.1947
0.3846   0.826
0.1582   0.549
0.0822   0.0174
0.7153   0.9786
0.9438   0.7088
0.2002   0.1845
0.4927   0.1781
0.6038   0.2038
0.4926   0.6603
0.0133   0.0965
0.5719   0.2711
0.2013   0.1273
0.5675   0.4733
0.7132   0.9428
0.0073   0.8884
0.2046   0.0527
0.1924   0.4012
0.0112   0.3608
0.5966   0.1613
0.6411   0.2067
0.0188   0.4719
0.0405   0.5732
0.9926   0.9848
0.5427   0.9436
0.9904   0.2716
0.8526   0.659
0.4976   0.6865
0.2746   0.708
0.5722   0.2352
0.2782   0.3584
0.3822   0.7146
0.4471   0.9825
0.3173   0.3955
0.1659   0.6413
0.0346   0.8054
0.9262   0.9441
0.2903   0.8276
0.4555   0.3781
0.3189   0.1996
0.0859   0.0133
0.2703   0.8503
0.7526   0.6548
0.8512   0.9361
0.7311   0.9155
0.8859   0.0775
0.9893   0.403
0.2989   0.5712
0.9734   0.6191
0.4704   0.1127
0.5503   0.0272
0.9804   0.2016
0.0728   0.3763
0.1879   0.1836
0.1455   0.6904
0.0749   0.0093
0.8676   0.6389
0.2347   0.0014
0.1681   0.4763
0.9781   0.0837
0.5822   0.1175
0.8948   0.6551
0.1181   0.1982
0.0188   0.4355
0.0473   0.179
0.2029   0.0391
0.4802   0.0633
0.2017   0.5738
0.2112   0.7765
0.7699   0.6615
0.8357   0.9962
0.0355   0.0925
0.2284   0.9349
0.0064   0.3648
0.9197   0.0196
0.4414   0.1784
0.352   0.9353
0.087   0.6095
0.5516   0.188
0.7551   0.7142
0.1836   0.6769
0.1988   0.172
0.0244   0.6616
0.3158   0.809
0.0516   0.0733
0.2554   0.5957
0.2878   0.7483
0.8154   0.694
0.1151   0.0833
0.9697   0.5236
0.5871   0.464
0.4338   0.4653
0.2355   0.8419
0.4058   0.6593
0.1382   0.5931
0.3876   0.6865
0.3615   0.7243
0.8582   0.7482
0.8792   0.2056
0.1022   0.1477
0.5526   0.7023
0.2113   0.713
0.6417   0.3672
0.9026   0.9538
0.4708   0.4082
0.7314   0.6967
0.1053   0.1061
0.5705   0.923
0.1702   0.1455
0.1944   0.1074
0.2177   0.5287
0.3985   0.1751
0.1768   0.4094
0.6645   0.4069
0.9848   0.9774
0.5462   0.2808
0.4422   0.5215
0.8694   0.7331
0.0079   0.9151
0.0436   0.3866
0.8686   0.289
0.4245   0.4138
0.9889   0.4246
0.0761   0.496
0.2747   0.1468
0.9731   0.9543
0.0459   0.9991
0.8806   0.9283
0.9963   0.6853
0.7204   0.72
0.9679   0.6117
0.262   0.1818
0.4943   0.0571
0.2761   0.4801
0.0014   0.9092
