Connect
0.0051   0.7944
0.0813   0.0574
0.0959   0.602
0.416   0.093
0.0318   0.0473
0.6178   0.1195
0.581   0.2607
0.4449   0.96
0.2289   0.5938
0.1831   0.1806
0.0769   0.4207
0.6213   0.9073
0.867   0.2438
0.4738   0.9042
0.4819   0.0854
0.5686   0.2499
0.6742   0.9574
0.8934   0.3573
0.9015   0.951
0.0959   0.5714
0.811   0.9303
0.8769   0.2035
0.3885   0.869
0.6175   0.004
0.9735   0.15
0.9831   0.9901
0.3111   0.4957
0.6389   0.1219
0.1462   0.0713
0.8955   0.3434
0.4155   0.5374
0.427   0.0714
0.3277   0.125
0.5032   0.1429
0.6684   0.4133
0.8864   0.5423
0.0087   0.52
0.0167   0.4444
0.4652   0.471
0.0352   0.7085
0.8587   0.9179
0.2369   0.5613
0.5144   0.3077
0.4208   0.9113
0.6213   0.103
0.4149   0.5805
0.5372   0.2906
0.0193   0.7525
0.1157   0.502
0.5733   0.9504
0.8379   0.9232
0.8676   0.0274
0.5956   0.6877
0.0529   0.3653
0.4692   0.9029
0.2795   0.8649
0.6562   0.2223
0.1482   0.5242
0.8686   0.102
0.9273   0.6854
0.2574   0.8687
0.5806   0.3094
0.8972   0.0681
0.6199   0.1067
0.1258   0.4209
0.0059   0.767
0.4029   0.9507
0.2587   0.1243
0.0367   0.0508
0.5291   0.0004
0.0114   0.6815
0.0547   0.5212
0.2395   0.5713
0.3638   0.4092
0.6026   0.1548
0.6108   0.1192
0.6195   0.0347
0.105   0.1141
0.8785   0.0487
0.1016   0.3698
0.0378   0.0603
0.7218   0.6799
0.6125   0.1229
0.2695   0.5003
0.3516   0.7092
0.191   0.6415
0.3281   0.9809
0.5722   0.1691
0.8857   0.6503
0.3041   0.477
0.5709   0.4777
0.3755   0.4389
0.343   0.6834
0.144   0.3754
0.7086   0.9399
0.1902   0.1245
0.1783   0.003
0.3043   0.6006
0.8529   0.5109
0.765   0.9348
0.2693   0.0247
0.0676   0.6347
0.2369   0.6234
0.3686   0.7327
0.7412   0.6676
0.8663   0.0336
0.1105   0.1981
0.9639   0.0977
0.2135   0.0095
0.2466   0.5639
0.4248   0.5316
0.6727   0.2947
0.7076   0.9183
0.9685   0.4404
0.8824   0.1672
0.4003   0.5721
0.2971   0.0067
0.4508   0.0401
0.3416   0.5138
0.2411   0.8426
0.0561   0.1946
0.9904   0.6313
0.9639   0.1586
0.2075   0.7852
0.9442   0.9673
0.1031   0.6863
0.877   0.2578
0.4696   0.6647
0.0579   0.0247
0.5462   0.7301
0.2039   0.6007
0.8884   0.1257
0.3419   0.8433
0.2775   0.5694
0.8714   0.6729
0.959   0.6347
0.2091   0.9868
0.4874   0.0483
0.5722   0.1089
0.222   0.824
0.9472   0.2127
0.4989   0.9179
0.2311   0.0528
0.1599   0.3666
0.9773   0.6485
0.177   0.4887
0.3101   0.6581
0.0841   0.4199
0.8606   0.0286
0.196   0.5801
0.2704   0.0994
0.0319   0.7012
0.962   0.239
0.2114   0.1192
0.5321   0.2421
0.9811   0.6511
0.1975   0.6058
0.6097   0.1031
0.5541   0.0459
0.9277   0.4998
0.1251   0.1424
0.1514   0.3962
0.1665   0.3727
0.3666   0.0364
0.8613   0.3019
0.8304   0.7169
0.5519   0.1945
0.1932   0.1495
0.9885   0.6581
0.3177   0.617
0.9268   0.9951
0.9762   0.6048
0.5277   0.3299
0.2625   0.6775
0.0175   0.6989
0.03   0.9388
0.0403   0.8184
0.014   0.7312
0.2663   0.0592
0.2805   0.4928
0.4534   0.4873
0.5652   0.106
0.5342   0.2419
0.241   0.8342
0.9436   0.9894
0.2476   0.1361
0.8865   0.638
0.4991   0.4137
0.392   0.8131
0.1697   0.4973
0.1201   0.1362
0.1451   0.0775
0.5853   0.4518
0.6288   0.7481
0.3517   0.458
0.5249   0.6811
0.3487   0.5849
0.9279   0.9308
0.3215   0.0287
0.0405   0.0025
