  0.01   0.37   0.62   0.10     12     10      1   
  0.41   1.00   0.43   0.01     17     13      1   
  0.79   0.71   0.22   0.98      7      7      1   
  0.14   0.06   0.60   0.42      9      8      1   
  0.69   0.17   0.18   0.09      5      5      1   
  0.98   0.29   0.85   0.23      2      2      1   
  0.93   0.26   0.48   0.15     22     18      0   
  0.03   0.01   0.31   0.85     40     15      1   
  0.09   0.08   0.24   0.87     28     14      0   
  0.98   0.28   0.61   0.21     21     17      0   
  0.69   0.17   0.34   0.98     19     10      1   
  0.36   0.85   0.42   0.03     15     11      1   
  0.34   0.65   0.27   0.02     30     10      0   
  0.32   0.79   0.27   0.63      2      2      1   
  0.46   0.40   0.97   0.58      9     10      0   
  0.64   0.49   0.89   0.75      7     10      0   
  0.31   0.42   0.50   0.03     26      8      0   
  0.52   0.18   0.30   0.19      3      3      1   
  0.32   0.05   0.42   0.46     53      8      0   
  0.25   0.74   0.46   0.13     59      9      0   
  0.98   0.09   0.70   0.05     15     20      0   
  0.90   0.48   0.56   0.19     22     15      0   
  0.12   0.15   0.39   0.63     17     12      1   
  0.93   0.58   0.69   0.17     23     14      0   
  0.13   0.03   0.85   0.34     35     21      1   
  0.92   0.57   0.62   0.26     28     14      0   
  0.13   0.03   0.52   0.18      5      5      1   
  0.41   1.00   0.92   0.57     10     10      1   
  0.52   0.18   0.50   0.03      2      2      1   
  0.80   0.72   0.69   0.24     31     12      0   
  0.39   0.63   0.00   0.57     11      6      1   
  0.98   0.29   0.15   0.44     24     14      0   
  0.10   0.69   0.15   0.65      1      1      1   
  1.00   0.05   0.25   0.74     14     14      1   
  0.50   0.11   0.58   0.26      2      2      1   
  0.45   0.63   0.02   0.18     45     13      0   
  0.48   0.15   0.94   0.65     12     14      0   
  0.50   0.06   0.69   0.17      2      2      1   
  0.49   0.08   0.01   0.37     29     10      0   
  0.59   0.67   0.18   0.09     57     13      0   
  0.16   0.19   0.99   0.29     15     21      0   
  0.93   0.26   0.29   0.65     18     11      1   
  0.22   0.03   0.30   0.19      2      2      1   
  0.93   0.33   0.02   0.08     22     21      0   
  0.25   0.74   0.44   0.35      4      4      1   
  0.36   0.97   0.36   0.43      5      5      1   
  0.94   0.65   0.32   0.05     26     16      0   
  0.18   0.09   0.98   0.29     35     21      1   
  0.27   0.63   0.09   0.08     20     12      0   
  0.38   0.55   0.43   0.01     62      8      0   
  0.98   0.28   0.62   0.10     18     18      0   
  0.12   0.05   0.67   0.70     16     15      0   
  0.50   0.06   0.66   0.17      2      2      1   
  0.31   0.43   0.97   0.58     10     10      0   
  0.55   0.04   0.80   0.72     11     14      0   
  0.92   0.57   0.32   0.83      8      8      1   
  0.31   0.85   0.85   0.23     75     12      0   
  0.79   0.71   0.10   0.69      7      7      1   
  0.30   0.74   0.02   0.18     84     14      0   
  0.61   0.24   0.25   0.74     16      8      1   
  0.96   0.26   0.02   0.36     22     16      0   
  0.69   0.24   0.27   0.16      4      4      1   
  0.28   0.81   0.34   0.98      2      2      1   
  0.27   0.16   0.51   0.65     17     11      1   
  0.54   0.17   0.58   0.26      1      1      1   
  0.03   0.08   0.38   0.14      3      3      1   
  0.38   0.65   0.01   0.37      6      6      1   
  0.50   0.11   0.01   0.46     29     10      0   
  0.96   0.45   0.34   0.98     13     11      1   
  0.38   0.55   0.42   0.03     62      8      0   
  0.90   0.48   0.22   0.98     13     11      1   
  0.55   0.15   0.44   0.53     12      7      1   
  0.31   0.79   0.21   0.70      2      2      1   
  0.27   0.99   0.50   0.74      4      4      1   
  0.67   0.70   0.24   0.48      6      6      1   
  0.01   0.20   0.46   0.13      5      5      1   
  0.41   1.00   0.11   0.19     24     16      0   
  0.32   0.83   0.50   0.03     14     11      1   
  0.28   0.95   0.15   0.12     23     14      0   
  0.66   0.17   0.26   0.56     40      7      1   
  0.55   0.04   0.80   0.74     11     14      0   
  0.26   0.56   0.92   0.57      9      9      1   
  0.90   0.48   0.14   0.06     24     20      0   
  0.36   0.97   0.36   0.80      2      2      1   
  0.49   0.08   0.01   0.37     29     10      0   
  0.98   0.29   0.18   0.09     22     21      0   
  0.01   0.37   0.02   0.57      2      2      1   
  0.11   0.19   0.85   0.23     66     22      0   
  0.50   0.74   0.24   0.46      4      4      1   
  0.88   0.45   0.46   0.13     23     16      0   
  1.00   0.05   0.33   0.04     52     22      1   
  0.50   0.74   0.87   0.38      8      8      1   
  0.93   0.33   0.57   0.72      8      7      1   
  0.31   0.79   0.89   0.47     10      9      1   
  0.83   0.69   0.16   0.65      7      7      1   
  0.43   0.66   0.97   0.45      8      8      1   
  0.31   0.79   0.24   0.48      4      4      1   
  0.19   0.20   0.26   0.56     35     11      1   
  0.55   0.15   0.11   0.02      5      5      1   
  0.51   0.65   0.15   0.44      5      5      1   
  0.42   0.03   0.94   0.10     66     21      0   
  0.62   0.10   0.46   0.97     13     12      0   
  0.57   0.72   0.96   0.35      7      7      1   
  0.22   0.18   0.97   0.45     15     19      0   
  0.48   0.11   0.69   0.38      3      3      1   
  0.25   0.74   0.46   0.97      3      3      1   
  0.25   0.74   0.43   0.66      2      2      1   
  0.11   0.19   0.22   0.40     37     12      0   
  0.32   0.02   0.13   0.03      2      2      1   
  0.58   0.23   0.69   0.24      1      1      1   
  0.55   0.04   0.89   0.75     13     14      0   
  0.94   0.10   0.26   0.56     24     14      1   
  0.12   0.15   0.32   0.05      3      3      1   
  0.25   0.74   0.92   0.15     73     13      0   
  0.22   0.98   0.58   0.23     11     10      1   
  0.67   0.25   0.12   0.15      6      6      1   
  0.50   0.06   0.11   0.19      4      4      1   
  0.19   0.20   0.01   0.20      2      2      1   
  0.70   0.45   0.32   0.83      8      7      1   
  0.61   0.21   0.98   0.28     33     17      1   
  0.43   0.01   0.06   0.52     29     10      0   
  0.94   0.65   0.33   0.68      7      7      1   
  0.27   0.63   0.42   0.46      2      2      1   
  0.99   0.29   0.52   0.18     21     18      0   
  0.36   0.85   0.18   0.09     22     13      0   
  0.47   0.06   0.43   0.92     16     12      1   
  0.51   0.65   0.48   0.15     13      9      1   
  0.28   0.03   0.46   0.97     16     14      0   
  0.13   0.07   0.12   0.15      1      1      1   
  0.50   0.03   0.57   0.72     12     11      0   
  0.36   0.80   0.96   0.08     74     13      0   
  0.24   0.10   0.96   0.08     66     23      0   
  0.89   0.75   0.17   0.38      9      9      1   
  0.94   0.65   0.32   0.05     26     16      0   
  0.93   0.59   0.37   0.56     24      8      1   
  0.87   0.38   0.34   0.98     14     12      1   
  0.19   0.20   0.96   0.45     15     19      0   
  0.36   0.85   0.43   0.44      4      4      1   
  0.00   0.57   0.85   0.34     74     15      0   
  0.96   0.02   0.89   0.47      5      5      1   
  0.36   0.80   0.64   0.49      7      7      1   
  0.60   0.42   0.38   0.65      4      4      1   
  0.96   0.01   0.31   0.85     17     14      1   
  0.56   0.19   0.50   0.06      2      2      1   
  0.89   0.47   0.32   0.79      9      9      1   
  0.32   0.83   0.02   0.18     66     15      0   
  0.69   0.24   0.36   0.97     16     10      1   
  0.05   0.36   0.36   0.85      6      6      1   
  0.85   0.34   0.05   0.36     26     14      0   
  0.96   0.35   0.24   0.87     13     11      1   
  0.11   0.49   0.88   0.18     73     15      0   
  0.92   0.15   0.46   0.13     27     19      0   
  0.94   0.10   0.59   0.03     36     21      0   
  0.58   0.23   0.57   0.72     10      9      0   
  0.51   0.07   0.99   0.01     36     21      1   
  0.05   0.41   0.03   0.08     13     13      0   
  0.64   0.49   0.32   0.05     31      6      0   
  0.50   0.11   0.30   0.19      2      2      1   
  0.50   0.74   0.22   0.18     64     12      0   
  0.05   0.41   0.80   0.74     10     10      1   
  0.05   0.16   0.10   0.69     38     14      0   
  0.38   0.14   0.49   0.08      1      1      1   
  0.97   0.58   0.51   0.07     18     16      0   
  0.50   0.11   0.62   0.10      1      1      1   
  0.67   0.25   0.60   0.42      2      2      1   
  0.22   0.40   0.89   0.47     75     12      0   
  0.27   0.63   0.98   0.49      9      9      1   
  0.96   0.26   0.44   0.02     26     19      0   
  0.24   0.46   0.35   0.66      2      2      1   
  0.55   0.04   0.70   0.45      5      5      1   
  0.38   0.14   0.87   0.38     13     18      0   
  0.31   0.79   0.55   0.15     13     10      1   
  0.00   0.57   0.56   0.19     11      9      1   
  0.42   0.03   0.57   0.72     12     11      0   
  0.02   0.57   0.79   0.71      9      9      1   
  0.69   0.38   0.27   0.63      7      5      1   
  0.13   0.07   0.36   0.43     37     10      1   
  0.86   0.38   0.09   0.08     22     21      0   
  0.37   0.56   0.01   0.46      4      4      1   
  0.47   0.06   0.99   0.29     12     19      0   
  0.56   0.20   0.97   0.45      9     15      0   
  0.96   0.08   0.64   0.49     30     17      1   
  0.24   0.48   0.96   0.26     72     13      0   
  0.55   0.04   0.05   0.16      5      5      1   
  0.51   0.07   0.02   0.57     31     11      0   
  0.62   0.10   0.48   0.11      2      2      1   
  0.01   0.46   0.44   0.35      5      5      1   
  0.38   0.55   0.52   0.18     65      7      0   
  0.15   0.65   0.89   0.75      7      7      1   
  0.70   0.45   0.39   0.02     32      5      0   
  0.43   0.01   0.44   0.66     14      9      1   
  0.79   0.71   0.36   0.43      6      6      1   
  0.19   0.20   0.97   0.58     15     18      0   
  0.36   0.80   0.93   0.33     12     10      1   
  0.98   0.49   0.94   0.23      3      3      1   
  0.31   0.79   0.70   0.05     12     10      1   
  0.93   0.26   0.34   0.65     18     11      1   
  0.69   0.24   0.46   0.40     53      5      0   
  0.22   0.18   0.55   0.15      4      4      1   
  0.89   0.75   0.46   0.13     17     13      1   
  0.20   0.17   0.97   0.58     15     18      0   
  0.90   0.08   0.28   0.81     13     13      1   
  0.98   0.49   0.37   0.49     28     10      1   
  0.98   0.29   0.52   0.18     21     18      0   
  0.12   0.15   0.96   0.45     16     20      0   
  0.59   0.03   0.38   0.55     13      8      1   
  0.38   0.65   0.98   0.28     11     11      1   
  0.24   0.48   0.58   0.26      9      7      1   
  0.98   0.29   0.36   0.80     12     11      1   
  0.46   0.97   0.30   0.74      3      3      1   
  0.33   0.04   0.32   0.05      1      1      1   
  0.69   0.50   0.98   0.49     69     13      0   
  0.12   0.15   0.22   0.40     34     12      0   
  0.90   0.48   0.96   0.08      4      4      1   
  0.93   0.59   0.32   0.83      8      8      1   
  0.22   0.03   0.48   0.41     62      8      0   
  0.24   0.10   0.31   0.79     38     13      1   
  0.24   0.10   0.43   0.01      2      2      1   
  0.16   0.19   0.90   0.48     15     19      0   
  0.31   0.42   0.33   0.04     32      9      0   
  0.24   0.10   1.00   0.05     66     23      0   
  0.24   0.10   0.96   0.26     66     21      0   
  0.32   0.05   0.30   0.74     22     11      1   
  0.38   0.14   0.36   0.85     37     11      1   
  0.79   0.71   0.88   0.45      4      4      1   
  0.97   0.45   0.16   0.65     13     10      1   
  0.92   0.15   0.50   0.74     10     10      1   
  0.03   0.08   0.69   0.17      6      6      1   
  0.85   0.34   0.59   0.67      7      7      1   
  0.89   0.47   0.50   0.06     17     17      0   
  0.59   0.67   0.87   0.38      7      7      1   
  0.30   0.19   0.67   0.70     15     13      0   
  0.22   0.18   0.94   0.10     66     23      0   
  0.32   0.05   0.15   0.12      2      2      1   
  0.58   0.23   0.17   0.38     32      7      0   
  0.24   0.87   0.88   0.45     11     10      1   
  0.27   0.02   0.12   0.15      2      2      1   
  0.01   0.46   0.61   0.21     10      9      1   
  0.35   0.66   0.50   0.74      2      2      1   
  0.43   0.44   0.44   0.35      1      1      1   
  0.85   0.34   0.16   0.40     26     13      0   
  0.43   0.44   0.79   0.71      6      6      1   
  0.23   0.99   0.16   0.19     23     14      0   
  0.24   0.87   0.49   0.08     58     10      0   
  0.67   0.25   0.37   0.49     55      5      0   
  0.47   0.06   0.28   0.81     19     11      1   
  0.96   0.01   0.27   0.02     60     22      0   
  0.30   0.19   0.56   0.20      3      3      1   
  0.16   0.65   0.22   0.03     23     12      0   
  0.27   0.16   0.96   0.45     14     18      0   
  0.38   0.14   0.87   0.38     13     18      0   
  0.85   0.23   0.37   0.56     24     11      1   
  0.69   0.24   0.09   0.08      6      6      1   
  0.98   0.49   0.94   0.23      3      3      1   
  0.97   0.99   0.87   0.97      1      1      1   
  0.13   0.07   0.96   0.26     66     22      0   
  0.50   0.03   0.46   0.97     13     13      0   
  1.00   0.05   0.51   0.07     20     21      0   
  0.12   0.05   0.01   0.46     28     14      0   
  0.27   0.63   0.24   0.46      2      2      1   
  0.15   0.12   0.17   0.38     28     11      0   
  0.94   0.23   0.98   0.09      2      2      1   
  0.09   0.16   0.31   0.85     37     14      1   
  0.56   0.19   0.85   0.34     28     16      1   
  0.15   0.65   0.50   0.11     31      9      0   
  0.44   0.02   0.39   0.94     17     12      1   
  0.21   0.70   0.11   0.19     20     13      0   
  0.32   0.83   0.23   0.99      2      2      1   
  0.93   0.26   0.39   0.94     14     12      1   
  0.44   0.53   0.12   0.01     69     11      0   
  0.23   0.99   0.43   0.66      4      4      1   
  0.22   0.40   0.51   0.07     55      9      0   
  0.62   0.26   0.98   0.28     33     17      1   
  0.22   0.98   0.15   0.19     23     14      0   
  0.62   0.26   0.35   0.66     15      7      1   
  0.35   0.66   0.16   0.19     20     11      0   
  0.02   0.57   0.21   0.70      5      4      1   
  0.69   0.24   0.02   0.36     32      9      0   
  0.50   0.74   0.05   0.36      6      6      1   
  0.34   0.65   0.87   0.38     10     10      1   
  0.25   0.74   0.39   0.63      2      2      1   
  0.13   0.07   0.67   0.70     15     15      0   
  0.24   0.48   0.51   0.65      4      4      1   
  0.22   0.98   0.18   0.09     23     14      0   
  0.61   0.24   0.94   0.10     66     19      0   
  0.65   0.44   0.12   0.01     71      8      0   
  0.94   0.10   0.90   0.48      4      4      1   
  0.52   0.18   0.69   0.38      3      3      1   
  0.96   0.08   0.38   0.14     25     21      0   
  0.18   0.09   0.38   0.74     28     12      1   
  0.46   0.97   0.85   0.23     76     13      0   
  0.61   0.24   0.55   0.23      1      1      1   
  0.96   0.01   0.62   0.26     24     19      0   
  0.30   0.74   0.67   0.25      7      7      1   
  0.49   0.08   0.42   0.46     12      6      1   
  0.32   0.79   0.96   0.26     74     11      0   
  0.51   0.65   0.96   0.26      9      9      1   
  0.16   0.40   0.56   0.20     10      7      1   
  0.98   0.28   0.02   0.36     38     16      1   
  0.55   0.23   0.43   0.44     50      5      0   
  0.23   0.99   0.89   0.75     10      8      1   
  0.80   0.74   0.10   0.69      8      8      1   
  0.80   0.72   0.65   0.44     10     10      1   
  0.46   0.40   0.89   0.75     75      8      0   
  0.13   0.03   0.65   0.16      6      6      1   
  0.21   0.70   0.51   0.07     31     10      0   
  0.01   0.37   0.48   0.15     37     10      0   
  0.85   0.23   0.65   0.44     25     15      1   
  0.46   0.97   0.11   0.02     24     16      0   
  0.55   0.04   0.25   0.74     18     10      1   
  0.43   0.92   0.38   0.14     16     12      1   
  0.28   0.95   0.22   0.03     26     14      0   
  0.83   0.69   0.59   0.03     30     14      0   
  0.89   0.75   0.28   0.03     35     15      0   
  0.58   0.26   0.56   0.19      1      1      1   
  0.39   0.02   0.43   0.01      1      1      1   
  0.50   0.06   0.27   0.99     16     12      1   
  0.87   0.38   0.98   0.29      2      2      1   
  0.48   0.11   0.90   0.08     42     20      1   
  0.93   0.59   0.36   0.43     28      9      1   
  0.65   0.44   0.98   0.09     68     17      0   
  0.48   0.11   0.69   0.17      3      3      1   
  0.15   0.12   0.31   0.42     58     10      1   
  0.48   0.15   0.44   0.66     13      8      1   
  0.51   0.65   0.98   0.09     11     11      1   
  0.23   0.99   0.65   0.44      9      8      1   
  0.79   0.71   0.98   0.28      6      6      1   
  0.64   0.49   0.16   0.65      6      6      1   
  0.15   0.65   0.29   0.65      2      2      1   
  0.32   0.05   0.34   0.65     21     10      1   
  0.22   0.98   0.03   0.08     23     15      0   
  0.27   0.02   0.17   0.38     54     10      0   
  0.87   0.38   0.36   0.43     27     11      1   
  0.32   0.83   0.46   0.40      5      5      1   
  0.69   0.38   0.32   0.79      9      6      1   
  0.34   0.65   0.12   0.05     20     12      0   
  0.44   0.41   0.27   0.87      5      5      1   
  0.44   0.02   0.66   0.17      3      3      1   
  0.97   0.58   0.10   0.69     22     10      1   
  0.98   0.09   0.38   0.74     12     12      1   
  0.90   0.08   0.46   0.97     17     15      1   
  0.69   0.17   0.34   0.65     16      7      1   
  0.67   0.70   0.93   0.58      4      4      1   
  0.97   0.58   0.30   0.19     26     17      0   
  0.16   0.19   0.52   0.18      4      4      1   
  0.48   0.15   0.90   0.48     12     16      0   
  0.27   0.87   0.16   0.40      5      5      1   
  0.94   0.65   0.62   0.26     29     13      0   
  0.60   0.42   0.38   0.74      5      5      1   
  0.44   0.53   0.34   0.65      2      2      1   
  0.50   0.74   0.92   0.15     10     10      1   
  0.32   0.79   0.23   0.99      2      2      1   
  0.27   0.87   0.50   0.03     61     11      0   
  0.93   0.26   0.50   0.06     20     19      0   
  0.50   0.03   0.03   0.08      5      5      1   
  0.22   0.40   0.85   0.23     72     14      0   
  0.62   0.26   0.25   0.74     16      8      1   
  0.30   0.74   0.39   0.02     32     10      0   
  0.59   0.67   0.12   0.15     28     14      0   
  0.43   0.66   0.42   0.03     13      9      1   
  0.05   0.41   0.31   0.85     10      6      1   
  0.97   0.45   0.89   0.47      1      1      1   
  0.96   0.45   0.13   0.03     24     20      0   
  0.62   0.10   0.02   0.57     32     10      0   
  0.99   0.29   0.44   0.66     11     10      1   
  0.31   0.79   0.99   0.01     74     13      0   
  0.59   0.03   0.29   0.65     17      9      1   
  0.09   0.16   0.36   0.97     38     15      1   
  0.69   0.17   0.32   0.02      4      4      1   
  0.24   0.46   0.80   0.72      8      8      1   
  0.11   0.02   0.19   0.20      2      2      1   
  0.03   0.08   0.32   0.83     39     14      1   
  0.01   0.46   0.33   0.04     43     12      0   
  0.50   0.11   0.24   0.87     15     10      1   
  0.14   0.06   0.05   0.41     29     13      0   
  0.43   0.01   0.27   0.87     20     11      1   
  0.16   0.40   0.89   0.75      9      9      1   
  0.96   0.01   0.22   0.03     24     23      0   
  0.39   0.02   0.93   0.58     11     16      0   
  0.38   0.14   0.56   0.20      2      2      1   
  0.43   0.01   0.92   0.15     66     20      0   
  0.36   0.97   0.87   0.38     12     11      1   
  0.11   0.49   0.37   0.49      3      3      1   
  0.16   0.19   0.88   0.45     15     19      0   
  0.47   0.06   0.11   0.19      4      4      1   
  0.46   0.40   0.15   0.44      3      3      1   
  0.66   0.17   0.88   0.17     66     18      0   
  0.96   0.01   0.32   0.02     26     22      0   
  0.46   0.13   0.05   0.41     30      9      0   
  0.96   0.08   0.09   0.08     25     24      0   
  0.38   0.55   0.57   0.72      3      3      1   
  0.90   0.48   0.28   0.95     12     10      1   
  0.69   0.17   0.97   0.45     10     15      0   
  0.10   0.69   0.50   0.74      4      4      1   
  0.98   0.49   0.26   0.56     24     10      1   
  0.21   0.70   0.16   0.65      1      1      1   
  0.44   0.41   0.34   0.65      3      3      1   
  0.18   0.09   0.28   0.03      1      1      1   
  0.27   0.87   0.43   0.01     59     11      0   
  0.43   0.01   0.97   0.58     11     16      0   
  0.93   0.33   0.50   0.06     15     18      0   
  0.22   0.03   0.90   0.48     15     19      0   
  0.48   0.41   0.31   0.43      2      2      1   
  0.83   0.69   0.19   0.20     53     16      0   
  0.39   0.02   0.29   0.65     36      9      1   
  0.14   0.06   0.94   0.23     66     22      0   
  0.47   0.06   0.19   0.20      3      3      1   
  0.48   0.15   0.11   0.02      4      4      1   
  0.61   0.21   0.09   0.16      6      6      1   
  0.33   0.04   0.64   0.49      7      6      1   
  0.96   0.02   0.15   0.65     26     14      1   
  0.92   0.15   0.50   0.03     16     20      0   
  0.27   0.02   0.44   0.35     21      8      1   
  0.05   0.16   0.51   0.07      5      5      1   
  0.37   0.49   0.69   0.24      6      6      1   
  0.83   0.69   0.65   0.16     26     12      0   
  0.01   0.20   0.96   0.01     41     25      1   
  0.11   0.19   0.25   0.74     36     13      1   
  0.28   0.03   0.61   0.21      4      4      1   
  0.19   0.20   0.37   0.49     33     10      1   
  0.70   0.05   0.45   0.63     14      8      1   
  0.79   0.71   0.50   0.11     16     12      1   
  0.14   0.06   0.38   0.14      3      3      1   
  0.50   0.11   0.37   0.49     13      7      1   
  0.28   0.81   0.22   0.40      5      5      1   
  0.55   0.04   0.31   0.42     43      8      1   
  0.39   0.94   0.85   0.34     75     11      0   
  0.06   0.52   0.59   0.03     12     10      1   
  0.47   0.06   0.27   0.99     16     12      1   
  0.22   0.98   0.34   0.98      1      1      1   
  0.96   0.35   0.29   0.65     20     10      1   
  0.28   0.81   0.99   0.01     74     13      0   
  0.80   0.74   0.43   0.01     31     14      0   
  0.94   0.10   0.92   0.57      5      5      1   
  0.12   0.15   0.44   0.66     17     12      1   
  0.37   0.49   0.02   0.18     85     12      0   
  0.05   0.41   0.88   0.45     76     13      0   
  0.22   0.03   0.96   0.35     15     20      0   
  0.42   0.46   0.10   0.69      4      4      1   
  0.22   0.98   0.31   0.43      6      6      1   
  0.42   0.46   0.09   0.08     24     10      0   
  0.92   0.15   0.42   0.46     23     13      1   
  0.15   0.65   0.42   0.03     39     10      0   
  0.05   0.36   0.30   0.19     45     11      0   
  0.27   0.02   0.20   0.17      2      2      1   
  0.87   0.38   0.61   0.21     21     16      0   
  0.89   0.75   0.57   0.72      3      3      1   
  0.24   0.46   0.27   0.87      4      4      1   
  0.11   0.19   0.24   0.46     46     11      0   
  0.94   0.65   0.15   0.12     55     17      0   
  0.02   0.57   0.34   0.65      4      4      1   
  0.44   0.53   1.00   0.13     71     12      0   
  0.93   0.58   0.38   0.65     13      8      1   
  0.58   0.23   0.36   0.97     15     10      1   
  0.98   0.28   0.27   0.87     15     12      1   
  0.50   0.74   0.00   0.57     12      7      1   
  0.11   0.49   0.45   0.63      4      4      1   
  0.65   0.44   0.34   0.65      8      5      1   
  0.55   0.04   0.32   0.79     18     10      1   
  0.44   0.66   0.67   0.70      3      3      1   
  0.51   0.07   0.44   0.66     13      9      1   
  0.44   0.53   0.43   0.44      1      1      1   
  0.05   0.36   0.13   0.03     49     13      0   
  0.55   0.04   0.44   0.41     18      7      1   
  0.09   0.16   0.64   0.49      9      8      1   
  0.15   0.44   0.25   0.57      2      2      1   
  0.90   0.08   0.39   0.63     19     12      1   
  0.79   0.71   0.05   0.36      9      9      1   
  0.35   0.66   0.57   0.72      3      3      1   
  0.36   0.85   0.24   0.10     25     13      0   
  0.12   0.01   1.00   0.05     66     24      0   
  0.62   0.26   0.24   0.46     47      6      0   
  0.11   0.49   0.44   0.35      4      4      1   
  0.01   0.37   0.24   0.10     50     13      0   
  0.24   0.48   0.38   0.65      3      3      1   
  0.26   0.56   0.50   0.06     32      9      0   
  0.15   0.65   0.42   0.46      3      3      1   
  0.57   0.72   0.36   0.97      4      4      1   
  0.09   0.16   0.12   0.15      1      1      1   
  0.57   0.72   0.03   0.01     56     15      0   
  0.61   0.24   0.19   0.20      5      5      1   
  0.15   0.65   0.31   0.43      3      3      1   
  0.96   0.35   0.99   0.29      1      1      1   
  0.00   0.57   0.24   0.87     12      7      1   
  0.49   0.08   0.42   0.46     12      6      1   
  0.85   0.23   0.45   0.63     17     10      1   
  0.43   0.66   0.27   0.16     29     10      0   
  0.38   0.74   0.99   0.01     73     12      0   
  0.99   0.01   0.35   0.66     21     13      1   
  0.11   0.49   0.46   0.40      4      4      1   
  0.22   0.18   0.64   0.49      8      7      1   
  0.11   0.49   0.69   0.17      9      8      1   
  0.44   0.02   0.48   0.41     53      6      0   
  0.16   0.40   0.58   0.26     10      7      1   
  0.06   0.52   0.01   0.20     12     14      0   
  0.31   0.79   0.24   0.87      1      1      1   
  0.20   0.17   0.27   0.99     37     14      1   
  0.99   0.01   0.39   0.94     17     14      1   
  0.50   0.03   0.56   0.19      2      2      1   
  0.70   0.45   0.29   0.65      6      5      1   
  0.33   0.04   0.69   0.17      4      4      1   
  0.93   0.33   0.98   0.49      2      2      1   
  0.36   0.85   0.98   0.49      9      9      1   
  0.70   0.05   0.70   0.45      4      4      1   
  0.13   0.07   0.99   0.01     40     24      1   
  0.97   0.58   0.92   0.15      4      4      1   
  0.89   0.75   0.57   0.72      3      3      1   
  0.97   0.58   0.38   0.55     20      8      1   
  0.34   0.65   0.99   0.01     72     13      0   
  0.31   0.42   0.85   0.23     71     13      0   
  0.26   0.56   0.05   0.16     24     12      0   
  0.89   0.47   0.38   0.65     12      9      1   
  0.38   0.14   0.11   0.49     28     10      0   
  0.36   0.80   0.02   0.57     10      6      1   
  0.88   0.18   0.54   0.17     24     19      0   
  0.87   0.38   0.31   0.79     10     10      1   
  0.37   0.49   0.98   0.49     74     10      0   
  0.22   0.98   0.01   0.37      8      8      1   
  0.50   0.11   0.47   0.06      1      1      1   
  0.09   0.08   0.36   0.43     24     10      1   
  0.93   0.26   0.11   0.49     24     14      1   
  0.94   0.10   0.42   0.03     22     21      0   
  0.31   0.42   0.50   0.03     26      8      0   
  0.98   0.28   0.24   0.87     15     12      1   
  0.25   0.74   0.69   0.17      9      8      1   
  0.16   0.40   0.44   0.66      4      4      1   
  0.33   0.04   0.16   0.19      2      2      1   
  0.28   0.03   0.38   0.14      2      2      1   
  0.97   0.45   0.96   0.35      1      1      1   
  0.48   0.11   0.46   0.13      1      1      1   
  0.09   0.16   0.55   0.23      5      5      1   
  0.44   0.53   0.83   0.69      6      6      1   
  0.55   0.04   0.64   0.49      5      5      1   
  0.58   0.26   0.46   0.13      2      2      1   
  0.97   0.45   0.32   0.05     24     18      0   
  0.98   0.28   0.80   0.72      6      6      1   
  0.30   0.19   0.15   0.65     32     11      1   
  0.16   0.65   0.10   0.69      1      1      1   
  0.80   0.74   0.92   0.15      7      7      1   
  0.32   0.83   0.97   0.58      8      8      1   
  0.64   0.49   0.32   0.79      9      6      1   
  0.38   0.65   0.43   0.44      2      2      1   
  0.05   0.36   0.27   0.63      4      4      1   
  0.50   0.11   0.80   0.72     10     13      0   
  0.21   0.70   0.27   0.02     23     11      0   
  0.26   0.56   0.27   0.87      3      3      1   
  0.16   0.40   0.24   0.46      1      1      1   
  0.62   0.10   0.31   0.42     43      7      1   
  0.10   0.69   0.02   0.57     10      5      1   
  0.48   0.11   0.34   0.98     16     11      1   
  0.31   0.42   0.16   0.40      2      2      1   
  0.38   0.74   0.32   0.79      1      1      1   
  0.98   0.49   0.87   0.38      2      2      1   
  0.92   0.57   0.33   0.04     17     17      0   
  0.39   0.02   0.94   0.23     66     19      0   
  0.96   0.08   0.15   0.19     25     23      0   
  0.05   0.36   0.28   0.95      7      7      1   
  0.59   0.03   0.27   0.63     43      9      1   
  0.70   0.05   0.93   0.26     66     18      0   
  0.24   0.48   0.64   0.49      5      5      1   
  0.69   0.24   0.32   0.05      4      4      1   
  0.92   0.57   0.32   0.83      8      8      1   
  0.42   0.03   1.00   0.05     66     21      0   
  0.92   0.57   0.39   0.63     22      7      1   
  0.70   0.05   0.98   0.09     66     20      0   
  0.94   0.65   0.02   0.18     45     19      0   
  0.61   0.24   0.02   0.18      7      7      1   
  0.48   0.15   0.24   0.87     15     10      1   
  0.89   0.47   0.44   0.35     25     11      0   
  0.87   0.38   0.96   0.02      4      4      1   
  0.38   0.74   0.43   0.92      2      2      1   
  0.64   0.49   0.19   0.20     68      7      0   
  0.44   0.35   0.25   0.57      3      3      1   
  0.66   0.17   0.42   0.03      3      3      1   
  0.02   0.08   0.96   0.45     16     20      0   
  1.00   0.05   0.96   0.26      2      2      1   
  0.88   0.18   0.43   0.01     17     20      0   
  0.22   0.40   0.42   0.46      2      2      1   
  0.93   0.59   0.48   0.41     29     10      1   
  0.96   0.26   0.16   0.65     23     12      1   
  0.93   0.59   0.88   0.17      4      4      1   
  0.30   0.19   0.22   0.18      1      1      1   
  0.22   0.03   0.50   0.06      3      3      1   
  0.43   0.92   0.02   0.18     86     16      0   
  0.31   0.42   0.34   0.65      3      3      1   
  0.54   0.17   0.55   0.15      1      1      1   
  0.41   1.00   0.13   0.07     24     16      0   
  0.57   0.72   0.37   0.49      4      4      1   
  0.15   0.19   0.12   0.15      1      1      1   
  0.43   0.66   0.24   0.46      3      3      1   
  0.36   0.97   0.98   0.29     17     12      1   
  0.23   0.99   0.12   0.05     23     15      0   
  0.89   0.47   0.29   0.65     14      9      1   
  0.00   0.57   0.16   0.40      3      3      1   
  0.93   0.95   0.69   0.91      3      3      1   
  0.24   0.10   0.69   0.24      5      5      1   
  0.12   0.05   0.96   0.01     40     24      1   
  0.24   0.10   0.86   0.38     15     20      0   
  0.56   0.19   0.56   0.20      1      1      1   
  0.65   0.16   0.61   0.24      1      1      1   
  0.38   0.74   0.29   0.65      1      1      1   
  0.31   0.79   0.44   0.41      4      4      1   
  0.98   0.29   0.25   0.57     29     12      1   
  0.12   0.05   0.32   0.79     37     13      1   
  0.92   0.15   0.11   0.02     27     23      0   
  0.96   0.02   0.93   0.58      6      6      1   
  0.42   0.03   0.85   0.34     30     18      1   
  0.85   0.23   0.16   0.19     26     21      0   
  0.27   0.02   0.09   0.16      2      2      1   
  0.42   0.03   0.37   0.56     31      8      1   
  0.57   0.72   0.01   0.20     66     15      0   
  0.58   0.26   0.38   0.14      3      3      1   
  0.25   0.74   0.30   0.19     31     11      0   
  0.39   0.94   0.64   0.49      8      8      1   
  0.24   0.87   0.02   0.08     22     14      0   
  0.35   0.66   0.59   0.03     10      9      1   
  0.36   0.80   0.50   0.11     14     10      1   
  0.38   0.74   0.50   0.74      1      1      1   
  0.47   0.06   0.24   0.48     47      9      0   
  0.69   0.24   0.42   0.46     10      5      1   
  0.44   0.66   0.27   0.87      3      3      1   
  0.86   0.38   0.96   0.26      2      2      1   
  0.27   0.16   0.46   0.97     15     14      0   
  0.22   0.98   0.90   0.48     12     11      1   
  0.67   0.25   0.25   0.57     55      6      0   
  0.67   0.25   0.89   0.47      8     14      0   
  0.10   0.69   0.38   0.55      4      4      1   
  0.86   0.38   0.51   0.65      8      8      1   
  0.22   0.18   0.42   0.03      3      3      1   
  0.98   0.49   0.31   0.42     26     11      1   
  0.80   0.74   0.48   0.15     17     13      1   
  0.62   0.26   0.23   0.99     18     10      1   
  0.65   0.16   0.27   0.02      4      4      1   
  0.58   0.26   0.47   0.06      2      2      1   
  0.56   0.20   0.15   0.12      4      4      1   
  0.90   0.08   0.24   0.48     25     15      1   
  0.64   0.92   0.93   0.95      3      3      1   
  0.27   0.02   0.01   0.37     35     12      0   
  0.58   0.26   0.28   0.81     17      9      1   
  0.67   0.25   0.03   0.01      7      7      1   
  0.50   0.74   0.33   0.68      2      2      1   
  0.36   0.43   0.46   0.40      1      1      1   
  0.89   0.75   0.94   0.23      5      5      1   
  0.43   0.66   0.30   0.19     33     10      0   
  0.44   0.02   0.98   0.49     11     17      0   
  0.59   0.67   0.93   0.33      8      7      1   
  0.56   0.19   0.44   0.02      2      2      1   
  0.24   0.87   0.64   0.49     12      7      0   
  0.16   0.19   0.33   0.68     32     12      1   
  0.38   0.65   0.36   0.80      2      2      1   
  0.94   0.10   0.12   0.05     26     24      0   
  0.85   0.23   0.16   0.19     26     21      0   
  0.21   0.70   0.48   0.41      4      4      1   
  0.93   0.33   0.55   0.23     22     16      0   
  0.98   0.28   0.17   0.38     36     14      1   
  0.96   0.45   0.43   0.01     27     17      0   
  0.67   0.70   0.28   0.95      5      5      1   
  0.48   0.41   0.57   0.72      5      5      1   
  0.42   0.03   0.25   0.74     39     10      1   
  0.22   0.03   0.48   0.11      3      3      1   
  0.47   0.06   0.05   0.36     29     10      0   
  0.43   0.92   0.11   0.02     23     15      0   
  0.89   0.75   0.15   0.65      8      7      1   
  0.79   0.71   0.89   0.75      1      1      1   
  0.64   0.49   0.67   0.25      2      2      1   
  0.70   0.45   0.11   0.49      6      6      1   
  0.44   0.35   0.24   0.87      5      5      1   
  0.12   0.15   0.01   0.37     36     14      0   
  0.38   0.65   0.27   0.87      3      3      1   
  0.55   0.23   0.69   0.50      4      3      1   
  0.89   0.47   0.15   0.65     25     10      1   
  0.96   0.08   0.27   0.63     23     13      1   
  0.44   0.41   0.18   0.09     31      9      1   
  0.49   0.08   0.43   0.44     12      6      1   
  0.28   0.03   0.67   0.70     15     13      0   
  0.60   0.42   0.99   0.29     68     14      0   
  0.62   0.10   0.25   0.74     18      9      1   
  0.67   0.25   0.96   0.08     66     18      0   
  0.96   0.45   0.93   0.58      2      2      1   
  0.90   0.48   0.93   0.59      1      1      1   
  0.03   0.08   0.55   0.04      5      5      1   
  0.31   0.43   0.02   0.18     85     12      0   
  0.79   0.71   0.88   0.45      4      4      1   
  0.80   0.72   0.44   0.02     31     14      0   
  0.28   0.81   0.12   0.01     22     14      0   
  0.96   0.08   0.59   0.03     15     21      0   
  0.79   0.71   0.64   0.49      9      9      1   
  0.01   0.20   0.22   0.98     37     16      1   
  0.47   0.06   0.34   0.98     16     12      1   
  0.02   0.18   0.46   0.97     17     17      0   
  0.94   0.10   0.44   0.35     23     15      0   
  0.69   0.17   0.12   0.01      6      6      1   
  0.98   0.09   0.46   0.40     23     15      0   
  0.44   0.41   0.62   0.26      5      5      1   
  0.22   0.18   0.92   0.15     66     22      0   
  0.27   0.87   0.44   0.53      4      4      1   
  0.59   0.03   0.16   0.40     32      9      0   
  0.27   0.99   0.28   0.95      1      1      1   
  0.67   0.25   0.62   0.10      2      2      1   
  0.44   0.53   0.30   0.74      3      3      1   
  0.44   0.35   0.60   0.42      2      2      1   
  0.11   0.02   0.51   0.07      4      4      1   
  0.34   0.98   0.32   0.02     34     13      0   
  0.32   0.02   0.98   0.09     66     22      0   
  0.74   0.95   0.93   0.95      2      2      1   
  0.90   0.48   0.31   0.43     28     11      1   
  0.27   0.02   0.31   0.85     39     12      1   
  0.59   0.67   0.38   0.14     15     11      1   
  0.33   0.68   0.93   0.59      8      8      1   
  0.69   0.24   0.61   0.21      1      1      1   
  0.27   0.02   0.79   0.71     12     14      0   
  0.32   0.05   0.39   0.02      1      1      1   
  0.24   0.87   0.69   0.24      9      9      1   
  0.38   0.14   0.42   0.03      1      1      1   
  0.48   0.15   0.96   0.01     39     20      1   
  0.06   0.52   0.22   0.98     10      7      1   
  0.69   0.17   0.48   0.11      3      3      1   
  0.51   0.65   0.57   0.72      1      1      1   
  0.38   0.74   0.23   0.99      3      3      1   
  0.33   0.68   0.28   0.03     24     11      0   
  0.42   0.03   0.62   0.10      2      2      1   
  0.25   0.57   0.70   0.05      9      8      1   
  0.96   0.02   0.96   0.26      3      3      1   
  0.42   0.03   0.32   0.02      1      1      1   
  0.69   0.17   0.25   0.74     17      8      1   
  0.28   0.03   0.06   0.52     37     11      0   
  0.46   0.40   0.87   0.38     70     12      0   
  0.92   0.57   0.69   0.17     23     14      0   
  0.54   0.17   0.34   0.65     16      8      1   
  0.89   0.75   0.50   0.11     18     13      1   
  0.93   0.33   0.42   0.46     25     11      1   
  0.09   0.16   0.05   0.36     36     13      0   
  0.10   0.69   0.44   0.66      3      3      1   
  0.99   0.29   0.16   0.40     24     14      0   
  0.43   0.92   0.17   0.38      6      6      1   
  0.93   0.59   0.28   0.03     18     17      0   
  0.55   0.04   0.30   0.19      3      3      1   
  0.97   0.58   0.69   0.24     26     14      0   
  0.06   0.52   0.44   0.35      4      4      1   
  0.59   0.03   0.90   0.08     35     21      1   
  0.38   0.14   0.83   0.69     11     14      0   
  0.94   0.23   0.57   0.72      9      8      1   
  0.02   0.57   0.12   0.15      9     14      0   
  0.38   0.55   0.43   0.92      4      4      1   
  0.80   0.72   0.43   0.92      9      7      1   
  0.92   0.15   0.26   0.56     23     13      1   
  0.32   0.02   0.94   0.65     12     16      0   
  0.90   0.08   0.79   0.71      8      8      1   
  0.01   0.46   0.48   0.11     64     10      0   
  0.37   0.49   0.31   0.43      1      1      1   
  0.80   0.74   0.92   0.57      3      3      1   
  0.46   0.97   0.50   0.03     16     13      1   
  0.38   0.74   0.11   0.19     21     13      0   
  0.60   0.42   0.52   0.18     60      4      0   
  0.38   0.74   0.48   0.41      4      4      1   
  0.24   0.10   0.25   0.74     28     12      0   
  1.00   0.13   0.35   0.66     20     12      1   
  0.27   0.02   0.36   0.43     38      8      1   
  0.64   0.49   0.15   0.65      6      6      1   
  0.90   0.48   0.44   0.02     27     17      0   
  0.96   0.08   0.98   0.29      3      3      1   
  0.59   0.03   0.03   0.08      5      5      1   
  0.32   0.83   0.22   0.98      2      2      1   
  0.44   0.02   0.96   0.45     11     17      0   
  0.28   0.03   0.46   0.97     16     14      0   
  0.67   0.70   0.94   0.23      7      7      1   
  0.22   0.18   0.38   0.74     34     12      1   
  0.99   0.29   0.05   0.16     21     22      0   
  0.96   0.35   0.13   0.07     82     21      0   
  0.96   0.26   0.00   0.57     32     16      1   
  0.36   0.43   0.96   0.08     70     14      0   
  0.83   0.69   0.42   0.03     19     14      0   
  0.39   0.63   0.27   0.16     29     10      0   
  1.00   0.05   0.44   0.66     12     12      1   
  0.45   0.63   0.01   0.46      5      5      1   
  0.27   0.02   0.89   0.75     12     15      0   
  0.54   0.17   0.50   0.06      1      1      1   
  0.15   0.65   0.69   0.17      9      8      1   
  0.93   0.26   0.49   0.08     22     18      0   
  0.93   0.33   0.50   0.74      9      8      1   
  0.50   0.06   0.25   0.74     18     10      1   
  0.05   0.16   0.87   0.38     16     21      0   
  0.69   0.17   0.30   0.74     17      8      1   
  0.92   0.15   0.56   0.20     25     18      0   
  0.11   0.02   0.15   0.44     28     12      0   
  0.46   0.40   0.58   0.23      7      5      1   
  0.36   0.85   0.32   0.79      1      1      1   
  0.94   0.10   0.51   0.07     21     21      0   
  0.26   0.56   0.42   0.46      2      2      1   
  0.65   0.44   0.67   0.25      2      2      1   
  0.62   0.26   0.62   0.10      2      2      1   
  0.41   1.00   0.87   0.38     13     12      1   
  0.85   0.23   0.29   0.65     21     11      1   
  0.36   0.85   0.69   0.24      9      9      1   
  0.88   0.17   0.50   0.06     16     20      0   
  0.27   0.87   0.50   0.11     58     10      0   
  0.37   0.49   0.20   0.17     23     10      0   
  0.02   0.36   0.88   0.45     77     14      0   
  0.15   0.19   0.46   0.40     52      9      0   
  0.98   0.29   0.31   0.79     12     11      1   
  0.15   0.19   0.92   0.57     15     18      0   
  0.24   0.10   0.43   0.44     54      9      0   
  0.85   0.34   0.32   0.79     10     10      1   
  0.56   0.19   0.05   0.36     30      8      0   
  0.99   0.01   0.31   0.42     25     15      0   
  0.27   0.63   0.19   0.20     20     11      0   
  0.88   0.18   0.55   0.04     17     20      0   
  0.88   0.45   0.09   0.08     28     20      0   
  0.51   0.65   0.59   0.03     13     10      1   
  0.33   0.04   0.98   0.49     14     18      0   
  0.32   0.02   0.98   0.09     66     22      0   
  0.02   0.08   0.15   0.65     32     13      1   
  0.38   0.55   0.25   0.74      2      2      1   
  0.61   0.21   0.36   0.80     15      9      1   
  0.37   0.56   0.89   0.75      6      6      1   
  0.16   0.65   0.44   0.66      3      3      1   
  0.98   0.29   0.62   0.10     18     18      0   
  0.85   0.23   0.88   0.45      2      2      1   
  0.99   0.01   0.24   0.48     26     15      1   
  0.34   0.65   0.01   0.37      5      5      1   
  0.15   0.19   0.92   0.57     15     18      0   
  0.43   0.01   0.23   0.99     21     12      1   
  0.98   0.28   0.31   0.79     12     11      1   
  0.43   0.01   0.02   0.08      4      4      1   
  0.50   0.74   0.58   0.26     11      8      1   
  0.62   0.26   0.93   0.33     11     16      0   
  0.22   0.40   0.42   0.46      2      2      1   
  0.17   0.38   0.12   0.15     32     12      0   
  0.62   0.10   0.70   0.45      4      4      1   
  0.36   0.43   0.24   0.87      4      4      1   
  0.00   0.57   0.22   0.18     48     13      0   
  0.24   0.10   0.25   0.57     28     11      0   
  0.38   0.74   0.00   0.57     11      6      1   
  0.66   0.17   0.06   0.52     31      8      0   
  0.50   0.11   0.89   0.75     10     13      0   
  0.22   0.98   0.35   0.66      3      3      1   
  0.62   0.26   0.12   0.05      6      6      1   
  0.28   0.95   0.11   0.02     23     15      0   
  0.86   0.38   0.32   0.05     23     19      0   
  0.96   0.26   0.36   0.80     12     11      1   
  0.85   0.23   0.93   0.58      4      4      1   
  0.11   0.02   0.36   0.80     42     14      1   
  0.69   0.50   0.50   0.03      5      5      1   
  0.17   0.38   0.97   0.45     75     12      0   
  0.57   0.72   0.11   0.02     57     14      0   
  0.46   0.13   0.36   0.43     37      6      1   
  0.39   0.63   0.59   0.03     12      9      1   
  0.41   1.00   0.22   0.40      7      7      1   
  0.36   0.85   0.24   0.48      4      4      1   
  0.30   0.74   0.62   0.10     10      9      1   
  0.46   0.13   0.00   0.57     30     10      0   
  0.58   0.23   0.43   0.01      3      3      1   
  0.32   0.83   0.36   0.85      1      1      1   
  0.38   0.74   0.33   0.04     23     11      1   
  0.87   0.38   0.87   0.38      1      1      1   
  0.94   0.23   0.39   0.02     17     19      0   
  0.62   0.26   0.36   0.97     18     10      1   
  0.99   0.29   0.32   0.79     12     11      1   
  0.46   0.97   0.86   0.38     13     12      1   
  0.50   0.11   0.36   0.85     15     10      1   
  0.15   0.19   0.32   0.79     33     12      1   
  0.01   0.37   0.59   0.03     13     11      1   
  0.51   0.07   0.93   0.26     66     19      0   
  0.50   0.11   0.41   1.00     17     12      1   
  0.70   0.05   0.39   0.94     17     11      1   
  0.69   0.38   0.96   0.08     67     17      0   
  0.13   0.07   0.02   0.36     66     14      0   
  0.57   0.72   0.35   0.66      3      3      1   
  0.15   0.12   0.67   0.25      5      5      1   
  0.59   0.67   0.55   0.04     14     11      1   
  0.42   0.03   0.36   0.97     40     12      1   
  0.02   0.08   0.56   0.19      5      5      1   
  0.43   0.01   0.83   0.69     11     14      0   
  0.09   0.16   0.37   0.56     29     11      1   
  0.39   0.63   0.96   0.45      8      8      1   
  0.38   0.65   0.11   0.02     65     12      0   
  0.59   0.03   0.55   0.23      2      2      1   
  0.99   0.29   0.38   0.55     24     11      1   
  0.43   0.66   0.58   0.23      9      7      1   
  0.48   0.11   0.13   0.07      4      4      1   
  0.12   0.15   0.48   0.41     66      9      0   
  0.51   0.07   1.00   0.05     66     21      0   
  0.67   0.70   0.01   0.37      9      9      1   
  0.55   0.23   0.65   0.16      1      1      1   
  0.12   0.15   0.44   0.53     13     11      1   
  0.27   0.16   0.27   0.87     26     12      1   
  0.09   0.16   0.18   0.09      1      1      1   
  0.58   0.26   0.16   0.19      5      5      1   
  0.43   0.66   0.12   0.15     26     12      0   
  0.50   0.03   0.46   0.40     51      7      0   
  0.43   0.92   0.30   0.74      2      2      1   
  0.22   0.40   0.25   0.57      2      2      1   
  0.39   0.02   0.36   0.97     40     12      1   
  0.96   0.02   0.61   0.24     24     19      0   
  0.50   0.06   0.01   0.46     30     11      0   
  0.11   0.02   0.32   0.79     41     13      1   
  0.13   0.03   0.87   0.38     16     21      0   
  0.37   0.49   0.65   0.16      8      6      1   
  0.57   0.72   0.85   0.23      8      8      1   
  0.70   0.45   0.92   0.15     68     16      0   
  0.27   0.16   0.88   0.45     14     18      0   
  0.05   0.16   0.46   0.40     53     10      0   
  0.98   0.29   0.65   0.44     24     15      1   
  0.31   0.85   0.12   0.15     22     14      0   
  0.96   0.08   0.25   0.74     14     14      1   
  0.93   0.58   0.25   0.57     21      9      1   
  0.98   0.09   0.46   0.40     23     15      0   
  0.96   0.35   0.52   0.18     21     17      0   
  0.30   0.74   0.12   0.05     21     13      0   
  0.85   0.23   0.39   0.02     26     19      0   
  1.00   0.13   0.33   0.04     53     21      1   
  0.69   0.17   0.21   0.70     35      8      0   
  0.62   0.10   0.54   0.17      1      1      1   
  0.39   0.02   0.24   0.48     50      9      0   
  0.90   0.08   0.05   0.36     23     17      0   
  0.94   0.65   0.69   0.38     25     11      0   
  0.32   0.83   0.46   0.13     14     10      1   
  0.50   0.06   0.15   0.12      4      4      1   
  0.10   0.69   0.56   0.19     10      9      1   
  0.29   0.65   0.80   0.72      6      6      1   
  0.02   0.08   0.05   0.16      1      1      1   
  0.90   0.08   0.96   0.35      3      3      1   
  0.33   0.04   0.86   0.38     14     19      0   
  0.06   0.52   0.15   0.44      1      1      1   
  0.10   0.69   0.46   0.13     32     10      0   
  0.55   0.23   0.32   0.02      3      3      1   
  0.38   0.65   0.97   0.45      9      9      1   
  0.96   0.45   0.05   0.16     25     20      0   
  0.48   0.11   0.90   0.08     42     20      1   
  0.12   0.05   0.61   0.21      6      6      1   
  0.01   0.20   0.39   0.02      4      4      1   
  0.96   0.08   0.22   0.18     25     23      0   
  0.47   0.06   0.55   0.23      2      2      1   
  0.39   0.02   0.58   0.26      3      3      1   
  0.65   0.16   0.28   0.81     17      9      1   
  0.38   0.74   0.55   0.15     12      9      1   
  0.32   0.02   0.22   0.98     29     13      0   
  0.50   0.74   0.32   0.02     23     11      1   
  0.15   0.19   0.44   0.53     13     10      1   
  0.94   0.65   0.52   0.18     29     14      0   
  0.49   0.08   0.96   0.45     10     16      0   
  0.05   0.16   0.57   0.72     16     14      0   
  0.32   0.05   0.93   0.33     14     19      0   
  0.17   0.38   0.96   0.02     73     16      0   
  0.92   0.15   0.16   0.40     25     15      0   
  0.27   0.16   0.62   0.26      4      4      1   
  0.27   0.02   0.12   0.15      2      2      1   
  0.67   0.70   0.85   0.23      7      7      1   
  0.46   0.97   0.66   0.17     13     11      1   
  0.12   0.15   0.02   0.18      1      1      1   
  0.99   0.29   0.38   0.55     24     11      1   
  0.34   0.98   0.13   0.07     23     15      0   
  0.69   0.50   0.55   0.15      4      4      1   
  0.32   0.83   0.32   0.05     33     12      0   
  0.51   0.65   0.42   0.46      3      3      1   
  0.98   0.09   0.16   0.19     25     23      0   
  0.29   0.65   0.32   0.83      2      2      1   
  0.28   0.03   0.16   0.19      2      2      1   
  0.28   0.03   0.93   0.59     12     17      0   
  0.16   0.40   0.32   0.02     64     10      0   
  0.56   0.20   0.11   0.02      5      5      1   
  0.69   0.24   0.01   0.20      7      7      1   
  0.58   0.23   0.88   0.45     11     15      0   
  0.42   0.46   0.25   0.74      3      3      1   
  0.98   0.28   0.22   0.18     21     21      0   
  0.67   0.70   0.70   0.45      8      8      1   
  0.55   0.15   0.69   0.50      4      4      1   
  0.38   0.14   0.94   0.23     66     19      0   
  0.43   0.44   0.05   0.16     33     10      0   
  0.10   0.69   0.94   0.65      9      9      1   
  0.49   0.08   0.24   0.48     50      8      0   
  0.05   0.36   0.15   0.65      9      4      1   
  0.36   0.80   0.52   0.18     14     10      1   
  0.12   0.01   0.28   0.95     36     15      1   
  0.30   0.19   0.01   0.20      3      3      1   
  0.94   0.65   0.44   0.41      8      8      1   
  0.97   0.58   0.93   0.59      1      1      1   
  0.98   0.29   0.20   0.17     21     21      0   
  0.32   0.79   0.96   0.01     73     13      0   
  0.59   0.03   0.15   0.44     32      9      0   
  1.00   0.05   0.50   0.06     20     21      0   
  0.61   0.21   0.66   0.17      1      1      1   
  0.38   0.65   0.48   0.15     62      8      0   
  0.55   0.04   0.12   0.05      4      4      1   
  0.06   0.52   0.02   0.36      2      2      1   
  0.54   0.17   0.12   0.05      5      5      1   
  0.64   0.49   0.05   0.41      6      6      1   
  0.17   0.38   0.02   0.57      2      2      1   
  0.01   0.20   0.89   0.75     17     18      0   
  0.55   0.15   0.38   0.74     13      9      1   
  0.24   0.46   0.03   0.08     18     11      0   
  0.69   0.38   0.85   0.23     67     15      0   
  0.90   0.08   1.00   0.13      1      1      1   
  0.69   0.38   0.48   0.41      2      2      1   
  0.38   0.55   0.46   0.13     41      7      0   
  0.05   0.36   0.69   0.24      9      8      1   
  0.50   0.03   0.11   0.02      4      4      1   
  0.50   0.11   0.34   0.98     16     11      1   
  0.15   0.12   0.48   0.11      3      3      1   
  0.36   0.85   0.80   0.72      6      6      1   
