  0.99   0.57   0.29   0.11     74     11      0   
  0.86   0.69   0.61   0.19     68      8      0   
  0.23   0.84   0.48   0.11      8      8      1   
  0.27   0.80   0.25   0.95      2      2      1   
  0.51   0.19   0.45   0.08      1      1      1   
  0.25   0.12   0.87   0.91    209     13      0   
  0.28   0.62   0.98   0.49      7      7      1   
  0.52   0.35   0.51   0.42      1      1      1   
  0.52   0.72   0.08   0.43      5      5      1   
  0.94   0.30   1.00   0.35      1      1      1   
  0.18   0.19   0.26   0.03      2      2      1   
  0.22   0.73   0.21   0.07     50      8      1   
  0.23   0.48   0.32   0.19     20      5      1   
  0.57   0.02   0.21   0.93     51      9      1   
  0.02   0.93   0.15   0.19    131     12      1   
  0.01   0.20   0.31   0.42     36      8      1   
  1.00   0.09   0.94   0.50      4      4      1   
  0.08   0.58   0.34   0.83      3      3      1   
  0.24   0.38   0.90   0.55     91      8      1   
  0.97   0.58   1.00   0.13      4      4      1   
  0.57   0.07   0.85   0.34    365     12      0   
  0.27   0.47   0.34   0.65      2      2      1   
  0.88   0.58   0.31   0.36     28      7      1   
  0.94   0.40   0.36   0.12     76     12      0   
  0.01   0.11   0.03   0.14      1      1      1   
  0.32   0.84   0.29   0.20     35      8      1   
  0.40   0.42   0.32   0.89      4      4      1   
  0.63   0.26   0.50   0.07      2      2      1   
  0.26   0.75   0.83   0.97      6      6      1   
  0.40   0.14   0.65   0.09      3      3      1   
  0.23   0.99   0.35   0.44      5      5      1   
  0.20   0.17   0.99   0.38    370     13      0   
  0.01   0.11   0.38   0.04      3      3      1   
  0.53   0.22   0.02   0.86      8      8      1   
  0.37   0.82   0.16   0.65      3      3      1   
  0.42   0.73   0.63   0.72      2      2      1   
  0.70   0.99   0.31   0.46      7      7      1   
  0.34   0.83   0.86   0.05    248     10      1   
  0.09   0.01   0.49   0.43      7      7      1   
  0.86   0.55   0.42   0.05     67     10      0   
  0.58   0.11   0.88   0.73     47      9      1   
  0.36   0.43   0.94   0.98     90     10      1   
  0.25   0.72   0.40   0.37      4      4      1   
  0.87   0.30   0.07   0.52     11     10      1   
  0.02   0.36   0.32   0.19     21      7      1   
  0.30   0.79   0.96   0.92      7      7      1   
  0.02   0.36   0.34   0.67      4      4      1   
  0.94   0.40   0.77   1.00     65     11      1   
  0.01   0.37   0.17   0.38      2      2      1   
  0.56   0.32   0.69   0.06      3      3      1   
  0.02   0.61   0.96   0.45    378      9      0   
  0.79   0.98   0.22   0.78      6      6      1   
  0.01   0.64   0.13   0.69      2      2      1   
  0.24   0.02   0.41   0.36      6      5      1   
  0.53   0.15   0.95   0.34    368     11      0   
  0.46   0.13   0.86   0.67     52      8      1   
  0.86   0.67   0.41   0.64      4      4      1   
  0.62   0.03   0.53   0.21      2      2      1   
  0.23   0.42   0.59   0.65      5      5      1   
  0.22   0.75   0.95   0.12    346     10      0   
  0.86   0.55   0.00   0.85     15      9      1   
  0.14   0.18   0.17   0.20      1      1      1   
  0.25   0.95   0.72   0.99      4      4      1   
  0.24   0.18   0.60   0.74      8      8      1   
  0.14   0.58   0.05   0.68      2      2      1   
  0.69   0.17   0.58   0.34      2      2      1   
  0.48   0.14   0.99   0.71     58      9      1   
  0.33   0.39   0.68   0.22      4      4      1   
  0.21   0.02   0.25   1.00     22     10      1   
  0.52   0.70   0.97   0.45      5      5      1   
  0.05   0.01   0.10   0.66     88     10      1   
  0.33   0.60   0.21   0.93      3      3      1   
  0.99   0.71   0.99   0.50      2      2      1   
  0.30   0.74   0.79   0.95      6      6      1   
  0.23   0.99   0.13   0.37      6      6      1   
  0.23   0.42   0.01   0.81      4      4      1   
  0.22   0.08   0.64   0.49      6      6      1   
  0.62   0.43   0.98   0.29    359     10      0   
  1.00   0.05   0.94   0.10      1      1      1   
  0.50   0.74   0.05   0.16    136      9      1   
  0.27   0.90   0.15   0.16    110     10      1   
  0.41   0.36   0.08   0.58      4      4      1   
  0.59   0.07   0.56   0.05      1      1      1   
  0.31   0.36   0.54   0.18      4      4      1   
  0.35   0.76   0.93   0.46      7      7      1   
  0.50   0.07   0.51   0.19      1      1      1   
  0.34   0.98   0.02   0.41      6      6      1   
  0.29   0.20   0.52   0.72      8      7      1   
  0.35   0.44   0.34   0.87      4      4      1   
  0.67   0.96   0.34   0.67      6      6      1   
  0.39   0.08   0.85   0.04    327     15      0   
  0.36   0.80   0.01   0.11    143     10      1   
  0.95   0.60   0.29   0.03    120     11      1   
  0.22   0.66   0.40   0.81      2      2      1   
  0.96   0.35   0.31   0.40     20      9      1   
  0.19   0.03   0.70   0.05      4      4      1   
  0.73   0.99   0.64   0.01     13     12      1   
  0.34   0.59   0.69   0.15      5      5      1   
  0.30   0.81   0.11   0.52      3      3      1   
  0.00   0.93   0.77   0.68      9      8      1   
  0.14   0.00   0.16   0.13      2      2      1   
  0.42   0.73   0.39   0.03      8      7      1   
  0.96   0.26   0.90   0.93    166     14      0   
  0.27   0.07   0.53   0.21      3      3      1   
  0.62   0.29   0.41   0.41      2      2      1   
  0.95   0.98   0.27   0.63      8      8      1   
  0.65   0.09   0.86   1.00    104     12      1   
  0.97   0.17   0.58   0.46     12     11      1   
  0.38   0.20   0.08   0.46    176      6      1   
  0.32   0.19   0.19   0.49     92      6      1   
  0.35   0.10   0.39   0.08      1      1      1   
  0.29   0.65   0.16   0.13    119      8      1   
  0.22   0.16   0.29   0.03      2      2      1   
  0.28   0.62   0.15   0.68      2      2      1   
  0.40   0.00   0.20   0.42     95      6      1   
  0.25   0.12   0.12   0.18      2      2      1   
  0.02   0.86   0.24   0.10     48     10      1   
  0.93   0.04   0.94   0.98     90     16      1   
  0.22   0.55   0.49   0.43      3      3      1   
  0.94   0.65   0.26   0.71      6      6      1   
  0.00   0.83   0.70   0.99      9      8      1   
  0.52   0.18   0.46   0.97      8      8      1   
  0.27   0.47   0.94   0.50    377      8      0   
  0.32   0.84   0.12   0.15    130      9      1   
  0.76   0.67   1.00   0.09      7      6      1   
  0.26   0.35   0.98   0.65     54      8      1   
  0.16   0.19   0.86   0.55     65     12      1   
  0.38   0.65   0.01   0.88     18      5      1   
  0.31   0.15   0.28   0.85     20      8      1   
  0.02   0.87   0.57   0.72      7      6      1   
  0.02   0.42   0.02   0.87      4      4      1   
  1.00   0.13   0.66   0.37     77     12      1   
  0.17   0.16   0.20   0.81     28      9      1   
  0.30   0.19   0.38   0.55      6      6      1   
  0.21   0.06   0.03   0.47    164      9      1   
  0.22   0.73   0.03   0.14    186     10      1   
  0.21   0.73   0.16   0.58      2      2      1   
  0.10   0.37   0.66   0.71      6      6      1   
  0.67   0.45   0.09   0.35      5      5      1   
  0.55   0.23   0.49   0.36      2      2      1   
  0.39   0.16   0.34   0.58     14      5      1   
  0.27   0.16   0.31   0.66     13      7      1   
  0.22   0.18   0.08   0.12      2      2      1   
  0.04   0.05   0.24   0.46     50      8      1   
  0.68   0.42   0.48   0.05      4      4      1   
  0.33   0.47   0.17   0.61      2      2      1   
  0.29   0.58   0.40   0.65      1      1      1   
  0.96   0.26   0.25   1.00     10     10      1   
  0.91   0.15   0.49   0.49     10     10      1   
  0.38   0.76   0.87   0.91     82      6      1   
  0.51   0.07   1.00   0.13    347     14      0   
  0.63   0.10   0.22   0.98      8      8      1   
  0.46   0.99   0.43   0.96      1      1      1   
  0.83   0.67   0.45   0.71      4      4      1   
  0.70   0.11   0.27   0.93      9      8      1   
  0.51   0.95   0.84   0.66     72      6      1   
  0.07   0.01   0.00   0.52    158     10      1   
  0.44   0.44   0.27   0.86      4      4      1   
  0.64   0.91   0.66   0.93      1      1      1   
  0.79   0.95   0.29   0.11     26     13      1   
  0.48   0.05   0.02   0.36    176      7      1   
  0.69   0.69   0.03   0.88     21      7      1   
  0.16   0.06   0.43   0.14      3      3      1   
  0.31   0.36   0.09   0.35      2      2      1   
  0.00   0.14   0.69   0.15      6      6      1   
  0.93   0.95   0.09   0.16    133     15      1   
  0.14   0.58   0.64   0.49      5      5      1   
  0.11   0.02   0.88   0.99    212     14      0   
  0.26   0.11   0.25   0.12      1      1      1   
  0.00   0.85   0.07   0.48      4      4      1   
  0.34   0.07   0.05   0.00      3      3      1   
  0.23   0.42   0.32   0.02      6      6      1   
  0.24   0.69   0.09   0.35      4      4      1   
  0.34   0.55   0.26   0.14     41      6      1   
  0.63   0.01   0.70   0.99     50     12      1   
  0.27   0.71   0.69   0.24      6      6      1   
  0.19   0.54   0.01   0.75      3      3      1   
  0.21   0.73   0.56   0.04      7      7      1   
  0.52   0.39   0.27   0.15     36      4      1   
  0.41   0.36   1.00   0.92    213     10      0   
  0.69   0.91   0.02   0.04    151     14      1   
  0.93   0.56   0.05   0.52     13      8      1   
  0.28   0.03   0.90   0.63     55     11      1   
  0.11   0.12   0.24   0.00      2      2      1   
  0.69   0.71   0.09   0.14    130     10      1   
  0.96   0.69   0.43   0.66      5      5      1   
  0.18   0.46   0.49   0.50      3      3      1   
  0.91   0.37   0.59   0.67      5      5      1   
  0.87   0.69   0.15   0.12    112     11      1   
  0.24   0.69   0.63   0.10      7      6      1   
  0.57   0.72   0.09   0.16    137      9      1   
  0.86   0.69   0.12   0.01     69     11      1   
  0.17   0.16   0.96   0.69     60     12      1   
  0.52   0.39   0.08   0.43      4      4      1   
  0.31   0.15   0.48   0.72      8      7      1   
  0.00   0.83   0.99   0.29    371     11      0   
  0.48   0.05   0.40   0.42      4      4      1   
  0.52   0.70   0.05   0.96     34      7      1   
  0.29   0.85   0.54   0.18      7      7      1   
  0.83   0.94   0.56   0.16     13     11      1   
  0.52   0.18   0.85   0.34    365     11      0   
  0.14   0.01   0.93   0.27    361     15      0   
  0.90   0.48   0.83   0.69      2      2      1   
  0.31   0.36   0.01   0.47      3      3      1   
  0.29   0.65   0.36   0.47      2      2      1   
  0.24   0.02   0.54   0.46      6      5      1   
  0.93   0.46   0.29   0.98      8      8      1   
  0.56   0.16   0.63   0.66     32      6      1   
  0.45   0.50   0.07   0.08    127      7      1   
  0.54   0.18   0.52   0.18      1      1      1   
  0.00   0.15   0.24   0.07      2      2      1   
  0.04   0.10   0.99   0.71     62     13      1   
  0.24   0.10   0.62   0.14      4      4      1   
  0.92   0.11   0.11   0.49     13     12      1   
  0.39   0.63   0.11   0.19    131      8      1   
  0.69   0.15   0.25   0.75      7      7      1   
  0.86   0.95   0.46   0.46     10      9      1   
  0.26   0.14   0.08   0.47    167      7      1   
  0.83   0.69   0.99   0.29      4      4      1   
  0.28   0.85   0.34   0.55      3      3      1   
  0.04   0.70   0.39   0.16      9      8      1   
  0.23   0.42   0.56   0.04      5      5      1   
  0.44   0.38   0.84   0.66     57      6      1   
  0.96   0.69   0.07   0.48      8      8      1   
  0.04   0.65   0.82   0.97      8      8      1   
  0.93   0.18   0.17   0.01     76     16      0   
  0.15   0.53   0.88   0.45    375      9      0   
  0.96   0.08   0.75   0.96    179     14      0   
  0.02   0.07   0.86   1.00    105     15      1   
  0.11   0.12   0.43   0.96     12     11      1   
  0.00   0.15   0.64   0.21      6      6      1   
  0.73   0.99   0.90   0.48     64     10      0   
  0.34   0.98   0.32   0.55      4      4      1   
  0.57   0.24   0.54   0.27      1      1      1   
  0.45   0.63   0.86   0.95     80      7      1   
  0.68   0.42   0.86   0.69     47      7      1   
  1.00   0.09   0.69   0.50     77     12      1   
  0.40   0.50   0.28   0.62      2      2      1   
  0.11   0.12   0.47   0.06      3      3      1   
  0.95   0.60   0.98   0.65      1      1      1   
  0.27   0.87   0.27   0.02     20      9      1   
  0.56   0.19   0.27   0.18      3      3      1   
  0.41   0.36   0.05   0.08    126      7      1   
  0.55   0.04   0.91   0.25    356     13      0   
  0.34   0.65   0.64   0.36      4      4      1   
  0.27   0.04   0.45   0.05      2      2      1   
  0.36   0.51   0.07   0.09    127      8      1   
  0.29   0.98   0.62   0.03      9      9      1   
  0.29   0.48   0.32   0.02      6      6      1   
  0.24   0.67   0.32   0.55      2      2      1   
  0.10   0.37   0.65   0.42      5      5      1   
  0.42   0.73   0.31   0.36      4      4      1   
  0.22   0.75   0.01   0.88     17      4      1   
  0.25   0.72   0.28   0.06     21      8      1   
  0.51   0.01   0.45   0.50      5      5      1   
  0.01   0.88   0.14   0.18    112     11      1   
  0.67   0.25   0.57   0.16      2      2      1   
  0.98   0.16   0.17   0.61     11     10      1   
  0.52   0.72   0.34   0.59      2      2      1   
  0.16   0.15   0.45   0.11      3      3      1   
  0.38   0.13   0.04   0.69    127      8      1   
  0.25   0.10   0.31   0.85     15      9      1   
  0.50   0.06   0.40   0.42      4      4      1   
  0.97   0.98   0.09   0.08    119     15      1   
  0.47   0.06   0.82   0.70     49      9      1   
  0.23   0.97   0.64   0.36      7      7      1   
  0.94   0.01   0.59   0.71      8      8      1   
  0.59   0.19   0.22   0.01      4      4      1   
  0.36   0.85   0.60   0.48      5      5      1   
  0.91   0.37   0.62   0.14     69     11      0   
  0.91   0.37   0.92   0.57      2      2      1   
  0.02   0.42   0.34   0.83      5      5      1   
  0.85   0.23   0.87   0.34      1      1      1   
  0.82   0.95   0.48   0.72      6      6      1   
  0.40   0.37   0.88   0.99    208      9      0   
  0.09   0.44   0.40   0.42      3      3      1   
  0.47   0.71   0.63   0.65      2      2      1   
  0.43   0.66   0.05   0.52      4      4      1   
  0.38   0.72   0.45   0.11      7      6      1   
  0.32   0.45   0.50   0.11      4      4      1   
  0.24   0.07   0.13   0.07      1      1      1   
  0.30   0.86   0.50   0.07      8      8      1   
  0.52   0.72   0.43   0.63      1      1      1   
  0.93   0.18   0.83   0.67      5      5      1   
  0.32   0.55   0.65   0.44      3      3      1   
  0.62   0.10   0.43   0.65      6      5      1   
  0.31   0.15   0.67   0.45      5      5      1   
  0.86   0.38   0.15   0.65      9      9      1   
  0.22   0.75   0.57   0.24      6      6      1   
  0.45   0.05   0.41   0.41      4      4      1   
  0.87   0.30   0.90   0.93    166     14      0   
  0.28   0.17   0.66   0.71     35      8      1   
  0.86   0.69   0.67   0.13    131      8      1   
  0.89   0.95   0.22   0.18     89     13      1   
  0.25   0.12   0.12   0.67     75      8      1   
  0.33   0.47   0.32   0.79      3      3      1   
  0.67   0.45   0.03   0.08      7      7      1   
  0.30   0.19   0.69   0.71     22      9      1   
  0.33   0.00   0.22   0.16      2      2      1   
  0.27   0.16   0.87   0.69     47     10      1   
  0.93   0.59   0.16   0.70      7      7      1   
  0.14   0.18   0.16   0.58     94      8      1   
  0.53   0.21   0.00   0.85      8      8      1   
  0.41   0.64   0.22   0.55      2      2      1   
  0.01   0.02   0.85   0.38    367     15      0   
  0.97   0.99   0.90   0.64     81     11      1   
  0.13   0.54   0.05   0.06    131      9      1   
  0.21   0.63   0.05   0.51      2      2      1   
  0.27   0.86   0.39   0.03     10      8      1   
  0.03   0.14   0.88   0.34    362     15      0   
  0.55   0.27   0.02   0.06      5      5      1   
  0.29   0.20   0.36   0.92     10      9      1   
  0.23   0.83   0.61   0.46     11      5      1   
  0.41   0.36   0.93   0.58     62      7      1   
  0.24   0.10   0.48   0.11      2      2      1   
  0.51   0.91   0.01   0.14    163     12      1   
  0.07   0.08   0.96   0.43    371     14      0   
  0.38   0.20   0.32   0.89     16      8      1   
  0.38   0.20   0.59   0.46      4      4      1   
  0.48   0.05   0.47   0.72      7      7      1   
  0.25   0.89   0.41   0.41      5      5      1   
  0.55   0.27   1.00   0.58     96      9      1   
  0.07   0.40   0.59   0.21      5      5      1   
  0.16   0.13   0.05   0.00      2      2      1   
  0.14   0.58   0.10   0.69      1      1      1   
  0.87   0.38   0.10   0.52     10     10      1   
  0.10   0.03   0.43   0.09      3      3      1   
  0.93   0.24   0.08   0.12    224     15      1   
  0.08   0.43   0.67   0.45      5      5      1   
  0.17   0.01   0.15   0.19      2      2      1   
  0.59   0.71   0.25   0.93      4      4      1   
  0.51   0.42   0.57   0.16      3      3      1   
  0.25   0.72   0.03   0.16    199     10      1   
  0.98   0.29   0.11   0.66     11     10      1   
  0.99   0.14   0.14   0.01     67     16      0   
  0.25   0.72   0.02   0.06    133     10      1   
  0.92   0.70   0.98   0.61      1      1      1   
  0.37   0.49   0.31   0.46      1      1      1   
  0.95   0.94   0.95   0.72     77     11      1   
  0.00   0.57   0.90   0.08    236     13      1   
  0.47   0.06   0.01   0.20      4      4      1   
  0.62   0.14   0.98   0.61     61      9      1   
  0.52   0.35   0.67   0.15      2      2      1   
  0.45   0.50   0.24   0.46      2      2      1   
  0.12   0.07   0.70   0.05      5      5      1   
  0.02   0.89   0.50   0.15      9      8      1   
  0.47   0.97   0.94   0.57     77      8      1   
  0.63   0.66   0.23   0.50      4      4      1   
  0.37   0.43   0.22   0.80      4      4      1   
  0.00   0.57   0.78   0.90     69      9      1   
  0.06   0.68   0.62   0.23      6      6      1   
  0.08   0.59   0.14   0.00     75      9      1   
  0.88   0.68   0.60   0.17     72      8      0   
  0.57   0.27   0.21   0.07      4      4      1   
  0.22   0.37   0.51   0.65      4      4      1   
  0.52   0.35   0.29   0.17     30      4      1   
  0.01   0.20   0.68   0.33      7      6      1   
  0.02   0.89   0.38   0.55      5      5      1   
  0.44   0.19   0.55   0.25      1      1      1   
  0.02   0.41   0.89   0.95     87     10      1   
  0.36   0.36   0.32   0.38      1      1      1   
  0.95   0.26   0.36   0.12    101     13      1   
  0.55   0.27   0.93   0.33    166     10      1   
  0.69   0.91   0.28   0.03     26     12      1   
  0.40   0.50   0.91   0.15    346     10      0   
  0.13   0.03   0.94   0.01    245     17      1   
  0.99   0.14   0.64   0.91    197     12      0   
  0.88   0.73   0.49   0.13     68      9      0   
  0.93   0.59   0.42   0.03    101     10      1   
  0.46   0.97   0.20   0.63      4      4      1   
  0.57   0.16   0.55   0.29      1      1      1   
  0.34   0.87   0.79   0.99      5      5      1   
  0.24   0.97   0.51   0.65      4      4      1   
  0.43   0.10   0.26   0.14      2      2      1   
  0.65   0.42   0.65   0.70     31      5      1   
  0.29   0.48   0.30   0.86      4      4      1   
  0.97   0.17   0.99   0.49      3      3      1   
  0.99   0.03   0.97   0.17      2      2      1   
  0.29   0.58   0.55   0.04      6      6      1   
  0.42   0.13   0.24   0.46     74      5      1   
  0.36   0.83   0.97   0.99      6      6      1   
  0.70   0.74   0.34   0.58      4      4      1   
  0.46   0.19   0.87   0.56     61      9      1   
  0.82   0.95   0.94   0.14     70     14      1   
  0.29   0.09   0.01   0.54    175      8      1   
  0.48   0.72   0.66   0.75      2      2      1   
  0.28   0.06   0.11   0.36    185      7      1   
  0.55   0.29   0.39   0.05      3      3      1   
  0.34   0.59   0.69   0.17      5      5      1   
  0.16   0.70   0.92   0.70      7      7      1   
  0.18   0.15   0.16   0.69     62      9      1   
  0.89   0.47   0.22   0.01    117     13      1   
  0.51   0.72   0.52   0.35      4      4      1   
  0.34   0.98   0.16   0.13    116     10      1   
  0.25   0.57   0.23   0.48      1      1      1   
  0.96   0.43   0.03   0.39     14     10      1   
  0.44   0.66   0.57   0.05      6      6      1   
  0.26   0.56   0.16   0.19    111      8      1   
  0.84   0.66   0.68   0.26     78      8      0   
  0.07   0.19   0.62   0.23      5      5      1   
  0.45   0.50   0.63   0.66     14      3      1   
  0.41   0.43   0.05   0.51      3      3      1   
  0.76   0.67   0.11   0.45      6      6      1   
  0.95   0.94   0.85   0.04     59     16      1   
  0.36   0.36   0.43   0.65      3      3      1   
  0.24   0.87   0.98   0.65      7      7      1   
  0.15   0.53   0.41   0.68      3      3      1   
  0.24   0.07   0.08   0.60    109      8      1   
  0.20   0.91   0.98   0.61      8      8      1   
  0.52   0.18   0.13   0.37    159      5      1   
  0.11   0.09   0.32   0.19      2      2      1   
  0.49   0.08   0.47   0.97      9      9      1   
  0.82   0.69   0.24   0.48      6      6      1   
  0.25   1.00   0.66   0.17      8      8      1   
  0.50   0.42   0.44   0.41      1      1      1   
  0.99   0.49   0.16   0.15    167     13      1   
  0.34   0.72   0.28   0.03     12      7      1   
  0.40   0.50   0.47   0.71      2      2      1   
  0.37   0.47   0.63   0.66     15      3      1   
  0.72   0.99   0.52   0.72      6      6      1   
  0.91   0.15   0.34   0.50     10     10      1   
  0.39   0.02   0.26   0.42     60      6      1   
  0.02   0.04   0.66   0.68     37     11      1   
  0.22   0.16   0.29   0.20      1      1      1   
  0.28   0.17   0.45   0.09      2      2      1   
  0.50   0.10   0.87   0.91    116     12      1   
  0.47   0.01   0.34   0.07      2      2      1   
  0.29   0.04   0.46   0.97     11     10      1   
  0.93   0.58   0.70   0.11    130     10      1   
  0.64   0.13   0.18   0.19      4      4      1   
  0.08   0.43   0.92   0.70     55      8      1   
  0.44   0.38   0.00   0.93     30      7      1   
  0.33   0.04   0.11   0.12      2      2      1   
  0.29   0.65   0.31   0.43      2      2      1   
  0.02   0.51   0.57   0.49      5      5      1   
  0.55   0.48   0.96   0.26    362     10      0   
  0.94   0.01   0.89   0.39      4      4      1   
  0.40   0.65   0.25   0.75      2      2      1   
  0.97   0.58   0.29   0.44     18      7      1   
  0.01   0.02   0.45   0.48      8      7      1   
  0.03   0.47   0.18   0.56      2      2      1   
  0.41   0.07   0.36   0.47     13      5      1   
  0.86   0.95   0.10   0.11    143     14      1   
  0.39   0.05   0.24   0.48     72      5      1   
  0.87   0.38   0.36   0.97      9      9      1   
  0.16   0.58   0.29   0.04     18      7      1   
  0.97   0.13   0.07   0.43     19     12      1   
  0.06   0.52   0.67   0.39      6      6      1   
  0.35   0.72   0.31   0.66      1      1      1   
  0.46   0.99   0.70   0.74     66      5      0   
  0.43   0.10   0.87   0.69     54      9      1   
  0.97   0.45   0.12   0.43     16      9      1   
  0.98   0.09   0.43   0.92     11     11      1   
  0.90   0.64   0.41   0.43     21      6      1   
  0.37   0.49   0.23   0.10     46      6      1   
  0.02   0.87   0.78   0.92     12     10      1   
  0.36   0.81   0.59   0.07      7      7      1   
  0.33   0.01   0.04   0.05      3      3      1   
  0.48   0.14   0.68   0.42      3      3      1   
  0.59   0.07   0.29   0.03      3      3      1   
  0.42   0.13   0.23   0.99     31      9      1   
  0.39   0.94   0.24   0.10     41      9      1   
  0.32   0.19   0.29   0.11      1      1      1   
  0.39   0.18   0.93   0.26    357     13      0   
  0.87   0.97   0.23   0.99      6      6      1   
  0.00   0.15   0.63   0.10      6      6      1   
  0.66   0.71   0.91   0.98     81      9      1   
  0.22   0.14   0.16   0.40    145      7      1   
  0.66   0.17   0.30   0.79      7      6      1   
  0.86   0.26   0.40   0.42     20     10      1   
  0.16   0.69   0.39   0.63      2      2      1   
  0.10   0.49   0.93   0.26    366     11      0   
  0.63   0.43   0.48   0.05      4      4      1   
  0.89   0.95   0.16   0.19    150     14      1   
  0.12   0.18   0.41   0.07      3      3      1   
  0.11   0.36   0.93   0.60     87      9      1   
  0.22   0.18   0.34   0.55      7      6      1   
  0.25   0.72   0.32   0.05      8      8      1   
  0.02   0.89   0.69   0.50     78      8      1   
  0.55   0.06   0.34   0.87      8      8      1   
  0.62   0.44   0.88   0.17    343     11      0   
  0.37   0.97   0.56   0.49      5      5      1   
  0.88   0.17   0.27   0.63     10     10      1   
  0.33   0.68   0.79   0.71      4      4      1   
  0.15   0.68   0.17   0.14    111      9      1   
  0.96   0.35   0.36   0.97      9      9      1   
  0.35   0.72   0.41   0.68      1      1      1   
  0.09   0.14   0.93   0.56     72     12      1   
  0.88   0.18   0.38   0.71      9      9      1   
  0.47   0.01   0.21   0.07      3      3      1   
  0.68   0.33   0.40   0.81      6      6      1   
  0.31   0.71   0.34   0.72      1      1      1   
  0.64   0.91   0.94   0.93      3      3      1   
  0.20   0.91   0.05   0.00    110     11      1   
  0.91   0.25   0.63   0.66      6      6      1   
  0.21   0.07   0.30   0.50     13      6      1   
  0.41   0.68   0.01   0.47      4      4      1   
  0.69   0.91   0.30   0.39      8      8      1   
  0.98   0.70   0.14   0.01     70     12      0   
  0.36   0.83   0.26   0.11     31      8      1   
  0.94   0.10   0.19   0.20     78     15      0   
  0.01   0.71   0.66   0.75      6      6      1   
  0.52   0.18   0.96   0.68     56      9      1   
  0.53   0.21   0.23   0.99      7      7      1   
  0.05   0.16   0.05   0.41    165     10      1   
  0.33   0.00   0.22   0.39    115      6      1   
  0.61   0.24   0.77   0.68     56      7      1   
  0.79   0.95   0.28   0.62      7      7      1   
  0.34   0.07   0.38   0.74      8      7      1   
  0.24   0.48   0.41   0.64      2      2      1   
  0.94   0.50   0.25   0.61      8      7      1   
  0.83   0.67   0.60   0.70      2      2      1   
  0.94   0.23   0.93   0.24      1      1      1   
  0.27   0.18   0.22   0.69     42      8      1   
  0.02   0.07   0.22   0.58     61      9      1   
  0.86   1.00   0.87   1.00      1      1      1   
  0.37   0.97   0.27   0.02     14      9      1   
  0.66   0.09   0.21   0.70      7      7      1   
  0.94   0.40   0.93   0.58      2      2      1   
  0.30   0.41   0.67   0.96     44      8      1   
  0.29   0.20   0.51   0.91     13     10      1   
  0.00   0.15   0.27   0.63     28      9      1   
  0.69   0.35   0.96   0.02    331     13      0   
  0.61   0.07   0.14   0.51     99      6      1   
  0.07   0.09   0.07   0.48    162     10      1   
  0.83   0.91   0.02   0.61      8      8      1   
  0.53   0.21   0.86   0.67     53      8      1   
  0.11   0.20   0.12   0.57    111      9      1   
  0.22   0.14   0.02   0.61    129      8      1   
  0.00   0.83   0.17   0.61      3      3      1   
  0.46   0.99   0.26   0.56      5      5      1   
  0.03   0.36   0.12   0.18    130      9      1   
  0.01   0.46   0.33   0.60      3      3      1   
  0.86   0.55   0.36   0.51      6      6      1   
  0.58   0.11   0.31   0.43     23      4      1   
  0.56   0.05   0.87   0.38    370     12      0   
  0.58   0.11   0.22   0.73      7      6      1   
  0.14   0.53   0.55   0.23      5      5      1   
  0.33   0.60   0.16   0.65      2      2      1   
  0.52   0.18   0.25   0.95      8      7      1   
  0.27   0.07   0.99   0.49    374     12      0   
  0.32   0.38   0.45   0.63      3      3      1   
  0.54   0.69   0.22   0.58      3      3      1   
  0.86   1.00   0.41   0.48     10      8      1   
  0.93   0.95   0.52   0.95      4      4      1   
  0.26   0.47   0.93   0.33    370      9      0   
  0.11   0.53   0.22   0.66      2      2      1   
  0.49   0.11   0.64   0.49      4      4      1   
  0.16   0.45   0.59   0.65      5      5      1   
  0.78   0.90   0.05   0.82      9      9      1   
  0.70   0.05   0.57   0.02      2      2      1   
  0.60   0.48   0.05   0.36      5      5      1   
  0.88   0.47   0.47   0.06     67     11      0   
  0.21   0.38   0.21   0.63      3      3      1   
  0.05   0.04   0.63   0.26      5      5      1   
  0.20   0.17   0.84   0.98    194     13      0   
  0.69   0.91   0.14   0.01     77     13      1   
  0.12   0.01   0.20   0.63     67      8      1   
  0.38   0.86   0.88   0.34      8      8      1   
  0.24   0.67   0.44   0.66      2      2      1   
  0.86   0.75   0.87   0.91     78     10      1   
  0.29   0.48   0.98   0.28    361      9      0   
  0.67   0.04   0.52   0.18      2      2      1   
  0.13   0.07   0.00   0.65    149     10      1   
  0.41   0.07   0.27   0.87     18      8      1   
  0.21   0.09   0.98   0.29    363     14      0   
  0.50   0.74   0.22   0.40      4      4      1   
  0.38   0.07   0.17   0.01      2      2      1   
  0.26   0.51   0.65   0.44      4      4      1   
  0.23   0.58   0.27   0.63      1      1      1   
  0.57   0.49   0.67   0.39      2      2      1   
  0.90   0.48   0.11   0.49     10      9      1   
  0.88   0.68   0.65   0.24    102      7      1   
  0.68   0.33   0.92   0.70     57      8      1   
  0.33   0.04   0.59   0.70      8      8      1   
  0.93   0.60   0.14   0.53      8      8      1   
  0.48   0.05   0.93   0.04    244     15      1   
  0.48   0.41   0.34   0.65      3      3      1   
  0.67   0.96   0.24   0.97      5      5      1   
  0.14   0.18   0.32   0.19      2      2      1   
  0.87   0.30   0.44   0.55      8      8      1   
  0.00   0.15   0.90   0.63     56     13      1   
  0.08   0.60   0.01   0.02    138     10      1   
  0.51   0.95   0.41   0.64      4      4      1   
  0.85   0.23   0.39   0.94      9      9      1   
  1.00   0.58   0.52   0.95      9      8      1   
  0.51   0.07   0.57   0.24      2      2      1   
  0.99   1.00   0.16   0.14    108     15      1   
  0.14   0.56   0.31   0.36      3      3      1   
  0.85   0.73   0.88   0.48      3      3      1   
  0.84   0.66   0.51   0.21     75      8      0   
  0.35   0.12   0.22   0.80     27      7      1   
  0.18   0.53   0.91   0.15    344     10      0   
  0.80   0.72   0.60   0.74      2      2      1   
  0.28   0.03   0.56   0.16      3      3      1   
  0.11   0.52   0.84   0.66      7      7      1   
  0.86   1.00   0.23   0.97      6      6      1   
  0.57   0.06   0.54   0.69      7      7      1   
  0.55   0.06   0.25   0.95      9      9      1   
  0.91   0.50   0.23   0.50     12      8      1   
  0.22   0.80   0.67   0.13      7      7      1   
  0.45   0.05   0.78   0.92    199     12      0   
  0.21   0.06   0.25   0.50     66      7      1   
  0.34   0.67   0.29   0.48      2      2      1   
  0.07   0.08   0.02   0.04      1      1      1   
  0.30   0.79   0.88   0.34      8      8      1   
  0.33   0.60   0.95   0.60      6      6      1   
  0.67   0.15   0.18   0.46      5      5      1   
  0.11   0.49   0.93   0.59     64      8      1   
  0.50   0.47   0.24   0.38      3      3      1   
  0.07   0.19   0.27   0.47     31      7      1   
  0.36   0.42   0.61   0.07      4      4      1   
  0.31   0.15   0.01   0.37    198      7      1   
  0.24   0.67   0.52   0.35      4      4      1   
  0.57   0.38   0.41   0.41      2      2      1   
  0.96   0.26   0.25   0.95     10     10      1   
  0.25   1.00   0.16   0.70      3      3      1   
  0.20   0.68   0.15   0.62      1      1      1   
  0.21   0.73   0.56   0.20      6      6      1   
  0.01   0.02   0.21   0.64     26      9      1   
  0.61   0.24   0.21   0.70      6      6      1   
  0.44   0.38   0.56   0.04      4      4      1   
  0.04   0.11   0.30   0.88     19     10      1   
  0.32   0.55   0.09   0.16    148      7      1   
  0.95   0.94   0.93   0.04     64     16      0   
  1.00   0.09   0.21   0.38     22     12      1   
  0.40   0.13   0.22   0.18      2      2      1   
  0.61   0.93   0.68   0.26     16     10      1   
  0.59   0.07   0.07   0.08      5      5      1   
  0.34   0.98   0.87   0.97      5      5      1   
  0.59   0.19   0.02   0.51      6      6      1   
  0.19   0.37   0.37   0.56      3      3      1   
  0.10   0.11   0.10   0.49    137      8      1   
  0.21   0.63   0.38   0.55      2      2      1   
  0.90   0.93   0.22   0.16     72     14      1   
  0.45   0.50   0.91   0.25    355      9      0   
  0.44   0.53   0.55   0.15      4      4      1   
  0.77   0.98   0.33   0.90      4      4      1   
  0.63   0.26   0.52   0.17      2      2      1   
  0.99   1.00   0.60   0.42     12     11      1   
  0.30   0.86   0.83   0.97      5      5      1   
  0.42   0.05   0.22   0.75     28      7      1   
  0.46   0.99   0.27   0.18     43     10      1   
  0.52   0.72   0.36   0.85      2      2      1   
  0.63   0.72   0.79   0.98    177      8      0   
  0.33   0.90   0.22   0.69      2      2      1   
  0.15   0.44   0.14   0.06     71      8      1   
  0.33   0.01   0.36   0.85      9      8      1   
  0.22   0.08   0.16   0.65     74      8      1   
  0.14   0.56   0.28   0.62      2      2      1   
  0.91   0.48   0.61   0.19     66     10      0   
  0.49   0.11   0.50   0.15      1      1      1   
  0.02   0.06   0.31   0.43     27      8      1   
  0.47   0.91   0.59   0.03      9      8      1   
  0.54   0.26   0.24   0.76      5      5      1   
  0.70   0.99   0.59   0.19     11     10      1   
  0.02   0.04   0.62   0.95     37     13      1   
  0.00   0.93   0.32   0.55      5      5      1   
  0.57   0.38   0.16   0.44      4      4      1   
  0.33   0.39   0.40   0.93      5      5      1   
  0.12   0.18   0.07   0.02      2      2      1   
  0.54   0.27   0.27   0.15      3      3      1   
  0.53   0.75   0.99   0.01      9      9      1   
  0.19   0.37   0.56   0.06      5      5      1   
  0.89   0.47   0.36   0.51      8      7      1   
  0.27   0.04   0.17   0.16      2      2      1   
  0.48   0.11   0.22   0.16      3      3      1   
  0.31   0.79   0.55   0.27      5      5      1   
  0.04   0.69   0.96   0.68      8      8      1   
  0.64   0.31   0.16   0.13      5      5      1   
  0.61   0.12   0.19   0.10      4      4      1   
  0.51   0.07   0.41   0.43      4      4      1   
  0.62   0.12   0.89   0.64     52      9      1   
  0.04   0.70   0.27   0.81      3      3      1   
  0.07   0.35   0.15   0.44      1      1      1   
  0.25   0.89   0.59   0.03      8      8      1   
  0.62   0.10   0.39   0.05      2      2      1   
  0.36   0.85   0.30   0.81      1      1      1   
  0.64   0.01   0.77   1.00    203     12      0   
  0.75   0.66   0.54   0.46      5      5      1   
  0.96   0.45   0.87   0.38      1      1      1   
  0.22   0.08   0.88   0.68     56     10      1   
  0.27   0.87   0.69   0.69      4      4      1   
  0.45   0.92   0.44   0.35      6      6      1   
  0.16   0.40   0.64   0.49      5      5      1   
  0.40   0.65   0.09   0.44      3      3      1   
  0.12   0.60   0.86   0.69      7      7      1   
  0.27   0.63   0.87   0.69      5      5      1   
  0.53   0.66   0.66   0.09     10      7      1   
  0.27   0.53   0.12   0.43      2      2      1   
  0.86   0.55   0.95   0.72      2      2      1   
  0.67   0.04   0.38   0.71      7      7      1   
  0.28   0.81   0.01   0.20    216     10      0   
  0.59   0.46   0.73   0.99    203      9      0   
  0.27   0.07   0.11   0.20      2      2      1   
  0.05   0.16   0.88   0.34    370     15      0   
  0.93   0.24   0.89   0.39      2      2      1   
  0.70   0.74   0.41   0.07      8      8      1   
  0.60   0.74   0.40   0.93      3      3      1   
  0.31   0.36   0.22   0.14     90      5      1   
  0.16   0.45   0.30   0.74      3      3      1   
  0.11   0.49   0.44   0.66      3      3      1   
  0.30   0.35   0.21   0.73      4      4      1   
  0.52   0.39   0.66   0.75     18      5      1   
  0.47   0.91   0.45   0.05      9      8      1   
  0.97   0.60   0.40   0.65      5      5      1   
  0.55   0.29   0.45   0.09      2      2      1   
  0.00   0.52   0.60   0.42      5      5      1   
  0.08   0.03   0.88   0.45    374     14      0   
  0.05   0.68   0.67   0.25      7      7      1   
  0.03   0.36   0.59   0.68      6      6      1   
  0.64   0.21   0.96   0.35    365     11      0   
  0.80   0.74   0.31   0.66      5      5      1   
  0.04   0.70   0.03   0.88      2      2      1   
  0.45   0.05   0.07   0.02      3      3      1   
  0.21   0.38   0.90   0.26    355     11      0   
  0.54   0.26   0.86   1.00    100     11      1   
  0.06   0.61   0.30   0.50      3      3      1   
  0.52   0.18   0.57   0.10      1      1      1   
  0.80   0.74   0.68   0.33      7      7      1   
  0.45   0.92   0.89   0.95      4      4      1   
  0.45   0.09   0.52   0.39      3      3      1   
  0.25   0.57   0.86   0.95     85      8      1   
  0.10   0.69   0.01   0.81      2      2      1   
  0.57   0.10   0.10   0.08      4      4      1   
  0.27   0.07   0.60   0.45      5      5      1   
  0.36   0.12   0.30   0.41     34      5      1   
  0.12   0.18   0.99   0.03    340     17      0   
  0.90   0.92   0.47   0.97      5      5      1   
  0.69   0.71   0.26   0.75      4      4      1   
  0.02   0.07   0.21   0.06      2      2      1   
  0.59   0.67   0.41   0.07      7      7      1   
  0.40   0.65   0.02   0.42      4      4      1   
  0.69   0.24   0.61   0.24      1      1      1   
  0.98   0.16   0.07   0.40     23     12      1   
  0.07   0.35   0.05   0.01    106      9      1   
  0.10   0.37   0.82   0.97    175     10      0   
  0.19   0.03   0.08   0.58    121      9      1   
  0.04   0.46   0.40   0.63      4      4      1   
  0.41   1.00   0.40   0.37      6      6      1   
  0.45   0.92   0.00   0.10    174     11      1   
  0.65   0.70   0.28   0.95      4      4      1   
  0.24   0.87   0.85   0.34      9      9      1   
  0.24   0.48   0.21   0.70      2      2      1   
  0.88   0.47   0.13   0.69      8      8      1   
  0.00   0.10   0.61   0.46      7      7      1   
  0.57   0.24   0.01   0.47      6      6      1   
  0.90   0.22   0.49   0.36     35     10      1   
  0.99   0.03   0.99   1.00     93     16      1   
  0.56   0.02   0.02   0.89     85      9      1   
  0.57   0.38   0.07   0.19    155      5      1   
  0.08   0.14   0.21   0.93     28     10      1   
  0.50   0.42   0.20   0.17     96      5      1   
  0.69   0.24   0.36   0.42      4      4      1   
  0.63   0.72   0.22   0.08     53      9      1   
  0.98   0.09   0.23   0.99     12     12      1   
  0.68   0.17   0.84   0.98    193     12      0   
  0.70   0.11   0.82   0.97     97     12      1   
  0.10   0.66   1.00   0.13    350     11      0   
  0.61   0.46   0.39   0.05      4      4      1   
  0.12   0.57   0.67   0.39      5      5      1   
  0.44   0.19   0.87   1.00     99     11      1   
  0.22   0.39   0.50   0.47      3      3      1   
  0.02   0.18   0.68   0.17      6      6      1   
  0.02   0.06   0.57   0.24      5      5      1   
  0.05   0.48   0.62   0.03      8      7      1   
  0.32   0.05   0.65   0.44      5      5      1   
  0.31   0.40   0.05   0.96      6      6      1   
  0.64   0.49   0.86   0.38    362      9      0   
  0.16   0.69   0.03   0.36      3      3      1   
  0.37   0.47   0.80   0.74     51      5      1   
  0.65   0.72   0.50   0.03      8      8      1   
  0.89   0.67   0.65   0.95     33      8      1   
  0.27   0.99   0.15   0.53      4      4      1   
  0.07   0.35   0.28   0.81      5      5      1   
  0.56   0.19   0.15   0.19      4      4      1   
  0.75   0.66   0.91   0.37      4      4      1   
  0.87   0.91   0.95   0.98      1      1      1   
  0.92   0.11   0.03   0.47     14     12      1   
  0.91   0.98   0.59   0.19     14     12      1   
  0.63   0.30   0.42   0.03      3      3      1   
  0.27   0.02   0.96   0.51     80     12      1   
  0.34   0.50   0.13   0.37      3      3      1   
  0.57   0.38   0.29   0.48      3      3      1   
  0.55   0.29   0.33   0.39      2      2      1   
  0.44   0.19   0.76   0.99    201     10      0   
  0.37   0.88   0.15   0.44      4      4      1   
  0.43   0.10   0.76   0.99    203     11      0   
  0.98   0.28   0.41   0.36     29     10      1   
  0.63   0.26   0.31   0.36      3      3      1   
  0.52   0.95   0.13   0.65      5      5      1   
  0.64   0.13   0.46   0.46      3      3      1   
  0.51   0.45   0.32   0.19     20      4      1   
  0.07   0.19   0.63   0.09      5      5      1   
  0.63   0.10   0.24   0.10      4      4      1   
  0.20   0.63   0.16   0.45      2      2      1   
  0.05   0.01   0.40   0.73     10     10      1   
  0.25   0.75   0.82   0.97      6      6      1   
  0.97   0.56   0.20   0.63      8      7      1   
  0.43   0.66   0.36   0.42      2      2      1   
  0.62   0.10   0.05   0.01      5      5      1   
  0.91   0.98   0.93   0.58     75     11      1   
  0.77   0.98   0.14   0.01     78     13      1   
  0.29   0.03   0.03   0.08      3      3      1   
  0.38   0.76   0.50   0.74      1      1      1   
  0.66   0.37   0.00   0.93     32      8      1   
  0.04   0.69   0.43   0.10      8      8      1   
  0.30   0.81   0.60   0.45      5      5      1   
  0.16   0.58   0.85   0.97     87      8      1   
  0.59   0.68   0.29   0.48      4      4      1   
  0.83   0.91   0.86   0.55     59     10      0   
  0.16   0.06   0.05   0.04      1      1      1   
  0.27   0.80   0.62   0.95      4      4      1   
  0.07   0.43   0.44   0.44      3      3      1   
  0.45   0.50   0.68   0.33      3      3      1   
  0.07   0.01   0.65   0.16      5      5      1   
  0.93   0.33   0.82   0.97     79     13      1   
  0.37   0.43   0.29   0.04     10      5      1   
  0.30   0.07   0.87   0.91    210     13      0   
  0.19   0.03   0.50   0.74      9      8      1   
  0.05   0.96   0.63   0.43      8      8      1   
  0.16   0.45   0.43   0.14      6      6      1   
  0.85   0.23   0.66   0.68      6      6      1   
  0.38   0.74   0.97   0.99    168      7      0   
  0.24   0.65   0.53   0.15      5      5      1   
  0.16   0.69   0.24   0.10     40      8      1   
  0.29   0.44   0.23   0.91      4      4      1   
  0.42   0.03   0.12   0.01      3      3      1   
  0.22   0.55   0.53   0.21      5      5      1   
  0.52   0.72   0.96   0.69      4      4      1   
  0.31   0.08   0.38   0.72      9      7      1   
  0.40   0.18   0.44   0.69      7      6      1   
  0.27   0.15   0.36   0.83      8      8      1   
  0.03   0.16   0.51   0.21      4      4      1   
  0.04   0.46   0.27   0.64      3      3      1   
  0.64   0.21   0.15   0.19      4      4      1   
  0.85   0.74   0.35   0.10     17      9      1   
  0.58   0.13   0.01   0.47    157      7      1   
  0.65   0.24   0.89   0.67     57      8      1   
  0.97   0.56   0.25   0.89      7      7      1   
  0.31   0.36   0.16   0.40      2      2      1   
  0.12   0.37   0.66   0.17      6      6      1   
  0.35   0.76   0.07   0.38      5      4      1   
  0.07   0.48   0.69   0.22      7      6      1   
  0.66   0.93   0.26   0.47      7      7      1   
  0.78   0.90   0.85   0.74     72     10      1   
  0.50   0.07   0.02   0.57    138      7      1   
  0.39   0.16   0.69   0.41      4      4      1   
  0.43   0.09   0.63   0.38      3      3      1   
  0.82   0.95   0.31   0.71      6      6      1   
  0.66   0.71   0.01   0.46      6      6      1   
  0.95   0.27   0.33   0.11     75     13      0   
  0.40   0.42   0.85   0.94    102      9      1   
  0.20   0.17   0.06   0.60    110      8      1   
  0.45   0.05   0.61   0.46      4      4      1   
  0.58   0.07   0.97   0.13    343     14      0   
  0.87   0.68   0.32   0.45      6      6      1   
  1.00   0.35   0.86   0.05      3      3      1   
  0.99   0.29   0.08   0.47     12     10      1   
  1.00   0.92   0.00   0.83     11     10      1   
  1.00   0.05   0.41   0.36     34     12      1   
  0.30   0.50   0.83   0.94    176      8      0   
  0.41   0.48   0.13   0.50      3      3      1   
  0.85   0.94   0.90   0.48     64     11      0   
  0.31   0.42   0.99   0.03    343     11      0   
  0.38   0.55   0.48   0.72      2      2      1   
  0.08   0.59   0.04   0.05    129     10      1   
  0.24   0.67   0.88   0.73      6      6      1   
  0.42   0.05   0.99   0.64     62     10      1   
  0.67   0.25   0.03   0.86     14      8      1   
  0.05   0.00   0.31   0.71     16      9      1   
  0.25   1.00   0.01   0.81      5      5      1   
  0.12   0.15   0.15   0.65     61      9      1   
  0.09   0.14   0.63   0.66     35      9      1   
  0.35   0.44   0.90   0.92    178     10      0   
  0.50   0.07   0.02   0.08      4      4      1   
  0.55   0.50   0.01   0.80      6      6      1   
  0.12   0.18   0.86   0.92    119     14      1   
  0.12   0.15   0.07   0.35    179      8      1   
  0.11   0.19   0.52   0.39      5      5      1   
  0.39   0.18   0.88   0.99    209     12      0   
  0.94   0.93   0.17   0.61      9      9      1   
  0.05   0.01   0.44   0.41      7      7      1   
  0.01   0.14   0.32   0.05      3      3      1   
  0.27   0.64   0.66   0.93     39      6      1   
  0.99   0.72   0.94   0.50      2      2      1   
  0.16   0.58   0.30   0.19     36      7      1   
  0.46   0.19   0.97   0.56     90     10      1   
  0.33   0.04   0.03   0.36    189      8      1   
  0.47   0.72   0.60   0.70      1      1      1   
  0.87   0.38   0.32   0.05     73     13      0   
  0.89   0.67   0.97   0.96     86     11      1   
  0.29   0.65   0.73   0.99    189      6      0   
  0.64   0.91   0.51   0.21      9      9      1   
  0.19   0.54   0.60   0.70      4      4      1   
  0.32   0.55   0.06   0.52      3      3      1   
  0.98   0.28   0.40   0.14     85     13      0   
  0.66   0.08   0.90   0.93    207     13      0   
  0.03   0.08   0.89   0.67     76     12      1   
  0.68   0.17   0.69   0.06      1      1      1   
  0.27   0.16   0.28   0.03      2      2      1   
  0.26   0.71   0.32   0.79      1      1      1   
  0.15   0.44   0.27   0.64      2      2      1   
  0.26   0.71   1.00   0.05    343     11      0   
  0.49   0.36   0.94   0.98    120     11      1   
  0.20   0.48   0.19   0.43      1      1      1   
  0.38   0.76   0.27   0.81      1      1      1   
  0.26   0.05   0.30   0.81     16      8      1   
  0.79   0.71   0.00   0.85     13      8      1   
  0.53   0.21   0.88   0.45    119     10      1   
  0.83   0.97   0.42   0.13     14     12      1   
  0.05   0.82   0.55   0.48      6      6      1   
  0.02   0.87   0.18   0.46      4      4      1   
  0.14   0.56   0.01   0.46      2      2      1   
  0.22   0.39   0.49   0.50      3      3      1   
  0.25   1.00   0.03   0.16    164     11      1   
  0.72   0.99   0.98   0.28     64     12      0   
  0.09   0.64   0.82   0.69      7      7      1   
  0.86   0.67   0.07   0.52      7      7      1   
  0.07   0.48   0.91   0.94     88     10      1   
  0.32   0.05   0.52   0.35      4      4      1   
  0.89   0.47   0.42   0.96      8      8      1   
  0.29   0.17   0.41   0.64      6      6      1   
  0.23   0.10   0.93   0.60     63     11      1   
  0.12   0.43   0.00   0.83      4      4      1   
  0.34   0.98   0.19   0.51      4      4      1   
  0.01   0.14   0.55   0.48      7      7      1   
  0.39   0.08   0.33   0.00      1      1      1   
  0.04   0.10   0.69   0.71     26     11      1   
  0.51   0.25   0.26   0.75      5      5      1   
  0.14   0.58   0.59   0.65      5      5      1   
  0.45   0.48   0.23   0.81      4      4      1   
  0.62   0.10   0.44   0.53      4      4      1   
  0.34   0.59   0.27   0.86      3      3      1   
  0.26   0.14   0.14   0.01      2      2      1   
  0.47   0.97   0.05   0.04    129     12      1   
  0.47   0.01   0.38   0.94      8      8      1   
  0.97   0.98   0.49   0.49     11     10      1   
  0.09   0.14   0.88   0.96    117     14      1   
  0.86   0.26   0.03   0.08     70     16      0   
  1.00   0.13   0.78   0.90     69     14      1   
  0.25   0.95   0.12   0.05     91     10      1   
  0.03   0.01   0.40   0.65      9      9      1   
  0.53   0.21   0.32   0.02      3      3      1   
  0.66   0.68   0.90   0.08      8      7      1   
  0.02   0.89   0.96   0.35    158     12      1   
  0.27   0.04   0.09   0.64    101      8      1   
  0.69   0.22   0.02   0.41    164      7      1   
  0.85   0.23   0.15   0.19    178     15      1   
  0.22   0.18   0.94   0.10    236     15      1   
  0.38   0.74   0.67   0.13      6      6      1   
  0.30   0.50   0.01   0.54      3      3      1   
  0.16   0.65   0.28   0.03     19      8      1   
  0.79   0.99   0.41   0.07     13     12      1   
  0.23   0.84   0.19   0.49      3      3      1   
  0.36   0.81   0.32   0.05      9      8      1   
  0.25   0.57   0.54   0.10      5      5      1   
  0.83   0.91   0.94   0.10     70     14      1   
  0.87   0.10   0.05   0.06     79     17      0   
  0.44   0.53   0.33   0.90      4      4      1   
  0.74   0.95   0.02   0.06    151     14      1   
  0.87   0.34   0.23   0.99      9      9      1   
  0.46   0.13   0.40   0.63      5      5      1   
  0.06   0.52   0.45   0.11      7      7      1   
  0.59   0.21   0.97   0.96    204     12      0   
  0.31   0.42   0.47   0.97      6      6      1   
  0.80   0.72   0.86   0.95     80      9      1   
  0.60   0.17   0.23   0.54      5      5      1   
  0.08   0.47   0.45   0.05      7      6      1   
  0.13   0.69   0.21   0.06     56      9      1   
  0.09   0.35   0.00   0.15    163      9      1   
  0.32   0.05   0.27   0.99     18     10      1   
  0.97   0.17   0.57   0.27     77     12      0   
  0.03   0.39   0.89   0.47    112     10      1   
  0.61   0.24   0.65   0.42      2      2      1   
  0.39   0.05   0.97   0.63     62     10      1   
  0.62   0.10   0.69   0.50      4      4      1   
  0.05   0.53   0.49   0.13      6      6      1   
  0.85   0.73   0.94   0.50      3      3      1   
  0.14   0.06   0.48   0.11      3      3      1   
  0.04   0.65   0.94   0.98      9      9      1   
  0.07   0.01   0.79   0.98    204     15      0   
  0.58   0.23   0.14   0.06      4      4      1   
  0.42   0.05   0.50   0.42      4      4      1   
  0.00   0.56   0.52   0.18      7      6      1   
  0.05   0.08   0.55   0.27      5      5      1   
  0.05   0.01   0.21   0.09      2      2      1   
  0.77   0.98   0.88   0.70     49      9      0   
  0.21   0.73   0.09   0.04    120      9      1   
  0.69   0.17   0.90   0.93    206     13      0   
  0.06   0.61   0.32   0.45      3      3      1   
  0.68   0.17   0.03   0.86      9      9      1   
  0.56   0.32   0.01   0.46      5      5      1   
  0.88   0.70   0.85   0.73      1      1      1   
  0.64   0.21   0.54   0.27      1      1      1   
  0.23   0.84   0.45   0.11      8      8      1   
  0.27   0.80   0.96   0.26      9      9      1   
  0.63   0.38   0.19   0.37      4      4      1   
  0.51   0.01   0.94   0.14    340     14      0   
  0.93   0.33   0.02   0.57     12     11      1   
