  0.27   0.86   0.40   0.65      3      3      1   
  0.66   0.08   0.38   0.76      7      7      1   
  0.61   0.28   0.36   0.80      6      6      1   
  0.42   0.54   0.01   0.81      5      5      1   
  0.31   0.79   0.44   0.41      4      4      1   
  0.59   0.03   0.29   0.65      6      6      1   
  0.91   0.25   0.00   0.57     13     12      1   
  0.30   0.79   0.03   0.01     54     11      1   
  0.24   0.46   0.30   0.74      3      3      1   
  0.29   0.11   0.25   0.75     26      8      1   
  0.44   0.35   0.96   0.26    170     11      0   
  1.00   0.09   0.33   0.04     75     17      1   
  0.62   0.95   0.24   0.87      4      4      1   
  0.40   0.42   0.43   0.10      4      4      1   
  0.64   0.49   0.89   0.75     30      7      1   
  0.62   0.26   0.16   0.70      6      6      1   
  0.39   0.02   0.63   0.38      4      4      1   
  0.38   0.14   0.04   0.70     67      8      1   
  0.27   0.87   0.39   0.94      2      2      1   
  0.53   0.21   0.97   0.96     71     13      1   
  0.26   0.42   0.31   0.43      1      1      1   
  0.57   0.72   0.13   0.07     43     10      1   
  0.61   0.93   0.85   0.40     34     10      0   
  0.11   0.20   0.83   0.69     32     13      1   
  0.11   0.49   0.37   0.49      3      3      1   
  0.16   0.19   0.95   0.72     37     13      1   
  0.27   0.80   0.99   0.71      7      7      1   
  0.96   0.02   0.32   0.35     36     13      1   
  0.66   0.17   0.44   0.14      2      2      1   
  0.62   0.26   0.03   0.01      6      6      1   
  0.93   0.58   0.43   0.10     64     11      1   
  0.07   0.08   0.63   0.43      7      7      1   
  0.18   0.19   0.98   0.60    190     13      0   
  0.38   0.55   0.38   0.74      2      2      1   
  0.86   0.38   0.01   0.47     13     11      1   
  0.20   0.13   0.47   0.97     12     12      1   
  0.97   0.58   0.97   0.45      1      1      1   
  0.50   0.15   0.46   0.40      3      3      1   
  0.16   0.70   0.27   0.64      1      1      1   
  0.98   0.49   0.45   0.71      6      6      1   
  0.21   0.70   0.62   0.46      5      5      1   
  0.44   0.41   0.34   0.65      3      3      1   
  0.13   0.03   0.45   0.08      3      3      1   
  0.51   0.45   0.97   0.58     50      8      1   
  0.12   0.01   0.22   0.80     50     11      1   
  0.58   0.07   0.30   0.74      7      7      1   
  0.20   0.68   0.16   0.15     43      9      1   
  0.16   0.70   0.90   0.48      8      8      1   
  0.97   0.56   0.88   0.96     44     11      1   
  0.53   0.22   0.05   0.14      5      5      1   
  0.39   0.02   0.87   0.10    171     16      0   
  0.38   0.76   0.58   0.39      4      4      1   
  0.44   0.35   0.25   0.75      4      4      1   
  0.90   0.64   0.89   0.47      2      2      1   
  0.57   0.24   0.09   0.16      5      5      1   
  0.10   0.49   0.99   0.72      8      8      1   
  0.59   0.65   0.24   0.48      4      4      1   
  0.41   0.36   0.22   0.80      5      5      1   
  0.87   0.91   0.38   0.55      9      8      1   
  0.24   0.67   0.41   0.07      7      7      1   
  0.27   0.02   0.27   0.80     44      9      1   
  0.15   0.12   0.32   0.35     24      6      1   
  0.45   0.71   0.69   0.24     50      6      0   
  0.83   0.96   0.75   0.66     37      9      0   
  0.53   0.21   0.94   0.01    132     15      1   
  0.35   0.10   0.33   0.68     31      8      1   
  0.30   0.39   0.94   0.59    192      8      0   
  0.19   0.20   0.45   0.71      9      9      1   
  0.70   0.05   0.45   0.63      6      6      1   
  0.00   0.15   0.59   0.65     12     11      1   
  0.40   0.42   0.39   0.08      5      4      1   
  0.50   0.11   0.45   0.71      7      7      1   
  0.22   0.80   0.22   0.40      4      4      1   
  0.61   0.07   0.31   0.42      5      5      1   
  0.64   0.31   0.04   0.46      7      6      1   
  0.53   0.75   0.37   0.99      4      4      1   
  0.82   0.97   0.53   0.21     13     12      1   
  0.27   0.80   0.31   0.42      4      4      1   
  0.27   0.16   0.33   0.00      2      2      1   
  0.96   0.35   0.90   0.22      2      2      1   
  0.86   0.98   0.44   0.41     10      9      1   
  0.43   0.65   0.27   0.87      3      3      1   
  0.79   0.95   0.13   0.37     10     10      1   
  0.08   0.03   0.44   0.66     10      9      1   
  0.47   0.02   0.93   0.46    185     12      0   
  0.38   0.06   0.60   0.42      4      4      1   
  0.28   0.03   0.32   0.55     34      6      1   
  0.95   0.72   0.04   0.46      9      9      1   
  0.94   0.10   1.00   0.92     91     15      0   
  0.42   0.46   0.09   0.04     40      7      1   
  0.44   0.66   0.43   0.44      2      2      1   
  0.27   0.16   0.89   0.95     73     14      1   
  0.61   0.93   0.46   0.13     16     11      1   
  0.57   0.49   0.09   0.08     67      7      1   
  0.02   0.61   0.42   0.05      9      8      1   
  0.86   0.98   0.87   1.00      1      1      1   
  0.94   0.65   0.90   0.26      4      4      1   
  0.96   0.51   0.29   0.65      7      7      1   
  0.16   0.15   0.84   0.98     63     15      1   
  0.87   0.38   0.94   0.59      2      2      1   
  0.01   0.46   0.23   0.42      2      2      1   
  0.32   0.38   0.43   0.01      5      5      1   
  0.22   0.66   0.32   0.38      3      3      1   
  0.94   0.65   0.15   0.12     55     13      1   
  0.38   0.76   0.70   0.05      8      7      1   
  0.44   0.53   0.16   0.65      3      3      1   
  0.46   0.13   0.40   0.73      7      7      1   
  0.58   0.23   0.28   0.85      7      7      1   
  0.18   0.19   0.95   0.98     79     16      1   
  0.32   0.02   0.87   0.97    113     14      0   
  0.80   0.74   0.36   0.97      6      6      1   
  0.11   0.49   0.45   0.05      7      6      1   
  0.57   0.27   0.34   0.65      4      4      1   
  0.55   0.04   0.87   1.00    117     13      0   
  0.44   0.66   0.97   0.17    176      9      0   
  0.32   0.35   0.44   0.66      3      3      1   
  0.93   0.24   0.94   0.93     46     14      1   
  0.86   0.95   0.40   0.65      7      7      1   
  0.52   0.95   0.36   0.85      2      2      1   
  0.61   0.07   0.99   0.01    132     16      1   
  0.62   0.43   0.49   0.50      2      2      1   
  0.91   0.25   0.52   0.39     27     11      1   
  0.15   0.44   0.39   0.02      8      7      1   
  0.75   0.66   0.00   0.52      7      7      1   
  0.82   0.97   0.94   0.59     45     11      1   
  0.79   0.71   0.86   0.95     37      9      1   
  0.54   0.10   0.38   0.74      7      7      1   
  0.97   0.63   0.67   0.15     72     10      1   
  0.15   0.62   0.99   0.29    187     10      0   
  0.96   0.01   0.45   0.05     71     16      1   
  0.54   0.10   0.44   0.35      3      3      1   
  0.44   0.44   0.00   0.85      6      6      1   
  0.55   0.23   0.51   0.65      6      6      1   
  0.24   0.48   0.33   0.00      7      6      1   
  0.47   0.02   0.22   0.55     50      6      1   
  0.28   0.81   0.42   0.46      4      4      1   
  0.57   0.72   0.00   0.57      6      5      1   
  0.16   0.70   0.45   0.08      7      7      1   
  0.04   0.65   0.93   0.60      8      8      1   
  0.92   0.57   0.16   0.58      8      7      1   
  0.22   0.80   0.87   0.38      9      9      1   
  0.53   0.21   0.99   0.29     92     13      1   
  0.00   0.57   0.24   0.87      4      4      1   
  0.88   0.18   0.61   0.12     69     15      1   
  0.33   0.60   0.39   0.08      7      6      1   
  0.96   0.51   0.45   0.63      6      6      1   
  0.56   0.19   0.93   0.04    126     15      1   
  0.57   0.72   0.99   0.01      9      9      1   
  0.99   0.01   0.68   0.42     61     14      1   
  0.34   0.59   0.03   0.88     11      5      1   
  0.98   0.16   0.40   0.56     11     10      1   
  0.38   0.06   0.64   0.49      5      5      1   
  0.54   0.10   0.69   0.17      2      2      1   
  0.61   0.21   0.14   0.55      5      5      1   
  0.08   0.60   0.02   0.18     66     11      1   
  0.41   0.07   0.96   0.35    182     13      0   
  0.64   0.13   0.24   0.87      8      8      1   
  0.88   0.96   0.07   0.08     60     16      1   
  0.65   0.95   0.33   0.47      7      7      1   
  0.44   0.41   0.02   0.61      4      4      1   
  0.45   0.71   0.34   0.58      2      2      1   
  0.05   0.36   0.27   0.53      3      3      1   
  0.06   0.52   0.56   0.19      6      6      1   
  0.67   0.25   0.22   0.08      5      5      1   
  0.09   0.14   0.12   0.15      1      1      1   
  0.24   0.18   0.62   0.10      4      4      1   
  0.97   0.63   0.95   0.94     44     12      1   
  0.99   0.01   0.47   0.01     33     17      0   
  0.14   0.53   0.00   0.93      4      4      1   
  0.97   0.99   0.99   0.01     37     16      0   
  0.77   1.00   0.92   0.15     35     13      0   
  0.89   0.75   0.04   0.65      7      7      1   
  0.30   0.79   0.88   0.17    178     10      0   
  0.32   0.76   0.19   0.51      3      3      1   
  0.34   0.65   0.56   0.05      6      6      1   
  0.33   0.47   0.85   0.23    102     10      1   
  0.56   0.32   0.00   0.65      6      6      1   
  0.45   0.71   0.15   0.12     51      9      1   
  0.89   0.47   0.34   0.98      8      8      1   
  0.57   0.49   0.11   0.49      4      4      1   
  0.01   0.47   0.38   0.76      4      4      1   
  0.34   0.58   0.54   0.17      5      5      1   
  0.87   0.38   0.31   0.79      8      8      1   
  0.45   0.71   0.52   0.70      1      1      1   
  0.22   0.98   0.18   0.53      4      4      1   
  0.50   0.11   0.27   0.80      8      8      1   
  0.87   0.38   0.99   0.71      3      3      1   
  0.93   0.26   0.68   0.42     53     12      1   
  0.93   0.60   0.53   0.22     45     10      0   
  0.22   0.03   0.63   0.66     23     10      1   
  0.33   0.47   0.41   0.07      5      5      1   
  0.98   0.28   0.19   0.03     46     16      0   
  0.38   0.94   0.97   0.58     39      7      0   
  0.99   0.72   0.44   0.66      5      5      1   
  0.33   0.04   0.63   0.43      5      5      1   
  0.12   0.15   0.42   0.46      7      6      1   
  0.79   0.71   0.53   0.21      9      8      1   
  0.48   0.11   0.46   0.13      1      1      1   
  0.16   0.70   0.55   0.23      6      6      1   
  0.53   0.21   0.03   0.86      9      9      1   
  0.93   0.24   0.15   0.53     12     11      1   
  0.75   0.96   0.29   0.85      5      5      1   
  0.58   0.26   0.63   0.38      2      2      1   
  0.79   0.71   0.39   0.05     12     10      1   
  0.04   0.10   0.94   0.14     79     18      0   
  0.30   0.19   0.15   0.65     53      8      1   
  1.00   0.13   0.16   0.70     12     11      1   
  0.17   0.14   0.24   0.67     54      9      1   
  0.40   0.81   0.69   0.17     55      7      0   
  0.16   0.40   0.38   0.13      7      6      1   
  0.34   0.98   0.94   0.93      6      6      1   
  0.86   0.95   0.58   0.07     14     13      1   
  0.61   0.12   0.94   0.14     74     15      0   
  0.21   0.70   0.50   0.06      7      7      1   
  0.45   0.71   0.95   0.98     44      7      1   
  0.08   0.60   0.24   0.46      2      2      1   
  0.52   0.70   0.31   0.42      4      4      1   
  0.16   0.70   0.02   0.57      2      2      1   
  0.48   0.11   0.34   0.98      9      9      1   
  0.02   0.42   0.08   0.60      2      2      1   
  0.04   0.65   0.63   0.66      5      5      1   
  0.95   0.94   0.89   0.95      1      1      1   
  0.92   0.57   0.33   0.04     64     12      1   
  0.65   0.24   0.93   0.95     69     13      1   
  0.98   0.28   0.15   0.19    108     16      1   
  0.94   0.65   0.49   0.49      7      7      1   
  0.37   0.99   0.64   0.92      3      3      1   
  0.34   0.65   0.75   0.96     97      6      0   
  0.88   0.68   0.79   0.99     96     10      0   
  0.96   0.51   0.58   0.26     48     10      0   
  0.69   0.24   0.12   0.57      6      6      1   
  0.13   0.37   0.06   0.61      2      2      1   
  0.38   0.13   0.99   0.29    186     14      0   
  0.61   0.24   0.01   0.88      9      9      1   
  0.70   0.05   0.52   0.18      2      2      1   
  0.86   0.95   0.93   0.46     44     11      1   
  0.13   0.37   0.93   0.46     73     10      1   
  0.61   0.12   0.31   0.43      5      5      1   
  0.86   0.69   0.58   0.07     11     10      1   
  0.43   0.44   0.04   0.70      4      4      1   
  0.29   0.11   0.44   0.35      8      5      1   
  0.25   1.00   0.96   0.02    178     13      0   
  0.87   0.97   0.37   0.49     10      9      1   
  0.99   0.38   0.11   0.12     47     15      0   
  0.08   0.60   0.25   0.75      2      2      1   
  0.13   0.07   0.96   0.45     71     15      1   
  0.31   0.08   0.00   0.65     79      9      1   
  0.32   0.55   0.88   0.68     29      5      1   
  0.66   0.17   0.63   0.66     17      7      1   
  0.87   0.91   0.96   0.45     37     12      0   
  0.99   0.29   0.32   0.83      9      9      1   
  0.34   0.58   0.43   0.01      7      7      1   
  0.02   0.87   0.57   0.49      7      7      1   
  0.20   0.11   0.22   0.55     47      8      1   
  0.06   0.61   1.00   0.13    176     12      0   
  0.93   0.59   0.93   0.56      1      1      1   
  0.16   0.70   0.58   0.07      7      7      1   
  0.90   0.26   0.05   0.41     36     12      1   
  0.16   0.70   0.16   0.15     38      9      1   
  0.88   0.68   0.64   0.21     61      9      1   
  0.31   0.42   0.70   0.05      6      6      1   
  0.95   0.26   0.93   0.59      3      3      1   
  0.02   0.87   0.56   0.02     11     11      1   
  0.03   0.14   0.32   0.76     36     10      1   
  0.93   0.24   0.96   0.51      3      3      1   
  0.23   0.42   0.47   0.02      6      6      1   
  0.76   0.67   0.28   0.03     21     10      1   
  0.43   0.66   0.45   0.63      1      1      1   
  0.36   0.97   0.98   0.29     10     10      1   
  0.25   0.75   0.12   0.05     40     10      1   
  0.29   0.11   0.87   0.10    171     16      0   
  0.36   0.97   0.08   0.60      5      4      1   
  0.08   0.60   0.10   0.11     76     10      1   
  0.94   0.23   0.47   0.01     72     15      1   
  0.88   0.99   0.55   0.04     14     13      1   
  0.03   0.14   0.69   0.24      6      6      1   
  0.12   0.05   0.62   0.26      5      5      1   
  0.03   0.14   0.86   0.38    182     16      0   
  0.43   0.66   0.13   0.69      3      3      1   
  0.65   0.16   0.63   0.94     24     10      1   
  0.23   0.42   0.87   0.10    174     12      0   
  0.31   0.79   0.99   0.01    133     11      1   
  0.24   0.18   0.70   0.68     26     11      1   
  0.36   0.97   0.82   0.97      5      5      1   
  0.56   0.16   0.63   0.66     17      7      1   
  0.02   0.61   0.11   0.02     41     11      1   
  0.41   0.36   0.51   0.19      3      3      1   
  0.63   0.66   0.32   0.76      3      3      1   
  0.85   0.23   0.86   0.38      2      2      1   
  0.27   0.02   0.09   0.04      2      2      1   
  0.38   0.13   0.36   0.36     14      4      1   
  0.99   0.38   0.01   0.20     52     16      0   
  0.58   0.26   0.42   0.46      3      3      1   
  0.09   0.35   0.30   0.19     34      7      1   
  0.39   0.94   0.99   0.72     39      7      0   
  0.56   0.20   0.02   0.08      5      5      1   
  0.98   0.16   0.37   0.99     11     11      1   
  0.03   0.86   0.02   0.08     70     13      1   
  0.87   0.97   0.62   0.95      3      3      1   
  0.04   0.65   0.17   0.14     62     10      1   
  0.78   0.92   0.88   0.68     32     10      0   
  0.48   0.72   0.38   0.14      8      7      1   
  0.97   0.96   0.95   0.98      1      1      1   
  0.56   0.06   0.96   0.26    170     14      0   
  0.86   0.55   0.86   0.26      3      3      1   
  0.85   0.40   0.11   0.66     12     10      1   
  0.00   0.93   0.00   0.65      3      3      1   
  0.70   0.45   0.89   0.47    191     10      0   
  0.09   0.16   0.93   0.56    190     15      0   
  0.56   0.06   0.24   0.10      3      3      1   
  0.44   0.44   0.56   0.32      2      2      1   
  0.40   0.63   0.32   0.79      2      2      1   
  0.98   0.49   0.02   0.42     10     10      1   
  0.80   0.74   0.25   0.10     23     11      1   
  0.87   0.69   0.25   0.75      6      6      1   
  0.14   0.56   0.27   0.02     18      8      1   
  0.10   0.49   0.07   0.08     60     10      1   
  0.02   0.18   0.78   0.92    118     16      0   
  0.56   0.20   0.05   0.16      5      5      1   
  0.75   0.66   0.24   0.48      5      5      1   
  0.34   0.98   0.15   0.62      4      4      1   
  0.32   0.55   0.68   0.17      5      5      1   
  0.22   0.39   0.58   0.39      4      4      1   
  0.27   0.02   0.55   0.23      3      3      1   
  0.58   0.26   0.15   0.65      6      6      1   
  0.70   0.45   0.32   0.02      5      5      1   
  0.01   0.81   0.96   0.26    182     12      0   
  0.27   0.64   0.09   0.01     44      9      1   
  0.36   0.43   0.46   0.40      1      1      1   
  0.80   0.72   0.31   0.79      5      5      1   
  0.09   0.19   0.68   0.17      5      5      1   
  0.07   0.35   0.09   0.14     68      9      1   
  0.61   0.21   0.95   0.94     70     13      1   
  0.45   0.48   0.20   0.68      3      3      1   
  0.43   0.66   0.61   0.21      5      5      1   
  0.04   0.70   0.64   0.49      6      6      1   
  0.86   0.38   0.38   0.94      8      8      1   
  0.33   0.00   0.52   0.95     17     11      1   
  0.79   0.95   0.45   0.48      9      9      1   
  0.61   0.12   0.63   0.43      3      3      1   
  0.03   0.19   0.48   0.41      8      7      1   
  0.62   0.44   0.01   0.37      6      6      1   
  0.96   0.08   0.49   0.36     43     13      1   
  0.27   0.86   0.43   0.01     10      9      1   
  0.36   0.85   0.12   0.18     51     10      1   
  0.97   0.56   0.99   0.38      2      2      1   
  0.38   0.13   0.25   0.74     26      7      1   
  0.16   0.70   0.22   0.55      2      2      1   
  0.78   0.92   0.86   0.95      1      1      1   
  0.12   0.01   0.38   0.13      3      3      1   
  0.88   0.68   0.89   0.47      2      2      1   
  1.00   0.09   0.15   0.65     13     12      1   
  0.23   0.13   0.01   0.46     68      9      0   
  0.99   0.72   0.54   0.69      4      4      1   
  0.21   0.70   0.38   0.13      8      7      1   
  0.70   0.45   0.35   0.66      5      5      1   
  0.27   0.80   0.19   0.03     47     10      1   
  0.31   0.42   0.97   0.99     72     10      1   
  0.30   0.39   0.18   0.53      2      2      1   
  0.16   0.65   0.44   0.66      3      3      1   
  0.38   0.65   0.27   0.87      2      2      1   
  0.55   0.23   0.47   0.97     11      9      1   
  0.59   0.07   0.19   0.43     80      6      0   
  0.18   0.19   0.27   0.18      1      1      1   
  0.56   0.05   0.44   0.44      4      4      1   
  0.33   0.60   0.94   0.93     50      9      1   
  0.28   0.03   0.97   0.63    190     12      0   
  0.60   0.42   1.00   0.05    120     13      1   
  0.95   0.94   0.09   0.01     53     17      1   
  0.67   0.25   0.96   0.08    126     15      1   
  0.96   0.45   0.46   0.13     50     13      0   
  0.97   0.45   0.82   0.97     93     12      0   
  0.90   0.48   0.26   0.05     74     13      1   
  0.29   0.85   0.79   0.99      6      6      1   
  0.03   0.08   0.55   0.04      5      5      1   
  0.31   0.43   0.93   0.46    191      8      0   
  0.97   0.45   0.19   0.51     13      9      1   
  0.94   0.14   0.57   0.24     46     14      0   
  0.86   0.98   0.70   0.99      2      2      1   
  0.44   0.69   0.35   0.03     12      8      1   
  0.37   0.99   0.25   0.74      3      3      1   
  0.23   0.13   0.16   0.40     81      8      1   
  0.01   0.20   0.22   0.98     55     12      1   
  0.44   0.35   0.34   0.98      6      6      1   
  0.58   0.26   0.86   0.26    179     12      0   
  0.41   0.68   0.44   0.35      3      3      1   
  0.30   0.79   0.34   0.59      2      2      1   
  0.36   0.12   0.96   0.02    129     16      1   
  0.99   0.01   0.98   0.06      1      1      1   
  0.05   0.41   0.64   0.31      6      6      1   
  0.27   0.87   0.65   0.95      4      4      1   
  0.36   0.80   0.35   0.10     14      8      1   
  0.19   0.37   0.16   0.40      1      1      1   
  0.31   0.42   0.47   0.97      6      6      1   
  0.03   0.19   0.98   0.49     64     15      1   
  0.85   0.04   0.52   0.70      9      9      1   
  0.93   0.24   0.25   0.95     10     10      1   
  0.44   0.35   0.19   0.51      3      3      1   
  0.13   0.57   0.15   0.44      2      2      1   
  0.33   0.00   0.59   0.68     13      9      1   
  0.93   0.60   0.93   0.71      1      1      1   
  0.59   0.03   0.49   0.50      4      4      1   
  0.44   0.35   0.31   0.43      2      2      1   
  0.63   0.26   0.87   0.10    173     14      0   
  0.12   0.05   0.38   0.14      3      3      1   
  0.33   0.68   0.93   0.59      6      6      1   
  0.69   0.24   0.44   0.02      3      3      1   
  0.50   0.06   0.79   0.71     28      9      1   
  0.93   0.59   0.61   0.93     15      9      1   
  0.39   0.05   0.70   0.68     25     10      1   
  0.13   0.69   0.57   0.27      6      6      1   
  0.42   0.46   0.38   0.13      6      4      1   
  0.43   0.44   0.96   0.01    130     12      1   
  0.05   0.36   0.50   0.15      6      6      1   
  0.93   0.27   0.27   0.16     49     15      0   
  0.77   1.00   0.48   0.41     10      9      1   
  0.51   0.65   0.99   0.38      6      6      1   
  0.93   0.59   0.04   0.46     10      9      1   
  0.04   0.65   0.05   0.14     70     11      1   
  0.09   0.01   0.08   0.03      1      1      1   
  0.63   0.66   0.98   0.49      4      4      1   
  0.65   0.24   0.12   0.67      6      6      1   
  0.96   0.02   0.20   0.48     18     13      1   
  0.87   1.00   0.93   0.60     37     10      0   
  0.97   0.58   0.09   0.01     45     15      0   
  0.05   0.16   0.03   0.19      1      1      1   
  0.12   0.15   0.50   0.03      4      4      1   
  0.32   0.55   0.24   0.76      2      2      1   
  0.96   0.02   0.99   0.34      3      3      1   
  0.61   0.24   0.77   1.00    108     11      0   
  0.95   0.26   0.12   0.67     12     11      1   
  0.10   0.11   0.16   0.70     28      9      1   
  0.89   0.75   0.86   0.69      1      1      1   
  0.93   0.33   0.38   0.14     42     14      0   
  0.09   0.04   0.86   0.95     60     16      1   
  0.09   0.04   0.55   0.27      5      5      1   
  1.00   0.05   0.99   0.72      6      6      1   
  0.43   0.92   0.99   0.49     38      7      0   
  0.55   0.15   0.08   0.03      5      5      1   
  0.55   0.04   0.10   0.49     77      7      0   
  0.69   0.17   0.48   0.72      6      6      1   
  0.93   0.27   0.47   0.06     68     14      1   
  0.35   0.03   0.14   0.56     72      7      1   
  0.74   0.95   0.02   0.42      9      9      1   
  0.57   0.49   0.83   0.96    111     10      0   
  0.93   0.95   0.04   0.65      9      9      1   
  0.14   0.06   0.12   0.15      1      1      1   
  0.11   0.45   0.24   0.48      1      1      1   
  0.30   0.74   0.24   0.48      3      3      1   
  0.02   0.61   0.37   0.49      4      4      1   
  0.59   0.68   0.45   0.09      8      8      1   
  0.14   0.56   0.00   0.15     71     10      1   
  1.00   0.09   0.14   0.55     14     13      1   
  0.50   0.47   0.31   0.43      2      2      1   
  0.27   0.64   0.63   0.94     17      5      1   
  0.46   0.97   0.41   0.07     10     10      1   
  0.99   0.38   0.36   0.43     18      9      1   
  0.19   0.51   0.01   0.11     99     10      1   
  0.38   0.74   0.14   0.55      3      3      1   
  0.24   0.10   0.25   0.74     46      8      1   
  0.32   0.79   0.86   0.67      6      5      1   
  0.16   0.65   0.11   0.49      2      2      1   
  0.02   0.36   0.37   0.99      7      6      1   
  0.16   0.15   0.99   0.71     37     13      1   
  0.15   0.05   0.28   0.81     38     10      1   
  0.90   0.48   0.94   0.59      1      1      1   
  0.98   0.28   0.24   0.18     99     16      1   
  0.74   0.95   0.20   0.13     53     14      1   
  0.64   0.13   0.01   0.81      9      9      1   
  0.32   0.83   0.86   0.55      6      6      1   
  0.57   0.24   0.96   0.45     67     12      1   
  0.30   0.39   0.95   0.72     31      8      1   
  0.97   0.63   0.68   0.17     49     10      0   
  0.40   0.63   0.99   0.38      7      7      1   
  0.28   0.06   0.23   0.84     44      9      1   
  0.58   0.13   0.27   0.53      6      6      1   
  0.06   0.61   0.36   0.97      5      5      1   
  0.01   0.11   0.94   0.23    179     17      0   
  0.36   0.43   0.18   0.19     53      6      1   
  0.22   0.78   0.15   0.62      2      2      1   
  0.15   0.53   0.42   0.03      8      7      1   
  0.97   0.60   0.85   0.40      3      3      1   
  0.99   0.29   0.01   0.81     13     12      1   
  0.32   0.76   0.56   0.20      6      6      1   
  0.24   0.46   0.01   0.46      2      2      1   
  0.50   0.06   0.70   0.11      2      2      1   
  0.27   0.59   0.63   0.26      5      5      1   
  0.22   0.80   0.69   0.17      7      7      1   
  0.61   0.07   0.39   0.05      2      2      1   
  0.20   0.68   0.50   0.74      3      3      1   
  0.50   0.06   0.33   0.68      7      7      1   
  0.05   0.16   0.98   0.60    190     14      0   
  0.77   1.00   0.80   0.72     31      8      0   
  0.39   0.94   0.19   0.03     48     11      1   
  0.89   0.47   0.32   0.35     22      9      1   
  0.96   0.02   0.58   0.23     63     15      1   
  0.09   0.16   0.03   0.86     61     13      1   
  0.36   0.85   0.87   1.00      5      5      1   
  0.16   0.70   0.15   0.44      3      3      1   
  0.50   0.47   0.42   0.05      4      4      1   
  0.65   0.44   0.70   0.45      1      1      1   
  0.94   0.01   0.66   0.08     79     16      1   
  0.92   0.11   0.31   0.43     31     11      1   
  0.96   0.51   0.22   0.08     45     14      0   
  0.97   0.63   0.57   0.27     49      9      0   
  0.38   0.55   0.63   0.26      4      4      1   
  0.95   0.98   0.03   0.19     90     17      1   
  0.22   0.39   0.99   0.34    178     11      0   
  0.14   0.56   0.64   0.92      6      6      1   
  0.47   0.91   0.59   0.65      3      3      1   
  0.47   0.02   0.44   0.53      5      5      1   
  0.97   0.60   0.19   0.51      8      7      1   
  0.15   0.19   0.40   0.56      8      7      1   
  0.93   0.33   0.47   0.01     73     15      1   
  0.86   0.26   0.92   0.57      3      3      1   
  0.03   0.14   0.90   0.64     43     14      1   
  0.32   0.76   0.42   0.03      8      8      1   
  0.51   0.01   0.05   0.36    103      8      1   
  0.99   0.01   0.02   0.42     36     14      1   
  0.27   0.63   0.05   0.14     67      9      1   
  0.29   0.58   0.75   0.96     98      7      0   
  0.60   0.42   0.20   0.13     52      5      1   
  0.51   0.65   0.37   0.99      4      4      1   
  0.09   0.14   0.98   0.49     64     15      1   
  0.93   0.60   0.52   0.18     61     10      1   
  0.37   0.56   0.15   0.65      2      2      1   
  0.44   0.14   0.25   0.74      7      7      1   
  0.57   0.24   0.36   0.80      6      6      1   
  0.87   0.91   0.70   0.11     37     13      0   
  0.51   0.19   0.27   0.63      5      5      1   
  0.62   0.46   0.44   0.66      3      3      1   
  0.27   0.63   0.61   0.12      6      6      1   
  0.93   0.33   0.66   0.08     75     14      1   
  0.85   0.23   0.19   0.51     15     10      1   
  0.99   1.00   0.11   0.12     86     16      1   
  0.62   0.14   0.55   0.23      1      1      1   
  0.13   0.07   0.09   0.01      1      1      1   
  0.94   0.01   0.88   0.99     93     15      0   
  0.15   0.19   0.63   0.94     28     13      1   
  0.43   0.01   0.25   0.75     27      8      1   
  0.98   0.28   0.50   0.15     49     13      0   
  0.95   0.98   0.36   0.81      6      6      1   
  0.43   0.92   0.61   0.12      9      9      1   
  0.43   0.65   0.02   0.18     76      9      1   
  0.96   0.01   0.98   0.29      3      3      1   
  0.02   0.87   0.57   0.49      7      7      1   
  0.99   0.49   0.08   0.03     97     15      1   
  0.66   0.08   0.70   0.45      4      4      1   
  0.22   0.66   0.24   0.87      2      2      1   
  0.36   0.97   0.22   0.18     44     11      1   
  0.24   0.10   0.39   0.02      2      2      1   
  0.04   0.65   0.26   0.42      3      3      1   
  0.52   0.39   0.41   0.07      3      3      1   
  0.59   0.65   0.89   0.75      3      3      1   
  0.27   0.16   0.11   0.49     73      7      1   
  0.96   0.01   0.12   0.05     98     19      1   
  0.47   0.97   0.11   0.02     43     13      1   
  0.56   0.06   0.12   0.57     69      7      1   
  0.32   0.83   0.52   0.95      3      3      1   
  0.85   0.23   0.11   0.20     45     17      0   
  0.13   0.57   0.85   0.38     78     10      1   
  0.36   0.80   0.69   0.91      5      5      1   
  0.49   0.49   0.41   0.07      4      4      1   
  0.99   0.49   0.72   0.99     96     10      0   
  0.57   0.72   0.29   0.11     16      9      1   
  0.51   0.19   0.22   0.66      6      6      1   
  0.01   0.88   0.19   0.37      6      6      1   
  0.02   0.87   0.61   0.00     11     11      1   
  0.04   0.46   0.48   0.41      4      4      1   
  0.97   0.63   0.24   0.48      7      7      1   
  0.30   0.74   0.66   0.08      7      7      1   
  0.93   0.58   0.00   0.57     10      9      1   
  0.63   0.08   0.51   0.45      4      4      1   
  0.20   0.48   0.36   0.85      4      4      1   
  0.56   0.32   0.41   1.00      8      8      1   
  0.38   0.74   0.33   0.04     12      8      1   
  0.98   0.60   0.99   0.34      3      3      1   
  0.49   0.50   0.70   0.68     26      5      1   
  0.96   0.01   0.26   0.42     31     13      1   
  0.28   0.06   0.63   0.66     19      9      1   
  0.86   0.26   0.56   0.06     69     14      1   
  0.62   0.95   0.36   0.85      3      3      1   
  0.76   0.67   0.32   0.79      4      4      1   
  0.55   0.23   0.37   0.99      9      8      1   
  0.51   0.07   0.93   0.26    170     14      0   
  0.62   0.95   0.92   0.11     37     12      0   
  0.34   0.65   0.64   0.31      5      5      1   
  0.24   0.65   0.98   0.28    187     10      0   
  0.13   0.07   0.97   0.60    190     13      0   
  0.04   0.65   0.35   0.66      3      3      1   
  0.23   0.84   0.67   0.25      7      7      1   
  0.51   0.21   0.17   0.38     83      5      1   
  0.45   0.48   0.61   0.07      4      4      1   
  0.63   0.66   0.28   0.85      4      4      1   
  0.87   0.91   0.43   0.66      7      7      1   
  0.27   0.53   0.31   0.85      3      3      1   
  0.95   0.98   0.15   0.53     10     10      1   
  0.09   0.04   0.36   0.36     14      7      1   
  0.82   0.97   0.44   0.53      9      8      1   
  0.00   0.52   0.69   0.38      7      7      1   
  0.01   0.02   0.59   0.07      5      5      1   
  0.19   0.37   0.01   0.37      2      2      1   
  0.70   0.45   0.59   0.65     13      6      1   
  0.99   0.29   0.44   0.14     49     14      0   
  0.43   0.66   0.54   0.17      5      5      1   
  0.97   0.56   0.87   0.91     47     11      1   
  0.45   0.08   0.48   0.11      1      1      1   
  0.15   0.44   0.39   0.03      8      7      1   
  0.97   0.63   0.01   0.37      9      9      1   
  0.60   0.17   0.14   0.56      5      5      1   
  0.12   0.15   0.20   0.17      1      1      1   
  0.93   0.04   0.43   0.01     72     17      1   
  0.09   0.16   0.18   0.09      1      1      1   
  0.58   0.26   0.86   0.38    182     11      0   
  0.95   0.72   0.52   0.95      8      7      1   
  0.56   0.19   0.45   0.08      2      2      1   
  0.87   0.38   0.34   0.59      9      8      1   
  0.93   0.27   0.40   0.56     10      9      1   
  0.11   0.12   0.07   0.02      1      1      1   
  0.22   0.40   0.39   0.02      7      6      1   
  0.39   0.02   0.00   0.57     70      9      0   
  0.57   0.23   0.61   0.24      1      1      1   
  0.16   0.15   0.09   0.19      1      1      1   
  0.59   0.07   0.63   0.66     18      8      1   
  0.13   0.03   0.98   0.60    190     13      0   
  0.47   0.02   0.65   0.16      2      2      1   
  0.57   0.72   0.66   0.93     23      6      1   
  0.85   0.04   0.39   0.94     11     11      1   
  0.22   0.98   0.52   0.17      8      8      1   
  0.23   0.48   0.96   0.02    175     12      0   
  0.62   0.44   0.69   0.24      3      3      1   
  0.29   0.65   0.45   0.08      6      6      1   
  0.18   0.19   0.33   0.68     20      9      1   
  0.63   0.38   0.25   0.57      4      4      1   
  0.93   0.71   0.57   0.23     46     10      0   
  0.58   0.13   0.93   0.71     30     11      1   
  0.80   0.72   0.59   0.67      2      2      1   
  0.66   0.93   0.70   0.68     37      7      0   
  0.29   0.91   0.30   0.19     34      9      1   
  0.12   0.15   0.03   0.19      1      1      1   
  0.52   0.70   0.63   0.08     43      7      0   
  0.25   0.57   0.24   0.48      1      1      1   
  0.75   0.66   0.12   0.18     67     11      1   
  0.94   0.65   0.96   0.45      2      2      1   
  0.22   0.80   0.83   0.69      6      6      1   
  0.96   0.26   0.63   0.38     32     12      1   
  0.16   0.15   0.23   0.48     53      8      1   
  0.91   0.25   0.16   0.13    119     16      1   
  0.31   0.85   0.94   0.14    180     10      0   
  0.36   0.36   0.15   0.12     57      6      1   
  0.44   0.35   0.10   0.11     60      6      1   
  0.90   0.08   0.01   0.20     50     19      0   
  0.10   0.49   0.86   0.38    187     10      0   
  0.41   0.07   0.24   0.76     38      7      1   
  0.09   0.16   0.93   0.58    190     14      0   
  0.55   0.23   0.02   0.93      9      9      1   
  0.64   0.92   0.51   0.01     16     12      1   
  0.33   0.00   0.72   0.99    112     13      0   
  0.96   0.45   0.24   0.38     33     10      1   
  0.97   0.56   0.14   0.56      9      9      1   
  0.34   0.50   0.44   0.02      6      6      1   
  0.11   0.12   0.49   0.50      7      6      1   
  0.24   0.67   0.74   0.95      6      6      1   
  0.15   0.53   0.84   0.98     43      9      1   
  0.01   0.20   0.39   0.02      4      4      1   
  0.18   0.19   0.38   0.06      3      3      1   
  0.78   0.92   0.60   0.17     12     12      1   
  0.39   0.02   0.64   0.21      3      3      1   
  0.14   0.56   0.22   0.80      3      3      1   
  0.23   0.42   0.93   0.59     44      8      1   
  0.93   0.60   0.22   0.98      8      8      1   
  0.64   0.31   0.15   0.53      5      5      1   
  0.80   0.74   0.32   0.02     16     11      1   
  0.86   0.26   0.20   0.17     83     16      1   
  0.94   0.65   0.01   0.11     73     14      1   
  0.33   0.60   0.96   0.45     73      8      1   
  0.23   0.84   0.38   0.74      2      2      1   
  0.49   0.08   0.62   0.44      4      4      1   
  0.00   0.85   0.20   0.13     57     12      1   
  0.17   0.38   0.46   0.40      3      3      1   
  0.02   0.61   0.15   0.05     59     10      1   
  0.86   0.55   0.87   0.69      2      2      1   
  0.22   0.55   0.30   0.39      2      2      1   
  0.97   0.63   0.61   0.12     67     11      1   
  0.95   0.72   0.66   0.17     73     10      1   
  0.28   0.03   0.58   0.26      4      4      1   
  1.00   0.05   0.44   0.14     50     16      0   
  0.33   0.00   0.27   0.53     32      7      1   
  0.69   0.50   0.22   0.78      6      6      1   
  0.32   0.83   0.33   0.60      3      3      1   
  0.82   0.97   0.93   0.56     37     11      0   
  0.67   0.15   0.57   0.49      3      3      1   
  0.61   0.07   0.12   0.01      5      5      1   
  0.01   0.11   0.86   0.38    182     16      0   
  0.22   0.08   0.32   0.83     43     10      1   
  0.08   0.03   0.98   0.66     52     14      1   
  0.08   0.03   0.20   0.11      2      2      1   
  0.37   0.99   0.44   0.69      3      3      1   
  0.63   0.43   0.56   0.32      2      2      1   
  0.16   0.40   0.32   0.02      8      7      1   
  0.02   0.93   0.18   0.64      4      4      1   
  0.24   0.87   0.59   0.07      8      8      1   
  0.64   0.13   0.58   0.39      3      3      1   
  0.69   0.24   0.58   0.13      2      2      1   
  0.63   0.08   0.95   0.72     36     11      1   
  0.57   0.49   0.33   0.68      4      4      1   
  0.96   0.08   0.40   0.63     11     10      1   
  0.03   0.19   0.58   0.39      6      6      1   
  0.97   0.63   0.85   0.04      6      6      1   
  0.26   0.05   0.69   0.50      6      6      1   
  0.42   0.46   0.93   0.95     72     10      1   
  0.90   0.64   0.23   0.84      7      7      1   
  0.09   0.16   0.94   0.65     43     14      1   
  0.98   0.06   0.32   0.55     12     11      1   
  0.12   0.57   0.11   0.12     64      9      1   
  0.94   0.65   0.15   0.65      7      7      1   
  0.36   0.80   0.98   0.09     11     11      1   
  0.15   0.62   0.69   0.50      5      5      1   
  0.09   0.14   0.01   0.20      1      1      1   
  0.94   0.65   0.99   0.01      6      6      1   
  0.30   0.79   0.55   0.15      7      7      1   
  0.93   0.33   0.84   0.98     92     13      0   
  0.63   0.66   0.87   0.69      2      2      1   
  0.37   0.99   0.51   0.07     10      9      1   
  0.99   0.29   0.16   0.15     45     16      0   
  0.44   0.02   0.29   0.85      9      9      1   
  0.33   0.00   0.43   0.44      9      5      1   
  0.75   0.96   0.34   0.50      8      8      1   
  0.41   0.07   0.97   0.60    190     11      0   
  0.58   0.23   0.12   0.05      5      5      1   
  0.99   0.72   0.38   0.06     73     12      1   
  0.49   0.36   0.38   0.76      4      4      1   
  1.00   0.92   0.09   0.19     83     17      1   
  0.20   0.11   0.57   0.72     11     10      1   
  0.40   0.00   0.11   0.66     58      8      1   
  0.11   0.53   0.61   0.12      7      7      1   
  0.90   0.08   0.92   0.11      1      1      1   
  0.69   0.38   0.97   0.56    191     10      0   
  0.38   0.55   0.63   0.38      3      3      1   
  0.12   0.18   0.57   0.27      6      5      1   
  0.06   0.52   0.29   0.11     17      8      1   
  0.86   0.69   0.38   0.65      5      5      1   
  0.23   0.84   0.48   0.11      8      8      1   
  0.67   0.70   0.25   0.95      5      5      1   
  0.51   0.19   0.45   0.08      1      1      1   
  0.75   0.66   0.87   0.91     92      9      0   
  0.16   0.58   0.98   0.49    195      8      0   
  0.24   0.46   0.51   0.45      3      3      1   
  0.99   0.72   0.62   0.14     73     10      1   
  0.91   0.25   0.24   0.48     15     10      1   
  0.18   0.19   0.10   0.11      1      1      1   
  0.69   0.17   0.13   0.69      7      7      1   
  0.23   0.48   0.48   0.41      3      3      1   
  0.54   0.17   0.28   0.95      8      8      1   
  0.02   0.93   0.15   0.19     59     12      1   
  0.01   0.20   0.31   0.42     18      8      1   
  1.00   0.09   0.57   0.72      9      9      1   
  0.93   0.04   0.38   0.74     10     10      1   
  0.24   0.38   0.57   0.23      4      4      1   
  0.97   0.58   1.00   0.13      4      4      1   
  0.25   0.89   0.85   0.34      9      9      1   
  0.87   0.38   0.34   0.65      9      8      1   
  0.46   0.40   0.56   0.20      3      3      1   
  0.02   0.93   0.36   0.12     16     10      1   
  0.01   0.11   0.03   0.14      1      1      1   
  0.55   0.15   0.18   0.09      4      4      1   
  0.40   0.42   0.94   0.93     73     10      1   
  0.63   0.26   0.65   0.44      2      2      1   
  0.27   0.59   0.57   0.16      5      5      1   
  0.29   0.85   0.77   1.00      5      5      1   
  0.23   0.99   0.96   0.08     13     13      1   
  0.20   0.17   0.99   0.38    182     15      0   
  0.01   0.11   0.95   0.94     83     17      1   
  0.53   0.22   0.39   0.63      5      5      1   
  0.65   0.24   0.16   0.65      6      6      1   
  0.10   0.49   0.03   0.88      4      4      1   
  0.70   0.99   0.44   0.44      8      8      1   
  0.38   0.74   0.49   0.08      7      7      1   
  0.09   0.01   0.04   0.70     67     11      1   
  0.52   0.70   0.42   0.05      8      7      1   
  0.44   0.14   0.63   0.08      2      2      1   
  0.36   0.43   0.54   0.10      4      4      1   
  0.22   0.40   0.70   0.99    101      9      0   
  0.27   0.86   0.07   0.52      4      4      1   
  0.02   0.36   0.48   0.41      4      4      1   
  0.30   0.79   0.66   0.08      8      8      1   
  0.02   0.36   0.62   0.26      6      6      1   
  0.02   0.93   0.77   1.00      8      9      0   
  0.01   0.37   0.17   0.38      2      2      1   
  0.56   0.32   0.89   0.75     31      8      1   
  0.02   0.61   0.96   0.45    190     10      0   
  0.02   0.42   0.22   0.78      4      4      1   
  0.62   0.43   0.13   0.69      5      5      1   
  0.51   0.65   0.32   0.83      3      3      1   
  0.27   0.80   0.97   0.60      7      7      1   
  0.46   0.13   0.86   0.67     29     10      1   
  0.86   0.67   0.24   0.65      6      6      1   
  0.56   0.05   0.53   0.21      2      2      1   
  0.23   0.42   0.59   0.65      5      5      1   
  0.97   0.17   0.69   0.24     41     14      0   
  0.86   0.55   0.00   0.85     10     10      1   
  0.37   0.49   0.94   0.65     30      7      1   
  0.25   0.95   0.72   0.99      5      5      1   
  0.24   0.18   0.44   0.02      3      3      1   
  0.97   0.58   0.95   0.72      2      2      1   
  0.69   0.17   0.32   0.35      5      4      1   
  0.86   0.26   0.99   0.71      4      4      1   
  0.37   0.56   0.99   0.34    184      9      0   
  0.40   0.42   0.25   1.00      5      5      1   
  0.52   0.70   0.97   0.45      6      6      1   
  0.57   0.24   0.16   0.70      6      6      1   
  0.33   0.60   0.28   0.95      4      4      1   
  0.99   0.71   0.43   0.66      5      5      1   
  0.30   0.74   0.79   0.95      6      6      1   
  0.23   0.99   0.13   0.37      6      6      1   
  0.23   0.42   0.01   0.81      4      4      1   
  0.22   0.08   0.64   0.49      6      6      1   
  0.62   0.43   0.98   0.29    183     11      0   
  1.00   0.05   0.94   0.10      1      1      1   
  0.50   0.74   0.05   0.16     48     10      1   
  0.11   0.12   0.13   0.37     69      9      0   
  0.32   0.83   0.93   0.04    132     11      1   
  0.59   0.07   0.56   0.05      1      1      1   
  0.56   0.20   0.06   0.10      5      5      1   
  0.50   0.03   0.93   0.46    185     12      0   
  0.65   0.44   0.51   0.19      3      3      1   
  0.34   0.98   0.11   0.53      4      4      1   
  0.18   0.09   0.99   0.72     37     13      1   
  0.96   0.08   0.15   0.12    101     18      1   
  0.16   0.40   0.62   0.26      5      5      1   
  0.67   0.15   0.85   0.04    130     15      1   
  0.36   0.80   0.01   0.11     76     10      1   
  0.06   0.61   0.96   0.51      9      9      1   
  0.22   0.66   0.40   0.81      2      2      1   
  0.96   0.35   0.22   0.66     10      9      1   
  0.19   0.03   0.70   0.05      5      5      1   
  0.97   0.99   0.56   0.02     16     15      1   
  0.34   0.59   0.04   0.65      3      3      1   
  0.87   0.38   0.39   0.08     52     13      0   
  0.00   0.93   0.43   0.44      6      6      1   
  0.48   0.72   0.16   0.13     61      9      1   
  0.10   0.49   0.89   0.95     45      9      1   
  0.96   0.26   0.04   0.10    117     17      1   
  0.85   0.38   0.53   0.21     45     12      0   
  0.90   0.26   0.36   0.97     10     10      1   
  0.95   0.98   0.27   0.63      8      8      1   
  0.77   1.00   0.97   0.56     32     10      0   
  0.97   0.17   0.56   0.32     43     13      1   
  0.98   0.16   0.29   0.91     11     11      1   
  0.48   0.41   0.97   0.63     47      8      1   
  0.35   0.10   0.39   0.08      1      1      1   
  0.29   0.65   0.16   0.13     36      8      1   
  0.25   0.10   0.96   0.51     57     13      1   
  0.16   0.58   0.63   0.94     18      6      1   
  0.40   0.00   0.31   0.42     16      6      1   
  0.75   0.66   0.12   0.18     67     11      1   
  0.39   0.63   0.24   0.10     19      7      1   
  0.93   0.04   0.54   0.10     39     16      0   
  0.22   0.55   0.04   0.70      2      2      1   
  0.94   0.65   0.25   0.74      6      6      1   
  0.77   0.98   0.70   0.99      1      1      1   
  0.15   0.05   0.46   0.97     13     12      1   
  0.87   0.38   0.57   0.72      6      6      1   
  0.55   0.15   0.12   0.15      4      4      1   
  0.76   0.67   1.00   0.09      7      7      1   
  0.43   0.65   0.45   0.05      6      6      1   
  0.16   0.19   0.86   0.55     50     13      1   
  0.38   0.65   0.01   0.88      9      5      1   
  0.56   0.16   0.28   0.85      7      7      1   
  0.02   0.87   0.57   0.72      8      7      1   
  0.02   0.42   0.02   0.87      5      5      1   
  1.00   0.13   0.19   0.20     49     17      0   
  0.58   0.39   0.02   0.36      5      5      1   
  0.30   0.19   0.38   0.55     13      6      1   
  0.15   0.44   0.50   0.06      6      6      1   
  0.69   0.17   0.03   0.14      6      6      1   
  0.41   0.68   0.41   0.07      6      6      1   
  0.43   0.01   0.07   0.35     70      7      0   
  0.96   0.01   0.09   0.35     37     14      1   
  0.55   0.23   0.49   0.36      2      2      1   
  0.15   0.62   0.34   0.58      2      2      1   
  0.27   0.16   0.24   0.87     52      9      1   
  0.22   0.18   0.36   0.80     22      9      1   
  0.39   0.03   0.24   0.46     50      6      1   
  0.68   0.42   0.89   0.47    191     10      0   
  0.33   0.47   0.59   0.03      5      5      1   
  0.29   0.58   0.40   0.65      1      1      1   
  0.96   0.26   0.25   1.00     11     11      1   
  0.55   0.04   0.49   0.49      4      4      1   
  0.38   0.76   0.87   0.91     39      6      1   
  0.51   0.07   1.00   0.13    179     15      0   
  0.93   0.56   0.22   0.98      9      9      1   
  0.44   0.35   0.34   0.59      3      3      1   
  0.83   0.67   0.45   0.71      4      4      1   
  0.70   0.11   0.19   0.43      6      6      1   
  0.07   0.02   0.38   0.13      3      3      1   
  0.52   0.17   0.00   0.52     72      6      0   
  0.44   0.44   0.27   0.86      4      4      1   
  0.38   0.76   0.66   0.93     23      5      1   
  0.79   0.95   0.29   0.11     21     14      1   
  0.89   0.47   0.38   0.55      7      7      1   
  0.88   0.18   0.03   0.88     22     14      1   
  0.61   0.00   0.11   0.20      5      5      1   
  0.56   0.20   0.09   0.35     89      5      1   
  1.00   0.13   0.04   0.65     13     12      1   
  0.93   0.95   0.09   0.16     76     17      1   
  0.97   0.58   0.64   0.49     39      9      1   
  0.11   0.02   0.88   0.99    115     16      0   
  0.46   0.97   0.75   0.66     38      6      0   
  0.00   0.85   0.70   0.68     11      8      1   
  0.62   0.95   0.52   0.18     15     10      1   
  0.23   0.42   0.32   0.02      6      6      1   
  0.93   0.60   0.09   0.35     25      9      1   
  0.86   0.55   0.99   0.38      2      2      1   
  0.02   0.08   0.70   0.99    117     15      0   
  0.22   0.39   0.69   0.24      5      5      1   
  0.95   0.98   0.99   0.71     37     12      0   
  0.41   0.68   0.93   0.71      5      5      1   
  0.52   0.39   0.96   0.45    185     10      0   
  0.32   0.83   1.00   0.92      7      7      1   
  0.69   0.91   0.15   0.65      7      7      1   
  0.93   0.56   0.17   0.14     68     14      1   
  0.28   0.03   0.42   0.54     10      6      1   
  0.11   0.12   0.05   0.36     68     10      0   
  0.24   0.76   0.09   0.14     76     10      1   
  0.96   0.69   0.43   0.66      5      5      1   
  0.55   0.50   0.49   0.50      1      1      1   
  0.40   0.56   0.59   0.67      3      3      1   
  0.98   0.66   0.15   0.12     79     13      1   
  0.93   0.60   0.93   0.56      1      1      1   
  0.57   0.72   0.09   0.16     72     11      1   
  0.86   0.69   0.98   0.60      2      2      1   
  0.58   0.39   0.96   0.69     32      8      1   
  0.52   0.39   0.62   0.14      3      3      1   
  0.31   0.15   0.48   0.72     11      8      1   
  0.77   0.98   0.99   0.29     46     12      1   
  0.89   0.47   0.40   0.42     31      8      1   
  0.52   0.70   0.65   0.95     22      5      1   
  0.29   0.85   0.06   0.10     68     11      1   
  0.88   0.99   0.56   0.16     13     12      1   
  0.00   0.57   0.85   0.34    192     11      0   
  0.28   0.85   0.93   0.27      9      9      1   
  0.90   0.48   0.83   0.69      3      3      1   
  0.56   0.20   0.33   0.68      6      6      1   
  0.29   0.65   0.41   0.36      3      3      1   
  0.51   0.65   0.15   0.53      4      4      1   
  0.93   0.46   0.96   0.02      4      4      1   
  0.56   0.16   0.63   0.66     17      7      1   
  0.59   0.68   0.21   0.70      4      4      1   
  0.06   0.10   0.00   0.57     84     11      1   
  0.00   0.15   0.51   0.07      5      5      1   
  0.04   0.10   0.99   0.71     38     14      1   
  0.24   0.10   0.62   0.14      4      4      1   
  0.92   0.11   0.11   0.49     18     12      1   
  0.39   0.63   0.11   0.19     66      9      1   
  0.04   0.65   0.25   0.75      2      2      1   
  0.86   0.95   0.98   0.28     45     13      1   
  0.99   0.38   0.87   0.69      3      3      1   
  0.83   0.69   0.99   0.29      5      5      1   
  0.28   0.85   0.86   0.55      6      6      1   
  0.04   0.70   0.15   0.62      2      2      1   
  0.23   0.42   0.93   0.71     31      8      1   
  0.19   0.37   0.38   0.13      6      5      1   
  0.96   0.69   0.87   1.00     92     11      0   
  0.04   0.65   0.82   0.97      8      8      1   
  0.03   0.08   0.04   0.46     70     10      0   
  0.15   0.53   0.88   0.45    187      9      0   
  0.96   0.08   0.75   0.96     96     14      0   
  0.88   0.96   0.97   0.56     45     11      1   
  0.11   0.12   0.34   0.59     19      8      1   
  0.00   0.15   0.64   0.21      6      6      1   
  0.97   0.99   0.90   0.48     37     12      0   
  0.34   0.98   0.32   0.55      4      4      1   
  0.57   0.24   0.93   0.24    179     13      0   
  0.45   0.63   0.86   0.95     35      7      1   
  0.68   0.42   0.86   0.69     31      8      1   
  1.00   0.09   0.69   0.50     25     14      1   
  0.28   0.81   0.16   0.58      3      3      1   
  0.11   0.12   0.47   0.06      3      3      1   
  0.06   0.61   0.45   0.05      8      7      1   
  0.32   0.38   0.27   0.02     16      6      1   
  0.56   0.19   0.27   0.18      3      3      1   
  0.41   0.36   0.20   0.48      2      2      1   
  0.55   0.04   0.94   0.10    120     15      1   
  0.34   0.65   0.47   0.01      7      7      1   
  0.86   0.38   0.45   0.05     36     13      0   
  0.48   0.15   0.40   0.65      5      5      1   
  0.96   0.02   0.56   0.05     71     16      1   
  0.79   0.99   0.85   0.40     37     12      0   
  0.29   0.11   0.32   0.55     21      6      1   
  0.43   0.01   0.20   0.13      3      3      1   
  0.10   0.49   0.83   0.69      7      7      1   
  0.97   0.17   0.01   0.88     19     14      1   
  0.22   0.40   0.28   0.06     16      6      1   
  0.51   0.01   0.59   0.68      9      9      1   
  0.01   0.88   0.37   0.49      6      6      1   
  0.67   0.25   0.57   0.16      2      2      1   
  0.98   0.16   0.59   0.03     31     15      0   
  0.99   0.72   0.34   0.59      6      6      1   
  0.16   0.15   1.00   0.09    172     18      0   
