   0         0
  50       559
 100      1270
 150      1477
 200      2056
 250      2736
 300      3124
 350      3564
 400      4500
 450      5004
 500      5378
 550      5843
 600      6965
 650      6940
 700      7891
 750      7879
 800      8567
 850      8984
 900      9742
 950      10548
1000      10354
1050      11014
1100      11739
1150      12467
1200      13175
1250      12821
1300      13768
1350      15013
1400      15130
1450      15901
1500      15816
1550      16898
1600      17466
1650      17302
1700      17534
1750      18381
1800      17840
1850      19455
1900      19075
1950      20846
2000      20685
2050      22566
2100      21774
2150      22620
2200      23874
2250      23670
2300      24998
2350      24392
2400      24986
2450      26189
2500      25799
2550      27799
2600      27761
2650      28046
2700      28707
2750      28373
2800      30377
2850      29350
2900      30318
2950      30826
3000      32183
3050      33097
3100      32950
3150      33444
3200      33622
3250      35127
3300      36019
3350      35071
3400      35966
3450      36798
3500      36852
3550      37364
3600      37813
3650      38582
3700      39920
3750      40482
3800      39928
3850      40758
3900      42345
3950      42363
4000      41795
4050      41796
4100      43608
