   0         0
 100      3077
 200      6030
 300      11239
 400      13612
 500      18936
 600      18734
 700      22636
 800      26920
 900      32979
1000      37642
1100      35771
1200      41921
1300      45113
1400      49530
1500      55831
1600      57956
1700      56502
1800      60484
1900      67274
2000      64080
2100      76576
2200      73475
2300      78431
2400      86814
2500      91597
2600      89377
2700      92575
2800      97004
2900      98980
3000      105549
