   0         0
 100      2484
 200      6134
 300      9466
 400      10640
 500      17144
 600      17567
 700      23475
 800      26270
 900      25343
1000      29443
1100      37816
1200      35713
1300      37649
1400      43117
1500      49078
1600      50798
1700      52802
1800      56945
1900      53945
2000      58608
2100      61079
2200      69036
2300      70773
2400      71246
2500      78153
2600      75220
2700      84307
2800      84275
2900      87367
3000      89627
