   0         0
 100      1776
 200      3916
 300      6463
 400      7587
 500      9270
 600      11688
 700      14316
 800      16296
 900      17396
1000      19155
1100      22250
1200      25045
1300      26374
1400      27972
1500      30134
1600      32489
1700      33630
1800      36380
1900      37333
2000      40476
2100      42453
2200      46638
2300      49110
2400      47984
2500      49703
2600      52047
2700      55833
2800      58143
2900      58653
3000      58065
