   0         0
 100      1055
 200      2490
 300      3230
 400      4719
 500      5618
 600      6675
 700      7183
 800      8266
 900      10730
1000      10799
1100      11596
1200      13248
1300      14286
1400      15679
1500      16972
1600      18143
1700      18268
1800      19858
1900      21167
2000      22158
2100      23078
2200      23612
2300      25348
2400      25215
2500      26439
2600      28748
2700      30030
2800      30240
2900      31263
3000      32626
