   0         0
 100      2425
 200      4751
 300      8201
 400      10643
 500      10165
 600      13221
 700      16682
 800      16739
 900      21654
1000      24931
1100      24539
1200      29647
1300      28307
1400      30008
1500      33509
1600      33848
1700      38887
1800      40523
1900      43359
2000      43472
2100      47519
2200      47422
2300      52394
2400      56065
2500      55352
2600      59589
2700      59751
2800      63369
2900      67697
3000      64957
