   0         0
 100      2491
 200      3784
 300      6451
 400      8643
 500      10515
 600      11128
 700      13739
 800      15890
 900      17895
1000      19683
1100      22800
1200      23394
1300      25882
1400      29212
1500      31422
1600      31703
1700      33741
1800      36014
1900      40504
2000      39807
2100      42855
2200      45348
2300      46578
2400      48353
2500      51290
2600      51728
2700      54755
2800      54806
2900      58815
3000      59184
