   0         0
 100      3752
 200      7763
 300      10393
 400      14842
 500      19297
 600      19684
 700      24539
 800      27863
 900      34759
1000      34383
1100      41101
1200      43749
1300      46647
1400      48907
1500      48899
1600      54192
1700      57120
1800      64279
1900      68794
2000      69432
2100      78596
2200      78612
2300      84193
2400      88769
2500      92038
2600      96684
2700      93731
2800      101786
2900      100732
3000      107791
