   0         0
  50       538
 100       986
 150      1688
 200      2039
 250      2629
 300      3025
 350      3535
 400      3539
 450      4679
 500      4916
 550      5173
 600      5913
 650      6271
 700      6944
 750      7385
 800      7813
 850      8739
 900      9402
 950      9546
1000      9562
1050      10421
1100      10895
1150      11454
1200      12680
1250      12863
1300      12710
1350      13363
1400      13916
1450      14728
1500      14474
1550      14314
1600      15516
1650      16177
1700      17182
1750      16834
1800      17571
1850      18089
1900      18604
1950      19605
2000      19659
2050      20683
2100      21344
2150      21242
2200      21588
2250      22956
2300      23076
2350      23412
2400      24203
2450      24315
2500      23732
2550      25454
2600      26440
2650      26286
2700      25938
2750      27304
2800      27662
2850      28170
2900      27942
2950      29306
3000      29630
3050      29508
3100      31047
3150      31164
3200      31022
3250      32693
3300      33361
3350      32365
3400      34996
3450      33475
3500      34036
3550      34382
3600      36034
3650      35390
3700      35805
3750      37139
3800      39018
3850      38702
