  0.15   0.39   0.12   0.05      3      3      1   
  0.09   0.86   0.61   0.16      9      9      1   
  0.30   0.39   0.27   0.53      2      2      1   
  0.82   0.16   0.52   0.47      4      4      1   
  0.68   0.71   0.39   0.01      7      7      1   
  0.60   0.65   0.23   0.09      6      6      1   
  0.22   0.92   0.18   0.09     26      9      1   
  0.05   0.98   0.67   0.11     11     10      1   
  0.85   0.84   0.45   0.02      8      8      1   
  0.72   0.98   0.62   0.50      4      4      1   
  0.25   0.04   0.66   0.39      5      5      1   
  0.22   0.15   0.19   0.20      1      1      1   
  0.41   0.10   0.55   0.23      2      2      1   
  0.36   0.40   0.89   0.76      6      6      1   
  0.34   0.50   0.95   0.80      7      7      1   
  0.11   0.34   0.05   0.31      1      1      1   
  0.53   0.06   0.61   0.93      8      8      1   
  0.05   0.34   0.35   0.92      8      7      1   
  0.52   0.49   0.81   0.22      4      4      1   
  0.10   0.05   0.39   0.30      4      4      1   
  0.44   0.95   0.82   0.19      8      8      1   
  0.37   0.79   0.81   0.21      7      6      1   
  0.95   0.80   0.75   0.30      7      7      1   
  0.76   0.14   0.23   0.80     14      8      1   
  0.64   0.81   0.22   0.16      7      7      1   
  0.74   0.97   0.47   0.08      8      8      1   
  0.60   0.67   0.10   0.53      5      5      1   
  0.37   0.95   0.02   0.35     42      8      1   
  0.44   0.61   0.30   0.10      5      5      1   
  0.58   0.43   0.13   0.52      4      4      1   
  0.70   0.79   0.95   0.00      8      8      1   
  0.23   0.79   0.05   0.19     36      8      1   
  0.68   0.12   0.25   0.37      5      5      1   
  0.99   0.01   0.60   0.32      4      4      1   
  0.36   0.53   0.56   0.87      4      4      1   
  0.72   0.03   0.59   0.68      6      6      1   
  0.63   0.03   0.22   0.15      4      4      1   
  0.75   0.28   0.50   0.11      3      3      1   
  0.03   0.11   0.20   0.02      2      2      1   
  0.19   0.00   0.51   0.66      7      7      1   
  0.27   0.08   0.27   0.54      4      4      1   
  0.12   0.98   0.97   0.08     11     11      1   
  0.15   0.18   0.60   0.67      6      6      1   
  0.23   1.00   0.43   0.68      3      3      1   
  0.60   0.37   0.34   0.50      3      3      1   
  0.89   0.26   0.58   0.12      3      3      1   
  0.22   0.28   0.45   0.15      3      3      1   
  0.19   0.94   0.62   0.17      8      8      1   
  0.38   0.93   0.21   0.36      6      6      1   
  0.36   0.40   0.63   0.97      6      6      1   
  0.48   0.74   0.30   0.39      4      4      1   
  0.24   0.31   0.62   0.26      4      4      1   
  0.25   0.05   0.59   0.74      7      7      1   
  0.48   0.35   0.23   0.37      3      3      1   
  0.27   0.15   0.27   0.97      9      8      1   
  0.52   0.49   1.00   0.84      6      6      1   
  0.03   0.12   0.25   0.05      2      2      1   
  0.67   0.11   0.36   0.94      9      8      1   
  0.32   0.06   0.24   0.13      1      1      1   
  0.54   0.96   0.94   0.75      4      4      1   
  0.39   0.30   0.92   0.22      5      5      1   
  0.53   0.02   0.65   0.97      9      9      1   
  0.43   0.07   0.33   0.26      2      2      1   
  0.82   0.26   0.56   0.24      3      3      1   
  0.64   0.81   0.65   0.13      6      6      1   
  0.17   0.39   0.78   0.06      6      6      1   
  0.57   0.87   0.43   0.07      7      7      1   
  0.69   0.19   0.60   0.37      2      2      1   
  0.65   0.84   0.79   0.98      2      2      1   
  0.09   0.18   0.16   0.27      1      1      1   
  0.75   0.28   0.28   0.79      7      7      1   
  0.95   0.18   0.03   0.11      8      8      1   
  0.31   0.37   0.58   0.10      4      4      1   
  0.39   0.01   0.21   0.48      5      5      1   
  0.78   0.87   0.33   0.31      7      7      1   
  0.68   0.12   0.01   0.82     89     10      1   
  0.53   0.35   0.58   0.43      1      1      1   
  0.95   0.25   0.26   0.11      6      6      1   
  0.15   0.07   0.00   0.40      3      3      1   
  0.34   0.19   0.56   0.87      6      6      1   
  0.02   0.56   0.25   0.05      5      5      1   
  0.41   0.33   0.65   0.55      3      3      1   
  0.91   0.89   0.20   0.02     10     10      1   
  0.23   1.00   0.27   0.12     15      9      1   
  0.29   0.79   0.92   0.22      8      8      1   
  0.47   0.81   0.62   0.61      3      3      1   
  0.50   0.61   0.78   0.97      4      4      1   
  0.30   0.33   0.96   0.30      6      6      1   
  0.36   0.27   0.77   0.79      6      6      1   
  0.25   0.04   0.51   0.82      8      7      1   
  0.69   0.27   0.86   0.91      7      7      1   
  0.00   0.51   0.12   0.34      2      2      1   
  0.66   0.64   0.71   0.76      1      1      1   
  0.43   0.07   0.09   0.99     28     10      1   
  0.11   0.06   0.74   0.09      6      6      1   
  0.92   0.99   0.18   0.85      7      7      1   
  0.36   0.40   0.19   0.24      2      2      1   
  0.84   0.77   0.52   0.91      3      3      1   
  0.18   0.57   0.94   0.12      8      8      1   
  0.52   0.14   0.12   0.98     64      9      1   
  0.47   0.57   0.96   0.30      6      6      1   
  0.55   0.44   0.67   0.11      3      3      1   
  0.77   0.78   0.01   0.87      7      7      1   
  0.02   0.54   0.44   0.95      7      7      1   
  0.81   0.91   0.47   0.58      4      4      1   
  0.60   0.54   0.04   0.09      7      7      1   
  0.94   0.03   0.09   0.22      8      8      1   
  0.78   0.87   1.00   0.84      2      2      1   
  0.60   0.67   0.28   0.35      4      4      1   
  0.47   0.81   0.92   0.99      4      4      1   
  0.08   0.38   0.98   0.81      9      9      1   
  0.10   0.05   0.26   0.92     11      9      1   
  0.97   0.08   0.24   0.07      6      6      1   
  0.05   0.15   0.27   0.19      2      2      1   
  0.95   0.18   0.64   0.59      5      5      1   
  0.12   0.34   0.95   0.18      8      8      1   
  0.10   0.83   0.84   0.87      7      7      1   
  0.62   0.53   0.05   0.11      6      6      1   
  0.41   0.16   0.09   0.34      4      3      1   
  0.47   0.08   0.89   0.25      4      4      1   
  0.34   0.55   0.96   0.26      6      6      1   
  0.90   0.87   0.71   0.76      2      2      1   
  0.64   0.59   0.78   0.00      6      6      1   
  0.13   0.98   0.12   0.34     22      8      1   
  0.67   0.72   0.31   0.86      4      4      1   
  0.53   0.48   0.75   0.28      3      3      1   
  0.04   0.13   0.36   0.86      9      8      1   
  0.28   0.23   0.62   0.32      3      3      1   
  0.69   0.18   0.71   0.01      2      2      1   
  0.10   0.16   0.48   0.15      4      4      1   
  0.72   0.93   0.56   0.94      2      2      1   
  0.29   0.37   0.56   0.44      3      3      1   
  0.68   0.82   0.40   0.25      6      6      1   
  0.34   0.39   0.18   0.09      3      3      1   
  0.16   0.05   0.57   0.10      4      4      1   
  0.97   0.77   0.58   0.51      5      5      1   
  0.48   0.09   0.39   0.01      1      1      1   
  0.59   0.32   0.83   0.95      6      6      1   
  0.01   0.10   0.69   0.18      6      6      1   
  0.55   0.95   0.18   0.09      8      8      1   
  0.57   0.66   0.49   0.81      2      2      1   
  0.10   0.33   0.86   0.84      8      8      1   
  0.31   0.45   0.25   0.18      3      3      1   
  0.37   0.24   0.40   0.81      6      5      1   
  0.73   0.26   0.01   0.10      7      7      1   
  0.21   0.94   0.48   0.47      5      5      1   
  0.26   0.16   0.24   0.10      1      1      1   
  0.69   0.28   0.50   0.75      5      5      1   
  0.01   0.57   0.00   0.40      2      2      1   
  0.28   0.30   0.08   0.56      3      3      1   
  0.25   0.57   0.18   0.57      1      1      1   
  0.61   0.93   0.09   0.18      8      8      1   
  0.67   0.11   0.95   0.00      3      3      1   
  1.00   0.81   0.59   0.18      8      8      1   
  0.57   0.10   0.02   0.51      6      6      1   
  0.34   0.44   0.67   0.37      3      3      1   
  0.11   0.55   0.42   0.07      5      5      1   
  0.87   0.29   0.66   0.16      3      3      1   
  0.15   0.38   0.92   0.23      7      7      1   
  0.05   0.28   0.54   0.74      6      6      1   
  0.03   0.12   0.67   0.58      7      7      1   
  0.59   0.03   0.86   0.99      9      9      1   
  0.18   0.56   0.10   0.53      1      1      1   
  0.83   0.95   0.18   0.04     10     10      1   
  0.06   0.14   0.97   0.90     11     11      1   
  0.53   0.20   0.39   0.35      2      2      1   
  0.69   0.27   0.67   0.62      3      3      1   
  0.13   0.52   0.49   0.01      5      5      1   
  0.20   0.89   0.60   0.91      4      4      1   
  0.37   0.15   0.16   0.34      3      3      1   
  0.05   0.40   0.58   0.97      8      8      1   
  0.95   0.00   0.60   0.37      5      5      1   
  0.60   0.32   0.95   0.80      7      7      1   
  0.13   0.15   0.67   0.97      9      9      1   
  0.48   0.99   0.22   0.90      3      3      1   
  0.32   0.06   0.11   0.21      3      3      1   
  0.32   0.25   0.50   0.79      6      6      1   
  0.58   0.51   0.09   0.99      6      6      1   
  0.43   0.07   0.20   0.01      2      2      1   
  0.39   0.39   0.30   0.39      1      1      1   
  0.96   0.18   0.60   0.27      4      4      1   
  0.46   0.72   0.10   0.33      5      5      1   
  0.55   0.03   0.17   0.78     40      9      1   
  0.08   0.10   0.23   0.52      4      4      1   
  0.06   0.87   0.16   0.05     26     10      1   
  0.52   0.47   0.86   1.00      6      6      1   
  0.63   0.20   0.07   0.53      6      6      1   
  0.87   0.26   0.18   0.34      6      6      1   
  0.50   0.05   0.63   0.25      2      2      1   
  0.87   0.26   0.44   0.91      7      7      1   
  0.27   0.97   0.40   0.90      2      2      1   
  0.44   0.01   0.53   0.81      7      7      1   
  0.98   1.00   0.13   0.98      8      8      1   
  0.65   0.50   0.58   0.07      4      4      1   
  0.89   0.90   0.26   0.17      9      9      1   
  0.74   0.09   0.81   0.91      8      8      1   
  0.44   0.84   0.64   0.41      4      4      1   
  0.33   0.31   0.26   0.92     11      7      1   
  0.15   0.91   0.51   0.31      8      7      1   
  0.05   0.48   0.13   0.33      2      2      1   
  0.63   0.03   0.27   0.53      6      6      1   
  0.63   0.09   0.78   0.32      3      3      1   
  0.37   0.79   0.26   0.49      4      4      1   
  0.37   0.95   0.37   0.06      9      9      1   
  0.51   0.10   0.27   0.12      3      3      1   
  0.34   0.29   0.17   0.39      2      2      1   
  0.51   0.31   0.08   0.33      4      4      1   
  0.37   0.41   0.63   0.35      3      3      1   
  0.81   0.21   0.25   0.17      5      5      1   
  0.58   0.43   0.60   0.57      2      2      1   
  0.87   0.06   0.70   0.07      2      2      1   
  0.62   0.65   0.18   0.25      5      5      1   
  0.56   0.87   0.73   0.25      6      6      1   
  0.39   0.35   0.04   0.83     69      7      1   
  0.24   0.10   0.38   0.02      2      2      1   
  0.83   0.15   0.98   0.87     17      9      1   
  0.69   0.86   0.15   0.39      7      7      1   
  0.51   0.30   1.00   0.84      7      7      1   
  0.97   0.22   0.87   0.87      9      8      1   
  0.53   0.38   0.58   0.26      2      2      1   
  0.66   0.03   0.21   0.94      9      9      1   
  0.51   0.66   0.56   0.65      1      1      1   
  0.31   0.03   0.79   0.98     10      9      1   
  1.00   0.19   0.78   0.00      3      3      1   
  0.72   0.88   0.08   0.56     67      7      1   
  0.69   0.28   0.71   0.01      3      3      1   
  0.03   0.46   0.58   0.43      5      5      1   
  0.59   0.44   0.87   0.26      3      3      1   
  0.93   0.05   0.19   0.99     11     11      1   
  0.28   0.31   0.61   0.22      3      3      1   
  0.67   0.58   0.67   0.37      2      2      1   
  0.04   0.01   0.78   0.87     11     10      1   
  0.25   0.32   0.46   0.53      3      3      1   
  0.10   0.33   0.04   0.01      3      3      1   
  0.27   0.97   0.24   0.10     18      9      1   
  0.52   0.02   0.49   0.81      7      7      1   
  0.59   0.75   0.06   0.87      5      5      1   
  0.80   0.00   0.26   0.89     10      9      1   
  0.54   0.76   0.89   0.25      7      6      1   
  0.76   0.14   0.74   0.82      7      6      1   
  0.04   0.20   0.85   0.02      7      7      1   
  0.21   0.07   0.22   0.92     12      9      1   
  0.32   0.37   0.88   0.27      5      5      1   
  0.78   0.06   0.20   0.93      9      9      1   
  0.75   0.28   0.77   0.79      5      5      1   
  0.65   0.55   0.17   0.38      5      5      1   
  0.06   0.03   0.46   0.89      9      9      1   
  0.44   0.79   0.05   0.98      4      4      1   
  0.29   0.37   0.49   0.01      4      4      1   
  0.29   0.54   0.74   0.82      5      5      1   
  0.25   0.37   0.10   0.40      2      2      1   
  0.97   0.05   0.94   0.31      3      3      1   
  0.06   0.45   0.41   0.16      4      4      1   
  0.94   0.12   0.06   0.17      8      8      1   
  0.04   0.83   0.08   0.28     37      9      1   
  0.65   0.67   0.53   0.20      4      4      1   
  0.19   0.13   0.64   0.75      7      7      1   
  0.23   0.44   0.11   0.28      2      2      1   
  0.67   0.58   0.55   0.34      3      3      1   
  0.18   0.56   0.46   0.20      4      4      1   
  0.86   0.89   0.75   0.80      2      2      1   
  0.88   0.79   0.17   0.02      9      9      1   
  0.45   0.04   0.51   0.30      3      3      1   
  0.00   0.46   0.40   0.90      7      7      1   
  0.00   0.40   0.17   0.11      3      3      1   
  0.74   0.82   0.23   1.00      6      5      1   
  0.27   0.10   0.39   0.36      3      3      1   
  0.91   0.00   0.61   0.22      4      4      1   
  0.16   0.21   0.76   0.26      6      5      1   
  0.23   1.00   0.66   0.16      8      8      1   
  0.16   0.34   0.34   0.50      2      2      1   
  0.56   0.44   0.18   0.04      5      5      1   
  0.10   0.40   0.93   0.07      8      8      1   
  0.51   0.16   0.87   0.22      3      3      1   
  0.39   0.39   0.01   0.82     76      7      1   
  0.61   0.56   0.17   0.39      4      4      1   
  0.30   0.38   0.96   0.30      6      6      1   
  0.71   0.76   0.59   0.44      3      3      1   
  0.86   0.99   0.54   0.96      3      3      1   
  0.12   0.94   0.87   0.06     10     10      1   
  0.20   0.32   0.01   0.94     65      9      1   
  0.03   0.46   0.86   0.89      9      9      1   
  0.47   0.79   0.09   0.86      4      4      1   
  0.60   0.03   0.18   0.10      4      4      1   
  0.36   0.55   0.60   0.92      4      4      1   
  0.26   0.82   0.45   0.16      7      7      1   
  0.92   0.23   0.55   0.34      4      4      1   
  0.55   0.41   0.45   0.05      4      4      1   
  0.51   0.82   0.59   0.44      4      4      1   
  0.53   0.33   0.65   0.97      6      6      1   
  0.05   0.11   0.61   0.52      6      6      1   
  0.63   0.03   1.00   0.23      4      4      1   
  0.19   0.06   0.22   0.28      2      2      1   
  0.10   0.16   0.28   0.31      2      2      1   
  0.59   0.75   0.33   0.26      5      5      1   
  0.35   0.23   0.07   0.53      4      4      1   
  0.20   0.50   0.54   0.82      5      5      1   
  0.19   0.94   0.65   0.06      9      9      1   
  0.62   0.61   0.48   0.49      2      2      1   
  0.26   0.32   0.12   0.30      2      2      1   
  0.17   0.02   0.66   0.97     10      9      1   
  0.87   0.87   1.00   0.10     24      9      1   
  0.51   0.21   0.62   0.30      2      2      1   
  0.24   0.13   0.24   0.07      1      1      1   
  0.33   0.36   0.39   0.01      3      3      1   
  0.63   0.65   0.54   0.28      4      4      1   
  0.54   0.60   0.12   0.30      5      5      1   
  0.63   0.65   0.17   0.13      6      6      1   
  0.33   0.18   0.52   0.47      3      3      1   
  0.54   0.96   0.61   0.32      6      6      1   
  1.00   0.23   0.15   0.38      7      7      1   
  0.19   0.00   0.76   0.14      5      5      1   
  0.61   0.63   0.67   0.37      3      3      1   
  0.95   0.00   0.30   0.57      8      8      1   
  0.27   0.15   0.06   0.17      2      2      1   
  0.56   0.90   0.44   0.79      2      2      1   
  0.06   0.82   0.62   0.17      9      9      1   
  0.69   0.61   0.61   0.93      3      3      1   
  0.29   0.02   0.51   0.09      2      2      1   
  0.78   0.97   0.89   0.77      2      2      1   
  0.60   0.54   0.29   0.42      3      3      1   
  0.89   0.26   0.23   0.06      6      6      1   
  0.11   0.05   0.75   0.28      6      6      1   
  0.33   0.26   0.61   0.23      3      3      1   
  0.32   0.37   0.58   0.18      3      3      1   
  0.35   0.49   0.46   0.08      4      4      1   
  0.20   0.01   0.04   0.08      2      2      1   
  0.17   0.78   0.36   0.40      6      6      1   
  0.04   0.04   0.26   0.49      5      5      1   
  0.13   0.26   0.83   0.12      7      7      1   
  0.08   0.81   0.40   0.39      7      7      1   
  0.13   0.33   0.26   0.85      7      6      1   
  0.20   0.02   0.57   0.87      8      8      1   
  0.35   0.49   0.15   0.25      3      3      1   
  0.56   0.33   0.15   0.95     46      7      1   
  0.22   0.11   0.04   0.09      2      2      1   
  0.49   0.13   0.55   0.23      1      1      1   
  0.40   0.36   0.49   0.01      3      3      1   
  0.26   0.99   0.30   0.89      1      1      1   
  0.46   0.53   0.65   0.84      4      4      1   
  0.67   0.15   0.01   0.57      7      7      1   
  0.25   0.31   0.24   0.31      1      1      1   
  0.53   0.47   0.15   0.39      4      4      1   
  0.09   0.34   0.34   0.50      3      3      1   
  0.54   0.21   0.41   0.55      4      4      1   
  0.55   0.03   0.48   0.09      1      1      1   
  0.11   0.34   0.66   0.31      5      5      1   
  0.40   0.39   0.48   0.99      6      6      1   
  0.58   0.45   0.30   0.38      3      3      1   
  0.78   0.87   0.20   0.50      7      6      1   
  0.99   0.21   0.57   0.87      8      8      1   
  0.80   0.00   0.33   0.84      9      9      1   
  0.13   0.37   0.46   0.41      3      3      1   
  0.46   0.89   0.89   0.90      4      4      1   
  0.61   0.63   0.27   0.09      6      6      1   
  0.53   0.81   0.15   0.18      7      7      1   
  0.16   0.05   0.75   0.95     10     10      1   
  0.20   0.54   0.59   0.38      4      4      1   
  0.80   0.28   0.12   0.30      6      6      1   
  0.27   0.09   0.07   0.85     49     10      1   
  0.59   0.03   0.54   0.10      1      1      1   
  0.58   0.10   0.23   0.18      4      4      1   
  0.19   0.10   0.86   0.07      6      6      1   
  0.12   0.32   0.48   0.12      4      4      1   
  0.84   0.76   0.05   0.40      8      8      1   
  0.63   0.36   0.10   0.35      5      5      1   
  0.59   0.14   0.24   0.07      3      3      1   
  0.94   0.31   0.88   0.10      2      2      1   
  0.60   0.37   0.18   0.85      6      6      1   
  1.00   0.19   0.76   0.78      9      7      1   
  0.61   0.52   0.34   0.21      4      4      1   
  0.01   0.10   0.46   0.72      7      7      1   
  0.23   1.00   0.07   0.20     30      8      1   
  0.54   0.80   0.52   0.02      7      7      1   
  0.89   0.98   0.77   0.14      9      8      1   
  0.59   0.79   0.62   0.21      5      5      1   
  0.18   0.46   0.51   0.82      5      5      1   
  0.63   0.48   0.07   0.53      5      5      1   
  0.58   0.10   0.30   1.00      8      8      1   
  0.59   0.14   0.39   0.36      3      3      1   
  0.25   0.17   0.76   0.20      5      5      1   
  0.58   0.26   0.79   0.04      3      3      1   
  0.97   0.90   0.02   0.80      9      8      1   
  0.23   0.94   0.45   0.71      3      3      1   
  0.51   0.03   0.22   0.45      4      4      1   
  0.74   0.22   0.76   0.94      7      7      1   
  0.27   0.15   0.68   0.12      4      4      1   
  0.40   0.39   0.34   0.26      2      2      1   
  0.94   0.75   0.02   0.51      9      9      1   
  0.91   0.89   0.04   0.26     10     10      1   
  0.93   0.10   0.97   0.32      2      2      1   
  0.37   0.79   0.88   0.27      7      7      1   
  0.65   0.50   0.25   0.18      5      5      1   
  0.51   0.16   0.08   0.23      4      4      1   
  0.05   0.15   0.13   0.33      2      2      1   
  0.52   0.02   0.98   0.87      9      9      1   
  0.44   0.79   0.05   0.32      6      6      1   
  0.59   0.40   0.26   0.96      6      6      1   
  0.08   0.28   0.46   0.79      6      6      1   
  0.09   0.08   0.31   0.26      3      3      1   
  0.53   0.48   0.83   0.12      4      4      1   
  0.69   0.18   0.28   0.30      4      4      1   
  0.17   0.05   0.07   0.85     60     10      1   
  0.27   0.08   0.44   0.54      4      4      1   
  0.60   0.54   0.76   0.20      3      3      1   
  0.60   0.65   0.33   0.83      3      3      1   
  0.40   0.52   0.50   0.75      3      3      1   
  0.54   0.82   0.56   0.87      1      1      1   
  0.62   0.50   0.71   0.96      4      4      1   
  0.97   0.90   0.67   0.15      9      8      1   
  0.51   0.96   0.31   0.03      8      8      1   
  0.18   0.27   0.96   0.18      7      7      1   
  0.85   0.02   0.26   0.32      6      6      1   
  0.20   0.54   0.28   0.31      3      3      1   
  0.47   0.57   0.10   0.40      4      4      1   
  0.42   0.06   1.00   0.89     10     10      1   
  0.54   0.17   0.55   0.44      3      3      1   
  0.60   0.92   0.54   0.17      7      7      1   
  0.66   0.64   0.61   0.56      1      1      1   
  0.50   0.72   0.76   0.78      3      3      1   
  0.71   0.76   0.20   0.54      6      6      1   
  0.61   0.32   0.42   0.06      3      3      1   
  0.86   0.99   0.51   0.19      8      8      1   
  0.70   0.79   0.34   0.55      4      4      1   
  0.72   0.98   0.28   0.80      4      4      1   
  0.44   0.54   0.78   0.91      5      5      1   
  0.68   0.71   0.21   0.94      5      5      1   
  0.84   0.76   0.50   0.43      5      5      1   
  0.27   0.23   0.56   0.90      7      7      1   
  0.48   0.11   0.23   0.44      4      4      1   
  0.60   0.37   0.79   0.31      2      2      1   
  0.81   0.05   0.85   0.97     10      9      1   
  0.69   0.31   0.20   0.89      7      7      1   
  0.38   0.18   0.30   0.38      2      2      1   
  0.63   0.95   0.56   1.00      1      1      1   
  0.56   0.27   0.26   0.49      4      4      1   
  0.31   0.26   0.13   0.37      2      2      1   
  0.26   0.11   0.97   0.22      7      7      1   
  0.57   0.31   0.37   0.95      6      6      1   
  0.77   0.15   0.68   0.82      6      6      1   
  0.85   0.02   0.55   0.84      8      8      1   
  0.17   0.77   0.04   0.47     61      8      1   
  0.12   0.79   0.71   0.01     10     10      1   
  0.55   0.48   0.22   0.16      4      4      1   
  0.37   0.90   0.88   0.10      8      8      1   
  0.17   0.39   0.61   0.52      4      4      1   
  0.58   0.83   0.04   0.93      5      5      1   
  0.22   0.45   0.31   0.37      1      1      1   
  0.20   0.50   0.12   0.54      1      1      1   
  0.30   0.10   0.49   0.62      5      5      1   
  0.05   0.05   0.11   0.34      3      3      1   
  0.59   0.18   0.72   0.93      7      7      1   
  0.24   0.50   0.60   0.91      5      5      1   
  0.51   0.05   0.89   0.08      4      4      1   
  0.36   0.94   0.22   0.16     24      8      1   
  0.90   0.77   0.20   0.01     10     10      1   
  0.46   0.53   0.98   0.81      6      6      1   
  0.01   0.10   0.58   0.83      8      8      1   
  0.81   0.76   0.18   0.86      6      6      1   
  0.19   0.85   0.26   0.11     17      9      1   
  0.12   0.93   0.56   0.51      6      6      1   
  0.20   0.42   0.57   0.66      4      4      1   
  0.46   0.73   0.14   0.13      6      6      1   
  0.02   0.80   0.57   0.44      7      7      1   
  0.13   0.32   0.48   0.99      8      7      1   
  0.62   0.21   0.58   0.51      3      3      1   
  0.52   0.02   0.45   0.71      7      6      1   
  0.47   0.58   0.22   0.13      5      5      1   
  0.57   0.44   0.08   0.38      5      5      1   
  0.15   0.38   0.06   0.16      2      2      1   
  0.37   0.30   0.02   0.80     81      8      1   
  0.61   0.16   0.53   0.03      2      2      1   
  0.87   0.87   0.71   0.00      9      8      1   
  0.24   0.10   0.38   0.02      2      2      1   
  0.29   0.54   0.46   0.53      2      2      1   
  0.18   0.04   0.61   0.85      9      8      1   
  0.51   0.83   0.61   0.63      2      2      1   
  0.48   0.11   0.59   0.42      3      3      1   
  0.46   0.41   0.68   0.55      3      3      1   
  0.33   0.31   0.10   0.05      3      3      1   
  0.29   0.43   0.33   0.00      4      4      1   
  0.15   0.91   0.50   0.75      4      4      1   
  0.89   0.08   0.24   0.13      6      6      1   
  0.57   0.87   0.24   0.13      7      7      1   
  0.56   0.76   0.18   0.44      5      5      1   
  0.23   0.46   0.21   0.36      1      1      1   
  0.98   0.81   0.22   0.28      8      8      1   
  0.22   0.92   0.74   0.09      9      9      1   
  0.05   0.98   0.53   0.60      5      5      1   
  0.33   0.87   0.04   0.47     62      7      1   
  0.17   0.49   0.11   0.38      1      1      1   
  0.06   0.99   0.65   0.19      9      9      1   
  0.23   0.09   0.13   0.26      2      2      1   
  0.34   0.55   0.94   0.96      6      6      1   
  0.17   0.78   0.32   0.06     10      9      1   
  0.50   0.79   0.60   0.28      5      5      1   
  0.24   0.31   0.62   0.65      5      5      1   
  0.57   0.87   0.07   0.25      7      7      1   
  0.68   0.55   0.15   0.91      6      6      1   
  0.69   0.31   0.06   0.16      6      6      1   
  0.95   0.25   0.37   0.79      7      7      1   
  0.71   0.96   0.05   0.98      6      6      1   
  0.48   0.71   0.56   0.33      4      4      1   
  0.33   0.87   0.71   0.94      4      4      1   
  0.13   0.98   0.69   0.31      8      8      1   
  0.31   0.04   0.73   0.26      4      4      1   
  0.25   0.37   0.93   0.23      6      6      1   
  0.12   0.92   0.36   0.78      3      3      1   
  0.67   0.11   0.95   0.80     20      8      1   
  0.10   0.33   0.44   0.91      7      7      1   
  0.10   0.22   0.72   0.88      8      8      1   
  0.86   0.89   0.86   0.91      1      1      1   
  0.95   0.75   0.89   0.08     13      9      1   
  0.45   0.15   0.11   0.38      4      4      1   
  0.17   0.49   0.63   0.36      5      5      1   
  0.58   0.22   0.17   0.98     41      8      1   
  0.55   0.44   0.53   0.81      4      4      1   
  0.18   0.10   0.45   0.05      3      3      1   
  0.13   0.15   0.34   0.21      2      2      1   
  0.18   0.79   0.76   0.26      8      8      1   
  0.25   0.37   0.76   0.14      5      5      1   
  0.07   0.20   0.76   0.94      9      9      1   
  0.51   0.83   0.58   0.22      6      6      1   
  0.56   0.90   0.51   0.66      2      2      1   
  0.34   0.81   0.20   0.89      2      2      1   
  0.74   0.05   0.46   0.72      6      6      1   
  0.75   0.12   0.36   0.27      4      4      1   
  0.93   0.26   0.31   0.86      8      8      1   
  0.67   0.97   0.48   0.11      8      8      1   
  0.85   0.97   0.72   0.20      8      7      1   
  0.55   0.95   0.40   0.81      2      2      1   
  0.89   0.77   0.72   0.20      7      7      1   
  0.54   0.96   0.24   0.29      7      7      1   
  0.48   0.15   0.50   0.52      4      4      1   
  0.10   0.22   0.49   0.36      4      4      1   
  0.61   0.85   0.87   0.87      3      3      1   
  0.07   0.00   0.58   0.83      9      9      1   
  0.54   0.60   0.74   0.82      3      3      1   
  0.29   0.00   0.04   0.09      3      3      1   
  0.46   0.34   1.00   0.17      5      5      1   
  0.15   0.07   0.10   0.33      3      3      1   
  0.44   0.25   0.04   0.93     61      8      1   
  0.78   0.00   0.03   0.84     70     11      1   
  0.19   0.09   0.87   0.87      9      9      1   
  0.29   0.00   0.86   0.95     10     10      1   
  0.74   0.22   0.19   0.10      5      5      1   
  0.46   0.89   0.18   0.27      6      6      1   
  0.90   0.13   0.70   0.79      8      7      1   
  0.79   0.04   0.73   0.10      1      1      1   
  0.12   0.05   0.31   0.03      2      2      1   
  0.03   0.12   0.82   0.14      7      7      1   
  0.57   0.87   0.57   0.94      1      1      1   
  0.85   0.02   0.64   0.81      8      8      1   
  0.12   0.56   0.59   0.94      6      6      1   
  0.67   0.37   0.11   0.38      5      5      1   
  0.11   0.34   0.83   0.15      7      7      1   
  0.77   0.79   0.50   0.82      3      3      1   
  0.99   0.01   0.28   0.80     18      9      1   
  0.28   0.16   0.88   0.79      8      8      1   
  0.51   0.31   0.48   0.11      2      2      1   
  0.67   0.15   0.27   0.05      4      4      1   
  0.20   0.17   0.64   0.40      5      5      1   
  0.15   0.18   0.66   0.30      5      5      1   
  0.99   0.21   0.16   0.04      8      8      1   
  0.14   0.11   0.44   0.54      5      5      1   
  0.04   0.43   0.43   0.07      5      5      1   
  0.24   0.89   0.27   0.53      9      6      1   
  0.77   0.90   0.71   0.76      2      2      1   
  0.07   0.85   0.27   0.12     16     10      1   
  0.62   0.65   0.64   0.59      1      1      1   
  0.66   0.97   0.46   0.41      5      5      1   
  0.30   0.33   0.87   0.26      5      5      1   
  0.55   0.44   0.46   0.53      1      1      1   
  0.20   0.43   0.56   0.87      6      5      1   
  0.49   0.01   0.28   0.35      4      4      1   
  0.03   0.14   0.48   0.36      5      5      1   
  0.38   0.02   0.53   0.84      8      7      1   
  0.36   0.46   0.27   0.12      4      4      1   
  0.13   0.36   0.84   0.76      8      8      1   
  0.40   0.28   0.12   0.05      3      3      1   
  0.49   0.36   0.57   0.92      5      5      1   
  0.37   0.41   0.17   0.02      4      4      1   
  0.82   0.87   0.87   0.06     13      8      1   
  0.05   0.15   0.51   0.96      9      9      1   
  0.28   0.16   0.69   0.86      7      7      1   
  0.27   0.19   0.37   0.15      1      1      1   
  0.81   0.18   0.69   0.19      1      1      1   
  0.61   0.85   0.45   0.27      6      6      1   
  0.29   0.02   0.58   0.43      5      5      1   
  0.94   0.75   0.50   0.61      4      4      1   
  0.12   0.54   0.04   0.20      3      3      1   
  0.67   0.37   0.28   0.12      4      4      1   
  0.59   0.38   0.17   0.39      4      4      1   
  0.33   0.83   0.13   0.14     30      8      1   
  0.87   0.93   0.79   0.98      1      1      1   
  0.16   0.97   0.84   0.77      6      6      1   
  0.40   0.52   0.54   0.09      4      4      1   
  0.06   0.45   0.08   0.04      4      4      1   
  0.69   0.24   1.00   0.19      3      3      1   
  0.47   0.57   0.50   0.93      3      3      1   
  0.23   0.94   0.26   0.32     16      7      1   
  0.21   0.07   0.03   0.47      4      4      1   
  0.58   0.18   0.39   0.39      3      3      1   
  0.58   0.51   0.58   0.43      1      1      1   
  0.59   0.68   0.55   0.24      4      4      1   
  0.50   0.11   0.79   0.04      3      3      1   
  0.81   0.76   0.21   0.07      8      8      1   
  0.75   0.32   0.50   0.61      4      4      1   
  0.29   0.37   0.03   0.47      3      3      1   
  0.39   0.01   0.00   0.97     68     11      1   
  0.69   0.24   0.34   0.44      4      4      1   
  0.80   0.00   0.55   0.95      9      9      1   
  0.85   0.86   0.91   0.89      1      1      1   
  0.05   0.79   0.97   0.08     11     11      1   
  0.17   0.78   0.20   0.01     17      9      1   
  0.37   0.41   0.57   0.95      5      5      1   
  0.55   0.84   0.23   0.24      7      7      1   
  0.27   0.97   0.56   1.00      3      3      1   
  0.69   0.61   0.74   0.92      3      3      1   
  0.60   0.11   0.30   0.33      3      3      1   
  0.68   0.55   0.69   0.18      4      4      1   
  0.15   0.25   0.74   0.82      7      7      1   
  0.55   0.29   0.27   0.08      3      3      1   
  0.40   0.06   0.76   0.92      8      8      1   
  0.63   0.48   0.09   0.97      7      7      1   
  0.57   0.94   0.12   0.30      7      7      1   
  0.23   0.18   0.39   0.01      2      2      1   
  0.04   0.01   0.38   0.13      3      3      1   
  0.40   0.45   0.46   0.41      1      1      1   
  0.36   0.46   0.64   0.59      3      3      1   
  0.33   0.36   0.89   0.08      6      6      1   
  0.84   0.87   0.29   0.34      7      7      1   
  0.89   0.08   0.48   0.74      7      7      1   
  0.34   0.50   0.61   0.23      4      4      1   
  0.87   0.09   0.75   0.12      2      2      1   
  0.89   0.76   0.63   0.57      4      4      1   
  0.03   0.11   0.47   0.57      6      6      1   
  0.07   0.24   0.24   0.13      2      2      1   
  0.10   0.83   0.06   0.82      1      1      1   
  0.02   0.48   0.92   0.01      9      9      1   
  0.05   0.05   0.51   0.83      8      8      1   
  0.81   0.05   0.19   0.26      6      6      1   
  1.00   0.19   0.48   0.99      9      9      1   
  0.25   0.18   0.48   0.74      6      6      1   
  0.49   0.81   0.30   0.09      7      7      1   
  0.58   0.12   0.34   0.55      4      4      1   
  0.46   0.41   0.53   0.97      5      5      1   
  0.71   0.96   0.58   0.07      8      8      1   
  0.04   0.18   0.79   0.24      7      7      1   
  0.30   0.43   0.18   0.79     38      6      1   
  0.58   0.26   0.33   0.36      3      3      1   
  0.11   0.55   0.69   0.61      5      5      1   
  0.31   0.01   0.43   0.07      2      2      1   
  0.17   0.02   0.63   0.48      6      6      1   
  0.18   0.80   0.57   0.86      4      4      1   
  0.78   0.91   0.25   0.05      9      9      1   
  0.66   0.03   0.77   0.29      3      3      1   
  0.26   0.82   0.34   0.19      7      7      1   
  0.67   0.97   0.58   0.20      7      7      1   
  0.14   0.11   0.17   0.78     42      9      1   
  0.30   0.38   0.51   0.21      3      3      1   
  0.15   0.07   0.78   0.91     10      9      1   
  0.65   0.55   0.44   0.95      4      4      1   
  0.05   0.28   0.62   0.50      5      5      1   
  0.27   0.05   0.22   0.13      1      1      1   
  0.53   0.33   0.46   0.07      3      3      1   
  0.65   0.13   0.51   0.66      5      5      1   
  0.19   0.20   0.68   0.55      6      6      1   
  0.18   0.25   0.50   0.93      7      7      1   
  0.72   0.93   0.07   0.85      6      6      1   
  0.58   0.29   0.78   0.00      3      3      1   
  0.22   0.07   0.34   0.44      4      4      1   
  0.64   0.41   0.46   0.41      2      2      1   
  0.49   0.46   0.97   0.08      5      5      1   
  0.89   0.08   0.43   0.68      7      7      1   
  0.11   0.38   0.48   0.11      4      4      1   
  0.11   0.35   0.77   0.15      6      6      1   
  0.83   0.95   0.57   0.16      8      8      1   
  0.03   0.14   0.05   0.38      2      2      1   
  0.93   0.10   0.42   0.11      5      5      1   
  0.58   0.43   0.99   0.21      4      4      1   
  0.19   0.20   0.29   0.54      3      3      1   
  0.50   0.75   0.20   0.01      7      7      1   
  0.76   0.78   0.82   0.87      1      1      1   
  0.21   0.94   0.28   0.35     12      7      1   
  0.30   0.98   0.38   0.93      1      1      1   
  0.80   0.30   0.61   0.85      6      6      1   
  0.31   0.03   0.57   0.16      3      3      1   
  0.52   0.04   0.59   0.42      4      4      1   
  0.31   0.86   0.33   0.00      8      8      1   
  0.24   0.13   1.00   0.10      7      7      1   
  0.28   0.02   0.59   0.98      9      9      1   
  0.60   0.28   0.23   0.11      4      4      1   
  0.31   0.86   0.94   0.12      9      9      1   
  0.76   0.14   0.12   0.34      6      6      1   
  0.54   0.09   0.69   0.61      5      5      1   
  0.46   0.76   0.23   0.44      4      4      1   
  0.46   0.73   0.30   0.39      4      4      1   
  0.36   0.55   0.69   0.18      5      5      1   
  0.63   0.20   0.88   0.77      7      7      1   
  0.65   0.19   0.75   0.28      1      1      1   
  0.97   0.32   0.53   0.47      5      5      1   
  0.97   0.32   0.56   0.46      4      4      1   
  0.33   0.26   0.55   0.03      3      3      1   
  0.13   0.14   0.26   0.85      8      8      1   
  0.84   0.76   0.15   0.95      6      6      1   
  0.57   0.44   0.89   0.26      3      3      1   
  0.37   0.16   0.93   0.05      5      5      1   
  0.28   0.12   0.81   0.89      8      8      1   
  0.17   0.49   0.04   0.26      3      3      1   
  0.20   0.89   0.18   0.04     27      9      1   
  0.63   0.57   0.55   0.06      5      5      1   
  0.79   0.93   0.91   0.19     18      8      1   
  0.18   0.34   0.10   0.40      1      1      1   
  0.92   0.10   0.47   0.81      8      8      1   
  0.50   0.72   0.24   0.07      6      6      1   
  0.29   0.02   0.62   0.50      6      6      1   
  0.02   0.48   0.09   0.18      3      3      1   
  0.24   0.13   0.36   0.86     11      8      1   
  0.44   0.84   0.67   0.72      3      3      1   
  0.58   0.20   0.51   0.33      2      2      1   
  0.80   0.28   0.41   0.10      4      4      1   
  0.92   0.10   0.89   0.25      2      2      1   
  0.64   0.75   0.59   0.32      4      4      1   
  0.43   0.07   0.59   0.03      2      2      1   
  0.24   0.29   0.94   0.31      7      6      1   
  0.63   0.65   0.17   0.02      7      7      1   
  0.13   0.07   0.66   0.97     10      9      1   
  0.85   0.28   0.80   0.24      1      1      1   
  0.49   0.60   0.97   0.32      6      6      1   
  0.04   0.47   0.12   0.05      4      4      1   
  0.08   0.40   0.64   0.40      5      5      1   
  0.01   0.23   0.27   0.10      3      3      1   
  0.77   0.15   0.35   0.49      5      5      1   
  0.26   0.16   0.42   0.44      3      3      1   
  0.19   0.99   0.26   0.96      1      1      1   
  0.86   0.80   0.02   0.48      8      8      1   
  0.41   0.10   0.50   0.42      3      3      1   
  0.96   0.30   0.45   0.60      6      6      1   
  0.92   0.99   0.72   0.03     10     10      1   
  0.55   0.02   0.27   0.19      3      3      1   
  0.63   0.57   0.86   0.89      4      4      1   
  0.50   0.93   0.87   0.22      8      7      1   
  0.79   0.24   0.08   0.33      6      6      1   
  0.99   0.21   0.53   0.02      5      5      1   
  0.56   0.46   0.01   0.21      6      6      1   
  0.60   0.57   0.95   0.75      5      5      1   
  0.21   0.36   0.91   0.19      6      6      1   
  0.25   0.04   0.47   0.08      2      2      1   
  0.01   0.94   0.47   0.58      6      6      1   
  0.47   0.79   0.44   0.91      1      1      1   
  0.24   0.50   0.05   0.34      3      3      1   
  0.05   0.19   0.07   0.20      1      1      1   
  1.00   0.19   0.10   0.16      8      8      1   
  0.24   0.13   0.57   0.31      4      4      1   
  0.92   0.23   0.38   0.92      8      8      1   
  0.51   0.25   0.65   0.13      2      2      1   
  0.18   0.25   0.29   0.10      2      2      1   
  0.05   0.34   0.57   0.65      5      5      1   
  0.24   0.10   0.77   0.78      8      8      1   
  0.47   0.57   0.52   0.14      4      4      1   
  0.50   0.75   0.23   0.79      3      3      1   
  0.58   0.45   0.26   0.17      4      4      1   
  0.59   0.68   0.89   0.26      5      5      1   
  0.23   0.79   0.91   0.19      8      8      1   
  0.34   0.16   0.65   0.13      3      3      1   
  0.50   0.61   0.83   0.15      5      5      1   
  0.31   0.86   0.59   0.05      8      8      1   
  0.14   0.01   0.05   0.98     51     11      1   
  0.18   0.25   0.52   0.49      4      4      1   
  0.36   0.53   0.28   0.31      2      2      1   
  0.21   0.52   0.11   0.55      1      1      1   
  0.12   0.30   0.90   0.77      8      8      1   
  0.20   0.21   0.17   0.77     44      8      1   
  0.49   0.68   0.59   0.42      3      3      1   
  0.16   0.34   0.95   0.75      9      9      1   
  0.24   0.50   0.58   0.85      5      5      1   
  0.28   0.17   0.72   0.28      5      5      1   
  0.60   0.27   0.09   0.89     63      8      1   
  0.87   0.87   0.48   0.49      5      5      1   
  0.66   0.92   0.30   0.38      6      6      1   
  0.80   0.00   0.63   0.09      2      2      1   
  0.93   0.88   0.72   0.28      7      7      1   
  0.09   0.34   0.88   0.11      7      7      1   
  0.47   0.98   0.53   0.02      9      9      1   
  0.13   0.26   0.16   0.04      2      2      1   
  0.45   0.69   0.72   0.20      5      5      1   
  0.97   0.89   0.40   0.42      7      7      1   
  0.99   0.22   0.02   0.51      9      9      1   
  0.57   0.65   0.19   0.06      6      6      1   
  0.88   0.91   0.25   0.05     10     10      1   
  0.59   0.18   0.24   0.89      8      7      1   
  0.46   0.72   0.67   0.73      2      2      1   
  0.61   0.52   0.10   0.55      5      5      1   
  0.97   0.08   0.20   0.17      7      7      1   
  0.22   0.11   0.18   0.25      2      2      1   
  0.05   0.11   0.44   0.95      9      9      1   
  0.47   0.10   0.04   0.13      4      4      1   
  0.15   0.25   0.01   0.33      2      2      1   
  0.15   0.91   0.62   0.50      5      5      1   
  0.92   0.20   0.15   0.18      7      7      1   
  0.62   0.32   0.06   0.16      5      5      1   
  0.13   0.15   0.19   0.94     45      8      1   
  0.24   0.31   0.14   0.39      1      1      1   
  0.54   0.82   0.25   0.37      5      5      1   
  0.50   0.79   0.60   0.32      4      4      1   
  0.15   0.38   0.05   0.07      3      3      1   
  0.05   0.07   0.27   0.05      2      2      1   
  0.65   0.55   0.61   0.32      2      2      1   
  0.62   0.20   0.05   0.38      5      5      1   
  0.49   0.36   0.60   0.12      3      3      1   
  0.46   0.79   0.95   0.80      5      5      1   
  0.59   0.05   0.21   0.36      5      4      1   
  0.21   0.91   0.69   0.31      7      7      1   
  0.98   0.81   0.87   0.26     12      8      1   
  0.34   0.19   0.05   0.19      3      3      1   
  0.25   0.05   0.14   0.94     26     10      1   
  0.45   0.60   0.57   0.94      3      3      1   
  0.88   0.27   0.77   0.90      7      7      1   
  0.56   0.65   0.88   0.09      6      6      1   
  0.59   0.05   0.16   0.28      4      4      1   
  0.69   0.61   0.13   0.37      5      5      1   
  0.26   0.89   0.59   0.38      6      6      1   
  0.83   0.95   0.40   0.39      6      6      1   
  0.61   0.10   0.23   0.24      4      4      1   
  0.82   0.22   0.58   0.45      3      3      1   
  0.18   0.79   0.59   0.79      4      4      1   
  0.89   0.26   0.57   0.95      7      7      1   
  0.53   0.84   0.44   0.94      2      2      1   
  0.67   0.74   0.55   0.03      6      6      1   
  0.11   0.05   0.33   0.26      3      3      1   
  0.68   0.71   0.94   0.75      3      3      1   
  0.88   0.11   0.88   0.10      1      1      1   
  0.19   0.00   0.61   0.93      9      9      1   
  0.04   0.18   0.10   0.53      3      3      1   
  0.77   0.94   0.62   0.65      3      3      1   
  0.36   0.40   0.12   0.92     25      7      1   
  0.08   0.56   0.31   0.86      6      6      1   
  0.27   0.97   0.01   0.33     46      8      1   
  0.25   0.32   0.65   0.23      4      4      1   
  0.25   0.05   0.75   0.30      5      5      1   
  0.79   0.98   0.34   0.16      8      8      1   
  0.88   0.10   0.33   0.31      5      5      1   
  0.86   0.80   0.96   0.18     17      8      1   
  0.53   0.02   0.55   0.03      1      1      1   
  0.15   0.07   0.23   0.94     11      9      1   
  0.46   0.20   0.12   0.94     27      8      1   
  0.48   0.71   0.96   0.06      7      7      1   
  0.38   0.93   0.04   0.43     78      7      1   
  0.71   0.96   0.49   0.81      3      3      1   
  0.13   0.98   0.78   0.97      6      6      1   
  0.60   0.32   0.79   0.93      6      6      1   
  0.10   0.53   0.05   0.31      2      2      1   
  0.48   0.12   0.51   0.31      2      2      1   
  0.80   0.91   0.24   0.31      8      8      1   
  0.87   0.06   0.30   0.38      6      6      1   
  0.58   0.20   0.69   0.28      1      1      1   
  0.78   0.97   0.11   0.90      6      6      1   
  0.89   0.25   0.36   0.90      8      8      1   
  0.23   0.43   0.95   0.95      8      8      1   
  0.48   0.74   0.73   0.13      6      6      1   
  0.97   0.32   0.39   0.01      6      6      1   
  0.75   0.80   0.23   0.80      5      5      1   
  0.62   0.32   0.25   0.18      4      4      1   
  0.56   1.00   0.40   0.81      2      2      1   
  0.84   0.87   0.79   0.93      1      1      1   
  0.67   0.97   0.20   0.17      9      8      1   
  0.45   0.15   0.43   0.13      1      1      1   
  0.65   0.84   0.60   0.57      3      3      1   
  0.67   0.73   0.25   0.31      5      5      1   
  0.63   1.00   0.31   0.03      9      9      1   
  0.59   0.38   0.18   0.79     47      6      1   
  0.44   0.94   0.77   0.26      7      7      1   
  0.57   0.86   0.03   0.11      8      8      1   
  0.73   0.97   0.53   0.38      6      6      1   
  0.26   0.16   0.28   0.12      1      1      1   
  0.20   0.17   0.02   0.80     74      9      1   
  0.50   0.61   0.07   0.00      7      7      1   
  0.92   0.23   0.20   0.43      7      7      1   
  0.15   0.51   0.74   0.25      6      6      1   
  0.45   0.60   0.91   0.25      6      6      1   
  0.16   0.04   0.29   0.43      4      4      1   
  1.00   0.89   0.92   0.99      1      1      1   
  0.19   0.26   0.56   0.24      3      3      1   
  0.18   0.44   0.67   0.62      5      5      1   
  0.54   0.21   0.62   0.30      1      1      1   
  0.69   0.18   0.13   0.26      5      5      1   
  0.47   0.98   0.29   0.34      7      7      1   
  0.07   0.22   0.88   0.91      9      9      1   
  0.56   0.54   0.30   0.10      5      5      1   
  0.53   0.20   0.96   0.06      4      4      1   
  0.75   0.30   0.09   0.99     30      8      1   
  0.69   0.28   0.93   0.88      7      7      1   
  0.07   0.20   0.20   0.17      2      2      1   
  0.55   0.95   0.47   0.57      4      4      1   
  0.22   0.28   0.57   0.92      7      7      1   
  0.48   0.99   0.13   0.98      3      3      1   
  0.11   0.55   0.78   0.06      7      7      1   
  0.17   0.13   0.79   0.24      6      6      1   
  0.18   0.46   0.33   0.26      3      3      1   
  0.78   0.24   0.85   0.97      8      7      1   
  0.59   0.38   0.26   0.17      4      4      1   
  0.53   0.03   1.00   0.81      9      9      1   
  0.22   0.16   0.78   0.91      9      8      1   
  0.89   0.08   0.72   0.98      9      8      1   
  0.19   0.20   0.09   0.97     45      9      1   
  0.59   0.12   0.48   0.36      3      3      1   
  0.85   0.84   0.34   0.81      5      5      1   
  0.32   0.06   0.60   0.54      5      5      1   
  0.26   0.89   0.04   0.47     62      8      1   
  0.09   0.86   0.27   0.19     17      9      1   
  0.59   0.98   0.97   0.05     10      9      1   
  0.05   0.19   0.18   0.04      2      2      1   
  0.52   0.14   0.28   0.12      3      3      1   
  0.21   0.07   0.46   0.08      3      3      1   
  0.56   0.90   0.03   0.14      9      9      1   
  0.36   0.27   0.92   0.01      6      6      1   
  0.39   0.30   0.34   0.19      1      1      1   
  0.61   0.56   0.06   0.42      5      5      1   
  0.18   0.25   0.12   0.92     21      9      1   
  0.75   0.12   0.77   0.14      1      1      1   
  0.61   0.93   0.02   0.45      7      7      1   
  0.87   0.22   0.01   0.21      8      8      1   
  0.61   0.63   0.57   0.44      2      2      1   
  0.56   1.00   0.24   0.00     10      9      1   
  0.51   0.21   0.14   0.77     46      8      1   
  0.72   0.93   0.08   0.10     10      9      1   
  0.20   0.02   0.20   0.81     14      9      1   
  0.57   0.92   0.69   0.86      2      2      1   
  0.82   0.16   0.33   0.18      4      4      1   
  0.60   0.54   0.19   0.09      6      6      1   
  0.30   0.98   0.44   0.91      2      2      1   
  0.61   0.90   0.40   0.28      6      6      1   
  0.29   0.34   0.46   0.07      3      3      1   
  0.31   0.86   0.08   0.33     38      7      1   
  0.20   0.01   0.63   0.65      7      7      1   
  0.26   0.17   0.26   0.82     17      7      1   
  0.75   0.97   0.36   0.37      7      7      1   
  0.79   0.93   0.36   0.28      7      7      1   
  0.06   0.16   0.18   0.86     40      9      1   
  0.62   0.65   0.32   0.48      3      3      1   
  0.33   0.36   0.28   0.80     12      5      1   
  0.08   0.40   0.40   0.45      3      3      1   
  0.83   0.15   0.48   0.49      4      4      1   
  0.79   0.03   0.81   0.76      9      7      1   
  0.53   0.20   0.49   0.60      4      4      1   
  0.46   0.41   0.52   0.02      4      4      1   
  0.25   0.04   0.06   0.98     46     10      1   
  0.03   0.47   0.64   0.41      6      6      1   
  0.26   0.16   0.30   0.10      1      1      1   
  0.37   0.24   0.08   0.04      3      3      1   
  0.42   0.06   0.57   0.44      4      4      1   
  0.20   0.01   0.07   0.00      1      1      1   
  0.50   0.11   0.48   0.99      8      8      1   
  0.07   0.53   0.26   0.49      2      2      1   
  0.94   0.03   0.32   0.25      6      6      1   
  0.51   0.66   0.49   0.62      1      1      1   
  0.04   0.83   0.46   0.89      4      4      1   
  0.73   0.26   0.24   0.13      5      5      1   
  0.94   0.75   0.45   0.02      9      9      1   
  0.18   0.79   0.22   0.28     15      7      1   
  0.76   0.94   0.77   0.14      7      7      1   
  0.48   0.36   0.86   0.84      6      6      1   
  0.78   0.87   1.00   0.10     22      8      1   
  0.91   0.19   0.53   0.48      4      4      1   
  0.44   0.91   0.10   0.40     40      6      1   
  0.21   0.48   0.13   0.36      2      2      1   
  0.88   0.12   0.56   0.44      4      4      1   
  0.48   0.71   0.49   0.68      1      1      1   
  0.24   0.89   0.34   0.19      8      8      1   
  0.67   0.73   0.89   0.26      5      5      1   
  0.49   0.73   0.41   0.16      5      5      1   
  0.19   0.20   0.69   0.61      6      6      1   
  0.23   0.09   0.78   0.97      9      9      1   
  0.88   0.12   0.75   0.26      2      2      1   
  0.15   0.07   0.01   0.57      5      5      1   
  0.81   0.22   0.09   0.34      6      6      1   
  0.28   0.12   0.10   0.55      4      4      1   
  0.05   0.31   0.08   0.38      1      1      1   
  0.37   0.06   0.36   0.78      7      7      1   
  0.23   0.44   0.26   0.16      3      3      1   
  0.47   0.79   0.86   0.07      7      7      1   
  0.30   0.33   0.21   0.36      1      1      1   
  0.79   0.98   0.38   0.18      8      8      1   
  0.02   0.45   0.87   0.09      8      8      1   
  0.01   0.08   0.13   0.07      1      1      1   
  0.20   0.50   0.26   0.96      7      6      1   
  0.29   0.02   0.12   0.32      3      3      1   
  0.57   0.87   0.01   0.08      9      9      1   
  0.18   0.04   0.34   0.19      2      2      1   
  0.40   0.25   0.32   0.48      2      2      1   
  0.30   0.55   0.33   0.55      1      1      1   
  0.07   0.24   0.24   0.29      2      2      1   
  0.71   0.76   0.33   0.26      6      6      1   
  0.00   0.46   0.33   0.26      4      4      1   
  0.28   0.02   0.69   0.86      8      8      1   
  0.94   0.96   0.14   0.39      9      9      1   
  0.27   0.54   0.57   0.44      3      3      1   
  0.72   0.98   0.73   0.10      8      8      1   
  0.76   0.94   0.84   0.77      2      2      1   
