  0.09   0.99   0.44   0.14     10      9      1   
  0.71   0.00   0.08   0.17     32      9      1   
  0.25   0.57   0.41   0.10      5      5      1   
  0.22   0.15   0.40   0.90      8      8      1   
  0.86   0.89   0.21   0.94      6      6      1   
  0.16   0.14   0.50   0.82      7      7      1   
  0.08   0.38   0.16   0.28      1      1      1   
  0.45   0.15   0.93   0.26      4      4      1   
  0.89   0.76   0.69   0.82      2      2      1   
  0.18   0.27   0.56   0.90      7      7      1   
  0.06   0.16   0.03   0.46      3      3      1   
  0.54   0.60   0.09   0.05      7      7      1   
  0.43   0.13   0.76   0.78      7      7      1   
  0.48   0.09   0.49   0.26      2      2      1   
  0.93   0.07   0.54   0.76      7      7      1   
  0.73   0.10   0.88   0.79      8      8      1   
  0.49   0.46   0.73   0.28      3      3      1   
  0.19   0.00   0.05   0.28      3      3      1   
  0.59   0.44   0.67   0.11      3      3      1   
  0.55   0.06   0.95   0.74     20      9      1   
  0.86   0.91   0.15   0.25      9      9      1   
  0.11   0.90   0.61   0.32      8      7      1   
  0.59   0.03   0.69   0.31      3      3      1   
  0.57   0.66   0.07   0.87      5      5      1   
  0.59   0.74   0.47   0.08      6      6      1   
  0.63   0.57   0.71   0.21      4      4      1   
  0.93   0.26   0.65   0.23      3      3      1   
  0.74   0.82   0.03   0.82      7      7      1   
  0.07   0.53   0.75   0.96      8      8      1   
  0.88   0.10   0.60   0.54      5      5      1   
  0.65   0.79   0.14   0.50      6      6      1   
  0.52   0.47   0.07   0.24      5      5      1   
  0.03   0.12   0.15   0.39      3      3      1   
  0.83   0.95   0.20   0.01    122     11      1   
  0.74   0.22   0.03   0.84     75      9      1   
  0.58   0.16   0.19   0.26     13      6      1   
  0.65   0.28   0.11   0.01    100      8      1   
  0.50   0.93   0.04   0.47     59      7      1   
  0.54   0.28   0.70   0.79      5      5      1   
  0.85   0.02   0.13   0.33     10      8      1   
  0.05   0.31   0.19   0.94     26      8      1   
  0.37   0.90   0.74   0.25      7      7      1   
  0.01   0.82   0.17   0.39     25      8      1   
  0.61   0.16   0.78   0.31      2      2      1   
  0.01   0.82   0.69   0.31      8      8      1   
  0.11   0.05   0.77   0.15     29      9      1   
  0.96   0.30   0.61   0.23      3      3      1   
  0.95   0.75   0.11   0.06     11     11      1   
  0.74   0.01   0.10   0.33      9      8      1   
  0.34   0.50   0.12   0.30      3      3      1   
  0.16   0.34   0.50   0.88      6      6      1   
  0.64   0.81   0.66   0.16      6      6      1   
  0.81   0.91   0.26   0.92      5      5      1   
  0.49   0.72   0.66   0.39      3      3      1   
  0.13   0.10   0.98   0.87     11     11      1   
  0.66   0.97   0.70   0.73      2      2      1   
  0.58   0.07   0.26   0.82     20      8      1   
  0.07   0.22   0.91   0.25     13      9      1   
  0.19   0.18   0.92   0.22     18      9      1   
  0.81   0.18   0.63   0.57      5      4      1   
  0.08   0.40   0.97   0.77      9      9      1   
  0.66   0.39   0.69   0.46      1      1      1   
  0.36   0.46   0.75   0.30      4      4      1   
  0.12   0.79   0.44   0.54      5      5      1   
  0.54   0.74   0.95   0.75      4      4      1   
  0.76   0.20   0.33   0.84      7      7      1   
  0.26   0.53   0.78   0.91      6      6      1   
  0.16   0.21   0.94   0.96     10     10      1   
  0.15   0.25   0.50   0.79      6      6      1   
  0.08   0.17   0.61   0.56      6      6      1   
  0.36   0.78   1.00   0.84      6      6      1   
  0.89   0.23   0.75   0.12      2      2      1   
  0.79   0.03   0.23   0.80     15      9      1   
  0.02   0.45   0.08   0.84     63      9      1   
  0.81   0.89   0.95   0.25     24      8      1   
  0.04   0.18   0.09   0.99     49     10      1   
  0.53   0.47   0.02   0.48      5      5      1   
  0.51   0.31   0.73   0.13      3      3      1   
  0.09   0.08   0.15   0.95     43     11      1   
  0.44   0.01   0.21   0.94     15      9      1   
  0.25   0.57   0.70   0.88      6      6      1   
  0.09   0.93   0.54   0.74      5      5      1   
  0.71   0.96   0.07   0.25      9      9      1   
  0.96   0.87   0.47   0.28      7      7      1   
  0.63   0.09   0.62   0.21      1      1      1   
  0.88   0.79   0.03   0.46      8      8      1   
  0.43   0.07   0.65   0.84      7      7      1   
  0.42   0.07   0.81   0.76      8      8      1   
  0.11   0.01   0.43   0.07     98      9      1   
  0.11   0.05   0.08   0.17      1      1      1   
  0.72   0.93   0.14   0.11     10      9      1   
  0.20   0.89   0.85   0.02     10     10      1   
  0.19   0.11   0.51   0.21     24      6      1   
  0.56   0.65   0.12   0.56      4      4      1   
  0.07   0.20   0.64   0.40      6      6      1   
  0.12   0.98   0.09   0.22     25      9      1   
  0.89   0.77   0.08   0.81      7      7      1   
  0.12   0.94   0.64   0.72      5      5      1   
  0.50   0.43   0.49   0.97      5      5      1   
  0.54   0.80   0.53   0.48      3      3      1   
  0.24   0.50   0.22   0.11      4      4      1   
  0.25   0.87   0.49   0.13      8      8      1   
  0.21   0.52   0.57   0.86      5      5      1   
  0.02   0.51   0.58   0.73      6      6      1   
  0.12   0.04   0.64   0.40      7      7      1   
  0.54   0.80   0.59   0.98      2      2      1   
  0.38   0.93   0.86   0.09      8      8      1   
  0.49   0.36   0.78   0.17      3      3      1   
  0.98   0.96   0.23   0.79      7      7      1   
  0.50   0.79   0.88   0.11      7      7      1   
  0.90   0.87   0.91   0.08     16      9      1   
  0.67   0.15   0.63   0.25      1      1      1   
  0.23   0.44   0.88   0.11      7      7      1   
  0.88   0.79   0.45   0.74      4      4      1   
  0.19   0.00   0.46   0.41      6      6      1   
  0.09   0.79   0.50   0.61      5      5      1   
  0.80   0.94   0.10   0.19     10     10      1   
  0.37   0.41   0.79   0.03      5      5      1   
  0.10   0.05   0.77   0.15     30      9      1   
  0.40   0.90   0.40   0.28      6      6      1   
  0.64   0.40   0.54   0.10      3      3      1   
  0.05   0.48   0.59   0.32      6      6      1   
  0.46   0.07   0.62   0.21      2      2      1   
  0.61   0.90   0.29   0.54      5      5      1   
  0.54   0.10   0.76   0.78      6      6      1   
  0.47   0.08   0.67   0.62      5      5      1   
  1.00   0.19   0.67   0.11      3      3      1   
  0.59   0.98   0.27   0.97      3      3      1   
  0.60   0.32   0.55   0.29      1      1      1   
  0.74   0.22   0.06   0.93      9      9      1   
  0.20   0.81   0.97   0.77      7      7      1   
  0.51   0.09   0.40   0.45      3      3      1   
  0.44   0.61   0.71   0.96      4      4      1   
  0.73   0.28   0.97   0.32      2      2      1   
  0.65   0.06   0.76   0.20      2      2      1   
  0.89   0.98   0.25   1.00      6      6      1   
  0.09   0.93   0.09   0.79      2      2      1   
  0.09   0.86   0.55   0.67      5      5      1   
  0.21   0.48   0.47   0.58      3      3      1   
  0.01   0.08   0.61   0.97     10     10      1   
  0.55   0.23   0.80   0.28      3      3      1   
  0.49   0.26   0.45   0.74      5      5      1   
  0.65   0.55   0.97   0.05      6      6      1   
  0.79   0.98   0.71   0.96      1      1      1   
  0.62   0.26   0.48   0.80      5      5      1   
  0.58   0.22   0.53   0.60      4      4      1   
  0.93   0.10   0.97   0.89     17      9      1   
  0.01   0.21   0.72   0.98      9      9      1   
  0.04   0.26   0.63   0.09     52      8      1   
  0.20   0.89   0.46   0.79      3      3      1   
  0.55   0.24   0.74   0.25      2      2      1   
  0.19   0.24   0.69   0.47      6      6      1   
  0.26   0.92   0.10   0.31     36      8      1   
  0.68   0.71   0.87   0.09      6      6      1   
  0.10   0.46   0.94   0.75      8      8      1   
  0.10   0.19   0.57   0.52      6      6      1   
  0.08   0.84   0.54   0.17      9      9      1   
  0.91   0.00   0.79   0.25      3      3      1   
  0.13   0.26   0.02   0.54      3      3      1   
  0.46   0.42   0.28   0.79     13      5      1   
  0.59   0.64   0.18   0.25      6      6      1   
  0.69   0.24   0.94   0.75     18      7      1   
  0.59   0.64   0.20   0.93      5      5      1   
  0.06   0.17   0.52   0.14     63      7      1   
  0.97   0.32   0.19   0.85     22      9      1   
  0.97   0.89   0.48   0.09      9      9      1   
  0.11   0.21   0.07   0.20      1      1      1   
  0.63   0.03   0.03   0.46      8      7      1   
  0.93   0.26   0.82   0.19      1      1      1   
  0.30   0.43   0.23   0.79     15      5      1   
  0.19   0.20   0.21   0.52      3      3      1   
  0.09   0.89   0.20   0.01    140     11      1   
  0.78   0.32   0.08   0.38      7      7      1   
  0.97   0.08   0.82   0.09      2      2      1   
  0.50   0.75   0.57   0.44      3      3      1   
  0.48   0.36   0.53   0.20      2      2      1   
  0.87   0.87   0.93   0.23     20      8      1   
  0.45   0.04   0.44   0.25      2      2      1   
  0.11   0.92   0.38   0.92      3      3      1   
  0.12   0.94   0.64   0.59      5      5      1   
  0.62   0.61   0.46   0.73      2      2      1   
  0.86   0.07   0.71   0.94      8      8      1   
  0.04   0.47   0.96   0.30      9      9      1   
  0.82   0.14   0.91   0.25      2      2      1   
  0.51   0.30   0.01   0.57      6      5      1   
  0.19   0.99   0.13   0.23     24      9      1   
  0.98   0.87   0.18   0.10     86     11      1   
  0.69   0.86   0.02   0.00     10     10      1   
  0.62   0.61   0.60   0.37      2      2      1   
  0.94   0.93   0.36   0.86      5      5      1   
  0.69   0.27   0.07   0.85     81      8      1   
  0.60   0.65   0.07   0.00    110      8      1   
  0.66   0.64   0.69   0.31      3      3      1   
  0.10   0.01   0.55   0.48      7      7      1   
  0.81   0.76   0.69   0.02      7      7      1   
  0.48   0.99   0.22   0.15      9      9      1   
  0.51   0.25   0.65   0.97      6      6      1   
  0.04   0.20   0.75   0.12     42      8      1   
  0.37   0.82   0.67   0.62      3      3      1   
  0.76   0.26   0.76   0.08      2      2      1   
  0.50   0.93   0.10   0.55     63      6      1   
  0.55   0.84   0.29   0.79      3      3      1   
  0.13   0.23   0.88   0.10     34      9      1   
  0.81   0.93   0.51   0.09      8      8      1   
  0.69   0.86   0.19   0.24      7      7      1   
  0.49   0.62   0.02   0.00      7      7      1   
  0.19   0.11   0.20   0.21      1      1      1   
  0.55   0.95   0.39   0.89      2      2      1   
  0.49   0.13   0.34   0.50      4      4      1   
  0.63   0.03   0.06   0.45      8      7      1   
  0.61   0.23   0.73   0.25      1      1      1   
  0.13   0.33   0.05   0.19      2      2      1   
  0.19   0.06   0.44   0.91      9      9      1   
  0.04   0.83   0.94   0.75      8      8      1   
  0.06   0.45   0.78   0.06      8      8      1   
  0.49   0.46   0.96   0.97      6      6      1   
  0.89   0.08   0.93   0.88     17      9      1   
  0.48   0.74   0.78   0.03      7      7      1   
  0.05   0.07   0.06   0.14      1      1      1   
  0.60   0.57   0.63   0.57      1      1      1   
  0.70   0.46   0.21   0.13     52      7      1   
  0.53   0.38   0.02   0.54      5      5      1   
  0.86   0.09   0.80   0.00      1      1      1   
  0.65   0.23   0.08   0.40      6      6      1   
  0.09   0.08   0.54   0.21     24      7      1   
  0.53   0.60   0.76   0.74      3      3      1   
  0.82   0.26   0.06   0.82    101      9      1   
  0.54   0.10   0.18   0.79     18      8      1   
  0.05   0.11   0.72   0.93     10      9      1   
  0.15   0.18   0.77   0.14     30      8      1   
  0.52   0.47   0.57   0.87      4      4      1   
  0.78   0.04   0.79   0.98     10      8      1   
  0.92   0.20   0.74   0.25      2      2      1   
  0.89   0.08   0.10   0.16     31      9      1   
  0.53   0.38   0.59   0.32      1      1      1   
  0.44   0.54   0.31   0.45      2      2      1   
  0.95   0.25   0.67   0.80      7      7      1   
  0.95   0.74   0.51   0.21      8      8      1   
  0.49   0.36   0.69   0.48      2      2      1   
  0.17   0.11   0.58   0.20     30      7      1   
  0.46   0.07   0.45   0.60      5      5      1   
  0.30   0.43   0.47   0.10      4      4      1   
  0.13   0.23   0.34   0.85      8      7      1   
  0.57   0.95   0.56   0.90      1      1      1   
  0.62   0.30   0.04   0.01     98      8      1   
  0.09   0.97   0.78   0.93      7      7      1   
  0.07   0.22   0.64   0.72      7      7      1   
  0.74   0.01   0.52   0.58      6      6      1   
  0.60   0.32   0.49   0.60      3      3      1   
  0.62   0.69   0.98   0.87      4      4      1   
  0.72   0.93   1.00   0.84      3      3      1   
  0.21   0.52   0.81   0.22      6      6      1   
  0.64   0.89   0.72   0.20      7      7      1   
  0.88   0.11   0.37   0.95      9      9      1   
  0.18   0.46   0.66   0.30      5      5      1   
  0.13   0.07   0.01   0.57      5      5      1   
  0.15   0.38   0.86   0.89      8      8      1   
  0.23   0.80   0.78   0.06      8      8      1   
  0.70   0.07   0.17   0.98     10      9      1   
  0.48   0.36   0.31   0.45      2      2      1   
  0.11   0.97   0.46   0.89      3      3      1   
  0.80   0.91   0.41   0.10      8      8      1   
  0.69   0.47   0.16   0.21     19      6      1   
  0.00   0.40   0.04   0.20      2      2      1   
  0.95   0.74   0.48   0.99      5      5      1   
  0.53   0.47   0.51   0.96      5      5      1   
  0.09   0.78   0.58   0.16      9      9      1   
  0.09   0.22   0.10   0.46      2      2      1   
  0.19   0.06   0.63   0.09     49      9      1   
  0.11   0.34   0.59   0.98      8      7      1   
  0.47   0.57   0.14   0.33      4      4      1   
  0.47   0.81   0.33   0.83      2      2      1   
  0.61   0.97   0.47   0.81      2      2      1   
  0.20   0.02   0.20   0.81     32     10      1   
  0.29   0.42   0.54   0.21      3      3      1   
  0.44   0.61   0.19   0.06      6      6      1   
  0.19   0.85   0.47   0.57      4      4      1   
  0.73   0.28   0.49   0.81      5      5      1   
  0.01   0.33   0.40   0.42      4      4      1   
  0.56   0.46   0.51   0.33      2      2      1   
  0.17   0.98   0.22   0.52     19      7      1   
  0.42   0.44   0.09   0.99     45      6      1   
  0.60   0.57   0.70   0.74      2      2      1   
  0.15   0.91   0.19   0.20     26      8      1   
  0.62   0.50   0.23   0.44      4      4      1   
  0.65   0.23   0.63   0.36      2      2      1   
  0.12   0.54   0.56   0.76      5      5      1   
  0.75   0.80   0.57   0.66      2      2      1   
  0.87   0.22   0.77   0.86      7      7      1   
  0.03   0.09   0.79   0.31     10      9      1   
  0.85   0.28   0.91   0.25      1      1      1   
  0.66   0.30   0.55   0.95      6      6      1   
  0.58   0.83   0.02   0.45      7      7      1   
  0.75   0.95   0.19   0.18      9      9      1   
  0.76   0.83   0.85   0.86      1      1      1   
  0.09   0.22   0.67   0.58      7      6      1   
  0.44   0.79   0.53   0.33      5      4      1   
  0.78   0.87   0.70   0.88      1      1      1   
  0.95   0.00   0.02   0.80     85     11      1   
  0.04   0.93   0.80   0.00     12     11      1   
  0.97   0.77   0.53   0.60      5      5      1   
  0.06   0.99   0.96   0.26     10     10      1   
  0.58   0.20   0.91   0.19      3      3      1   
  0.19   0.24   0.45   0.16     40      6      1   
  0.53   0.81   0.94   0.31      8      7      1   
  0.96   0.18   0.55   0.84      7      7      1   
  0.69   0.82   0.57   0.31      5      5      1   
  0.95   0.18   0.07   0.87     83     10      1   
  0.40   0.06   0.36   0.53      5      5      1   
  0.26   0.49   0.02   0.80     78      7      1   
  0.45   0.09   0.20   0.01     83      8      1   
  0.81   0.76   0.34   0.55      5      5      1   
  0.82   0.26   0.06   0.99      9      9      1   
  0.48   0.49   0.16   0.05     85      6      1   
  0.44   0.95   0.58   0.83      2      2      1   
  0.08   0.28   0.21   0.36      2      2      1   
  0.54   0.84   0.52   0.49      3      3      1   
  0.60   0.91   0.60   0.92      1      1      1   
  0.51   0.21   0.06   0.50      6      5      1   
  0.36   0.94   0.88   0.10      9      9      1   
  0.57   0.87   0.03   0.12      8      8      1   
  0.72   0.93   0.69   0.48      4      4      1   
  0.08   0.56   0.24   0.89      8      7      1   
  0.06   0.50   0.13   0.37      2      2      1   
  0.48   0.09   0.40   0.45      3      3      1   
  0.12   0.32   0.51   0.21     30      5      1   
  0.67   0.97   0.91   0.18      8      8      1   
  0.08   0.84   0.32   0.48      6      6      1   
  0.08   0.17   0.61   0.56      6      6      1   
  0.12   0.04   0.81   0.76     10     10      1   
  0.67   0.11   0.14   0.13     54      8      1   
  0.51   0.83   0.63   0.03      7      7      1   
  0.62   0.50   0.20   0.17     34      6      1   
  0.39   0.89   0.58   0.51      4      4      1   
  0.81   0.91   0.15   0.18      9      9      1   
  0.69   0.61   0.51   0.19      4      4      1   
  0.49   0.72   0.41   0.10      6      6      1   
  0.36   0.53   0.13   0.26      3      3      1   
  0.02   0.00   0.13   0.26      3      3      1   
  0.03   0.34   0.58   0.26      6      6      1   
  0.11   0.35   0.12   0.05      3      3      1   
  0.34   0.55   0.72   0.98      5      5      1   
  0.08   0.81   0.16   0.34     26      8      1   
  0.57   0.86   0.10   0.53     61      6      1   
  0.99   0.95   0.53   0.33      8      7      1   
  0.78   0.97   0.45   0.71      4      4      1   
  0.22   0.49   0.86   1.00      8      8      1   
  0.14   0.94   0.51   0.30      8      7      1   
  0.40   0.42   0.18   0.56      3      3      1   
  0.04   0.47   0.65   0.79      7      7      1   
  0.07   0.24   0.31   0.86      8      7      1   
  0.65   0.97   0.26   0.53      6      6      1   
  0.02   0.00   0.53   0.97     10     10      1   
  0.58   0.51   0.49   0.72      2      2      1   
  0.75   0.80   0.40   0.45      5      5      1   
  0.35   0.92   0.07   0.22     36      8      1   
  0.04   0.20   0.57   0.86      8      8      1   
  0.55   0.41   0.94   0.93      6      6      1   
  0.99   0.95   0.92   0.10     21      9      1   
  0.11   0.06   0.75   0.80      9      9      1   
  0.64   0.41   0.18   0.23     10      5      1   
  0.26   0.85   0.30   0.55      5      4      1   
  0.61   0.37   0.65   0.19      2      2      1   
  0.45   0.15   0.03   0.82     88      9      1   
  0.11   0.01   0.69   0.31     10      8      1   
  0.53   0.84   0.44   0.01      7      7      1   
  0.09   0.79   0.74   0.09     10     10      1   
  0.65   0.34   0.63   0.48      2      2      1   
  0.98   1.00   0.45   0.71      5      5      1   
  0.78   0.97   0.70   0.46      5      5      1   
  0.29   0.43   0.96   0.06      7      7      1   
  0.33   0.83   0.61   0.23      6      6      1   
  0.47   0.58   0.97   0.05      6      6      1   
  0.07   0.53   0.76   0.74      7      7      1   
  0.00   0.97   0.29   0.54      8      7      1   
  0.54   0.80   0.07   0.20      7      7      1   
  0.18   0.79   0.45   0.60      4      4      1   
  0.51   0.83   0.29   0.43      4      4      1   
  0.19   0.20   0.53   0.47      5      5      1   
  0.72   0.28   0.57   0.66      4      4      1   
  0.92   0.23   0.65   0.28      3      3      1   
  0.93   0.05   0.74   0.92      9      9      1   
  0.46   0.41   0.80   0.30      4      4      1   
  0.75   0.96   0.62   0.50      4      4      1   
  0.56   0.76   0.67   0.74      1      1      1   
  0.63   0.20   0.61   0.63      4      4      1   
  0.57   0.44   0.67   0.74      3      3      1   
  0.97   0.32   0.77   0.79      8      7      1   
  0.78   0.87   0.46   0.72      3      3      1   
  0.53   0.84   0.43   0.07      7      7      1   
  0.14   0.13   0.08   0.84     59     10      1   
  0.59   0.68   0.06   0.99      5      5      1   
  0.69   0.24   0.12   0.42      6      6      1   
  0.59   0.42   0.07   0.85     79      7      1   
  0.49   0.73   0.73   0.26      5      5      1   
  0.77   0.79   0.11   0.01      9      9      1   
  0.08   0.10   0.96   0.26     19     10      1   
  0.15   0.95   0.72   0.88      5      5      1   
  0.08   0.04   0.08   0.84     60     11      1   
  0.59   0.42   0.82   0.95      5      5      1   
  0.46   0.07   0.48   0.74      6      6      1   
  0.49   0.13   0.09   0.78     68      9      1   
  0.01   0.10   0.01   0.33      2      2      1   
  0.67   0.80   0.66   0.45      3      3      1   
  0.62   0.53   0.51   0.31      3      3      1   
  0.73   0.10   0.05   0.98     10     10      1   
  0.02   0.00   0.45   0.69      8      8      1   
  0.09   0.22   0.04   0.13      1      1      1   
  0.59   0.75   0.85   0.97      3      3      1   
  0.03   0.46   0.45   0.71      5      5      1   
  0.55   0.84   0.36   0.78      2      2      1   
  0.53   0.48   0.85   0.84      5      5      1   
  0.60   0.27   0.51   0.33      1      1      1   
  0.66   0.20   0.80   0.94      7      7      1   
  0.66   0.39   0.62   0.50      1      1      1   
  0.48   0.99   0.46   0.20      7      7      1   
  0.52   0.91   0.99   0.22      9      8      1   
  0.83   0.15   0.57   0.10      3      3      1   
  0.49   0.62   0.89   0.08      6      6      1   
  0.83   0.92   0.17   0.98      6      6      1   
  0.04   0.43   1.00   0.81      9      9      1   
  0.88   0.09   0.70   0.73      6      6      1   
  0.48   0.11   0.44   0.61      5      5      1   
  0.78   0.06   0.63   0.57      5      5      1   
  0.26   0.53   0.77   0.25      5      5      1   
  0.57   0.52   0.39   0.89      4      4      1   
  0.33   0.87   0.01   0.82      3      3      1   
  0.33   0.83   0.81   0.76      5      5      1   
  0.52   0.19   0.16   0.21     17      6      1   
  0.69   0.31   0.06   0.23     11      7      1   
  0.21   0.35   0.90   0.77      8      8      1   
  0.61   0.56   0.53   0.03      5      5      1   
  0.77   0.78   0.63   0.57      3      3      1   
  0.02   0.56   0.60   0.57      5      5      1   
  0.05   0.24   0.62   0.53      6      6      1   
  0.43   0.07   0.88   0.77      8      8      1   
  0.36   0.46   0.10   0.19      4      4      1   
  0.60   0.03   0.76   0.20      2      2      1   
  0.62   0.69   0.53   0.47      2      2      1   
  0.66   0.20   0.89   0.23      2      2      1   
  0.34   0.44   0.59   0.74      4      4      1   
  0.56   0.44   0.56   0.94      5      5      1   
  0.14   0.13   0.84   0.87      9      9      1   
  0.97   0.08   0.99   0.80     20     10      1   
  0.57   0.95   0.11   0.55     53      6      1   
  0.45   0.16   0.58   0.18      1      1      1   
  0.03   0.46   0.89   0.90      9      9      1   
  0.44   0.91   0.97   0.77      5      5      1   
  0.46   0.89   0.81   0.24      7      7      1   
  0.83   0.12   0.73   0.13      1      1      1   
  0.13   0.14   0.23   0.46      3      3      1   
  0.80   0.91   0.01   0.94      7      7      1   
  0.49   0.36   0.66   0.03      4      4      1   
  0.59   0.15   0.09   0.08     66      8      1   
  0.04   0.28   0.44   0.25     15      5      1   
  0.49   0.36   0.10   0.46      4      4      1   
  0.89   0.77   0.09   0.34      8      8      1   
  0.64   0.59   0.74   0.22      4      4      1   
  0.03   0.12   0.54   0.74      8      7      1   
  0.84   0.76   0.44   0.84      4      4      1   
  0.67   0.37   0.67   0.80      4      4      1   
  0.48   0.49   0.89   0.77      5      5      1   
  0.78   0.06   0.11   0.55      7      7      1   
  0.02   0.51   0.09   0.34      2      2      1   
  0.28   0.79   0.77   0.94      5      5      1   
  0.59   0.15   0.06   0.16     39      7      1   
  0.19   0.11   0.63   0.20     25      7      1   
  0.58   0.85   0.62   0.30      5      5      1   
  0.55   0.03   0.81   0.19      3      3      1   
  0.04   0.47   0.20   0.01      4      4      1   
  0.36   0.46   0.23   0.52      2      2      1   
  0.67   0.58   0.87   0.06      5      5      1   
  0.11   0.05   0.79   0.31     10      9      1   
  0.78   0.32   0.18   0.55      6      6      1   
  0.61   0.10   0.33   0.87      7      7      1   
  0.58   0.51   0.15   0.38      5      4      1   
  0.60   0.37   0.12   0.42      5      5      1   
  0.51   0.05   0.70   0.07      2      2      1   
  0.35   0.43   0.78   0.99      6      6      1   
  0.92   0.20   0.45   0.02      5      5      1   
  0.45   0.69   0.94   0.75      5      5      1   
  0.93   0.88   0.28   0.79      6      6      1   
  0.43   0.07   0.86   0.84      8      8      1   
  0.51   0.03   0.33   0.55      5      5      1   
  0.77   0.78   0.77   0.25      6      6      1   
  0.46   0.42   0.63   0.48      2      2      1   
  0.60   0.67   0.50   0.72      1      1      1   
  0.63   0.48   0.95   0.95      5      5      1   
  0.67   0.62   0.38   0.92      4      4      1   
  0.55   0.02   0.93   0.05      4      4      1   
  0.14   0.98   0.55   0.21      9      8      1   
  0.63   0.95   0.11   0.34      7      7      1   
  1.00   0.16   0.13   0.26     11      9      1   
  0.01   0.99   0.09   0.89      2      2      1   
  0.57   0.16   0.15   0.07     89      7      1   
  0.96   0.18   0.51   0.83      7      7      1   
  0.12   0.54   0.81   0.21      7      7      1   
  0.09   0.08   0.88   0.10     40     10      1   
  0.52   0.58   0.95   0.95      5      5      1   
  0.45   0.05   0.56   0.33      3      3      1   
  0.42   0.11   0.40   0.42      3      3      1   
  0.33   0.55   0.26   0.89      9      5      1   
  0.04   0.20   0.10   0.33      2      2      1   
  0.22   0.92   0.14   0.77      2      2      1   
  0.41   0.82   0.00   0.97      4      4      1   
  0.95   0.25   0.46   0.42      5      5      1   
  0.54   0.60   0.78   0.32      4      4      1   
  0.61   0.85   0.83   0.95      2      2      1   
  0.10   0.19   0.92   0.20     25      9      1   
  0.40   0.02   0.16   0.04    100      9      1   
  0.22   0.52   0.69   0.18      5      5      1   
  0.04   0.18   0.22   0.84     11      9      1   
  0.55   0.23   0.68   0.12      2      2      1   
  0.75   0.96   0.46   0.53      5      5      1   
  0.83   0.92   0.04   0.47      9      9      1   
  0.77   0.86   0.91   0.00      9      8      1   
  0.77   0.79   0.22   0.52      5      5      1   
  0.24   0.50   0.92   0.01      8      8      1   
  0.93   0.07   0.00   0.40     12      9      1   
  0.46   0.20   0.24   0.89     11      7      1   
  0.62   0.26   0.26   0.99      7      7      1   
  0.48   0.47   0.53   0.47      1      1      1   
  0.59   0.14   0.58   0.51      3      3      1   
  0.78   0.91   0.44   0.25      7      7      1   
  0.57   0.31   0.78   0.06      3      3      1   
  0.65   0.27   0.15   0.95      8      7      1   
  0.62   0.32   0.06   0.16     28      6      1   
  0.66   0.16   0.39   0.89      7      7      1   
  0.45   0.27   0.81   0.19      3      3      1   
  0.36   0.53   0.06   0.32      3      3      1   
  0.45   0.71   0.62   0.50      3      3      1   
  0.82   0.22   0.76   0.83      6      6      1   
  0.59   0.44   0.75   0.32      2      2      1   
  0.21   0.35   0.65   0.52      4      4      1   
  0.09   0.97   0.76   0.17      9      9      1   
  0.99   0.80   0.49   0.62      5      5      1   
  0.59   0.14   0.12   0.04    105      8      1   
  0.41   0.10   0.20   0.01     83      8      1   
  0.54   0.21   0.60   0.03      2      2      1   
  0.09   0.99   0.06   0.23     36      9      1   
  0.42   0.51   0.58   0.43      2      2      1   
  0.73   0.97   0.14   0.13      9      9      1   
  0.51   0.96   0.75   0.32      6      6      1   
  0.61   0.14   0.20   0.17     66      7      1   
  0.80   0.30   0.51   0.19      3      3      1   
  0.67   0.73   0.54   0.17      5      5      1   
  0.13   0.18   0.47   0.57      5      5      1   
  0.31   0.86   0.80   0.17      8      8      1   
  0.51   0.82   0.98   0.96      5      5      1   
  0.07   0.20   1.00   0.23     19      9      1   
  0.01   0.94   0.78   0.32     10      9      1   
  0.41   0.16   0.23   0.44      5      5      1   
  0.60   0.91   0.03   0.84      6      6      1   
  0.01   0.08   0.15   0.38      3      3      1   
  0.37   0.90   0.20   0.16      8      8      1   
  0.86   1.00   0.44   0.25      8      8      1   
  0.78   0.93   0.04   0.20      9      9      1   
  0.78   0.93   0.20   0.42      7      7      1   
  0.11   0.92   0.57   0.65      5      5      1   
  0.81   0.24   0.18   0.10     50      9      1   
  0.60   0.57   0.36   0.86      4      4      1   
  0.06   0.50   0.87   0.87      8      8      1   
  0.12   0.51   0.96   0.87      8      8      1   
  0.89   0.90   0.19   0.10     87     10      1   
  0.78   0.97   0.04   0.01     11     11      1   
  0.57   0.66   0.67   0.11      5      5      1   
  0.66   0.79   0.29   0.54      4      4      1   
  0.36   0.55   0.33   0.85      4      4      1   
  0.17   0.39   0.59   0.98      7      7      1   
  0.09   0.18   0.05   0.32      2      2      1   
  0.29   0.42   0.02   0.54      3      3      1   
  0.97   0.08   0.00   0.40     11     10      1   
  0.57   0.16   0.16   0.28      7      6      1   
  0.13   0.26   0.75   0.28      6      6      1   
  0.64   0.81   1.00   0.10      8      8      1   
  0.46   0.53   0.68   0.09      4      4      1   
  0.04   0.83   0.61   0.22      9      9      1   
  0.59   0.79   0.12   0.56      5      5      1   
  0.63   0.25   0.40   0.25      2      2      1   
  1.00   0.81   0.49   0.46      6      6      1   
  0.77   0.79   0.86   0.09      7      7      1   
  0.59   0.64   0.10   0.19      7      7      1   
  0.68   0.55   0.57   0.52      1      1      1   
  0.21   0.07   0.57   0.62      7      7      1   
  0.84   0.77   0.78   0.93      2      2      1   
  0.53   0.33   0.62   0.53      2      2      1   
  0.86   0.99   0.99   0.22     25      9      1   
  0.59   0.18   0.05   0.48      6      6      1   
  0.76   0.83   0.62   0.61      3      3      1   
  0.71   0.00   0.15   0.51      7      7      1   
  0.47   0.28   0.72   0.20      3      3      1   
  0.05   0.15   0.57   0.16     39      7      1   
  0.61   0.22   0.58   0.45      2      2      1   
  0.56   0.27   0.69   0.19      2      2      1   
  0.05   0.43   0.75   0.97      8      8      1   
  0.79   0.04   0.34   0.44      6      6      1   
  0.55   0.21   0.09   0.79     77      8      1   
  0.44   0.25   0.55   0.29      1      1      1   
  0.14   0.77   0.69   0.46      6      6      1   
  0.49   0.62   0.46   0.72      1      1      1   
  0.20   0.42   0.68   0.82      6      6      1   
  0.95   0.75   0.27   0.53      7      7      1   
  0.12   0.05   0.33   0.85      9      9      1   
  0.12   0.92   0.56   0.54      5      5      1   
  0.25   1.00   0.08   0.56     64      7      1   
  0.09   0.86   0.69   0.31      8      8      1   
  0.95   0.18   0.52   0.04      4      4      1   
  0.18   0.09   0.18   0.79     41      9      1   
  0.09   0.08   0.04   0.26      2      2      1   
  0.67   0.73   0.75   0.95      2      2      1   
  0.49   0.26   0.44   0.99      7      7      1   
  0.64   0.75   0.48   0.47      3      3      1   
  0.36   0.90   0.79   0.10      8      8      1   
  0.52   0.04   0.88   0.91      8      8      1   
  0.08   0.17   0.15   0.36      2      2      1   
  0.04   0.28   0.62   0.20     31      6      1   
  0.41   0.10   0.22   0.16     48      7      1   
  0.81   0.93   0.12   0.30      9      9      1   
  0.84   0.76   0.87   0.87      1      1      1   
  0.22   0.16   0.33   0.85      8      8      1   
  0.13   0.32   0.48   0.47      4      4      1   
  0.11   0.55   0.36   0.78      5      5      1   
  0.80   0.30   0.65   0.41      2      2      1   
  0.58   0.12   0.57   0.86      7      6      1   
  0.36   0.90   0.69   0.28      6      6      1   
  0.83   0.09   0.63   0.09      2      2      1   
  0.98   0.81   0.54   0.60      5      5      1   
  0.94   0.75   0.45   0.09      8      8      1   
  0.52   0.77   0.44   0.79      1      1      1   
  0.91   0.89   0.53   0.06      9      9      1   
  0.47   0.08   0.65   0.34      3      3      1   
  0.95   0.18   0.17   0.02    122     10      1   
  0.02   0.35   0.89   0.26      8      8      1   
  0.19   0.26   0.18   0.44      2      2      1   
  0.08   0.84   0.87   0.09     11     10      1   
  0.30   0.57   0.51   0.09      5      5      1   
  0.19   0.11   0.58   0.07     66      8      1   
  0.64   0.96   0.89   0.26      8      7      1   
  0.37   0.82   0.90   0.13      8      8      1   
  0.35   0.49   0.46   0.72      3      3      1   
  0.51   0.30   0.89   0.08      4      4      1   
  0.20   0.50   0.67   0.74      5      5      1   
  0.22   0.90   0.71   0.29      7      7      1   
  0.94   0.03   0.56   0.90      9      9      1   
  0.88   0.91   0.01   0.21     10     10      1   
  0.49   0.32   0.69   0.18      2      2      1   
  0.69   0.82   0.88   0.09      7      7      1   
  0.65   0.28   0.37   0.79      5      5      1   
  0.53   0.60   0.54   0.85      3      3      1   
  0.81   0.19   0.52   0.91      7      7      1   
  0.69   0.27   0.36   0.90      6      6      1   
  0.58   0.22   0.92   0.01      4      4      1   
  0.13   0.36   0.71   0.01     77      7      1   
  0.60   0.37   0.43   0.00      4      4      1   
  0.49   0.72   0.00   0.40      6      6      1   
  0.59   0.89   0.83   0.15      8      8      1   
  0.47   0.79   0.40   0.45      3      3      1   
  0.07   0.53   0.26   0.92      7      7      1   
  0.65   0.97   0.10   0.22      8      8      1   
  0.69   0.47   0.54   0.80      3      3      1   
  0.07   0.24   0.74   0.82      8      8      1   
  0.48   0.09   0.03   0.47      7      6      1   
  0.03   0.47   0.46   0.20     32      5      1   
  0.24   0.50   0.19   0.85     31      6      1   
  0.99   0.30   0.65   0.52      4      4      1   
  0.43   0.07   0.52   0.02      1      1      1   
  0.37   0.95   0.03   0.82      4      4      1   
  0.65   0.41   0.12   0.05     88      7      1   
  0.83   0.23   0.75   0.80      6      6      1   
  0.34   0.55   0.01   0.82     89      6      1   
  0.68   0.12   0.18   0.09     83      8      1   
  0.69   0.18   0.56   0.51      3      3      1   
  0.69   0.19   0.45   0.69      5      5      1   
  0.64   0.72   0.48   0.11      6      6      1   
  0.02   0.48   0.18   0.80     40      8      1   
  0.65   0.41   1.00   0.89      6      6      1   
  0.78   0.32   0.55   0.95      6      6      1   
  0.51   0.21   0.44   0.91      6      6      1   
  0.59   0.44   0.13   0.23     12      6      1   
  0.86   0.95   0.14   0.01    124     11      1   
  0.55   0.95   0.81   0.93      3      3      1   
  0.00   0.97   0.52   0.47      7      7      1   
  0.87   0.87   0.23   0.52      6      6      1   
  0.53   0.03   0.53   0.35      3      3      1   
  0.49   0.81   0.57   0.65      2      2      1   
  0.45   0.04   0.46   0.79      7      7      1   
  0.42   0.44   0.57   0.95      5      5      1   
  0.90   0.13   0.80   0.00      2      2      1   
  0.11   0.21   0.08   0.38      2      2      1   
  0.22   0.92   0.05   0.28     41      8      1   
  0.78   0.00   0.26   0.53      7      7      1   
  0.96   0.30   0.61   0.37      4      4      1   
  0.21   0.94   0.80   0.30      8      8      1   
  0.11   0.05   0.43   0.00    126      9      1   
  0.42   0.07   0.89   0.19      4      4      1   
  0.69   0.18   0.54   0.96      7      7      1   
  0.73   0.13   0.13   0.32      8      7      1   
  0.80   0.00   0.81   0.91      9      9      1   
  0.05   0.15   0.58   0.16     39      7      1   
  0.46   0.72   0.50   0.93      2      2      1   
  0.77   0.79   0.49   0.36      5      5      1   
  0.46   0.41   0.65   0.06      4      4      1   
  0.55   0.41   0.62   0.05      3      3      1   
  0.58   0.43   0.04   0.43      5      5      1   
  0.04   0.20   0.45   0.05     97      8      1   
  0.11   0.06   0.27   0.54      5      5      1   
  0.74   0.82   0.36   0.55      4      4      1   
  0.05   0.28   0.79   0.93      9      9      1   
  0.06   0.14   0.66   0.39      7      7      1   
  0.59   0.72   0.65   0.97      3      3      1   
  0.76   0.20   0.77   0.86      7      6      1   
  0.46   0.53   0.25   0.57      2      2      1   
  0.27   0.54   0.06   0.27      3      3      1   
  0.12   0.56   0.28   0.80      6      6      1   
  0.63   0.15   0.24   0.55      5      5      1   
  0.95   0.95   0.05   0.40      9      9      1   
  0.78   0.93   0.28   0.79      5      5      1   
  0.50   0.61   0.88   0.27      5      5      1   
  0.47   0.79   0.52   0.58      2      2      1   
  0.79   0.31   0.61   0.63      4      4      1   
  0.60   0.67   0.36   0.55      3      3      1   
  0.75   0.96   0.52   0.91      2      2      1   
  0.98   1.00   0.18   0.34      9      9      1   
  0.69   0.02   0.95   0.75     10      9      1   
  0.37   0.79   0.51   0.25      5      5      1   
  0.95   0.75   0.51   0.31      7      7      1   
  0.44   0.91   0.00   0.97      4      4      1   
  0.53   0.35   0.65   0.67      3      3      1   
  0.16   0.04   0.63   0.95     10     10      1   
  0.21   0.91   0.81   0.89      6      5      1   
  0.71   0.00   0.89   0.90     10      9      1   
  0.52   0.91   0.51   0.21      6      6      1   
  0.11   0.55   0.59   0.68      5      5      1   
  0.49   0.26   0.52   0.19      1      1      1   
  0.04   0.09   0.11   0.79     53     10      1   
  0.69   0.19   0.57   0.59      4      4      1   
  0.89   0.08   0.69   0.61      6      5      1   
  0.14   0.33   0.05   0.43      2      2      1   
  0.81   0.21   0.26   0.96      8      8      1   
  0.58   0.26   0.61   0.32      1      1      1   
  0.76   0.26   0.79   0.25      1      1      1   
  0.15   0.38   0.51   0.30      5      4      1   
  0.35   0.49   0.50   0.72      3      3      1   
  0.57   0.92   0.49   0.32      6      6      1   
  0.20   0.43   0.53   0.81      5      5      1   
  0.91   0.08   0.62   0.05      3      3      1   
  0.54   0.96   0.15   0.39      7      7      1   
  0.25   0.57   0.64   0.96      6      6      1   
  0.18   0.79   0.52   0.91      4      4      1   
  0.63   0.20   0.04   0.28      7      6      1   
  0.72   0.98   0.88   0.77      3      3      1   
  0.88   0.10   0.11   0.06     87     10      1   
  0.54   0.60   0.04   0.14      6      6      1   
  0.20   0.93   0.14   0.77      2      2      1   
  0.78   0.04   0.46   0.79      7      7      1   
  0.81   0.05   0.56   0.76      7      7      1   
  0.44   0.91   0.12   0.30     31      7      1   
  0.91   0.18   0.89   0.76     14      8      1   
  0.02   0.80   0.22   0.52     20      7      1   
  0.63   0.48   0.56   0.46      1      1      1   
  0.59   0.14   0.45   0.02      2      2      1   
  0.87   0.26   0.90   0.77     12      7      1   
  0.71   0.76   0.72   0.28      4      4      1   
  0.65   0.79   0.48   0.36      4      4      1   
  0.51   0.21   0.53   0.33      1      1      1   
  0.55   0.67   0.34   0.44      3      3      1   
  0.47   0.57   0.38   0.93      3      3      1   
  0.18   0.09   0.67   0.11     55      8      1   
  0.62   0.20   0.89   0.90      7      7      1   
  0.89   0.77   0.46   0.73      4      4      1   
  0.19   0.20   0.21   0.35      2      2      1   
  0.74   0.92   0.15   0.07    100     10      1   
  0.08   0.33   0.68   0.12     47      7      1   
  0.20   0.81   0.74   0.82      5      5      1   
  0.78   0.91   0.61   0.37      5      5      1   
  0.93   0.05   0.77   0.14      2      2      1   
  0.08   0.38   0.55   0.03     78      7      1   
  0.55   0.29   0.68   0.82      5      5      1   
  0.63   0.03   0.06   0.50      7      7      1   
  0.79   0.31   0.07   0.87     81      9      1   
  0.95   0.80   0.63   0.03      9      9      1   
  0.57   0.31   0.54   0.28      1      1      1   
  0.69   0.86   0.53   0.02      8      8      1   
  0.88   0.77   0.44   0.91      4      4      1   
  0.74   0.22   0.06   0.17     28      8      1   
  0.48   0.36   0.08   0.04     98      6      1   
  0.42   0.51   0.94   0.12      6      6      1   
  0.80   0.24   0.05   0.24     16      8      1   
  0.50   0.72   0.26   0.99      4      4      1   
  0.80   0.30   0.69   0.46      3      3      1   
  0.20   0.01   0.59   0.64      8      8      1   
  0.12   0.30   0.55   0.23     19      5      1   
  0.48   0.12   0.07   0.97     47      9      1   
  0.36   0.55   0.77   0.29      5      5      1   
  0.40   0.45   0.16   0.05     84      5      1   
  0.26   0.53   0.79   0.24      6      5      1   
  0.46   0.42   0.51   0.33      1      1      1   
  0.76   0.92   0.51   0.03      8      8      1   
  0.36   0.78   0.87   0.09      8      7      1   
  0.06   0.98   0.48   0.49      6      6      1   
  0.86   0.91   0.84   0.77      2      2      1   
  0.33   0.55   0.72   0.93      5      5      1   
  0.12   0.92   0.01   0.06     35     11      1   
  0.09   0.34   0.66   0.16     34      6      1   
  0.71   0.00   0.53   0.81      8      7      1   
  0.05   0.79   0.66   0.03     10     10      1   
  0.47   0.57   0.06   0.50      4      4      1   
  0.86   0.07   0.59   0.68      6      6      1   
  0.67   0.37   0.88   0.10      3      3      1   
  0.74   0.25   0.91   0.25      2      2      1   
  0.50   0.11   0.52   0.47      3      3      1   
  0.53   0.47   0.94   0.31      4      4      1   
  0.50   0.79   0.49   0.13      6      6      1   
  0.18   0.23   0.13   0.26      1      1      1   
  0.57   0.95   0.20   0.54      6      6      1   
  0.78   0.97   0.72   0.98      1      1      1   
  0.45   0.60   0.77   0.14      5      5      1   
  0.90   0.77   0.57   0.84      4      3      1   
  0.69   0.86   0.54   0.17      6      6      1   
  0.33   0.85   0.13   0.07     32      9      1   
  0.94   0.12   0.59   0.98      9      8      1   
  0.06   0.42   0.02   0.56      2      2      1   
  0.11   0.28   1.00   0.19     28      9      1   
  0.55   0.41   0.91   0.89      6      6      1   
  0.88   0.09   0.68   0.12      2      2      1   
  0.37   0.79   0.87   0.87      5      5      1   
  0.30   1.00   0.78   0.17      8      8      1   
  0.59   0.14   0.78   0.32      3      3      1   
  0.14   0.94   0.27   0.54     13      7      1   
  0.11   0.28   0.75   0.26      6      6      1   
  0.77   0.79   0.22   0.15      8      8      1   
  0.82   0.80   0.37   0.82      4      4      1   
  0.89   0.90   0.54   0.85      3      3      1   
  0.79   0.93   0.13   0.37      8      8      1   
  0.92   0.22   0.65   0.19      3      3      1   
  0.23   0.44   0.71   0.00      6      6      1   
  0.09   0.86   0.78   0.03     11     11      1   
  0.33   0.87   0.12   0.05     32      9      1   
  0.73   0.13   0.87   0.22      2      2      1   
  0.55   0.03   0.55   0.02      1      1      1   
  0.14   0.39   0.68   0.55      5      5      1   
  0.19   0.24   0.72   0.20     17      7      1   
  0.97   0.08   0.05   0.07     85     11      1   
  0.02   0.00   0.14   0.39      4      4      1   
  0.67   0.11   0.68   0.12      1      1      1   
  0.55   0.34   0.79   0.24      3      3      1   
  0.49   0.01   0.49   0.01      1      1      1   
  1.00   0.16   0.77   0.79      8      8      1   
  0.44   0.61   0.11   0.92      5      5      1   
  0.10   0.05   0.11   0.92     52     11      1   
  0.13   0.18   0.89   0.23     18      9      1   
  0.18   0.56   0.10   0.22      3      3      1   
  0.18   0.77   0.06   0.50     63      8      1   
  0.56   0.46   0.66   0.45      1      1      1   
  0.45   0.60   0.23   0.46      3      3      1   
  0.92   0.10   0.59   0.12      4      3      1   
  0.70   0.88   0.83   0.23      7      6      1   
  0.79   0.04   0.51   0.21      3      3      1   
  0.58   0.07   0.51   0.33      3      3      1   
  0.55   0.23   0.94   0.93      7      7      1   
  0.71   0.96   0.60   0.32      6      6      1   
  0.35   0.92   0.69   0.86      3      3      1   
  0.74   0.25   0.58   0.85      6      6      1   
  0.17   0.02   0.16   0.44      4      4      1   
  0.24   0.50   0.46   0.73      3      3      1   
  0.48   0.47   0.69   0.18      3      3      1   
  0.57   0.94   0.77   0.15      7      7      1   
  0.06   0.87   0.77   0.96      7      7      1   
  0.28   0.79   0.12   0.42     36      6      1   
  0.47   0.81   0.75   0.80      3      3      1   
  0.09   0.18   0.82   0.14     30      8      1   
  0.68   0.12   0.88   0.77      8      7      1   
  0.63   0.35   0.62   0.69      3      3      1   
  0.29   0.83   0.48   0.74      2      2      1   
  0.05   0.31   0.13   0.15      2      2      1   
  0.01   0.33   0.42   0.44      4      4      1   
  0.01   0.33   0.03   0.46      2      2      1   
  0.06   0.45   0.10   0.83     54      8      1   
  0.75   0.97   0.93   0.23     21      8      1   
  0.04   0.13   0.06   0.50      3      3      1   
  0.26   0.93   0.07   0.22     36      8      1   
  0.01   0.23   0.23   0.80     22      8      1   
  0.57   0.94   0.11   0.55     51      6      1   
  0.36   0.90   0.09   0.22      7      7      1   
  0.13   0.52   0.04   0.26      3      3      1   
  0.78   0.03   0.58   0.97      8      8      1   
  0.68   0.84   0.08   0.17      8      8      1   
  0.07   0.20   0.21   0.35      2      2      1   
  0.03   0.12   0.71   0.76      8      8      1   
  0.26   0.96   0.61   0.93      3      3      1   
  0.72   0.28   0.49   0.81      5      5      1   
  0.03   0.11   0.14   0.33      2      2      1   
  1.00   0.17   0.44   0.95      9      9      1   
  0.41   0.33   0.07   0.87     56      7      1   
  0.51   0.30   0.91   0.18      4      4      1   
  0.36   0.94   0.54   0.76      3      3      1   
  0.51   0.33   0.51   0.03      3      3      1   
  0.48   0.36   0.63   0.57      2      2      1   
  0.34   0.50   0.55   0.03      5      5      1   
  0.49   0.32   0.09   0.89     75      7      1   
  0.00   0.12   0.65   0.19     31      8      1   
  0.22   0.52   0.77   0.78      5      5      1   
  0.75   0.17   0.46   0.41      4      4      1   
  0.48   0.12   0.12   0.56      6      6      1   
  0.40   0.45   0.63   0.35      3      3      1   
  0.09   0.99   0.58   0.45      7      7      1   
  0.67   0.97   0.57   0.62      3      3      1   
  0.98   1.00   0.41   0.33      8      8      1   
  0.17   0.05   0.99   0.01     40     11      1   
  0.20   0.15   0.08   0.33      2      2      1   
  0.54   0.76   0.66   0.97      2      2      1   
  0.67   0.72   0.19   0.13      7      7      1   
  0.68   0.12   0.18   0.27     14      7      1   
  0.40   0.42   0.00   0.97     58      7      1   
  0.13   0.10   0.04   0.83     89     10      1   
  0.55   0.29   0.41   0.33      2      2      1   
  0.55   0.06   0.82   0.19      3      3      1   
  0.04   0.83   0.19   0.09     29     10      1   
  0.62   0.21   0.55   0.95      7      7      1   
  0.10   0.16   0.06   0.98     33     10      1   
  0.18   0.79   0.51   0.25      7      7      1   
  0.60   0.37   0.77   0.91      5      5      1   
  0.52   0.04   0.21   0.36      7      6      1   
  0.91   0.19   0.58   0.18      3      3      1   
  0.62   0.21   0.80   0.00      3      3      1   
  0.18   0.23   0.10   0.53      3      3      1   
  0.82   0.26   0.50   0.43      3      3      1   
  0.01   0.06   0.93   0.23     19     10      1   
  0.97   0.08   0.89   0.98     13     10      1   
  0.12   0.94   0.95   0.18     10     10      1   
  0.51   0.31   0.46   0.08      2      2      1   
  0.49   0.68   0.05   0.40      5      5      1   
  0.26   0.49   0.07   0.87     74      7      1   
  0.78   0.00   0.62   0.20      3      3      1   
  0.15   0.51   0.48   0.09      5      5      1   
  0.95   0.75   0.48   0.80      5      5      1   
  0.46   0.53   0.49   0.73      2      2      1   
  0.58   0.20   0.73   0.26      2      2      1   
  0.62   0.30   0.97   0.32      3      3      1   
  0.04   0.01   0.86   0.80     11     11      1   
  0.18   0.77   0.73   0.10      9      9      1   
  0.15   0.36   0.86   0.91      8      8      1   
  0.77   0.96   0.09   0.18     10     10      1   
  0.02   0.54   0.07   0.53      1      1      1   
  0.06   0.45   0.24   0.55      2      2      1   
  0.16   0.14   0.40   0.02    126      8      1   
  0.08   0.28   0.14   0.39      1      1      1   
  0.59   0.14   0.11   0.21     10      7      1   
  0.76   0.20   0.33   0.84      7      7      1   
  0.19   0.11   0.69   0.46      7      7      1   
  0.63   0.48   0.53   0.02      4      4      1   
  0.53   0.33   0.44   0.79      4      4      1   
  0.04   0.20   0.61   0.22     22      7      1   
  0.22   0.92   0.09   0.99      2      2      1   
  0.77   0.15   0.88   0.12      1      1      1   
  0.37   0.41   1.00   0.89      8      8      1   
  0.34   0.85   0.89   0.76      5      5      1   
  0.13   0.18   0.10   0.35      2      2      1   
  0.26   0.85   0.49   0.62      3      3      1   
  0.12   0.04   0.50   0.52      6      6      1   
  0.88   0.09   0.99   0.01      1      1      1   
  0.64   0.59   0.84   0.77      3      3      1   
  0.49   0.81   0.12   0.82      4      4      1   
  0.68   0.82   0.47   0.58      3      3      1   
  0.48   0.09   0.08   0.84     66      9      1   
  0.57   0.31   0.00   0.51      6      6      1   
  0.92   0.10   0.46   0.53      5      5      1   
  0.36   0.78   0.18   0.04      8      8      1   
  0.78   0.91   0.46   0.43      5      5      1   
  0.53   0.38   0.52   0.02      4      4      1   
  0.63   1.00   0.30   1.00      3      3      1   
  0.04   0.43   0.98   0.10     36      9      1   
  0.18   0.46   0.17   0.06      4      4      1   
  0.10   0.35   0.65   0.41      5      5      1   
  0.81   0.19   0.07   0.87     83      9      1   
  0.87   0.22   0.88   0.12      1      1      1   
  0.58   0.73   0.95   0.80      4      4      1   
  0.64   0.53   0.47   0.57      2      2      1   
  0.70   0.73   0.84   0.87      2      2      1   
  0.73   0.25   0.67   0.74      5      5      1   
  0.62   0.32   0.80   0.15      2      2      1   
  0.78   0.97   0.55   0.23      7      7      1   
  0.59   0.38   0.88   0.12      4      4      1   
  0.30   0.43   0.87   0.87      6      6      1   
  0.78   0.93   0.55   0.95      2      2      1   
  0.83   0.23   0.63   0.20      2      2      1   
  0.37   0.82   0.33   0.85      1      1      1   
  0.60   0.67   0.19   0.10     83      7      1   
  0.18   0.09   0.44   0.25     13      6      1   
  0.09   0.93   0.80   0.24      9      9      1   
  0.67   0.74   0.93   0.06      7      7      1   
  0.14   0.50   0.99   0.22      8      8      1   
  0.69   0.31   0.12   0.05     96      8      1   
  0.78   0.24   0.30   0.89      7      7      1   
  0.93   0.07   0.81   0.22      2      2      1   
  0.07   0.97   0.36   0.94      3      3      1   
  0.62   0.69   0.19   0.99      5      5      1   
  0.49   0.68   0.59   0.42      3      3      1   
  0.93   0.05   0.99   0.22      2      2      1   
  0.46   0.73   0.76   0.78      3      3      1   
