  0.93   0.95   0.44   0.19      8      8      1   
  0.12   0.96   0.78   0.26      9      9      1   
  0.75   0.03   0.07   0.82     50     10      1   
  0.95   0.94   0.63   0.64      4      4      1   
  0.03   0.47   0.82   0.87      9      8      1   
  0.95   0.12   0.82   0.87      7      7      1   
  0.96   0.51   0.68   0.77      4      4      1   
  0.36   0.83   0.09   0.04     33      8      1   
  0.61   0.49   0.16   0.32      5      5      1   
  0.51   0.91   0.77   1.00      3      3      1   
  0.42   0.46   0.64   0.49      3      3      1   
  0.72   0.82   0.46   0.78      3      3      1   
  0.44   0.35   0.49   0.81      4      4      1   
  0.27   0.53   0.22   0.39      2      2      1   
  0.99   0.49   0.60   0.74      4      4      1   
  0.43   0.92   0.40   0.14      7      7      1   
  0.01   0.81   0.80   0.72      7      7      1   
  0.13   0.25   0.20   0.28      1      1      1   
  0.88   0.58   0.69   0.69      2      2      1   
  0.02   0.34   0.56   0.06     51      7      1   
  0.81   0.84   0.85   0.34      5      5      1   
  0.42   0.85   0.18   0.21     15      7      1   
  0.43   0.44   0.61   0.80      4      4      1   
  0.02   0.86   0.15   0.32     35      9      1   
  0.76   0.14   0.51   0.01      3      3      1   
  0.47   0.61   0.78   0.84      4      4      1   
  0.79   0.47   0.19   0.43      5      5      1   
  0.16   0.40   0.83   0.96      8      8      1   
  0.41   0.41   0.13   0.57      3      3      1   
  0.85   0.49   0.20   0.91      7      7      1   
  0.29   0.98   0.27   0.53     10      5      1   
  0.82   0.32   0.61   0.19      2      2      1   
  0.95   0.57   0.22   0.55      7      7      1   
  0.62   0.81   0.13   0.94      5      5      1   
  0.60   0.74   0.91   0.98      4      4      1   
  0.69   0.91   0.23   0.84      4      4      1   
  0.44   0.69   0.92   0.85      5      5      1   
  0.48   0.50   0.89   0.75      5      5      1   
  0.67   0.15   0.44   0.78      6      6      1   
  0.94   0.14   0.78   0.84      6      6      1   
  0.07   0.02   0.97   0.58     11     10      1   
  0.09   0.26   0.55   0.04     51      7      1   
  0.49   0.49   0.47   0.28      2      2      1   
  0.26   0.47   0.05   0.51      2      2      1   
  0.47   0.02   0.46   0.13      1      1      1   
  0.50   0.90   0.05   0.14      8      8      1   
  0.11   0.52   0.22   0.18      3      3      1   
  0.43   0.76   0.84   0.76      4      4      1   
  0.75   0.30   1.00   0.87      6      6      1   
  0.01   0.23   0.10   0.28      1      1      1   
  1.00   0.35   0.90   0.64      3      3      1   
  0.92   0.70   0.96   0.68      1      1      1   
  0.36   0.51   0.98   0.29      6      6      1   
  0.31   0.42   0.81   0.05      6      6      1   
  0.46   0.25   0.90   0.26      4      4      1   
  0.39   0.94   0.02   0.04     34     10      1   
  0.95   0.75   0.14   0.53      8      8      1   
  0.71   0.14   0.99   0.38      4      4      1   
  0.83   0.27   0.27   0.80      7      7      1   
  0.33   0.47   0.12   0.15      4      4      1   
  0.05   0.00   0.86   0.05     22     11      1   
  0.44   0.90   0.67   0.79      3      3      1   
  0.52   0.35   0.05   0.51      5      5      1   
  0.07   0.08   0.57   0.38      7      7      1   
  0.33   0.90   0.32   0.79      1      1      1   
  0.15   0.44   0.27   0.99      7      6      1   
  0.05   0.01   0.36   0.42      6      5      1   
  0.82   0.71   0.09   0.35      7      7      1   
  0.05   0.53   0.56   0.78      6      6      1   
  0.24   0.87   0.96   0.01     10     10      1   
  0.46   0.19   0.06   0.21     21      6      1   
  0.50   0.47   0.63   0.65      2      2      1   
  0.45   0.92   0.76   0.67      4      4      1   
  0.66   0.62   0.09   0.19      7      7      1   
  0.19   0.51   0.76   0.05      7      7      1   
  0.01   0.20   0.44   0.19     35      6      1   
  0.45   0.63   0.87   0.91      5      5      1   
  0.88   0.47   0.35   0.44      5      5      1   
  0.58   0.07   0.16   0.44      6      6      1   
  0.88   0.18   0.45   0.16      4      4      1   
  0.00   0.10   0.73   0.00     38      9      1   
  1.00   0.21   0.91   0.25      1      1      1   
  0.18   0.85   0.50   0.87      3      3      1   
  0.67   0.75   0.80   0.72      2      2      1   
  0.87   0.38   0.89   0.84      5      4      1   
  0.42   0.13   0.47   0.28      2      2      1   
  0.93   0.24   0.02   0.89     10     10      1   
  0.67   0.56   0.80   0.21      4      4      1   
  0.02   0.89   0.44   0.66      5      5      1   
  0.46   0.19   0.27   0.80      7      7      1   
  0.76   0.40   0.56   0.78      4      4      1   
  0.87   0.69   0.65   0.51      3      3      1   
  0.67   0.39   0.83   0.62      3      3      1   
  0.98   0.06   0.38   0.55      7      7      1   
  0.83   0.27   0.53   0.64      4      4      1   
  0.24   0.87   0.46   0.78      2      2      1   
  0.97   0.45   0.19   0.37      7      7      1   
  0.80   0.74   0.52   0.18      5      5      1   
  0.07   0.08   0.81   0.11     39      9      1   
  0.17   0.38   0.40   0.93      7      7      1   
  0.01   0.22   0.46   0.99      9      9      1   
  0.47   0.61   0.66   0.88      3      3      1   
  0.72   0.66   0.11   0.84      6      6      1   
  0.99   0.50   0.90   0.93      4      4      1   
  0.27   0.80   0.92   0.57      6      6      1   
  0.75   0.37   0.50   0.27      3      3      1   
  0.13   0.94   0.70   0.99      5      5      1   
  0.01   0.81   0.19   0.03    140     11      1   
  0.25   0.50   0.60   0.51      3      3      1   
  0.96   0.88   0.67   0.70      3      3      1   
  0.36   0.42   0.11   0.02      5      5      1   
  0.72   0.35   0.69   0.69      3      3      1   
  0.47   0.61   0.00   0.57      5      5      1   
  0.67   0.04   0.55   0.15      2      2      1   
  0.59   0.46   0.15   0.78     34      6      1   
  0.10   0.93   0.94   0.01     11     11      1   
  0.76   0.40   0.00   0.56      7      7      1   
  0.13   0.32   0.86   0.75      8      8      1   
  0.09   0.25   0.43   0.10     71      6      1   
  0.46   0.23   0.49   0.81      5      5      1   
  0.99   0.50   0.70   0.11      5      5      1   
  0.62   0.10   0.45   0.24      2      2      1   
  0.93   0.24   0.75   0.37      2      2      1   
  0.12   0.15   0.87   0.87      9      9      1   
  0.50   0.03   0.83   0.79      7      7      1   
  0.76   0.09   1.00   0.13      3      3      1   
  0.44   0.90   0.50   0.74      2      2      1   
  0.02   0.36   0.27   0.80      8      8      1   
  0.80   0.02   0.37   0.49      6      6      1   
  0.15   1.00   0.59   0.70      5      5      1   
  0.96   0.90   0.46   0.25      7      7      1   
  0.51   0.62   0.87   0.97      5      5      1   
  0.43   0.92   0.85   0.23      7      7      1   
  1.00   0.87   0.15   0.29      9      9      1   
  0.44   0.19   0.84   0.98      8      8      1   
  0.47   0.61   0.41   0.36      3      3      1   
  0.82   0.32   0.00   0.79     65      9      1   
  0.18   0.91   0.59   0.46      6      6      1   
  0.15   0.88   0.46   0.25      8      7      1   
  0.59   0.21   0.72   0.13      2      2      1   
  0.83   0.62   0.45   0.16      6      6      1   
  0.78   0.24   0.13   0.03     72      9      1   
  0.15   0.88   0.33   0.47      6      6      1   
  0.64   0.21   0.01   0.11     47      8      1   
  0.44   0.41   0.02   0.86     50      7      1   
  0.80   0.62   0.05   0.53      7      7      1   
  0.07   0.82   0.09   0.26     31      9      1   
  0.82   0.78   0.96   0.08      7      7      1   
  0.79   0.99   0.89   0.95      1      1      1   
  0.10   0.91   0.75   0.87      6      6      1   
  0.85   0.38   0.56   0.49      3      3      1   
  0.41   0.07   0.94   0.59      7      7      1   
  0.77   0.40   0.42   0.21      4      4      1   
  0.07   0.08   0.48   0.50      6      6      1   
  0.20   0.81   0.11   0.49     35      7      1   
  0.03   0.08   0.51   0.77      7      7      1   
  0.12   0.37   0.22   0.78      8      7      1   
  0.73   0.92   0.48   0.23      7      7      1   
  0.87   0.87   0.44   0.26      6      6      1   
  0.92   0.57   0.83   0.59      1      1      1   
  0.05   0.36   0.67   0.75      6      6      1   
  0.73   0.12   0.62   0.14      1      1      1   
  0.67   0.50   0.50   0.42      2      2      1   
  0.14   0.37   0.98   0.60      8      8      1   
  0.02   0.04   0.48   0.05     54      8      1   
  0.85   0.49   0.99   0.29      3      3      1   
  0.46   0.46   0.15   0.44      3      3      1   
  0.63   0.64   0.28   0.85      4      4      1   
  0.80   0.22   0.20   0.13     68      8      1   
  0.31   0.42   0.03   0.26      3      3      1   
  0.22   0.98   0.93   0.27      8      8      1   
  0.75   0.63   0.00   0.52      7      7      1   
  0.78   0.09   0.14   0.37      7      7      1   
  0.54   0.17   0.40   0.81      6      6      1   
  0.89   0.83   0.96   0.01      7      7      1   
  0.83   0.58   0.57   0.16      4      4      1   
  0.34   0.98   0.19   0.03    138      9      1   
  0.48   0.54   0.58   0.13      4      4      1   
  0.98   0.70   0.48   0.53      5      5      1   
  0.03   0.19   0.68   0.22     12      7      1   
  0.48   0.23   0.00   0.79     90      9      1   
  0.48   0.15   1.00   0.87      8      8      1   
  0.82   0.71   0.55   0.23      5      5      1   
  0.62   0.10   0.68   0.42      3      3      1   
  0.83   0.30   1.00   0.35      2      2      1   
  0.93   0.24   0.22   0.55      7      7      1   
  0.16   0.19   0.36   0.51      4      4      1   
  0.04   0.27   0.16   0.98     30      9      1   
  0.17   0.34   0.14   0.37      1      1      1   
  0.23   0.84   0.84   0.76      6      6      1   
  0.01   0.80   0.82   0.97      7      7      1   
  0.84   0.14   0.47   0.97      8      8      1   
  0.95   0.57   0.65   0.24      4      4      1   
  0.10   0.28   0.08   0.88     46      9      1   
  0.68   0.42   0.84   0.98      5      5      1   
  0.16   0.99   0.92   0.88      7      7      1   
  0.84   0.75   0.96   0.69      2      2      1   
  0.01   0.28   0.81   0.17     15      8      1   
  0.95   0.72   0.50   0.74      5      5      1   
  0.94   0.01   0.58   0.39      5      5      1   
  0.65   0.44   0.41   0.30      3      3      1   
  0.59   0.44   0.56   0.32      1      1      1   
  0.09   0.14   0.02   0.18      1      1      1   
  0.03   0.19   0.79   0.21     13      8      1   
  0.69   0.48   0.94   0.57      3      3      1   
  0.42   0.21   0.14   0.99     36      8      1   
  0.74   0.61   0.81   0.07      5      5      1   
  0.55   0.58   0.95   0.26      5      5      1   
  0.20   0.17   0.11   0.20      1      1      1   
  0.47   0.87   0.06   0.52     59      6      1   
  0.67   0.70   0.13   0.37      6      6      1   
  0.77   0.85   0.80   0.02      7      7      1   
  0.61   0.21   0.15   0.87     35      8      1   
  0.27   0.99   0.19   0.51     16      6      1   
  0.54   0.69   0.70   0.11      6      6      1   
  0.83   0.96   0.84   0.04      8      8      1   
  0.67   0.50   0.61   0.49      1      1      1   
  0.53   0.09   0.54   0.26      2      2      1   
  0.83   0.58   0.52   0.18      4      4      1   
  0.11   0.18   0.93   0.95     10     10      1   
  0.03   0.14   0.85   0.40      9      9      1   
  0.24   0.48   0.48   0.54      3      3      1   
  0.23   0.84   0.26   0.56      9      5      1   
  0.32   0.54   0.46   0.46      2      2      1   
  0.48   0.54   0.41   0.78      2      2      1   
  0.15   0.44   0.59   0.44      4      4      1   
  0.37   0.97   0.65   0.85      3      3      1   
  1.00   0.21   0.48   0.11      5      5      1   
  0.01   0.11   0.03   0.14      1      1      1   
  0.98   0.66   0.19   0.20     29      9      1   
  0.50   0.47   0.28   0.85      4      4      1   
  0.65   0.44   0.60   0.74      3      3      1   
  0.17   0.19   0.83   0.96      9      9      1   
  0.61   0.19   0.42   0.21      2      2      1   
  0.59   0.58   0.74   0.16      4      4      1   
  0.00   0.85   0.72   0.51      7      7      1   
  0.06   0.98   0.97   0.60      9      9      1   
  0.96   0.51   0.92   0.11      4      4      1   
  0.30   0.41   0.71   0.07      5      5      1   
  0.50   0.07   0.66   0.60      5      5      1   
  0.85   0.49   0.44   0.66      4      4      1   
  0.13   0.57   0.83   0.61      6      6      1   
  0.64   0.13   0.51   0.21      2      2      1   
  0.62   0.46   0.67   0.75      3      3      1   
  0.27   0.87   0.22   0.55     10      6      1   
  0.71   0.22   0.88   0.68      5      5      1   
  0.79   0.47   0.93   0.46      2      2      1   
  0.03   0.08   0.99   0.34     11     10      1   
  0.53   0.99   0.11   0.84      4      4      1   
  0.75   0.87   0.99   0.72      3      3      1   
  0.75   0.96   0.93   0.27      6      6      1   
  0.86   0.05   0.79   0.47      4      4      1   
  0.06   0.95   0.68   0.33      8      8      1   
  0.06   0.95   0.44   0.35      8      7      1   
  0.56   0.06   0.97   0.17      4      4      1   
  0.93   0.60   0.51   0.62      4      4      1   
  0.18   0.27   0.19   0.20      1      1      1   
  0.15   0.87   0.63   0.58      5      5      1   
  0.08   0.03   0.48   0.23      9      7      1   
  0.50   0.57   0.88   0.34      4      4      1   
  0.90   0.89   0.53   0.75      4      4      1   
  0.15   1.00   0.97   0.85      7      7      1   
  0.11   0.84   0.84   0.76      7      7      1   
  0.86   0.55   0.29   0.98      7      7      1   
  0.57   0.38   0.46   0.20      2      2      1   
  0.85   0.49   0.83   0.30      2      2      1   
  0.49   0.08   0.71   0.22      3      3      1   
  0.72   0.22   0.75   0.03      2      2      1   
  0.76   0.67   0.61   0.19      5      5      1   
  0.77   0.85   0.65   0.44      4      4      1   
  0.52   0.17   0.88   0.45      4      4      1   
  0.88   0.70   0.65   0.51      3      3      1   
  0.82   0.70   0.50   0.87      4      4      1   
  0.89   0.84   0.86   0.86      1      1      1   
  0.18   0.92   0.18   0.56     36      7      1   
  0.61   0.07   0.24   0.48      5      5      1   
  0.65   0.44   0.79   0.95      5      5      1   
  0.03   0.36   0.76   0.80      8      8      1   
  0.46   0.19   0.85   0.40      4      4      1   
  0.00   0.79   0.23   0.42     15      8      1   
  0.45   0.16   0.45   0.71      5      5      1   
  0.94   0.14   0.03   0.19     19      9      1   
  0.54   0.26   0.81   0.64      4      4      1   
  0.54   0.69   0.45   0.86      2      2      1   
  0.35   0.44   0.53   0.09      4      4      1   
  0.67   0.70   0.05   0.53      6      6      1   
  0.95   0.98   0.00   0.57     10     10      1   
  0.64   0.31   0.72   0.25      1      1      1   
  0.80   0.41   0.25   1.00      7      7      1   
  0.03   0.39   0.75   0.66      7      7      1   
  0.77   0.36   0.85   0.27      1      1      1   
  0.16   0.15   0.57   0.05     51      7      1   
  0.67   0.96   0.44   0.66      4      4      1   
  0.20   0.17   0.65   0.95      9      9      1   
  0.37   0.56   0.53   0.21      4      4      1   
  0.81   0.17   0.02   0.18     18      9      1   
  0.58   0.39   0.67   0.79      4      4      1   
  0.95   0.72   0.45   0.24      6      6      1   
  0.22   0.08   0.96   0.49     10     10      1   
  0.82   0.78   0.50   0.11      7      7      1   
  0.42   0.96   0.70   0.05      9      9      1   
  0.99   0.71   0.09   0.16     42     10      1   
  0.07   0.08   0.90   0.48      9      9      1   
  0.89   0.67   0.73   0.00      6      6      1   
  0.09   0.26   0.59   0.70      6      6      1   
  0.30   0.88   0.67   0.39      6      6      1   
  0.69   0.48   0.82   0.87      4      4      1   
  0.23   0.84   0.91   0.89      6      6      1   
  0.06   0.10   0.53   0.26      8      7      1   
  0.16   0.19   0.90   0.88     10      9      1   
  0.62   0.14   0.87   0.10      3      3      1   
  0.15   0.87   0.24   0.87      1      1      1   
  0.24   0.48   0.14   0.06      4      4      1   
  0.36   0.97   0.85   0.27      8      8      1   
  0.17   0.20   0.42   0.21     13      5      1   
  0.84   0.04   0.98   0.70      6      6      1   
  0.63   0.60   0.58   0.26      3      3      1   
  0.01   0.54   0.44   0.02     95      7      1   
  0.69   0.61   0.05   0.16     32      7      1   
  0.97   0.60   0.73   0.63      2      2      1   
  0.60   0.48   0.83   0.13      4      4      1   
  0.75   0.96   0.94   0.23      7      7      1   
  0.76   0.80   0.57   0.49      3      3      1   
  0.78   0.92   0.16   0.32      8      8      1   
  0.38   0.94   0.29   0.91      1      1      1   
  0.26   0.47   0.62   0.10      5      5      1   
  0.81   0.64   0.01   0.23      8      8      1   
  0.92   0.76   0.86   0.55      2      2      1   
  0.36   0.85   0.27   0.53     10      4      1   
  0.75   0.96   0.58   0.27      6      6      1   
  0.96   0.35   0.61   0.55      4      4      1   
  0.43   0.33   0.02   0.08     38      6      1   
  0.47   0.87   0.12   0.43      6      6      1   
  0.97   0.99   0.75   0.23      7      7      1   
  0.42   0.21   0.59   0.58      4      4      1   
  0.38   0.55   0.05   0.25      4      4      1   
  0.10   0.33   0.14   0.53      2      2      1   
  0.67   0.75   0.15   1.00      5      5      1   
  0.69   0.91   0.77   0.68      3      3      1   
  0.01   0.02   0.11   0.92     38     11      1   
  0.86   0.55   0.15   0.12     54      9      1   
  0.42   0.03   0.90   0.88      9      9      1   
  0.98   0.28   0.27   0.80      8      8      1   
  0.42   0.03   0.02   0.23     12      7      1   
  0.60   0.48   0.79   0.28      3      3      1   
  0.99   0.29   0.06   0.98     10     10      1   
  0.51   0.62   0.14   0.55      4      4      1   
  0.96   0.51   0.83   0.96      4      4      1   
  0.44   0.19   0.88   0.68      6      6      1   
  0.74   0.34   0.61   0.12      3      3      1   
  0.59   0.68   0.10   0.93      5      5      1   
  0.07   0.43   0.05   0.53      1      1      1   
  0.93   0.26   0.20   0.28      9      8      1   
  0.20   0.28   0.05   0.82     70      9      1   
  0.11   0.36   0.16   0.40      1      1      1   
  0.56   0.16   0.83   0.59      5      5      1   
  0.83   0.94   0.16   0.98      6      6      1   
  0.19   0.43   0.00   0.85     61      8      1   
  0.68   0.77   0.82   0.70      2      2      1   
  0.70   0.05   0.70   0.11      1      1      1   
  0.63   0.43   0.54   0.26      2      2      1   
  0.01   0.47   0.75   0.63      7      7      1   
  0.46   0.13   0.96   0.68      7      7      1   
  0.18   0.91   0.85   0.34      8      8      1   
  0.18   0.85   0.15   0.29     19      8      1   
  0.20   0.42   0.07   0.52      2      2      1   
  0.01   0.28   0.92   0.86     10     10      1   
  0.16   0.40   0.72   0.15      6      6      1   
  0.93   0.46   0.87   0.10      3      3      1   
  0.85   0.34   0.94   0.59      3      3      1   
  0.02   0.36   0.64   0.80      7      7      1   
  0.92   0.76   0.01   0.88      8      8      1   
  0.56   0.16   0.74   0.52      4      4      1   
  0.00   0.15   0.46   0.97      9      9      1   
  0.40   0.56   0.94   0.10      6      6      1   
  0.70   0.45   0.68   0.56      1      1      1   
  0.22   0.18   0.75   0.30      7      7      1   
  0.83   0.58   0.60   0.70      3      3      1   
  0.10   0.93   0.17   0.20     21      9      1   
  0.48   0.23   0.40   0.42      2      2      1   
  0.73   0.63   0.80   0.21      4      4      1   
  0.99   0.75   0.83   0.67      2      2      1   
  0.29   0.91   0.99   0.71      7      7      1   
  0.28   0.95   0.67   0.96      4      4      1   
  0.57   0.49   0.30   0.88      4      4      1   
  0.86   0.55   0.81   0.07      4      4      1   
  0.89   0.64   0.02   0.23      9      9      1   
  0.53   0.99   0.83   0.30      7      7      1   
  0.89   0.84   0.75   0.96      2      2      1   
  0.97   0.13   0.05   0.00     49     11      1   
  0.75   0.37   0.32   0.55      4      4      1   
  0.43   0.78   0.73   0.57      4      4      1   
  0.90   0.64   0.73   0.25      4      4      1   
  0.84   0.56   0.85   0.94      4      4      1   
  0.40   0.81   0.25   0.50      4      4      1   
  0.55   0.29   0.77   0.85      6      6      1   
  0.47   0.26   0.45   0.86      6      6      1   
  0.98   0.04   0.66   0.89      8      8      1   
  0.47   0.87   0.17   0.01    100      8      1   
  0.00   0.29   0.57   0.90      8      8      1   
  0.86   0.75   0.16   0.40      7      7      1   
  0.50   0.10   0.13   0.94     36      9      1   
  0.07   0.08   0.45   0.63      6      6      1   
  0.01   0.23   0.67   0.50      6      6      1   
  0.94   0.93   0.86   0.78      2      2      1   
  0.30   0.86   0.21   0.07     88      9      1   
  0.90   0.88   0.44   0.90      4      4      1   
  0.49   0.50   0.81   0.07      5      5      1   
  0.44   0.53   0.66   0.89      4      4      1   
  0.68   0.80   0.05   0.00      9      9      1   
  0.89   0.67   0.82   0.95      3      3      1   
  0.90   0.22   0.37   0.99      8      8      1   
  0.07   0.08   0.58   0.39      7      7      1   
  0.61   0.55   0.01   0.81     56      7      1   
  0.80   0.22   0.77   0.68      4      4      1   
  0.90   0.76   0.05   0.25      9      9      1   
  0.65   0.44   0.18   0.19     32      6      1   
  0.91   0.37   0.97   0.99      6      6      1   
  0.42   0.85   0.44   0.35      5      5      1   
  0.69   0.61   0.85   0.27      4      4      1   
  0.76   0.80   0.63   0.64      2      2      1   
  0.84   0.30   0.36   0.97      7      7      1   
  0.24   0.97   0.16   0.86      1      1      1   
  0.31   0.79   0.19   0.43     10      5      1   
  0.75   0.76   0.12   0.15      8      8      1   
  0.82   0.69   0.15   0.05     83      9      1   
  0.50   0.03   0.62   0.10      2      2      1   
  0.60   0.17   0.50   0.03      2      2      1   
  0.58   0.26   0.57   0.23      1      1      1   
  0.88   0.34   0.02   0.34      8      8      1   
  0.57   0.81   0.81   0.17      6      6      1   
  0.02   0.04   0.49   0.49      7      6      1   
  0.06   0.10   0.94   0.23     12     10      1   
  0.73   0.20   0.49   0.81      6      6      1   
  0.20   0.13   0.92   0.52      9      9      1   
  0.47   0.61   0.02   0.93      6      6      1   
  0.61   0.21   0.80   0.41      3      3      1   
  0.92   0.85   0.90   0.08      7      7      1   
  0.02   0.32   0.08   0.03      3      3      1   
  0.70   0.99   0.09   0.25      9      9      1   
  0.48   0.05   1.00   0.05      5      5      1   
  0.26   0.42   0.92   0.70      6      6      1   
  0.16   0.13   0.83   0.91      9      9      1   
  0.96   0.83   0.50   0.15      7      7      1   
  0.00   0.29   0.07   0.52      3      3      1   
  0.82   0.50   0.85   0.12      4      4      1   
  0.25   1.00   0.41   0.07      9      9      1   
  0.78   0.24   0.58   0.26      2      2      1   
  0.91   0.88   0.48   0.11      8      8      1   
  0.55   0.58   0.15   0.80      5      5      1   
  0.10   0.49   0.79   0.09      7      7      1   
  0.62   0.44   0.50   0.94      5      5      1   
  0.12   0.81   0.02   0.06     33     10      1   
  0.34   0.83   0.71   0.51      4      4      1   
  0.61   0.00   0.82   0.64      6      6      1   
  0.63   0.72   0.68   0.42      3      3      1   
  0.64   0.80   0.45   0.24      5      5      1   
  0.92   0.70   0.52   0.35      5      5      1   
  0.45   0.05   0.79   0.71      7      7      1   
  0.10   0.93   0.00   0.56     92      9      1   
  0.73   0.63   0.02   0.93      7      7      1   
  0.61   0.28   0.25   0.50      4      4      1   
  0.64   0.92   0.31   0.42      6      5      1   
  0.01   0.47   0.83   0.47      7      7      1   
  0.55   0.15   0.53   0.64      5      5      1   
  0.44   0.44   0.07   0.08     38      5      1   
  0.00   0.85   0.95   0.60      9      9      1   
  0.15   0.88   0.91   0.25      9      9      1   
  0.56   0.16   0.19   0.20     31      6      1   
  1.00   0.21   0.02   0.93     75     11      1   
  0.30   0.41   0.32   0.89     10      6      1   
  0.09   0.26   0.97   0.99     10     10      1   
  0.33   0.90   0.90   0.89      5      5      1   
  0.70   0.39   0.78   0.90      5      5      1   
  0.73   0.20   0.84   0.14      1      1      1   
  0.41   0.36   0.41   0.30      1      1      1   
  0.10   0.93   0.80   0.33      9      9      1   
  0.41   1.00   0.92   0.11      9      9      1   
  0.99   0.34   0.16   0.42      8      8      1   
  0.78   0.04   0.72   0.12      1      1      1   
  0.65   0.51   0.49   0.84      4      4      1   
  0.19   0.10   0.61   0.07     47      8      1   
  0.58   0.56   0.73   0.12      5      5      1   
  0.55   0.48   0.52   0.18      3      3      1   
  0.74   0.33   0.77   0.47      2      2      1   
  0.68   0.33   0.45   0.80      5      5      1   
  1.00   0.21   0.91   0.88      6      6      1   
  0.62   0.10   0.31   0.42      4      4      1   
  0.22   0.08   0.34   0.89      9      8      1   
  0.88   0.34   0.58   0.56      3      3      1   
  0.41   0.36   0.67   0.39      3      3      1   
  0.74   0.25   0.86   0.98      7      7      1   
  0.91   0.37   0.05   0.36      8      8      1   
  0.92   0.70   0.78   0.92      2      2      1   
  0.01   0.28   0.67   0.88      8      8      1   
  0.61   0.93   0.80   0.21      7      7      1   
  0.16   0.15   0.69   0.50      7      7      1   
  0.58   0.13   0.44   0.02      2      2      1   
  0.56   0.49   0.22   0.20     25      5      1   
  0.43   0.44   0.19   0.99      6      6      1   
  0.73   0.63   0.84   0.76      2      2      1   
  0.44   0.53   0.81   0.47      4      4      1   
  0.59   0.68   0.48   0.50      2      2      1   
  0.83   0.67   0.36   0.51      5      5      1   
  0.69   0.50   0.85   0.38      2      2      1   
  0.36   0.83   0.63   0.65      3      3      1   
  0.80   0.21   0.58   0.13      2      2      1   
  0.27   0.87   0.45   0.71      2      2      1   
  0.56   0.20   0.85   0.34      3      3      1   
  0.01   0.81   0.15   0.53     32      8      1   
  0.33   0.47   0.88   0.99      7      7      1   
  0.03   0.01   0.58   0.23      8      8      1   
  0.25   0.50   0.19   0.37      2      2      1   
  0.59   0.03   0.02   0.86     70     10      1   
  0.32   0.89   0.71   0.07      8      8      1   
  0.19   0.99   0.05   0.36     30      8      1   
  0.15   0.05   0.30   0.41      4      4      1   
  0.91   0.25   0.92   0.85      5      5      1   
  0.56   0.16   0.84   0.14      3      3      1   
  0.87   0.87   0.02   0.06     46     10      1   
  0.58   0.56   0.07   0.83      6      6      1   
  0.07   0.82   0.03   0.08     29     10      1   
  0.95   0.89   0.79   0.04      8      8      1   
  0.03   0.14   0.93   0.59     10      9      1   
  0.88   0.17   0.54   0.85      7      7      1   
  0.06   0.28   0.67   0.50      6      6      1   
  0.65   0.51   0.15   0.80      6      6      1   
  0.27   0.87   0.41   0.78      2      2      1   
  0.84   0.56   0.43   0.44      4      4      1   
  0.28   0.95   0.88   0.45      7      7      1   
  0.87   0.38   0.05   0.01     51      9      1   
  0.60   0.42   0.59   0.03      4      4      1   
  0.26   0.42   0.22   0.08      4      4      1   
  0.36   0.97   0.71   0.22      8      8      1   
  0.18   0.21   0.89   0.67      9      8      1   
  0.65   0.51   0.51   0.07      4      4      1   
  0.97   0.13   0.16   0.86     37     10      1   
  0.99   0.57   0.85   0.01      5      5      1   
  0.05   0.41   0.99   0.56      9      8      1   
  0.25   0.95   0.96   0.90      6      6      1   
  0.03   0.86   0.43   0.65      5      5      1   
  0.05   0.16   0.34   0.87      8      8      1   
  0.93   0.27   0.45   0.48      5      5      1   
  0.16   0.26   0.40   0.50      3      3      1   
  0.36   0.51   0.11   0.36      3      3      1   
  0.23   0.97   0.44   0.78      3      3      1   
  0.84   0.34   0.88   0.45      1      1      1   
  0.20   0.13   0.81   0.30      9      8      1   
  0.47   0.87   0.56   0.32      5      5      1   
  0.83   0.94   0.12   0.15      9      9      1   
  0.01   0.02   0.10   0.85     41     11      1   
  0.19   0.51   0.36   0.83      5      5      1   
  0.12   0.15   0.68   0.77      8      8      1   
  0.96   0.08   0.86   0.67      6      6      1   
  0.88   0.96   0.83   0.91      1      1      1   
  0.30   0.88   0.40   0.81      1      1      1   
  0.03   0.19   0.51   0.91      9      8      1   
  0.83   0.43   0.74   0.16      3      3      1   
  0.71   0.59   0.57   0.72      2      2      1   
  0.43   0.76   0.78   0.92      4      4      1   
  0.45   0.11   0.43   0.01      1      1      1   
  0.51   0.07   0.56   0.02      1      1      1   
  0.32   0.84   0.34   0.87      1      1      1   
  0.83   0.27   0.11   0.20     18      8      1   
  0.65   0.06   0.95   0.12      3      3      1   
  0.46   0.25   0.76   0.27      3      3      1   
  0.74   0.33   0.15   0.53      6      6      1   
  0.74   0.33   0.63   0.65      3      3      1   
  0.60   0.17   0.42   0.21      2      2      1   
  0.76   0.40   0.18   0.46      6      6      1   
  0.72   0.25   0.86   0.98      7      7      1   
  0.11   0.92   0.53   0.64      5      5      1   
  0.16   0.27   0.78   0.92      8      8      1   
  0.81   0.11   0.86   0.69      5      5      1   
  0.73   0.12   0.16   0.42      7      7      1   
  0.05   0.96   0.51   0.91      4      4      1   
  0.07   0.35   0.83   0.69      8      7      1   
  0.45   0.71   0.80   0.62      3      3      1   
  0.08   0.12   0.29   0.91      9      9      1   
  0.30   0.88   0.59   0.44      5      5      1   
  0.95   0.89   0.10   0.49      9      9      1   
  0.88   0.45   0.71   0.14      3      3      1   
  0.49   0.89   0.01   0.22      8      8      1   
  0.82   0.69   0.47   0.61      3      3      1   
  0.06   0.52   0.50   0.87      6      6      1   
  0.83   0.94   0.87   0.38      5      5      1   
  0.45   0.48   0.13   0.94     34      6      1   
  0.86   0.55   0.57   0.90      4      4      1   
  0.57   0.06   0.92   0.52      5      5      1   
  0.22   0.08   0.85   0.97     11     10      1   
  0.73   0.08   0.70   0.99      8      8      1   
  0.07   0.08   0.87   1.00     11     11      1   
  0.16   0.13   0.72   0.13     20      8      1   
  0.47   0.61   0.63   0.58      2      2      1   
  0.57   0.81   0.19   0.10     70      8      1   
  0.54   0.69   0.46   0.19      5      5      1   
  0.02   0.32   0.23   0.42      2      2      1   
  0.98   0.09   0.96   0.90      7      7      1   
  0.68   0.77   0.86   0.77      2      2      1   
  0.16   0.40   0.00   0.85     47      9      1   
  0.05   0.82   0.53   0.22      9      9      1   
  0.42   0.05   0.96   0.45      6      6      1   
  0.24   0.46   0.76   0.67      5      5      1   
  0.52   0.35   0.37   0.88      5      5      1   
  0.75   0.88   0.65   0.48      4      4      1   
  0.82   0.64   0.12   0.27      8      7      1   
  0.94   0.23   0.56   0.05      4      4      1   
  0.93   0.71   0.60   0.74      3      3      1   
  0.57   0.49   0.99   1.00      6      6      1   
  0.67   0.65   0.66   0.87      2      2      1   
  0.25   0.95   0.86   0.38      8      8      1   
  0.01   0.81   0.50   0.11     10     10      1   
  0.89   0.95   0.07   0.41      9      9      1   
  0.63   0.65   0.67   0.04      6      6      1   
  0.30   0.86   0.16   0.32     17      7      1   
  0.30   0.86   0.50   0.42      5      5      1   
  0.92   0.70   0.66   0.37      4      4      1   
  0.93   0.04   0.13   0.94     11     11      1   
  0.93   0.71   0.21   0.93      7      7      1   
  0.49   0.59   0.72   0.99      4      4      1   
  0.66   0.89   0.91   0.25      6      6      1   
  0.01   0.47   0.43   0.66      5      5      1   
  0.54   0.17   0.93   0.79      6      6      1   
  0.18   0.46   0.30   0.81      6      5      1   
  0.46   0.99   0.09   0.25     45      8      1   
  0.67   0.39   0.47   0.61      3      3      1   
  0.79   0.04   0.24   0.87      9      9      1   
  0.11   0.20   0.98   0.60      9      9      1   
  0.59   0.70   0.86   0.67      3      3      1   
  0.01   0.02   0.59   0.21     15      8      1   
  0.94   0.10   0.54   0.10      4      4      1   
  0.16   0.44   0.56   0.49      4      4      1   
  0.01   0.02   0.60   0.74      9      8      1   
  0.62   0.46   0.88   0.48      3      3      1   
  0.40   0.21   0.75   0.23      3      3      1   
  0.66   0.08   0.44   0.69      6      6      1   
  0.37   0.49   0.20   0.17      4      4      1   
  0.51   0.07   0.24   0.48      5      5      1   
  0.15   0.53   0.88   0.48      7      7      1   
  0.00   0.14   0.12   0.18      1      1      1   
  0.36   0.83   1.00   0.05      9      9      1   
  0.61   0.80   0.73   0.25      5      5      1   
  0.92   0.88   0.61   0.64      4      4      1   
  0.04   0.46   0.78   0.84      8      8      1   
  0.85   0.38   0.22   0.26     12      7      1   
  0.82   0.04   0.47   0.02      3      3      1   
  0.37   0.49   0.86   0.86      6      6      1   
  0.69   0.22   0.21   0.02     91      8      1   
  0.82   0.71   0.98   0.04      6      6      1   
  1.00   0.09   0.45   0.08      5      5      1   
  0.67   0.79   0.53   0.26      5      5      1   
  0.32   0.45   0.88   0.18      6      6      1   
  0.09   0.26   0.44   0.19     19      6      1   
  0.24   0.48   0.37   0.97      6      6      1   
  0.92   0.88   0.81   0.17      7      7      1   
  0.95   0.98   0.03   0.16     11     11      1   
  0.67   0.96   0.73   0.08      8      8      1   
  0.11   0.49   0.28   0.81      7      7      1   
  0.22   0.03   0.83   0.13     21      9      1   
  0.93   0.71   0.18   0.81      6      6      1   
  0.41   1.00   0.78   0.04      9      9      1   
  0.18   0.21   0.82   0.50      8      7      1   
  0.48   0.15   0.10   0.37      6      5      1   
  0.16   0.44   0.63   0.72      5      5      1   
  0.15   1.00   0.13   0.32     20      8      1   
  0.98   0.09   0.89   0.75      6      6      1   
  0.44   0.35   0.94   0.01      5      5      1   
  0.86   0.67   0.09   0.14     44      8      1   
  0.81   0.07   0.52   0.70      6      6      1   
  0.52   0.18   0.88   0.18      4      4      1   
  0.48   0.72   0.32   0.89      2      2      1   
  0.81   0.30   0.99   0.64      4      4      1   
  0.23   0.97   0.08   0.12     25     10      1   
  0.94   0.93   0.66   0.17      7      7      1   
  0.09   0.19   0.94   0.93     10     10      1   
  0.96   0.83   0.03   0.86      8      8      1   
  0.69   0.69   1.00   0.05      6      6      1   
  0.01   0.80   0.24   0.46     15      8      1   
  0.34   0.50   0.90   0.08      6      6      1   
  0.43   0.10   0.83   0.97      8      8      1   
  0.72   0.25   0.14   0.99      8      8      1   
  0.49   0.36   0.99   0.03      5      5      1   
  0.86   0.98   0.50   0.57      5      5      1   
  0.10   0.85   0.99   0.50      9      9      1   
  0.09   0.14   0.05   0.14      1      1      1   
  0.40   0.81   0.46   0.13      6      6      1   
  0.39   0.94   0.62   0.46      5      5      1   
  0.51   0.45   0.79   0.21      4      4      1   
  0.67   0.25   0.95   0.12      3      3      1   
  0.82   0.06   0.09   0.26     13      8      1   
  0.28   0.95   0.66   0.89      4      4      1   
  0.82   0.97   0.16   0.19     10      9      1   
  0.67   0.04   0.70   0.74      6      6      1   
  0.80   0.21   0.69   0.41      2      2      1   
  0.36   0.80   0.31   0.79      1      1      1   
  0.02   0.06   0.86   0.05     49     10      1   
  0.47   0.28   0.21   0.02     95      6      1   
  0.36   0.83   0.85   0.38      6      6      1   
  0.20   0.91   0.65   0.48      6      6      1   
  0.84   0.30   0.06   0.32      9      8      1   
  0.66   0.08   0.83   0.30      3      3      1   
  0.11   0.49   0.01   0.22      3      3      1   
  0.50   0.27   0.16   0.86     34      7      1   
  0.03   0.14   0.04   0.10      1      1      1   
  0.45   0.71   0.09   0.01     81      8      1   
  0.11   0.18   0.88   0.48      9      8      1   
  0.42   0.85   0.01   0.88      4      4      1   
  0.02   0.36   1.00   0.35      9      9      1   
  0.47   0.06   0.04   0.46      7      7      1   
  0.10   0.28   0.50   0.74      6      6      1   
  0.07   0.52   0.83   0.61      7      7      1   
  0.64   0.13   0.72   0.40      3      3      1   
  0.66   0.17   0.72   0.35      2      2      1   
  0.84   0.41   0.78   0.04      4      4      1   
  0.18   0.21   0.81   0.11     23      8      1   
  0.77   0.40   0.85   0.38      1      1      1   
  0.70   0.11   0.30   0.88      8      8      1   
  0.82   0.50   0.13   0.29      7      7      1   
  0.48   0.54   0.60   0.51      1      1      1   
  0.92   0.11   0.68   0.76      6      6      1   
  0.46   0.19   0.57   0.49      3      3      1   
  0.57   0.06   0.09   0.04     55      8      1   
  0.44   0.26   0.41   0.07      2      2      1   
  0.06   0.21   0.15   0.88     44      9      1   
  0.86   0.82   0.44   0.35      6      6      1   
  0.86   0.38   0.62   0.44      3      3      1   
  0.47   0.61   0.23   0.84      4      4      1   
  0.67   0.39   0.62   0.46      1      1      1   
  0.87   0.87   0.47   0.26      6      6      1   
  0.85   0.23   0.65   0.51      3      3      1   
  0.44   0.53   0.64   0.49      2      2      1   
  0.74   0.60   0.12   0.96      7      7      1   
  0.82   0.11   0.00   0.29     10      8      1   
  0.10   0.37   0.41   0.48      3      3      1   
  0.50   0.15   0.19   0.37      5      4      1   
  0.63   0.60   0.29   0.98      5      5      1   
  0.42   0.05   0.18   0.53      6      6      1   
  0.49   0.49   0.97   0.96      6      6      1   
  0.67   0.70   0.81   0.47      3      3      1   
  0.59   0.03   0.95   0.26      4      4      1   
  0.05   0.14   0.50   0.74      7      7      1   
  0.54   0.17   0.05   0.26     11      6      1   
  0.49   0.81   0.86   0.82      4      4      1   
  0.44   0.14   0.92   0.79      7      7      1   
  0.80   0.13   0.27   0.81      8      8      1   
  0.73   0.99   0.08   0.03     62     10      1   
  0.55   0.58   0.34   0.50      2      2      1   
  0.48   0.72   0.23   0.42      4      4      1   
  0.92   0.86   0.12   0.15     10     10      1   
  0.59   0.46   0.17   0.38      4      4      1   
  0.76   0.67   0.20   0.91      6      6      1   
  0.40   0.21   0.20   0.81     22      7      1   
  0.50   0.03   0.13   0.83     61      9      1   
  0.71   0.39   0.48   0.23      3      3      1   
  0.96   0.71   0.48   0.05      7      7      1   
  0.18   0.91   0.26   0.42     11      7      1   
  0.48   0.23   0.05   0.00     47      7      1   
  0.69   0.69   0.66   0.62      1      1      1   
  0.75   0.83   0.01   0.81      7      7      1   
  0.90   0.88   0.45   0.24      7      7      1   
  0.72   0.03   0.13   0.03     71      9      1   
  0.57   0.63   0.66   0.62      1      1      1   
  0.27   0.87   0.91   0.88      6      6      1   
  0.92   0.52   0.49   0.83      5      5      1   
  0.56   0.61   0.17   0.25      5      5      1   
  0.83   0.61   0.98   0.28      4      4      1   
  0.50   0.47   0.78   0.92      5      5      1   
  0.49   0.31   0.03   0.01     60      7      1   
  0.11   0.32   0.13   0.03      3      3      1   
  0.93   0.60   0.92   0.70      1      1      1   
  0.73   0.08   0.31   0.79      8      8      1   
  0.58   0.39   0.67   0.70      3      3      1   
  0.99   0.50   0.56   0.19      5      5      1   
  0.70   0.99   0.30   0.41      7      6      1   
  0.01   0.02   0.42   0.86      9      9      1   
  0.92   0.88   0.71   0.22      6      6      1   
  0.99   0.38   0.81   0.07      3      3      1   
  0.04   0.27   0.17   0.24      1      1      1   
  0.42   0.21   0.50   0.07      2      2      1   
  0.17   0.24   0.45   0.63      5      5      1   
  0.15   0.94   0.18   0.09     21     10      1   
  0.82   0.95   0.11   0.45      8      8      1   
  0.43   0.78   0.05   0.26      6      6      1   
  0.73   0.99   0.04   0.10     11     10      1   
  0.61   0.07   0.99   0.34      4      4      1   
  0.75   0.08   0.86   0.92      8      8      1   
  0.06   0.21   0.53   0.26      8      6      1   
  0.37   0.97   0.32   0.55      9      5      1   
  0.17   0.34   0.84   0.41      6      6      1   
  0.63   0.72   0.96   0.02      7      7      1   
  0.11   0.18   0.91   0.25     11      9      1   
  0.43   0.65   0.85   0.38      5      5      1   
  0.53   0.26   0.67   0.45      2      2      1   
  0.04   0.10   0.11   0.12      1      1      1   
  0.41   1.00   0.66   0.60      5      5      1   
  0.61   0.49   0.56   0.49      1      1      1   
  0.01   0.80   0.44   0.44      7      7      1   
  0.68   0.56   0.69   0.38      2      2      1   
  0.16   0.15   0.50   0.57      5      5      1   
  0.58   0.13   0.00   0.79     66     10      1   
  0.75   0.62   0.92   0.76      2      2      1   
  0.75   0.30   0.99   0.01      4      4      1   
  0.54   0.69   0.47   0.01      6      6      1   
  0.48   0.53   0.45   0.86      3      3      1   
  0.64   0.80   0.89   0.67      3      3      1   
  0.15   0.88   0.43   0.92      3      3      1   
  0.50   0.74   0.05   0.82      4      4      1   
  0.85   0.27   0.99   0.14      2      2      1   
  0.10   0.49   0.55   0.06      6      6      1   
  0.22   0.40   0.62   0.43      4      4      1   
  0.99   0.56   0.57   0.38      4      4      1   
  0.06   0.28   0.60   0.45      5      5      1   
  0.67   0.50   0.90   0.26      3      3      1   
  0.42   0.21   0.85   0.01      4      4      1   
  0.42   0.13   0.48   0.41      3      3      1   
  0.60   0.48   0.86   0.38      3      3      1   
  0.10   0.08   0.89   0.64     10      9      1   
  0.57   0.49   0.89   0.95      5      5      1   
  0.27   0.87   0.45   0.63      3      3      1   
  0.41   0.41   0.09   0.08     39      5      1   
  0.75   0.87   0.89   0.39      5      5      1   
  0.40   0.50   0.95   0.60      5      5      1   
  0.22   0.78   0.96   0.51      7      7      1   
  0.75   0.62   0.20   0.28     13      6      1   
  0.94   0.84   0.15   0.78      7      7      1   
  0.56   0.61   0.63   0.08      5      5      1   
  0.91   0.37   0.83   0.91      5      5      1   
  0.55   0.58   0.36   0.80      3      3      1   
  0.84   0.58   0.23   0.99      7      7      1   
  0.55   0.04   0.93   0.46      5      5      1   
  0.10   0.33   0.16   0.26      1      1      1   
  0.67   0.75   0.64   0.49      3      3      1   
  0.40   0.42   0.32   0.83      4      4      1   
  0.67   0.75   0.06   0.10      8      8      1   
  0.02   0.87   0.61   0.21      9      9      1   
  0.93   0.46   0.02   0.08     57     10      1   
  0.58   0.13   0.70   0.05      2      2      1   
  0.86   0.75   0.66   0.17      6      6      1   
  0.28   0.81   0.60   0.42      5      5      1   
  0.55   0.50   0.60   0.45      1      1      1   
  0.67   0.50   0.99   0.72      4      4      1   
  0.64   0.92   0.00   0.52     69      8      1   
  0.02   0.89   0.18   0.81      2      2      1   
  0.81   0.79   0.75   0.37      4      4      1   
  0.53   0.09   0.83   0.47      4      4      1   
  0.73   0.92   0.83   0.59      3      3      1   
  0.86   0.86   0.64   0.21      6      6      1   
  0.73   0.25   0.62   0.14      2      2      1   
  0.76   0.27   0.76   0.05      2      2      1   
  0.62   0.12   0.51   0.07      1      1      1   
  0.23   0.83   0.75   0.88      5      5      1   
  0.44   0.38   0.64   0.60      3      3      1   
  0.36   0.85   0.85   0.40      6      6      1   
  0.41   1.00   0.56   0.49      5      5      1   
  0.34   0.89   0.94   0.01      9      9      1   
  0.95   0.57   0.56   0.05      6      6      1   
  0.84   0.34   0.80   0.21      2      2      1   
  0.75   0.03   0.90   0.48      5      5      1   
  0.23   0.97   0.80   0.74      6      6      1   
  0.72   0.22   0.42   0.85      6      6      1   
  0.80   0.62   0.11   0.19     30      8      1   
  0.67   0.70   0.99   0.57      3      3      1   
  0.57   0.05   0.94   0.10      3      3      1   
  0.22   0.18   0.34   0.98      9      8      1   
  0.95   0.72   0.79   0.04      6      6      1   
  0.48   0.26   0.71   0.14      3      3      1   
  0.20   0.48   0.45   0.63      3      3      1   
  0.12   0.96   0.27   0.81      2      2      1   
  0.43   0.44   0.88   0.99      7      6      1   
  1.00   0.09   0.75   0.82      7      7      1   
  0.37   0.97   0.62   0.46      5      5      1   
  0.85   0.23   0.59   0.71      5      5      1   
  0.56   0.19   0.76   0.99      7      7      1   
  0.92   0.70   0.80   0.22      4      4      1   
  1.00   0.13   0.05   0.16     43     10      1   
  0.89   0.64   0.52   0.18      5      5      1   
  0.68   0.77   0.90   0.88      2      2      1   
  0.86   0.55   0.44   0.69      4      4      1   
  0.27   0.87   0.72   0.12      8      8      1   
  0.09   0.01   0.42   0.05     85      8      1   
  0.12   0.81   0.05   0.82      1      1      1   
  0.76   0.40   0.75   0.83      4      4      1   
  0.21   0.93   0.00   0.52     68      8      1   
  0.78   0.24   0.87   0.38      2      2      1   
  0.87   0.69   0.11   0.52      7      7      1   
  0.15   0.44   0.56   0.32      4      4      1   
  0.95   0.27   0.18   0.56      8      8      1   
  0.02   0.06   0.79   0.99     10     10      1   
  0.11   0.84   0.47   0.02      9      9      1   
  0.94   0.65   0.82   0.50      2      2      1   
  0.74   0.64   0.54   0.26      4      4      1   
  0.78   0.04   0.69   0.50      4      4      1   
  0.77   0.85   0.02   0.06     10     10      1   
  0.67   0.50   0.32   0.84      5      5      1   
  0.51   0.21   0.55   0.50      3      3      1   
  0.99   0.38   0.27   0.90      8      8      1   
  0.40   0.93   0.22   0.26     15      7      1   
  0.47   0.02   0.85   0.97      9      9      1   
  0.45   0.48   0.13   0.83     58      6      1   
  0.02   0.04   0.76   0.33      9      8      1   
  0.02   0.23   0.23   0.97     10      9      1   
  0.63   0.65   0.92   0.11      6      6      1   
  0.98   0.28   0.56   0.05      5      5      1   
  0.93   0.46   0.97   0.13      3      3      1   
  0.12   0.18   0.40   0.37      4      4      1   
  0.88   0.99   0.98   0.09      9      8      1   
  0.42   0.46   0.84   0.04      5      5      1   
  0.47   0.28   0.69   0.61      4      4      1   
  0.78   0.09   0.75   0.87      7      7      1   
  0.74   0.25   0.99   0.29      2      2      1   
  0.18   0.84   0.09   0.26     31      9      1   
  0.69   0.06   0.13   0.94     38     10      1   
  0.00   0.29   0.70   0.05     28      8      1   
  0.07   0.52   0.39   0.94      7      7      1   
  0.45   0.09   0.18   0.92     37      9      1   
  0.73   0.20   0.97   0.58      4      4      1   
  0.42   0.05   0.09   0.35      7      6      1   
  0.48   0.53   0.48   0.41      1      1      1   
  0.87   0.87   0.84   0.14      6      6      1   
  0.88   0.86   0.41   0.36      7      7      1   
  0.88   0.45   0.31   0.42      5      5      1   
  0.66   0.08   0.80   0.22      2      2      1   
  0.36   0.97   0.23   0.83      2      2      1   
  0.87   0.68   0.70   0.99      3      3      1   
  0.93   0.58   0.86   0.05      5      5      1   
  0.48   0.23   0.63   0.65      4      4      1   
  0.28   0.95   0.57   0.63      4      4      1   
  0.65   0.06   0.74   0.60      5      5      1   
  0.82   0.40   0.69   0.24      2      2      1   
  0.95   0.26   0.11   0.32      9      8      1   
  0.75   0.88   0.81   0.17      6      6      1   
  0.57   0.90   0.46   0.19      7      7      1   
  0.36   0.83   0.07   0.22     41      7      1   
  0.51   0.77   0.74   0.38      4      4      1   
  0.93   0.56   0.81   0.44      2      2      1   
  0.38   0.94   0.22   0.55     11      6      1   
  0.87   0.69   0.36   0.43      5      5      1   
  0.08   0.12   0.62   0.10     26      8      1   
  0.14   0.53   0.83   0.94      8      7      1   
  0.55   0.58   0.99   0.56      4      4      1   
  0.30   0.88   0.46   0.25      7      6      1   
  0.12   0.43   0.44   0.19     34      5      1   
  0.81   0.44   0.57   0.38      2      2      1   
  0.10   1.00   0.31   0.43      9      7      1   
  0.96   0.71   0.46   0.25      7      6      1   
  0.16   0.32   0.42   0.54      3      3      1   
  0.15   0.44   0.89   0.67      7      7      1   
  0.55   0.27   0.96   0.49      5      5      1   
  0.53   0.09   0.61   0.64      5      5      1   
  0.60   0.74   0.64   0.49      3      3      1   
  0.00   0.93   0.01   0.37     29     10      1   
  0.63   0.26   0.13   0.37      6      5      1   
  0.97   0.99   0.65   0.06      9      9      1   
  0.92   0.11   0.79   0.44      3      3      1   
  0.47   0.26   0.88   0.45      4      4      1   
  0.69   0.06   0.36   0.81      8      8      1   
  0.18   0.85   0.52   0.39      6      6      1   
  0.23   0.99   0.57   0.16      8      8      1   
  0.05   0.01   0.41   0.30      7      6      1   
  0.06   0.98   0.01   0.20     29     11      1   
  0.82   0.40   0.19   0.98      8      8      1   
  0.94   0.98   0.16   0.26      9      9      1   
  0.93   0.27   0.88   0.34      1      1      1   
  0.50   0.11   0.46   0.19      1      1      1   
  0.74   0.95   0.93   0.71      3      3      1   
  0.74   0.16   0.00   0.79     71     10      1   
  0.01   0.11   0.66   0.89      9      9      1   
  0.44   0.66   0.16   0.89      4      4      1   
  0.78   0.24   0.20   0.91      8      8      1   
  0.12   0.80   0.83   0.62      7      7      1   
  0.91   0.25   0.59   0.07      4      4      1   
  0.77   0.25   0.10   1.00      9      9      1   
  0.93   0.04   0.01   0.37     11      9      1   
  0.98   0.66   0.05   0.14     44     10      1   
  0.46   0.25   0.55   0.29      1      1      1   
  0.85   0.94   0.79   0.28      6      6      1   
  0.94   0.01   0.48   0.50      6      6      1   
  0.83   0.96   0.54   0.17      7      7      1   
  0.16   0.32   1.00   0.09     33      9      1   
  0.99   0.57   0.45   0.05      7      7      1   
  0.65   0.85   0.93   0.33      6      6      1   
  0.18   0.27   0.83   0.47      7      7      1   
  0.50   0.15   0.16   0.27      6      5      1   
  0.63   0.94   0.22   0.08     88      9      1   
  0.45   0.63   0.68   0.33      4      4      1   
  0.46   0.32   0.42   0.13      2      2      1   
  0.22   0.55   0.12   0.15      4      4      1   
  0.10   0.33   0.44   0.69      6      5      1   
  0.72   0.22   0.86   0.92      6      6      1   
  0.13   0.07   0.24   0.48      4      4      1   
  0.50   0.42   0.84   0.56      4      4      1   
  0.86   0.75   0.94   0.84      1      1      1   
  0.75   0.30   0.93   0.18      2      2      1   
  0.46   0.99   0.41   0.48      5      5      1   
  0.34   0.50   0.67   0.70      4      4      1   
  0.54   0.26   0.52   0.39      1      1      1   
  0.56   0.32   0.56   0.61      3      3      1   
  0.73   0.92   0.02   0.36      9      8      1   
  0.88   0.99   0.80   0.21      7      7      1   
  0.27   0.47   0.73   0.20      5      5      1   
