  0.19   0.99   0.07   0.02     30     11      1   
  0.21   0.07   0.64   0.49      7      7      1   
  0.05   0.36   0.27   0.80      8      7      1   
  0.66   0.08   0.15   0.88     44      9      1   
  0.29   0.91   0.67   0.15      8      8      1   
  0.57   0.24   0.61   0.49      3      3      1   
  0.11   0.12   0.66   0.93      9      9      1   
  0.99   1.00   0.19   0.10     77     12      1   
  0.06   0.10   0.79   0.95     10     10      1   
  0.88   0.86   0.00   0.57      9      9      1   
  0.54   0.37   0.42   0.54      2      2      1   
  0.50   0.78   0.64   0.80      2      2      1   
  0.62   0.12   0.64   0.21      1      1      1   
  0.27   0.80   0.23   0.84      1      1      1   
  0.49   0.84   0.57   0.23      6      6      1   
  0.62   0.14   0.79   0.99      8      8      1   
  0.01   0.88   0.58   0.39      8      8      1   
  0.47   0.87   0.48   0.11      7      7      1   
  0.61   0.00   0.93   0.24      4      4      1   
  0.31   0.79   0.72   0.21      7      7      1   
  0.46   0.77   0.86   0.86      4      4      1   
  0.68   0.17   0.01   0.28      8      7      1   
  0.12   0.15   0.59   0.46      7      6      1   
  0.67   0.99   0.11   0.36      8      8      1   
  0.92   0.79   0.34   0.50      6      6      1   
  0.41   0.41   0.05   0.01     52      6      1   
  0.89   0.95   0.96   0.83      2      2      1   
  0.18   0.27   0.55   0.06     66      6      1   
  0.18   0.46   0.48   0.53      3      3      1   
  0.78   0.92   0.19   0.43      7      7      1   
  0.60   0.70   0.20   0.90      4      4      1   
  0.50   0.87   0.10   0.11      8      8      1   
  0.68   0.56   0.59   0.65      1      1      1   
  1.00   0.92   0.55   0.58      5      5      1   
  0.65   0.44   0.59   0.68      2      2      1   
  0.30   0.86   0.44   0.90      2      2      1   
  0.63   0.10   0.66   0.37      3      3      1   
  0.07   0.08   0.90   0.22     12     10      1   
  0.82   0.95   0.92   0.15     12      8      1   
  0.66   0.60   0.26   0.42      4      4      1   
  0.11   0.02   0.24   0.46      4      4      1   
  0.06   0.10   0.16   0.94     30     10      1   
  0.13   0.32   0.30   0.88      8      7      1   
  0.24   0.46   0.44   0.44      2      2      1   
  0.02   0.87   0.46   0.77      4      4      1   
  0.05   0.01   0.16   0.40      4      4      1   
  0.34   0.87   0.69   0.91      3      3      1   
  0.75   0.77   0.66   0.60      2      2      1   
  0.10   0.37   0.57   0.72      5      5      1   
  0.49   0.36   0.67   0.88      5      5      1   
  0.31   0.79   0.53   0.09      7      7      1   
  0.94   0.30   0.65   0.44      4      4      1   
  0.77   0.05   0.43   0.33      4      4      1   
  0.11   0.18   0.86   0.78      9      9      1   
  0.00   0.85   0.45   0.24      9      9      1   
  0.43   0.01   0.55   0.27      3      3      1   
  0.95   0.89   0.13   0.57      8      8      1   
  0.67   0.60   0.37   0.47      3      3      1   
  0.18   0.46   0.17   0.14      3      3      1   
  0.48   0.23   0.07   0.52      5      5      1   
  0.86   0.82   0.20   0.17     51      9      1   
  0.73   0.99   0.36   0.51      6      6      1   
  0.17   0.25   0.51   0.95      7      7      1   
  0.10   0.03   0.61   0.12     23      8      1   
  0.75   0.83   0.63   0.26      6      6      1   
  0.17   0.38   0.52   0.95      7      7      1   
  0.81   0.05   0.49   0.89      8      8      1   
  0.97   0.85   0.08   0.26     10     10      1   
  0.82   0.78   0.16   0.32      7      7      1   
  0.06   0.21   0.13   0.94     41      9      1   
  0.20   0.91   0.17   0.38     20      7      1   
  0.63   0.08   0.31   0.46      5      5      1   
  0.63   0.08   0.92   0.11      3      3      1   
  0.66   0.88   0.86   0.26      7      7      1   
  0.16   0.13   0.11   0.84     68      9      1   
  0.74   0.25   0.57   0.72      5      5      1   
  0.10   0.11   0.65   0.09     32      8      1   
  0.93   0.18   0.16   0.26     14      8      1   
  0.01   0.14   0.15   0.16      2      2      1   
  0.50   0.11   0.09   0.14     40      7      1   
  0.48   0.14   0.56   0.04      1      1      1   
  0.08   0.26   0.79   0.95      9      9      1   
  0.18   0.56   0.85   0.97      8      7      1   
  0.01   0.14   0.62   0.43      7      7      1   
  0.48   0.23   0.66   0.08      2      2      1   
  0.47   0.29   0.75   0.83      6      6      1   
  0.37   0.97   0.27   0.47     12      6      1   
  0.04   0.46   0.77   0.05      8      8      1   
  0.60   0.70   0.31   0.79      3      3      1   
  0.43   0.65   0.09   0.01      7      7      1   
  0.05   0.51   0.59   0.03     64      7      1   
  0.91   0.89   0.92   0.86      1      1      1   
  0.98   0.09   0.42   0.96     10      9      1   
  0.62   0.44   0.44   0.19      3      3      1   
  0.84   0.04   0.11   0.02     75     10      1   
  0.31   0.79   0.02   0.86      3      3      1   
  0.27   0.80   0.95   0.98      6      6      1   
  0.20   0.81   0.26   0.42     10      6      1   
  0.36   0.83   0.87   0.91      5      5      1   
  0.45   0.50   0.47   0.61      1      1      1   
  0.21   0.93   0.12   0.15     23      8      1   
  0.66   0.37   0.61   0.19      2      2      1   
  1.00   0.92   0.57   0.06     10      9      1   
  0.53   0.99   0.63   0.10      8      8      1   
  0.78   0.92   0.17   0.87      5      5      1   
  0.50   0.42   0.24   0.87      5      5      1   
  0.11   0.20   0.30   0.81      8      7      1   
  0.52   0.70   0.79   0.09      6      6      1   
  0.43   0.80   0.16   0.98      3      3      1   
  0.17   0.01   0.02   0.04      2      2      1   
  0.40   0.14   0.73   0.92      8      7      1   
  0.25   0.50   0.07   0.52      2      2      1   
  0.18   0.27   1.00   0.09     27      9      1   
  0.80   0.13   0.19   0.37      6      6      1   
  0.73   0.00   0.01   0.28     10      8      1   
  0.93   0.24   0.16   0.99     10     10      1   
  0.52   0.35   0.04   0.27     10      5      1   
  0.56   0.05   0.63   0.01      1      1      1   
  0.13   0.29   0.50   0.74      5      5      1   
  0.37   0.88   0.76   0.09      8      8      1   
  0.23   0.42   0.58   0.56      4      4      1   
  0.44   0.38   0.94   0.23      5      5      1   
  0.68   0.36   0.92   0.76      5      5      1   
  0.72   0.99   0.10   0.52     75      8      1   
  0.63   0.26   0.78   0.79      5      5      1   
  0.67   0.99   0.15   0.88      5      5      1   
  0.06   0.10   0.68   0.80      8      8      1   
  0.01   0.02   0.07   0.43      4      4      1   
  0.57   0.24   0.59   0.21      1      1      1   
  0.45   0.71   0.70   0.87      3      3      1   
  0.10   0.11   0.12   0.01      1      1      1   
  0.11   0.02   0.09   0.08      1      1      1   
  0.61   0.12   0.02   0.04     61      8      1   
  0.83   0.97   0.43   0.33      7      7      1   
  0.59   0.68   0.08   0.47      5      5      1   
  0.05   0.41   0.85   0.23      8      7      1   
  0.91   0.84   0.02   0.08     11     10      1   
  0.09   0.19   0.98   0.29     10      9      1   
  0.55   0.27   0.93   0.79      7      7      1   
  0.67   0.75   0.77   0.98      2      2      1   
  0.06   0.21   0.70   0.05     59      8      1   
  0.95   0.98   0.16   0.44      9      8      1   
  0.79   0.28   0.12   0.37      6      6      1   
  0.11   0.53   0.01   0.80     90      9      1   
  0.01   0.54   0.75   0.23      7      7      1   
  0.61   0.19   0.65   0.06      2      2      1   
  0.10   0.85   0.18   0.56     45      7      1   
  0.14   0.06   0.47   0.97      9      9      1   
  0.06   0.21   0.19   0.49      3      3      1   
  0.61   0.93   0.12   0.18      9      8      1   
  0.44   0.19   0.02   0.25     11      6      1   
  0.18   0.46   0.86   0.05      7      7      1   
  0.54   0.17   0.66   0.09      2      2      1   
  0.43   0.33   0.11   0.18     28      5      1   
  0.09   0.77   0.61   0.55      6      6      1   
  0.69   0.48   0.47   0.61      3      3      1   
  0.51   0.95   0.48   0.14      7      7      1   
  0.24   0.48   0.32   0.89      6      6      1   
  0.69   0.22   0.49   0.49      3      3      1   
  0.07   0.35   0.22   0.27      2      2      1   
  0.99   0.29   0.59   0.21      4      4      1   
  0.76   0.09   0.05   0.06     44      9      1   
  0.99   0.29   0.81   0.07      3      3      1   
  0.67   0.75   0.19   0.98      5      5      1   
  0.55   0.04   0.43   0.01      2      2      1   
  0.11   0.84   0.02   0.89      1      1      1   
  0.95   0.89   0.65   0.44      5      5      1   
  0.96   0.92   0.63   0.26      7      7      1   
  0.56   0.61   0.41   0.07      5      5      1   
  0.28   0.85   0.97   0.13      9      9      1   
  0.04   0.11   0.17   0.87     41     10      1   
  0.44   0.35   0.98   0.28      5      5      1   
  0.98   0.28   0.59   0.70      6      6      1   
  0.07   0.09   0.03   0.88     74     11      1   
  0.12   0.18   0.97   0.17     16     10      1   
  0.34   0.89   0.66   0.93      3      3      1   
  0.69   0.61   0.00   0.85      7      7      1   
  0.01   0.47   0.91   0.89     10      9      1   
  0.76   0.09   0.55   0.58      5      5      1   
  0.94   0.84   0.66   0.37      6      6      1   
  0.03   0.47   0.69   0.35      6      6      1   
  0.27   0.99   0.07   0.48     75      7      1   
  0.46   0.32   0.87   0.91      7      7      1   
  0.10   0.93   0.07   0.83      1      1      1   
  0.96   0.90   0.06   0.98      8      8      1   
  0.01   0.88   0.69   0.17     10     10      1   
  0.73   0.20   0.64   0.01      2      2      1   
  0.52   0.95   0.70   0.87      2      2      1   
  0.87   0.91   0.44   0.26      7      7      1   
  0.72   0.13   0.09   0.35      7      7      1   
  0.10   0.85   0.23   0.48     11      7      1   
  0.12   0.18   0.62   0.26      7      6      1   
  0.14   0.53   0.63   0.58      5      5      1   
  0.40   0.42   0.37   0.49      1      1      1   
  0.57   0.81   0.40   0.21      6      6      1   
  0.59   0.67   0.36   0.43      3      3      1   
  0.07   0.08   0.27   0.90     10      9      1   
  0.97   0.13   0.83   0.97     10      9      1   
  0.16   0.26   0.60   0.17     40      6      1   
  0.93   0.79   0.51   0.72      4      4      1   
  0.41   0.48   0.48   0.72      3      3      1   
  0.01   0.80   0.23   0.42     15      8      1   
  0.05   0.16   0.25   0.50      4      4      1   
  0.16   0.44   0.63   0.26      5      5      1   
  0.18   0.56   0.05   0.01      5      5      1   
  0.45   0.92   0.81   0.07      8      8      1   
  0.97   0.85   0.66   0.08      8      8      1   
  0.98   0.09   0.06   0.21     20     10      1   
  0.46   0.46   0.07   0.24      4      4      1   
  0.85   0.04   0.09   0.04     66     10      1   
  0.02   0.36   0.07   0.01      3      3      1   
  0.53   0.75   0.50   0.03      6      6      1   
  0.27   0.86   0.12   0.87      2      2      1   
  0.44   0.69   0.07   0.98      4      4      1   
  0.08   0.12   0.85   0.94     10     10      1   
  0.49   0.08   0.57   0.06      1      1      1   
  0.58   0.27   0.56   0.16      1      1      1   
  0.18   0.46   0.42   0.31      3      3      1   
  0.03   0.01   0.91   0.94     12     12      1   
  0.18   0.91   0.03   0.88      2      2      1   
  0.22   0.37   0.87   0.87      7      7      1   
  0.57   0.27   0.63   0.64      4      4      1   
  0.65   0.06   0.30   0.86      8      8      1   
  0.86   0.98   0.80   0.00     13      9      1   
  0.07   0.48   0.50   0.84      6      6      1   
  0.59   0.21   0.29   0.44      4      4      1   
  0.51   0.62   0.32   0.55      2      2      1   
  0.88   0.18   0.56   0.16      3      3      1   
  0.43   0.09   0.07   0.24     10      6      1   
  0.68   0.36   0.51   0.25      2      2      1   
  0.86   0.95   0.45   0.92      4      4      1   
  0.44   0.38   0.93   0.24      5      5      1   
  0.12   0.18   0.43   0.78      6      6      1   
  0.67   0.56   0.32   0.89      4      4      1   
  0.16   0.19   0.61   0.55      6      6      1   
  0.31   0.79   0.14   0.18     20      7      1   
  0.17   0.16   0.54   0.17     16      6      1   
  0.11   0.09   0.69   0.24      9      8      1   
  0.09   0.19   0.02   0.04      2      2      1   
  0.95   0.98   0.31   0.85      6      6      1   
  0.52   0.18   0.61   0.12      1      1      1   
  0.30   0.50   0.82   0.01      6      6      1   
  0.54   0.85   0.69   0.61      3      3      1   
  0.20   0.28   0.15   0.44      2      2      1   
  0.16   0.27   0.02   0.42      2      2      1   
  0.23   0.99   0.05   0.36     50      8      1   
  0.84   0.76   0.23   0.99      6      6      1   
  0.85   0.23   0.32   0.84      7      7      1   
  0.15   0.16   0.55   0.48      5      5      1   
  1.00   0.05   0.73   0.00      3      3      1   
  0.40   0.20   0.67   0.65      5      5      1   
  0.01   0.02   0.70   0.05     60     10      1   
  0.81   0.84   0.48   0.26      6      6      1   
  0.91   0.98   0.18   0.24     21      9      1   
  0.50   0.07   0.41   0.78      6      6      1   
  0.50   0.87   0.52   0.70      2      2      1   
  0.81   0.11   0.36   0.97      9      9      1   
  0.12   0.05   0.93   0.18     17     10      1   
  0.13   0.03   0.27   0.81     14      9      1   
  0.61   0.80   0.48   0.54      3      3      1   
  0.22   0.08   0.99   0.03     57     11      1   
  0.13   0.37   0.40   0.50      3      3      1   
  0.22   0.55   0.94   0.01      8      8      1   
  0.03   0.01   0.06   0.98     56     12      1   
  1.00   0.21   0.61   0.55      5      5      1   
  0.79   0.09   0.90   0.26      2      2      1   
  0.50   0.27   0.85   0.23      3      3      1   
  0.56   0.49   0.69   0.91      4      4      1   
  0.89   0.95   0.64   0.36      6      6      1   
  0.29   0.85   0.45   0.05      8      8      1   
  0.40   0.81   0.82   0.04      8      8      1   
  0.38   0.54   0.12   0.01      5      5      1   
  0.04   0.05   0.63   0.43      8      7      1   
  0.45   0.09   0.49   0.83      7      7      1   
  0.76   0.99   0.27   0.80      5      5      1   
  0.09   0.35   0.04   0.27      1      1      1   
  0.99   0.03   0.05   0.82     91     11      1   
  0.18   0.19   0.11   0.87     39      9      1   
  0.68   0.22   0.09   0.91     51      9      1   
  0.93   0.79   0.41   0.78      5      5      1   
  0.77   0.85   0.07   0.98      6      6      1   
  0.03   0.08   0.96   0.02     54     11      1   
  0.03   0.47   0.28   0.95      8      7      1   
  0.17   0.24   0.63   0.60      6      6      1   
  0.78   0.26   0.44   0.38      4      4      1   
  0.00   0.85   0.11   0.34     27      9      1   
  0.40   0.93   0.16   0.15     20      8      1   
  0.12   0.18   0.57   0.72      6      6      1   
  0.34   0.87   0.41   0.78      1      1      1   
  0.67   0.60   0.16   0.06     78      7      1   
  0.72   0.03   0.54   0.17      2      2      1   
  0.36   0.47   0.50   0.11      4      4      1   
  0.23   0.50   0.05   0.00      5      5      1   
  0.81   0.84   0.54   0.37      5      5      1   
  0.97   0.96   0.72   0.21      8      8      1   
  0.97   0.13   0.61   0.07      3      3      1   
  0.55   0.15   0.42   0.21      2      2      1   
  0.49   0.89   0.94   0.98      4      4      1   
  0.75   0.30   0.86   1.00      7      7      1   
  0.59   0.03   0.99   0.75      9      9      1   
  0.08   0.14   0.84   0.04     57      9      1   
  0.80   0.22   0.78   0.04      2      2      1   
  0.50   0.94   0.90   0.22      8      8      1   
  0.15   0.32   0.00   0.29      2      2      1   
  0.31   0.46   0.10   1.00     30      6      1   
  0.34   0.87   0.56   0.49      4      4      1   
  0.05   0.36   0.96   0.02     28      9      1   
  0.56   0.05   0.09   0.44      7      6      1   
  0.15   0.16   0.80   0.22     18      8      1   
  0.97   0.96   0.78   0.79      3      3      1   
  0.02   0.18   0.01   0.11      1      1      1   
  0.17   0.16   0.99   0.01     53     10      1   
  0.99   0.03   0.79   0.28      3      3      1   
  0.01   0.88   0.42   0.13     11     10      1   
  0.00   0.93   0.51   0.72      5      5      1   
  0.72   0.82   0.27   0.87      4      4      1   
  0.69   0.41   0.02   0.08     38      8      1   
  0.71   0.85   0.56   0.02      8      8      1   
  0.32   0.83   0.57   0.63      3      3      1   
  0.93   0.79   0.79   0.95      2      2      1   
  0.88   0.18   0.02   0.06     44     10      1   
  0.28   0.85   0.30   0.41      6      6      1   
  0.48   0.72   0.61   0.49      3      3      1   
  0.27   0.87   0.50   0.47      4      4      1   
  0.29   0.48   0.20   0.42      1      1      1   
  0.51   0.72   0.69   0.41      3      3      1   
  0.20   0.13   0.47   0.61      6      6      1   
  0.22   0.55   0.87   0.91      7      7      1   
  0.43   0.78   0.77   0.25      6      6      1   
  0.42   0.05   0.75   0.76      7      7      1   
  0.44   0.53   0.47   0.06      4      4      1   
  0.07   0.98   0.93   0.04     12     11      1   
  0.18   0.92   0.77   0.85      5      5      1   
  0.16   0.06   0.37   0.47      5      5      1   
  0.57   0.63   0.99   0.01      7      7      1   
  0.02   0.42   0.67   0.60      6      6      1   
  0.52   0.39   0.81   0.11      4      4      1   
  0.12   0.18   0.54   0.37      5      5      1   
  0.33   0.90   0.12   0.01     30      9      1   
  0.80   0.22   0.08   0.27     13      8      1   
  0.10   0.28   0.81   0.05     28      8      1   
  0.11   0.29   0.64   0.60      6      6      1   
  0.66   0.60   0.43   0.92      4      4      1   
  0.46   0.40   0.96   0.01      6      6      1   
  0.77   0.05   0.30   0.86      9      9      1   
  0.59   0.03   0.64   0.36      3      3      1   
  0.20   0.13   0.44   0.44      5      5      1   
  0.27   0.86   0.32   0.83      1      1      1   
  0.05   0.16   0.09   0.01      2      2      1   
  0.15   0.78   0.27   0.93      2      2      1   
  0.03   0.86   0.18   0.92      2      2      1   
  0.22   0.08   0.56   0.05     68      8      1   
  0.61   0.12   0.75   0.83      7      7      1   
  0.95   0.75   0.68   0.36      6      6      1   
  0.59   0.03   0.01   0.81     91     11      1   
  0.46   0.46   0.82   0.01      5      5      1   
  0.36   0.42   0.26   0.56      2      2      1   
  0.18   0.81   0.15   0.53     31      6      1   
  0.02   0.93   0.21   0.09     19     11      1   
  1.00   0.13   0.37   0.99      9      9      1   
  0.98   0.29   0.23   0.54      7      7      1   
  0.13   0.94   0.88   0.96      6      6      1   
  0.07   0.35   0.15   0.21      2      2      1   
  0.61   0.49   0.07   0.09     62      7      1   
  0.11   0.84   0.06   0.28     41      9      1   
  0.21   0.06   0.09   0.01      2      2      1   
  0.91   0.98   0.99   0.30     21      9      1   
  0.18   0.46   0.86   0.86      7      7      1   
  0.34   0.89   0.15   0.44     33      5      1   
  0.69   0.22   0.90   0.76      7      6      1   
  0.59   0.65   0.29   0.48      3      3      1   
  0.15   0.44   0.01   0.47      2      2      1   
  0.64   0.49   0.44   0.35      3      3      1   
  0.18   0.85   0.40   0.50      6      6      1   
  0.63   0.26   0.44   0.69      4      4      1   
  0.12   0.15   0.57   0.38      7      6      1   
  0.59   0.07   0.86   0.78      8      7      1   
  0.68   0.42   0.58   0.23      2      2      1   
  0.93   0.95   0.79   0.28      8      7      1   
  0.81   0.79   0.50   0.06      8      8      1   
  0.01   0.81   0.98   0.06     12     12      1   
  0.41   0.36   0.23   0.54      3      3      1   
  0.15   0.87   0.55   0.06      9      9      1   
  0.64   0.91   0.05   0.48     66      7      1   
  0.58   0.26   0.14   0.37      5      5      1   
  0.15   0.32   0.77   0.25     10      6      1   
  0.15   0.32   0.63   0.65      5      5      1   
  0.84   0.76   0.43   0.33      6      6      1   
  0.64   0.79   0.13   0.50      5      5      1   
  0.30   0.81   0.01   0.11     45      8      1   
  0.49   0.49   0.63   0.60      2      2      1   
  0.66   0.62   0.79   0.28      4      4      1   
  0.75   0.79   0.80   0.02      7      7      1   
  0.78   0.04   0.94   0.98     16      9      1   
  0.68   0.26   0.57   0.38      2      2      1   
  0.72   0.22   0.75   0.08      2      2      1   
  0.47   0.61   0.36   0.85      3      3      1   
  0.05   0.96   0.01   0.80      2      2      1   
  0.63   0.26   0.46   0.77      5      5      1   
  0.11   0.29   0.29   0.85      8      8      1   
  0.09   0.01   0.02   0.32      3      3      1   
  0.64   0.92   0.83   0.13      8      8      1   
  0.16   0.27   0.50   0.07     83      6      1   
  0.48   0.53   0.92   0.86      5      5      1   
  0.34   0.89   0.15   0.78      2      2      1   
  0.88   0.96   0.87   0.87      1      1      1   
  0.07   0.35   0.91   0.94     10      9      1   
  0.16   0.42   0.18   0.24      2      2      1   
  0.56   0.05   0.07   0.40      7      6      1   
  0.43   0.10   0.13   0.03     72      8      1   
  0.44   0.38   0.44   0.14      2      2      1   
  0.13   0.37   0.56   0.19     15      5      1   
  0.50   0.07   0.37   0.56      5      5      1   
  1.00   0.05   0.08   0.14     47     10      1   
  1.00   0.92   0.20   0.81      7      7      1   
  0.12   0.05   0.87   0.91     10     10      1   
  0.81   0.17   0.51   0.21      3      3      1   
  0.01   0.47   0.87   0.10      9      9      1   
  0.03   0.88   0.00   0.85      1      1      1   
  0.59   0.70   0.53   0.21      5      5      1   
  0.36   0.81   0.06   0.32     37      7      1   
  0.03   0.24   0.04   0.46      2      2      1   
  0.11   0.87   0.24   0.97      2      2      1   
  0.10   0.31   0.74   0.86      7      7      1   
  0.49   0.83   0.04   0.10      8      8      1   
  0.70   0.05   0.64   0.13      1      1      1   
  0.22   0.80   0.53   0.09      8      8      1   
  0.16   0.44   0.65   0.83      6      6      1   
  0.53   0.26   0.01   0.39      6      5      1   
  0.02   0.93   0.45   0.63      6      6      1   
  0.43   0.78   0.50   0.74      1      1      1   
  0.60   0.45   0.86   0.92      5      5      1   
  0.20   0.42   0.21   0.02      4      4      1   
  0.07   0.48   0.12   0.37      1      1      1   
  0.07   0.48   0.10   0.93     35      8      1   
  0.99   0.03   0.67   0.45      5      5      1   
  0.92   0.88   0.87   0.87      1      1      1   
  0.22   0.80   0.29   0.98      2      2      1   
  0.68   0.58   0.25   0.93      5      5      1   
  0.56   0.16   0.16   0.15     43      6      1   
  0.03   0.47   0.31   0.43      3      3      1   
  0.48   0.15   0.95   0.27      4      4      1   
  0.45   0.11   0.86   0.92      8      8      1   
  0.74   0.16   0.27   0.81      8      8      1   
  0.78   0.79   0.50   0.07      7      7      1   
  0.64   0.60   0.12   0.01     81      8      1   
  0.55   0.06   0.57   0.49      4      4      1   
  0.10   0.52   0.44   0.35      4      4      1   
  0.69   0.22   0.67   0.96      7      7      1   
  0.37   0.49   0.46   0.78      3      3      1   
  0.93   0.24   0.71   0.85      8      7      1   
  0.69   0.22   0.53   0.09      2      2      1   
  0.17   0.25   0.76   0.99      8      8      1   
  0.55   0.23   0.66   0.09      2      2      1   
  0.17   0.34   0.20   0.48      2      2      1   
  0.62   0.10   0.18   0.27      7      6      1   
  0.01   0.81   0.11   0.02     22     11      1   
  0.77   0.25   0.76   0.99      7      7      1   
  0.63   0.30   0.54   0.69      4      4      1   
  0.29   0.48   0.48   0.54      2      2      1   
  0.08   0.26   0.50   0.03     70      7      1   
  0.57   0.23   0.56   0.20      1      1      1   
  0.81   0.17   0.42   0.21      4      4      1   
  0.50   0.47   0.14   0.00     89      6      1   
  0.98   0.77   0.63   0.94      4      4      1   
  0.62   0.10   0.42   0.96      8      8      1   
  0.23   0.97   0.80   0.76      6      6      1   
  0.21   0.07   0.58   0.27      7      7      1   
  0.38   0.94   0.27   0.53     11      5      1   
  0.16   0.99   0.07   0.43     37      8      1   
  0.07   0.41   0.61   0.21      5      5      1   
  0.72   0.99   0.84   0.14      9      8      1   
  0.11   0.02   0.05   0.01      1      1      1   
  0.57   0.23   0.73   0.00      3      3      1   
  0.50   0.42   0.18   0.87      5      5      1   
  0.25   0.50   0.43   0.10      5      4      1   
  0.44   0.66   0.15   0.12      6      6      1   
  0.65   0.51   0.77   0.98      5      5      1   
  0.22   0.80   0.73   0.25      7      7      1   
  0.55   0.15   0.75   0.30      2      2      1   
  0.95   0.75   1.00   0.21     13      9      1   
  0.19   0.99   0.91   0.88      7      7      1   
  0.93   0.24   0.76   0.99      9      9      1   
  0.48   0.14   0.68   0.76      6      6      1   
  0.81   0.17   0.06   0.98     10     10      1   
  0.69   0.24   0.49   0.13      2      2      1   
  0.44   0.35   0.68   0.17      3      3      1   
  0.05   0.01   0.25   1.00     11     11      1   
  0.47   0.28   0.61   0.21      2      2      1   
  0.64   0.31   0.16   0.06     81      7      1   
  0.99   0.30   0.05   0.80     91     10      1   
  0.11   0.84   0.05   0.96      2      2      1   
  0.86   0.98   0.12   0.15     10     10      1   
  0.63   0.65   0.86   0.98      4      4      1   
  0.22   0.55   1.00   0.13      8      8      1   
  0.91   0.15   0.48   0.54      5      5      1   
  0.88   0.86   0.03   0.24      9      9      1   
  0.16   0.15   0.36   0.97      8      8      1   
  0.18   0.15   0.58   0.46      6      6      1   
  0.30   0.81   0.34   0.50      5      4      1   
  0.84   0.75   0.12   0.81      7      7      1   
  0.01   0.11   0.01   0.14      1      1      1   
  0.90   0.76   0.90   0.21     10      8      1   
  0.68   0.17   0.51   0.19      2      2      1   
  0.44   0.69   0.27   0.99      3      3      1   
  0.60   0.51   0.17   0.25      5      5      1   
  0.14   0.55   0.59   0.46      4      4      1   
  0.71   0.22   0.05   0.48      7      6      1   
  0.66   0.87   0.72   0.99      1      1      1   
  0.05   0.16   0.56   0.16     17      6      1   
  0.00   0.57   0.57   0.24      6      6      1   
  0.21   0.02   0.00   0.79    109     11      1   
  0.64   0.55   0.62   0.10      4      4      1   
  0.44   0.02   0.54   0.85      7      7      1   
  0.12   0.01   0.20   0.91     13      9      1   
  0.75   0.88   0.80   0.76      2      2      1   
  0.29   0.48   0.50   0.47      2      2      1   
  0.07   0.38   0.74   0.86      8      7      1   
  0.52   0.18   0.10   0.49      5      5      1   
  0.17   0.34   0.66   0.08     59      6      1   
  0.44   0.66   0.83   0.13      6      6      1   
  0.60   0.42   0.82   0.01      4      4      1   
  0.66   0.60   0.83   0.30      4      4      1   
  0.47   0.61   0.18   0.53      3      3      1   
  0.82   0.95   0.76   0.99      1      1      1   
  0.11   0.09   0.23   0.48      4      4      1   
  0.52   0.35   0.15   0.88     41      6      1   
  0.05   0.26   0.81   0.17     38      8      1   
  0.62   0.12   0.48   0.11      2      2      1   
  0.06   0.98   0.20   0.17     18     10      1   
  0.73   0.99   0.47   0.26      7      7      1   
  0.12   0.15   0.00   0.14      1      1      1   
  0.05   0.25   0.75   0.30      8      7      1   
  0.95   0.75   0.75   0.79      2      2      1   
  0.50   0.57   0.50   0.47      1      1      1   
  0.55   0.58   0.63   0.26      3      3      1   
  1.00   0.21   0.51   0.45      5      5      1   
  0.24   0.46   0.11   0.45      1      1      1   
  0.42   0.21   0.08   0.43      5      5      1   
  0.20   0.81   0.16   0.44     35      6      1   
  0.16   0.42   0.47   0.01    114      6      1   
  0.78   0.90   0.90   0.26     11      7      1   
  0.07   0.22   0.40   0.93      9      8      1   
  0.20   0.13   0.69   0.24      8      7      1   
  0.45   0.63   0.40   0.81      2      2      1   
  0.62   0.46   0.06   0.10      7      7      1   
  0.78   0.79   0.17   0.25      7      7      1   
  0.33   0.90   0.49   0.08      8      8      1   
  0.19   0.20   0.59   0.03     61      7      1   
  0.88   0.18   0.76   0.05      2      2      1   
  0.61   0.28   0.68   0.77      5      5      1   
  0.69   0.69   0.03   0.01     63      9      1   
  0.91   0.88   0.63   0.72      4      4      1   
  0.94   0.01   0.93   0.04      1      1      1   
  0.05   0.41   0.85   0.97      9      9      1   
  0.36   0.81   0.46   0.20      6      6      1   
  0.67   0.65   0.93   0.27      5      5      1   
  0.78   0.92   0.02   0.06     10     10      1   
  0.18   0.92   0.96   0.83      7      7      1   
  0.51   0.19   0.48   0.11      1      1      1   
  0.48   0.15   0.28   0.81     13      7      1   
  0.48   0.26   0.20   0.13     58      5      1   
  0.46   0.99   0.03   0.39     72      7      1   
  0.42   0.86   0.67   0.50      4      4      1   
  0.51   0.91   0.93   0.18      8      8      1   
  0.89   0.95   0.16   0.15     10     10      1   
  0.64   0.31   0.87   0.91      6      6      1   
  0.69   0.17   0.40   0.37      3      3      1   
  0.00   0.25   0.83   0.96      9      9      1   
  0.04   0.46   0.07   0.38      1      1      1   
  0.55   0.23   0.63   0.58      3      3      1   
  0.23   0.99   0.42   0.46      6      6      1   
  0.19   0.03   0.16   0.26      2      2      1   
  0.08   0.21   0.61   0.80      7      7      1   
  0.46   0.32   0.22   0.08     73      6      1   
  0.16   0.26   0.07   0.24      1      1      1   
  0.91   0.15   0.43   0.97      9      8      1   
  0.01   0.37   0.43   0.78      6      6      1   
  0.59   0.21   0.04   0.27     11      6      1   
  0.21   0.46   0.55   0.76      5      5      1   
  0.70   0.99   0.43   0.97      3      3      1   
  0.20   0.13   0.56   0.49      6      6      1   
  0.18   0.24   0.98   0.16     38      9      1   
  0.58   0.54   0.95   0.12      5      5      1   
  0.20   0.17   0.76   0.09     24      8      1   
  0.49   0.36   0.79   0.28      3      3      1   
  0.37   0.82   0.44   0.53      3      3      1   
  0.84   0.30   0.55   0.76      6      6      1   
  0.16   0.13   0.99   0.03     51     10      1   
  0.43   0.10   0.54   0.85      7      7      1   
  0.93   0.24   0.78   0.92      8      8      1   
  0.90   0.21   0.39   0.94      8      8      1   
  0.13   0.03   0.67   0.60      8      8      1   
  0.69   0.22   0.88   0.17      2      2      1   
  0.57   0.23   0.75   0.83      6      6      1   
  0.82   0.11   0.05   0.01     60     10      1   
  0.11   0.12   0.51   0.65      6      6      1   
  0.92   0.79   0.18   0.46      7      7      1   
  0.51   0.65   0.63   0.64      1      1      1   
  0.70   0.45   0.88   0.99      5      5      1   
  0.51   0.25   0.63   0.66      4      4      1   
  0.02   0.36   0.28   0.81      8      8      1   
  0.51   0.91   0.83   0.30      7      7      1   
  0.84   0.04   0.49   0.89      8      8      1   
  0.93   0.26   0.06   0.81     92      9      1   
  0.07   0.22   0.07   0.43      2      2      1   
  0.05   0.01   0.09   0.04      1      1      1   
  0.99   1.00   0.05   0.25     11     11      1   
  0.76   0.99   0.11   0.49      8      8      1   
  0.82   0.95   0.16   0.15     54      9      1   
  0.37   0.99   0.50   0.47      5      5      1   
  0.07   0.43   0.68   0.33      6      6      1   
  0.83   0.30   0.47   0.91      7      7      1   
  0.55   0.15   0.17   0.14     51      6      1   
  0.44   0.90   0.71   0.85      3      3      1   
  0.88   0.86   0.78   0.26      7      7      1   
  0.40   0.21   0.06   0.52      5      5      1   
  0.40   0.14   0.01   0.14     29      7      1   
  0.69   0.41   0.36   0.83      5      5      1   
  0.72   0.25   0.10   0.85      8      8      1   
  0.36   0.43   0.42   0.22      2      2      1   
  1.00   0.92   0.03   0.19     11     11      1   
  0.03   0.26   0.57   0.06     58      7      1   
  0.09   0.35   0.68   0.36      6      6      1   
  0.40   0.93   0.01   0.46     66      7      1   
  0.48   0.11   0.59   0.70      5      5      1   
  0.02   0.04   0.05   0.52      4      4      1   
  0.29   0.85   0.44   0.78      2      2      1   
  0.31   0.42   0.15   0.05      4      4      1   
  0.15   0.53   0.01   0.14      4      4      1   
  0.77   0.05   0.92   0.85     16      9      1   
  0.30   0.86   0.47   0.02      8      8      1   
  0.92   0.79   0.26   0.56      6      6      1   
  0.11   0.52   0.11   0.32      2      2      1   
  0.67   0.75   0.45   0.63      3      3      1   
  0.71   0.07   0.45   0.92      8      8      1   
  0.16   0.44   0.60   0.45      4      4      1   
  0.20   0.13   0.63   0.64      7      7      1   
  0.71   0.29   0.22   0.40      5      5      1   
  0.82   0.78   0.69   0.71      2      2      1   
  0.15   0.21   0.11   0.34      2      2      1   
  0.09   0.26   0.95   0.89     10     10      1   
  0.72   0.25   0.98   0.28      3      3      1   
  0.91   0.25   0.63   0.38      3      3      1   
  0.58   0.54   0.45   0.86      3      3      1   
  0.17   0.16   0.40   0.50      4      4      1   
  0.89   0.95   0.44   0.02      9      9      1   
  0.70   0.74   0.65   0.95      2      2      1   
  0.75   0.82   0.52   0.95      3      3      1   
  0.69   0.48   0.07   0.35      6      6      1   
  0.51   0.95   0.76   0.05      9      9      1   
  0.60   0.17   0.15   0.19     33      6      1   
  0.51   0.95   0.01   0.02     90     10      1   
  0.14   0.56   0.50   0.87      5      5      1   
  0.52   0.95   0.02   0.25      8      8      1   
  0.69   0.41   0.76   0.09      3      3      1   
  0.18   0.91   0.12   0.15     26      9      1   
  0.15   0.12   0.03   0.86     86     11      1   
  0.49   0.50   0.92   0.85      5      5      1   
  0.30   0.86   0.16   0.32     27      7      1   
  0.03   0.08   0.07   0.08      1      1      1   
  0.10   0.08   0.73   0.25      9      8      1   
  0.45   0.48   0.85   0.04      5      5      1   
  0.63   0.10   0.28   0.95      8      8      1   
  0.22   0.16   0.97   0.17     18     10      1   
  0.42   0.96   0.09   0.24     34      8      1   
  0.50   0.03   0.45   0.71      6      6      1   
  0.14   0.37   0.01   0.20      2      2      1   
  0.57   0.90   0.01   0.81      5      5      1   
  0.45   0.16   0.10   0.31      6      5      1   
  0.54   0.18   0.38   0.94      7      7      1   
  0.14   0.06   0.26   0.42      4      4      1   
  0.55   0.15   0.71   0.85      7      7      1   
  0.09   0.44   0.49   0.13     59      5      1   
  0.50   0.78   0.64   0.13      6      6      1   
  0.21   0.06   0.64   0.55      7      7      1   
  0.27   0.47   0.94   0.23      7      7      1   
  0.11   0.84   0.85   0.01     10     10      1   
  0.37   0.97   0.11   0.09     31      9      1   
  0.36   0.85   0.61   0.64      3      3      1   
  0.78   0.92   0.36   0.42      6      6      1   
  0.73   0.92   0.37   0.49      5      5      1   
  0.59   0.67   0.61   0.24      4      4      1   
  0.47   0.87   0.64   0.60      3      3      1   
  0.17   0.82   0.02   0.32     50      8      1   
  0.54   0.26   0.63   0.64      4      4      1   
  0.68   0.77   0.67   0.50      3      3      1   
  0.32   0.83   0.75   0.76      4      4      1   
  0.38   0.94   0.81   0.79      4      4      1   
  0.05   0.01   0.17   0.25      3      3      1   
  0.19   0.20   0.02   0.36      2      2      1   
  0.39   0.94   0.51   0.42      5      5      1   
  0.99   0.03   0.67   0.56      6      6      1   
  0.43   0.44   0.98   0.29      5      5      1   
  0.45   0.92   0.47   0.28      6      6      1   
  0.01   0.47   0.59   0.21      6      6      1   
  0.07   0.35   0.02   0.41      1      1      1   
  0.20   0.13   0.86   1.00     11     10      1   
  0.18   0.53   0.36   0.81      5      5      1   
  0.38   0.54   0.59   0.70      3      3      1   
  0.64   0.79   0.01   0.37      7      7      1   
  0.29   0.98   0.07   0.08     40      9      1   
  0.50   0.27   0.15   0.78     57      7      1   
  0.22   0.78   0.81   0.29      8      8      1   
  0.02   0.87   0.86   0.86      8      7      1   
  0.02   0.07   0.44   0.19     18      7      1   
  0.12   0.01   0.09   0.26      2      2      1   
  0.08   0.26   0.63   0.94      8      8      1   
  0.18   0.84   1.00   0.21     10     10      1   
  0.73   0.32   0.66   0.37      1      1      1   
  0.75   0.30   0.27   0.87      7      7      1   
  0.85   0.94   0.12   0.01    101     10      1   
  0.30   0.86   0.41   0.36      6      5      1   
  0.36   0.51   0.49   0.50      2      2      1   
  0.82   0.11   0.95   0.80     15      9      1   
  0.01   0.23   0.14   0.00      3      3      1   
  0.63   0.94   0.07   0.40      7      7      1   
  0.88   0.96   0.42   0.46      6      6      1   
  0.40   0.20   0.47   0.72      5      5      1   
  0.81   0.07   0.11   0.84     48     10      1   
  0.20   0.42   0.42   0.21      4      4      1   
  0.76   0.09   0.64   0.13      1      1      1   
  0.52   0.95   0.46   0.46      5      5      1   
  0.54   0.69   0.10   0.33      5      5      1   
  0.75   0.76   0.81   0.17      6      6      1   
  0.75   0.96   0.59   0.68      3      3      1   
  0.75   0.88   0.09   0.19      9      8      1   
  0.79   0.21   0.82   0.78      7      7      1   
  0.02   0.18   0.55   0.04     67      8      1   
  0.30   0.79   0.72   0.99      4      4      1   
  0.60   0.48   0.87   0.87      4      4      1   
  0.03   0.01   0.76   0.09     26     10      1   
  0.06   0.98   0.60   0.51      7      7      1   
  0.22   0.39   0.62   0.44      4      4      1   
  0.81   0.84   0.13   0.83      7      6      1   
  0.36   0.81   0.76   0.14      7      7      1   
  0.03   0.26   0.11   0.32      1      1      1   
  0.33   0.90   0.54   0.37      5      5      1   
  0.72   0.15   0.15   0.80     47      9      1   
  0.09   0.01   0.96   0.02     27     11      1   
  0.17   0.34   0.67   0.56      5      5      1   
  0.61   0.12   0.45   0.16      2      2      1   
  0.23   0.91   0.13   0.03     15      9      1   
  0.92   0.84   0.20   0.91      7      6      1   
  0.16   0.26   0.20   0.42      2      2      1   
  0.05   0.16   0.70   0.99     10      9      1   
  0.64   0.91   0.61   0.28      6      6      1   
  0.45   0.08   0.46   0.97      8      8      1   
  0.96   0.83   0.84   0.30      8      8      1   
  0.10   0.31   0.73   0.00     61      7      1   
  0.91   0.94   0.20   0.81      7      7      1   
  0.29   0.48   0.41   0.36      2      2      1   
  0.87   0.97   0.96   0.26     13      9      1   
  0.11   0.92   0.67   0.04     10     10      1   
  0.11   0.53   0.67   0.15      6      6      1   
  0.22   0.78   0.69   0.38      6      6      1   
  0.05   0.96   0.75   0.23     10      9      1   
  0.47   0.61   0.34   0.89      3      3      1   
  0.89   0.95   0.15   0.53      8      8      1   
  0.63   0.26   0.58   0.26      1      1      1   
  0.86   0.05   0.96   0.92     14      9      1   
  0.67   0.04   0.01   0.14     32      9      1   
  0.22   0.03   0.82   0.97     10     10      1   
  0.08   0.21   0.58   0.26      8      6      1   
  0.49   0.31   0.78   0.84      6      6      1   
  0.02   0.87   0.68   0.36      8      8      1   
  0.03   0.36   0.63   0.01     65      7      1   
  0.63   0.10   0.56   0.20      1      1      1   
  0.53   0.09   0.76   0.05      2      2      1   
  0.75   0.87   0.90   0.08      8      8      1   
  0.58   0.07   0.19   0.43      5      5      1   
  0.54   0.17   0.64   0.91      7      7      1   
  0.42   0.21   0.74   0.95      7      7      1   
  0.49   0.08   0.09   0.01     49      8      1   
  0.60   0.48   0.76   0.27      3      3      1   
  0.10   0.93   0.02   0.51     71      8      1   
  0.65   0.95   0.33   0.47      5      5      1   
  0.27   0.93   0.72   0.21      8      8      1   
  1.00   0.87   0.43   0.76      5      5      1   
  0.45   0.08   0.51   0.01      1      1      1   
  0.29   0.50   0.07   0.35      3      3      1   
  0.13   0.94   0.15   0.16     23      9      1   
  0.50   0.74   0.20   0.81      3      3      1   
  0.18   0.09   0.22   0.80     10      9      1   
  0.86   0.78   0.36   0.83      5      5      1   
  0.75   0.77   0.56   0.16      6      6      1   
  0.07   0.52   0.50   0.90      6      6      1   
  0.50   0.27   0.07   0.38      4      4      1   
  0.85   0.27   0.02   0.34      8      8      1   
  0.52   0.39   0.41   0.30      2      2      1   
  0.70   0.68   0.22   0.03    110      8      1   
  0.92   0.88   0.90   0.08     11      9      1   
  0.10   0.37   0.51   0.19     14      5      1   
  0.58   0.26   0.08   0.12     48      7      1   
  0.12   0.87   0.19   0.98      1      1      1   
  0.61   0.00   0.30   0.41      5      5      1   
  0.65   0.44   0.48   0.15      3      3      1   
  0.49   0.31   0.38   0.94      6      6      1   
  0.36   0.42   0.18   0.19      4      4      1   
  0.16   0.40   0.95   0.26      8      8      1   
  0.74   0.25   0.28   0.95      7      7      1   
  0.94   0.01   0.66   0.62      7      6      1   
  0.08   0.03   0.56   0.05     61      8      1   
  0.63   0.64   0.31   0.46      4      4      1   
  0.98   0.09   0.11   0.52      9      9      1   
  0.61   0.12   0.40   0.37      3      3      1   
  0.69   0.48   0.20   0.48      4      4      1   
  0.37   0.97   0.06   0.81      3      3      1   
  0.62   0.95   0.11   0.02      9      9      1   
  0.10   0.93   0.27   0.86      2      2      1   
  0.18   0.91   0.91   0.25      9      9      1   
  0.36   0.43   0.07   0.89     77      6      1   
  0.74   0.16   0.63   0.72      5      5      1   
  0.16   0.15   0.78   0.92      9      9      1   
  0.66   0.37   0.02   0.51      6      6      1   
  0.86   0.86   0.58   0.54      4      4      1   
  0.22   0.16   0.72   0.13     23      8      1   
  0.75   0.76   0.64   0.55      3      3      1   
  0.15   0.29   0.81   0.84      8      8      1   
  0.97   0.96   0.01   0.14     11     11      1   
  0.75   0.87   0.88   0.96      2      2      1   
  0.07   0.82   0.94   0.01     11     11      1   
  0.68   0.17   0.47   0.01      3      3      1   
  0.63   0.43   0.69   0.38      1      1      1   
  0.63   0.08   0.43   0.92      8      8      1   
  0.69   0.35   0.64   0.49      2      2      1   
  0.70   0.74   0.12   0.96      6      6      1   
  0.44   0.44   0.02   0.36      4      4      1   
  0.67   0.25   0.93   0.18      3      3      1   
  0.52   0.39   0.11   0.87     30      7      1   
  0.88   0.96   0.33   0.47      7      7      1   
  0.45   0.16   0.25   0.95     20      8      1   
  0.58   0.07   0.30   0.86      8      8      1   
  0.66   0.89   0.68   0.33      5      5      1   
  0.11   0.09   0.64   0.21     28      7      1   
  0.67   0.25   0.05   0.01     69      8      1   
  0.46   0.19   0.43   0.10      1      1      1   
  0.47   0.01   0.97   0.96     11     10      1   
  0.00   0.57   0.18   0.92     27      9      1   
  0.31   0.43   0.62   0.26      3      3      1   
  0.64   0.21   0.13   0.25     10      6      1   
  0.18   0.91   0.50   0.68      4      4      1   
  0.77   0.98   0.71   0.07      8      8      1   
  0.65   0.95   0.63   0.65      3      3      1   
  0.23   0.81   0.81   0.17      8      8      1   
  0.08   0.14   0.01   0.54      4      4      1   
  0.77   0.05   0.40   0.20      4      4      1   
  0.00   0.29   0.78   0.92      9      9      1   
  0.94   0.01   0.84   0.76     10      9      1   
  0.50   0.11   0.03   0.26     11      7      1   
  0.18   0.85   0.68   0.58      5      5      1   
  0.70   0.68   0.73   0.20      5      5      1   
  0.91   0.98   0.81   0.05     10      9      1   
  0.53   0.75   0.83   0.97      3      3      1   
  0.03   0.14   0.05   0.14      1      1      1   
  0.90   0.89   0.49   0.49      6      6      1   
  0.46   0.19   0.13   0.32      5      5      1   
  0.05   0.80   0.49   0.89      4      4      1   
  0.60   0.42   0.02   0.08     58      7      1   
  0.48   0.11   0.11   0.32      6      6      1   
  0.57   0.90   0.41   0.07      8      8      1   
  0.13   0.32   0.01   0.39      2      2      1   
  0.15   0.78   0.79   0.95      6      6      1   
  0.32   0.79   0.52   0.70      2      2      1   
  0.63   0.65   0.22   0.78      4      4      1   
  0.14   0.99   0.57   0.23      9      8      1   
  0.60   0.48   0.75   0.88      4      4      1   
  0.59   0.44   0.70   0.87      4      4      1   
  0.73   0.99   0.14   0.06     66     10      1   
  0.50   0.11   0.79   0.21      3      3      1   
  0.86   0.05   0.14   0.53      8      8      1   
  0.96   0.08   0.10   0.85     55     11      1   
  0.82   0.87   0.26   0.42      7      7      1   
  0.40   0.81   0.81   0.05      8      8      1   
  0.64   0.01   0.85   0.23      3      3      1   
  0.01   0.39   0.51   0.19     16      6      1   
  0.63   0.38   0.67   0.50      1      1      1   
  0.49   0.59   0.47   0.02      5      5      1   
  0.03   0.19   0.75   0.96     10      9      1   
  0.48   0.41   0.82   0.87      5      5      1   
  0.53   0.09   0.15   0.78     57      9      1   
  0.35   0.44   0.07   0.09      5      5      1   
  0.53   0.99   0.02   0.32     51      8      1   
  0.07   0.01   0.42   0.13     68      7      1   
  0.28   0.95   0.48   0.53      4      4      1   
  0.59   0.46   0.70   0.74      3      3      1   
  0.50   0.57   0.67   0.25      4      4      1   
  0.89   0.83   0.78   0.23      8      7      1   
  0.95   0.94   0.16   0.40      9      9      1   
  0.46   0.13   0.66   0.60      5      5      1   
  0.70   0.68   0.62   0.95      3      3      1   
  0.18   0.81   0.12   0.01     24     10      1   
  0.61   0.00   0.15   0.32      8      6      1   
  0.94   0.23   0.57   0.27      4      4      1   
  1.00   0.09   0.67   0.65      7      7      1   
  0.98   0.16   0.64   0.91      8      8      1   
  0.26   0.47   0.06   0.98     50      8      1   
  0.26   0.56   0.01   0.22      4      4      1   
  0.51   0.45   0.23   0.48      3      3      1   
  0.60   0.48   0.11   0.84      6      6      1   
  0.68   0.17   0.10   0.93     32      9      1   
  0.50   0.42   0.90   0.93      6      6      1   
  0.32   0.45   0.22   0.03      4      4      1   
  0.64   0.31   0.90   0.93      6      6      1   
  0.85   0.01   0.97   0.13      2      2      1   
  0.38   0.94   0.86   0.86      4      4      1   
  0.07   0.08   0.16   0.32      3      3      1   
  0.62   0.46   0.77   0.85      4      4      1   
  0.77   1.00   0.15   0.88      6      6      1   
  0.75   0.88   0.76   0.25      6      6      1   
  0.56   0.49   0.43   0.78      3      3      1   
  0.49   0.13   0.22   0.16     49      6      1   
  0.86   0.75   0.00   0.15     10     10      1   
  0.93   0.04   0.81   0.05      1      1      1   
  0.19   0.37   0.49   0.13     58      4      1   
  0.78   0.04   0.79   0.21      2      2      1   
  0.64   0.92   0.86   0.75      3      3      1   
  0.98   0.16   0.45   0.63      7      7      1   
  0.11   0.92   0.71   0.85      6      6      1   
  0.07   0.24   0.37   0.56      4      4      1   
  0.79   0.09   0.59   0.67      6      6      1   
  0.32   0.84   0.49   0.08      7      7      1   
  0.86   0.78   0.64   0.31      5      5      1   
  0.08   0.12   0.50   0.68      7      7      1   
  0.48   0.26   0.42   0.85      6      6      1   
  0.12   0.96   0.11   0.84      1      1      1   
  0.09   0.26   0.69   0.61      7      6      1   
  0.68   0.22   0.54   0.18      2      2      1   
  0.09   0.95   0.74   0.95      6      6      1   
  0.03   0.39   0.45   0.09     64      6      1   
  0.29   0.48   0.05   0.01      5      5      1   
  0.04   0.05   0.64   0.49      8      7      1   
  0.73   0.25   0.81   0.05      2      2      1   
  0.98   0.77   0.20   0.13     65     10      1   
  0.32   0.54   0.94   0.23      7      6      1   
  0.53   0.75   0.59   0.67      1      1      1   
  0.42   0.13   0.16   0.13     50      6      1   
  0.22   0.16   0.09   0.91     35      9      1   
  0.64   0.79   0.08   0.43      6      6      1   
  0.01   0.46   0.03   0.24      2      2      1   
  0.53   0.22   0.04   0.11     38      7      1   
  0.37   0.82   0.43   0.78      1      1      1   
  0.85   0.97   0.44   0.69      5      5      1   
  0.06   0.98   0.09   0.44     44      9      1   
  0.53   0.21   0.03   0.88     74      9      1   
  0.63   0.26   0.80   0.22      2      2      1   
  0.57   0.16   0.68   0.26      2      2      1   
  0.83   0.91   0.86   0.26     11      7      1   
  0.72   0.21   0.88   0.86      7      7      1   
  0.67   0.96   0.09   0.26      9      8      1   
  0.03   0.14   0.67   0.70      8      8      1   
  0.44   0.44   0.12   0.01     79      6      1   
  0.21   0.20   0.51   0.62      5      5      1   
  0.09   0.14   0.79   0.95     10      9      1   
  0.81   0.79   0.95   0.94      2      2      1   
  0.19   0.37   0.92   0.88      8      8      1   
  0.93   0.79   0.74   0.25      7      7      1   
  0.56   0.78   0.20   0.17      7      7      1   
  0.41   0.48   0.26   0.51      2      2      1   
  0.11   0.34   0.55   0.29     10      5      1   
  0.27   0.80   0.10   0.08     27      9      1   
  0.42   0.96   0.21   0.20     16      8      1   
  0.01   0.80   0.62   0.81      6      6      1   
  0.81   0.11   0.09   0.25     13      8      1   
  0.86   0.92   0.01   0.28      9      9      1   
  0.30   0.81   0.99   1.00      6      6      1   
  0.18   0.24   0.75   0.82      8      7      1   
  0.34   0.83   0.67   0.88      3      3      1   
  0.79   0.28   0.17   0.20     26      7      1   
  0.14   0.06   0.94   0.14     22     10      1   
  0.88   0.96   0.01   0.39     10     10      1   
  0.56   0.32   0.46   0.99      6      6      1   
  0.50   0.10   0.72   0.22      2      2      1   
  0.15   0.88   0.11   0.18     26      9      1   
  0.99   0.01   0.37   0.47      7      7      1   
  0.61   0.07   0.17   0.16     46      7      1   
  0.57   0.81   0.97   0.13      7      7      1   
  0.68   0.33   0.72   0.82      5      5      1   
  0.16   0.32   0.30   0.88      8      7      1   
  0.17   0.20   0.32   0.83      8      7      1   
  0.09   0.08   0.63   0.65      8      7      1   
  0.73   0.00   0.01   0.11     47      9      1   
  0.21   0.07   0.61   0.80      8      8      1   
  0.21   0.06   0.48   0.14     30      7      1   
  0.47   0.61   0.00   0.10      6      6      1   
  0.64   0.49   0.65   0.16      3      3      1   
  0.16   0.15   0.99   1.00     11     11      1   
  0.06   0.98   0.62   0.26      9      8      1   
  0.31   0.85   0.92   0.86      6      6      1   
  0.84   0.04   0.50   0.47      5      5      1   
  0.18   0.56   0.23   0.81      6      6      1   
  0.01   0.80   0.36   0.80      4      4      1   
  0.09   0.16   0.02   0.86     91     10      1   
  0.93   0.24   0.72   0.12      3      3      1   
  0.62   0.14   0.70   0.68      5      5      1   
  0.47   0.06   0.97   0.96     10     10      1   
  0.21   0.46   0.63   0.60      4      4      1   
  0.11   0.49   0.40   0.50      3      3      1   
  0.86   0.75   0.47   0.26      6      6      1   
  0.96   0.88   0.88   0.17     11      9      1   
