  0.50   0.88   0.56   0.46      4      4      1   
  0.75   0.95   0.91   0.18      7      7      1   
  0.91   0.48   0.45   0.04      6      6      1   
  0.83   0.15   0.42   0.07      4      4      1   
  0.07   0.87   0.10   0.33     22      9      1   
  0.08   0.28   0.51   0.05     67      8      1   
  0.31   0.86   0.79   0.17      8      7      1   
  0.56   1.00   0.84   0.77      4      4      1   
  0.67   0.58   0.98   0.70      3      3      1   
  0.05   0.07   0.20   0.42      4      4      1   
  0.20   0.32   0.04   0.04      3      3      1   
  0.46   0.76   0.11   0.21      7      7      1   
  0.53   0.02   0.49   0.62      6      6      1   
  0.73   0.10   0.95   0.64      6      5      1   
  0.48   0.15   0.58   0.43      3      3      1   
  0.20   0.02   0.10   0.53      5      5      1   
  0.40   0.28   0.66   0.16      3      3      1   
  0.46   0.73   0.12   0.56      4      4      1   
  0.02   0.00   0.21   0.52      5      5      1   
  0.29   0.54   0.90   0.35      6      6      1   
  0.93   0.54   0.83   0.95      4      4      1   
  0.70   0.50   0.02   0.45      6      6      1   
  0.44   0.91   0.75   0.73      4      4      1   
  0.21   0.94   0.86   0.64      6      6      1   
  0.77   0.66   0.54   0.30      4      4      1   
  0.67   0.11   0.63   0.97      8      8      1   
  0.97   0.90   0.89   0.90      1      1      1   
  0.60   0.03   0.12   0.34      8      7      1   
  0.43   0.07   0.81   0.22      4      4      1   
  0.51   0.82   0.66   0.03      7      7      1   
  0.18   0.46   0.16   0.21      3      3      1   
  0.60   0.37   0.38   0.92      5      5      1   
  0.80   0.40   0.18   0.04     65      9      1   
  0.76   0.92   0.09   0.93      6      6      1   
  0.11   0.34   0.63   0.48      5      5      1   
  0.69   0.31   0.58   0.26      1      1      1   
  0.53   0.60   0.74   0.56      2      2      1   
  0.88   0.10   0.76   0.51      4      4      1   
  0.61   0.52   0.94   0.35      3      3      1   
  0.71   0.01   0.24   0.50      7      6      1   
  0.40   0.81   0.01   0.87      4      4      1   
  0.58   0.43   0.30   0.89      5      5      1   
  0.13   0.18   0.90   0.35     11      9      1   
  0.21   0.36   0.09   0.24      2      2      1   
  0.58   0.83   0.76   0.61      3      3      1   
  0.17   0.02   0.60   0.65      8      8      1   
  0.63   0.57   0.18   0.44      4      4      1   
  0.26   0.99   0.07   0.20     32      9      1   
  0.01   0.87   0.47   0.81      4      4      1   
  0.93   0.10   0.97   0.34      2      2      1   
  0.22   0.15   0.50   0.61      6      6      1   
  0.72   0.98   0.64   0.96      1      1      1   
  0.66   0.45   0.08   0.81      7      7      1   
  0.54   0.10   0.74   0.56      5      5      1   
  0.47   0.08   0.92   0.01      4      4      1   
  0.06   0.45   0.55   0.95      7      7      1   
  0.12   0.05   0.92   0.47     10     10      1   
  0.21   0.35   0.76   0.68      6      6      1   
  0.85   0.86   0.40   0.28      7      7      1   
  0.85   0.84   0.45   0.02      8      8      1   
  0.80   0.43   0.89   0.68      3      3      1   
  0.51   0.21   0.09   0.34      7      6      1   
  0.49   0.81   0.66   0.30      5      5      1   
  0.98   0.71   0.01   0.10     42     11      1   
  0.06   0.96   0.72   0.47      7      7      1   
  0.54   0.28   0.72   0.45      2      2      1   
  0.53   0.97   0.18   0.37      6      6      1   
  0.79   0.24   0.03   0.46      8      8      1   
  0.75   0.67   0.78   0.32      3      3      1   
  0.88   0.12   0.18   0.86     53      9      1   
  0.05   0.34   0.18   0.56      3      3      1   
  0.63   0.35   0.29   0.79      6      6      1   
  0.82   0.80   0.53   0.73      3      3      1   
  0.72   0.45   0.44   0.95      5      5      1   
  0.05   0.98   0.89   0.48      8      8      1   
  0.58   0.26   0.69   0.86      6      6      1   
  0.74   0.97   0.10   0.35      8      8      1   
  0.50   0.82   0.10   0.53      5      5      1   
  0.07   0.25   0.82   0.37      8      7      1   
  0.49   0.60   0.45   0.16      4      4      1   
  0.52   0.04   0.12   0.30      8      7      1   
  0.94   0.31   0.15   0.51      7      7      1   
  0.62   0.32   0.50   0.88      5      5      1   
  0.18   0.27   0.47   0.98      8      8      1   
  0.90   0.13   0.90   0.43      3      3      1   
  0.88   0.47   0.35   0.92      6      6      1   
  0.44   0.84   0.74   0.68      3      3      1   
  0.21   0.91   0.49   0.81      3      3      1   
  0.63   0.57   0.19   0.85      5      5      1   
  1.00   0.47   0.24   0.50      7      7      1   
  0.99   0.95   0.50   0.43      6      6      1   
  0.17   0.11   0.92   0.10     32     10      1   
  0.42   0.11   0.51   0.96      8      8      1   
  1.00   0.23   0.50   0.82      7      7      1   
  0.72   0.44   0.62   0.65      2      2      1   
  0.78   0.97   0.54   0.28      7      7      1   
  0.81   0.61   0.07   0.87      7      7      1   
  0.18   0.04   0.29   0.42      4      4      1   
  0.59   0.05   0.04   0.26     13      8      1   
  0.02   0.56   0.02   0.54      1      1      1   
  0.06   0.96   0.63   0.97      6      5      1   
  0.58   0.20   0.54   0.10      1      1      1   
  0.74   0.64   0.83   0.35      3      3      1   
  0.89   0.08   0.04   0.20     13      9      1   
  0.22   0.92   0.50   0.11      8      8      1   
  0.59   0.03   0.42   0.44      4      4      1   
  0.88   0.12   0.75   0.67      5      5      1   
  0.30   0.43   0.89   0.08      6      6      1   
  0.40   0.28   0.36   0.94      7      7      1   
  0.74   0.22   0.01   0.82     83      9      1   
  0.20   0.32   0.01   0.08      3      3      1   
  0.18   0.56   0.05   0.28      3      3      1   
  0.55   0.95   0.81   0.19      7      7      1   
  0.46   0.79   0.18   0.79      3      3      1   
  0.22   0.15   0.56   0.24     14      7      1   
  0.58   0.26   0.14   0.77     46      7      1   
  0.70   0.88   0.88   0.91      2      2      1   
  0.18   0.57   0.46   0.79      4      4      1   
  0.76   0.20   0.78   0.97      7      7      1   
  0.41   0.16   0.12   0.04     56      8      1   
  0.09   0.18   0.52   0.49      5      5      1   
  0.63   0.20   0.79   0.04      2      2      1   
  0.77   0.94   1.00   0.47      5      5      1   
  0.97   0.54   0.34   0.81      6      6      1   
  0.55   0.95   0.57   0.66      3      3      1   
  0.15   0.39   0.72   0.47      6      6      1   
  0.18   0.27   0.26   0.82      7      7      1   
  0.92   0.74   0.52   0.04      7      7      1   
  0.95   0.25   0.63   0.03      4      4      1   
  0.15   0.38   0.07   0.22      2      2      1   
  0.70   0.79   0.35   0.92      4      4      1   
  0.82   0.87   0.89   0.08      7      7      1   
  0.41   0.33   0.62   0.26      2      2      1   
  0.34   0.85   0.24   0.50     11      5      1   
  0.72   0.44   0.77   0.90      4      4      1   
  0.10   0.40   0.05   0.28      1      1      1   
  0.87   0.26   0.86   0.89      6      6      1   
  0.73   0.46   0.78   0.93      4      4      1   
  0.81   0.56   0.00   0.97      8      8      1   
  0.48   0.36   0.09   0.93     40      7      1   
  0.51   0.21   0.44   0.79      6      6      1   
  0.59   0.74   0.24   0.50      4      4      1   
  0.59   0.42   0.08   0.23     10      6      1   
  0.14   0.39   0.71   0.76      7      6      1   
  0.93   0.26   0.95   0.65      4      4      1   
  0.96   0.30   0.63   0.57      4      4      1   
  0.62   0.30   0.93   0.73      5      5      1   
  0.06   0.96   0.88   0.63      8      8      1   
  0.46   0.72   0.57   0.94      2      2      1   
  0.22   0.16   0.94   0.12     27      9      1   
  0.61   0.10   0.42   0.11      2      2      1   
  0.60   0.92   0.00   0.97      5      5      1   
  0.12   0.54   0.40   0.28      5      5      1   
  0.80   0.64   0.01   0.87      7      7      1   
  0.70   0.07   0.63   0.35      3      3      1   
  0.09   0.99   0.94   0.65      8      8      1   
  0.51   0.30   0.21   0.94      7      7      1   
  0.61   0.32   0.17   0.98      8      7      1   
  0.36   0.86   0.75   0.67      4      4      1   
  0.50   0.82   0.35   0.49      4      4      1   
  0.87   0.26   0.62   0.30      2      2      1   
  0.71   0.74   0.48   0.15      6      6      1   
  0.05   0.34   0.41   0.82      7      6      1   
  0.51   0.96   0.62   0.50      4      4      1   
  0.11   0.21   0.91   0.50      9      9      1   
  0.77   0.94   0.42   0.07      8      8      1   
  0.08   0.23   0.77   0.94      9      9      1   
  0.20   0.42   0.57   0.87      6      6      1   
  0.73   0.38   0.04   0.93      9      8      1   
  0.75   0.38   0.20   0.50      5      5      1   
  0.10   0.35   0.89   0.25      8      8      1   
  0.84   0.76   0.48   0.99      4      4      1   
  0.46   0.07   0.71   0.76      7      7      1   
  0.42   0.07   0.66   0.92      9      8      1   
  0.44   0.01   0.93   0.07      5      5      1   
  0.79   0.42   0.80   0.17      3      3      1   
  0.61   0.56   0.63   0.57      1      1      1   
  0.04   0.13   0.05   0.40      3      3      1   
  0.86   0.99   0.10   0.22     10     10      1   
  0.36   0.53   0.94   0.43      5      5      1   
  0.59   0.75   0.88   0.27      5      5      1   
  0.43   0.07   0.70   0.72      6      6      1   
  0.48   0.71   0.56   0.44      3      3      1   
  0.60   0.32   0.68   0.84      5      5      1   
  0.06   0.87   0.76   0.68      7      7      1   
  0.96   0.97   0.79   0.52      5      5      1   
  0.86   0.91   0.89   0.19      6      6      1   
  0.52   0.47   0.55   0.95      4      4      1   
  0.50   0.05   0.75   0.69      6      6      1   
  0.08   0.04   0.36   0.53      5      5      1   
  0.36   0.55   0.76   0.68      4      4      1   
  0.06   0.93   0.69   0.19      9      9      1   
  0.40   0.90   0.55   0.29      6      6      1   
  0.31   0.45   0.44   0.91      5      5      1   
  0.17   0.05   0.37   0.82      9      9      1   
  0.23   0.94   0.08   0.04     33     10      1   
  0.82   0.48   0.48   0.47      3      3      1   
  0.17   0.06   0.53   0.81      8      8      1   
  0.94   0.45   0.36   0.78      6      6      1   
  0.17   0.39   0.07   0.22      2      2      1   
  0.64   0.81   0.87   0.26      5      5      1   
  0.48   0.80   0.22   0.16      7      7      1   
  0.03   0.46   0.09   0.18      3      3      1   
  0.40   0.28   0.15   0.51      5      5      1   
  0.91   0.48   0.94   0.39      1      1      1   
  0.79   0.52   0.94   0.75      3      3      1   
  0.56   0.65   0.93   0.66      4      4      1   
  0.11   0.55   0.11   0.90     42      8      1   
  0.54   0.80   0.75   0.97      3      3      1   
  0.59   0.79   0.14   0.98      4      4      1   
  0.12   0.56   0.60   0.28      5      5      1   
  0.30   0.43   0.89   0.76      6      6      1   
  0.45   0.69   0.08   0.33      5      5      1   
  0.74   0.82   0.10   0.53      6      6      1   
  0.75   0.69   0.37   0.79      4      4      1   
  0.86   0.41   0.60   0.57      3      3      1   
  0.23   1.00   0.61   0.93      4      4      1   
  0.59   0.74   0.18   0.25      6      6      1   
  0.12   0.30   0.59   0.98      8      8      1   
  0.13   0.98   0.93   0.35      9      9      1   
  0.85   0.28   0.59   0.68      4      4      1   
  0.08   0.40   0.86   0.07     34      8      1   
  0.15   0.51   0.78   0.97      8      8      1   
  0.90   0.43   0.72   0.45      2      2      1   
  0.89   0.08   0.78   0.06      1      1      1   
  0.57   0.10   0.17   0.38      6      6      1   
  0.74   0.22   0.13   0.14     25      8      1   
  0.78   0.00   0.89   0.26      3      3      1   
  0.89   0.19   0.95   0.65      4      4      1   
  0.46   0.79   0.20   0.01    106      8      1   
  0.76   0.92   0.53   0.38      5      5      1   
  0.90   0.35   0.15   0.18     17      9      1   
  0.53   0.20   0.40   0.90      7      7      1   
  0.55   0.03   0.77   0.79      7      7      1   
  0.68   0.82   0.19   0.94      5      5      1   
  0.99   0.55   0.96   0.97      4      4      1   
  0.92   0.01   0.51   0.31      5      5      1   
  0.13   0.18   0.12   0.51      3      3      1   
  0.09   0.79   0.54   0.21      9      9      1   
  0.97   0.43   0.63   0.48      4      4      1   
  0.09   0.79   0.69   0.31      8      8      1   
  0.42   0.44   0.82   0.16      4      4      1   
  0.44   0.61   0.57   0.62      1      1      1   
  0.70   0.57   0.44   0.01      5      5      1   
  0.95   0.75   0.78   0.03      7      7      1   
  0.08   0.10   0.89   0.35     10      9      1   
  0.63   0.57   0.09   0.99      6      6      1   
  0.58   0.22   0.61   0.63      4      4      1   
  0.72   0.47   0.41   0.82      4      4      1   
  0.63   0.25   0.41   0.10      3      3      1   
  0.53   0.20   0.81   0.21      3      3      1   
  0.09   0.22   0.74   0.56      7      7      1   
  0.22   0.13   0.88   0.56      8      8      1   
  0.82   0.80   0.44   0.14      7      7      1   
  0.07   0.25   0.91   0.18     22      9      1   
  0.59   0.14   0.77   0.90      7      7      1   
  0.75   0.95   0.70   0.88      1      1      1   
  0.41   0.10   0.33   0.84      8      7      1   
  0.11   0.28   0.78   0.97      9      9      1   
  0.53   0.73   0.19   0.24      6      6      1   
  0.98   0.96   0.56   0.46      6      6      1   
  0.47   0.79   0.33   0.87      2      2      1   
  0.30   0.55   0.64   0.40      4      4      1   
  0.35   0.92   0.86   0.72      5      5      1   
  0.61   0.93   0.59   0.94      1      1      1   
  0.53   0.81   0.89   0.98      4      4      1   
  0.59   0.42   0.58   0.07      3      3      1   
  0.17   0.06   0.72   0.98     10     10      1   
  0.51   0.25   0.75   0.67      4      4      1   
  0.57   0.59   0.88   0.77      4      4      1   
  0.88   0.10   0.60   0.67      6      6      1   
  0.65   0.28   0.82   0.48      3      3      1   
  0.50   0.43   0.11   0.05     68      6      1   
  0.50   0.75   0.12   0.04     74      8      1   
  1.00   0.19   0.66   0.92      7      7      1   
  0.72   0.88   0.87   0.26      6      6      1   
  0.94   0.45   0.94   0.43      1      1      1   
  0.83   0.09   0.98   0.96      8      8      1   
  0.80   0.28   0.31   0.86      7      7      1   
  0.95   0.80   0.39   0.89      5      5      1   
  0.20   0.01   0.19   0.13      1      1      1   
  0.89   0.76   0.93   0.66      1      1      1   
  0.95   0.00   0.36   0.86      9      9      1   
  0.33   0.55   0.27   0.97      9      5      1   
  0.40   0.90   0.95   0.00      9      9      1   
  0.42   0.44   0.53   0.81      4      4      1   
  0.46   0.08   0.29   0.54      5      5      1   
  0.60   0.12   0.99   0.55      5      5      1   
  0.80   0.00   0.51   0.09      3      3      1   
  0.52   0.02   0.89   0.25      4      4      1   
  0.05   0.98   0.14   0.33     23      9      1   
  0.85   0.97   0.84   0.87      1      1      1   
  0.24   0.89   0.21   0.35     16      7      1   
  0.97   0.51   0.63   0.09      5      5      1   
  0.21   0.36   0.20   0.93     11      7      1   
  0.63   0.20   0.09   0.93     59      9      1   
  0.62   0.26   0.00   0.12     44      8      1   
  0.06   0.03   0.81   0.39     10      9      1   
  0.46   0.73   0.85   0.86      4      4      1   
  0.48   0.71   0.96   0.18      6      6      1   
  0.61   0.90   0.14   0.33      7      7      1   
  0.47   0.98   0.52   0.47      5      5      1   
  0.97   0.05   0.53   0.84      8      8      1   
  0.49   0.97   0.75   0.38      6      6      1   
  0.94   0.12   0.70   0.64      5      5      1   
  0.59   0.94   0.08   0.28      8      8      1   
  0.65   0.67   0.03   0.11      8      8      1   
  0.58   0.51   0.85   0.55      3      3      1   
  0.23   0.44   0.82   0.37      5      5      1   
  0.89   0.76   0.86   0.64      1      1      1   
  0.74   0.82   0.13   0.33      7      7      1   
  0.48   0.12   0.50   0.61      5      5      1   
  0.19   0.99   0.70   0.42      7      7      1   
  0.33   0.83   0.51   0.25      6      6      1   
  0.00   0.46   0.82   0.16      8      8      1   
  0.07   0.22   0.21   0.52      3      3      1   
  0.14   0.33   0.72   0.44      6      6      1   
  0.79   0.42   0.58   0.97      5      5      1   
  0.13   0.36   0.19   0.13      2      2      1   
  0.48   0.74   0.86   0.83      4      4      1   
  0.72   0.44   0.75   0.97      5      5      1   
  0.59   0.68   0.54   0.28      4      4      1   
  0.56   0.44   0.37   0.79      4      4      1   
  0.52   0.47   0.77   0.38      3      3      1   
  1.00   0.55   0.81   0.91      4      4      1   
  0.76   0.92   0.26   0.82      5      5      1   
  0.15   0.18   0.70   0.88      9      9      1   
  0.57   0.31   0.50   0.52      2      2      1   
  0.71   0.76   0.80   0.28      5      5      1   
  0.08   0.33   0.20   0.32      1      1      1   
  0.64   0.72   0.47   0.79      2      2      1   
  0.69   0.18   0.81   0.32      2      2      1   
  0.83   0.09   0.48   0.12      3      3      1   
  0.26   0.92   0.66   0.45      6      6      1   
  0.92   0.68   0.18   0.10     67     10      1   
  0.54   0.85   0.51   0.66      2      2      1   
  0.81   0.39   0.78   0.04      3      3      1   
  0.14   0.98   0.86   0.64      7      7      1   
  0.52   0.91   0.45   0.05      8      8      1   
  0.44   0.79   0.80   0.28      6      6      1   
  0.83   0.34   0.81   0.19      2      2      1   
  0.04   0.93   0.65   0.41      8      7      1   
  0.21   0.91   0.76   0.26      8      8      1   
  0.19   0.06   0.18   0.04      1      1      1   
  0.59   0.75   0.20   0.01    107      8      1   
  0.60   0.12   0.18   0.79     48      8      1   
  0.61   0.22   0.12   0.51      6      6      1   
  0.66   0.64   0.67   0.62      1      1      1   
  0.59   0.05   0.50   0.79      7      6      1   
  0.86   0.89   0.79   0.98      1      1      1   
  0.54   0.60   0.77   0.48      3      3      1   
  0.70   0.42   0.62   0.61      2      2      1   
  0.88   0.77   0.66   0.16      6      6      1   
  0.51   0.21   0.75   0.12      3      3      1   
  0.11   0.06   0.62   0.50      7      7      1   
  0.92   0.23   0.55   0.95      7      7      1   
  0.16   0.34   0.74   0.82      7      7      1   
  0.10   0.46   0.77   0.48      6      6      1   
  0.16   0.34   0.29   0.43      2      2      1   
  0.55   0.41   0.93   0.88      6      6      1   
  0.20   0.32   0.17   0.02      3      3      1   
  0.76   0.26   0.59   0.79      5      5      1   
  0.99   0.95   0.05   0.98      8      8      1   
  0.18   0.44   0.93   0.66      7      7      1   
  0.15   0.51   0.79   0.54      6      6      1   
  0.59   0.03   0.70   0.64      6      6      1   
  0.06   0.17   0.46   0.73      6      6      1   
  0.98   0.49   0.04   0.26     13      9      1   
  0.69   0.61   0.03   0.46      6      6      1   
  0.42   0.06   0.46   0.41      4      4      1   
  0.78   0.93   0.46   0.76      4      4      1   
  0.51   0.30   0.71   0.96      6      6      1   
  0.81   0.61   0.53   0.47      3      3      1   
  0.55   0.44   0.63   0.57      2      2      1   
  0.49   0.01   0.97   0.43      6      6      1   
  0.97   0.51   0.55   0.02      6      6      1   
  0.17   0.13   0.90   0.87     10     10      1   
  0.94   0.35   0.06   0.99      9      9      1   
  0.77   0.79   0.06   0.96      7      7      1   
  0.44   0.25   0.44   0.14      1      1      1   
  0.04   0.09   0.12   0.34      3      3      1   
  0.59   0.64   0.69   0.86      2      2      1   
  0.81   0.21   0.26   0.85      7      7      1   
  0.24   0.50   0.18   0.57      1      1      1   
  0.17   0.13   0.79   0.56      8      8      1   
  0.81   0.76   0.57   0.16      6      6      1   
  0.87   0.22   0.21   0.94      9      9      1   
  0.93   0.23   0.01   0.10     31     10      1   
  0.36   0.90   0.59   0.98      3      3      1   
  0.20   0.89   0.92   0.22      9      9      1   
  0.27   0.97   0.41   0.16      8      8      1   
  0.20   0.02   0.17   0.39      4      4      1   
  0.19   0.26   0.74   0.64      7      7      1   
  0.94   0.96   0.72   0.98      2      2      1   
  0.20   0.50   0.54   0.28      4      4      1   
  0.06   0.14   0.12   0.42      3      3      1   
  0.55   0.03   0.52   0.47      4      4      1   
  0.53   0.97   0.65   0.97      1      1      1   
  0.69   0.86   0.57   0.10      7      7      1   
  0.20   0.21   0.57   0.31      6      6      1   
  0.15   0.39   0.66   0.64      5      5      1   
  0.28   0.80   0.18   0.57     29      5      1   
  0.80   0.00   0.08   0.17     28      9      1   
  0.15   0.25   0.59   0.32      5      5      1   
  0.81   0.39   0.08   0.10     47      9      1   
  0.18   0.44   0.66   0.97      7      7      1   
  0.57   0.62   1.00   0.23      5      5      1   
  0.96   0.97   0.07   0.85      8      8      1   
  0.20   0.54   0.44   0.91      5      5      1   
  0.58   0.10   0.77   0.48      4      4      1   
  0.66   0.97   0.92   0.70      4      4      1   
  0.45   0.69   0.95   0.64      5      5      1   
  0.34   0.81   0.02   0.48     69      7      1   
  0.19   0.10   0.11   0.35      3      3      1   
  0.79   0.93   0.06   0.23      9      9      1   
  0.66   0.05   0.08   0.40      8      7      1   
  0.16   0.14   0.72   0.28      8      7      1   
  0.45   0.60   0.62   0.50      2      2      1   
  0.53   0.84   0.92   0.61      4      4      1   
  0.78   0.97   0.93   0.73      3      3      1   
  1.00   0.19   0.54   0.17      4      4      1   
  0.65   0.41   0.49   0.81      4      4      1   
  0.08   0.04   0.02   0.51      4      4      1   
  0.72   0.44   0.57   0.86      4      4      1   
  0.37   0.90   0.46   0.08      7      7      1   
  0.25   1.00   0.77   0.14      9      9      1   
  0.27   0.54   0.70   0.44      4      4      1   
  0.70   0.63   0.44   0.79      3      3      1   
  0.45   0.15   0.12   0.51      6      6      1   
  0.34   0.81   0.86   0.70      5      5      1   
  0.45   0.60   0.58   0.97      4      4      1   
  0.19   0.24   0.09   0.86     47      9      1   
  0.60   0.67   0.18   0.09     69      7      1   
  0.60   0.57   0.01   0.33      6      6      1   
  0.57   0.84   0.05   0.38      7      7      1   
  0.81   0.22   0.91   0.00      2      2      1   
  0.07   0.53   0.23   0.52      2      2      1   
  0.59   0.03   0.18   0.27     12      7      1   
  0.69   0.86   0.19   0.18      8      8      1   
  0.01   0.08   0.94   0.75     11     11      1   
  0.34   0.85   0.17   0.77      2      2      1   
  0.83   0.23   0.99   0.42      3      3      1   
  0.82   0.80   0.63   0.09      7      7      1   
  0.95   0.75   0.44   0.91      5      5      1   
  1.00   0.55   0.22   0.45      7      7      1   
  0.11   0.21   0.81   0.21     17      8      1   
  0.46   0.08   0.58   0.07      1      1      1   
  0.46   0.73   0.16   0.21      6      6      1   
  0.05   0.48   0.53   0.35      5      5      1   
  0.08   0.28   0.84   0.77      8      8      1   
  0.59   0.12   0.86   1.00      8      8      1   
  0.61   0.56   0.12   0.34      5      5      1   
  0.36   0.53   0.64   0.81      4      4      1   
  0.95   0.95   0.92   0.70      3      3      1   
  0.17   0.11   0.51   0.19     34      7      1   
  0.51   0.30   0.09   0.86     58      8      1   
  0.12   0.05   0.23   0.80     11      9      1   
  0.67   0.58   0.36   0.78      3      3      1   
  0.67   0.62   0.35   0.92      4      4      1   
  0.89   0.68   0.78   0.61      2      2      1   
  0.60   0.57   0.20   0.02    107      7      1   
  0.34   0.44   0.46   0.53      2      2      1   
  0.46   0.34   0.90   0.35      4      4      1   
  0.84   0.87   0.54   0.60      4      4      1   
  0.20   0.54   0.20   0.01      5      5      1   
  0.23   0.46   0.52   0.47      3      3      1   
  0.60   0.03   0.88   0.56      6      6      1   
  0.54   0.30   0.12   0.54      5      5      1   
  0.51   0.66   0.54   0.30      3      3      1   
  0.14   0.39   0.15   0.18      2      2      1   
  0.49   0.68   0.54   0.17      5      5      1   
  0.71   0.76   0.20   0.54      6      6      1   
  0.17   0.02   0.60   0.03     87      9      1   
  0.08   0.33   0.96   0.26      8      8      1   
  0.94   0.31   0.84   0.76      4      4      1   
  0.80   0.43   0.75   0.28      2      2      1   
  0.51   0.19   0.54   0.82      6      6      1   
  0.06   0.45   0.82   0.48      7      7      1   
  0.66   0.05   0.86   0.44      4      4      1   
  0.91   0.89   0.06   0.17     10     10      1   
  0.04   0.01   0.23   0.44      5      4      1   
  0.78   0.97   0.25   0.57      7      7      1   
  0.94   0.65   0.75   0.32      4      4      1   
  0.75   0.80   0.13   0.98      6      6      1   
  0.56   0.27   0.98   0.10      4      4      1   
  0.18   0.80   0.60   0.54      5      5      1   
  0.24   0.55   0.44   0.14      5      5      1   
  0.86   1.00   0.15   0.25      9      9      1   
  0.63   0.03   0.57   0.59      5      5      1   
  0.74   0.09   0.07   0.25     14      8      1   
  0.61   0.47   0.60   0.32      2      2      1   
  0.84   0.87   0.67   0.11      7      7      1   
  0.71   0.34   0.13   0.37      6      6      1   
  0.55   0.84   0.94   0.43      5      5      1   
  0.49   0.36   0.69   0.86      5      5      1   
  0.57   0.95   0.92   0.61      5      5      1   
  0.70   0.88   0.65   0.41      5      5      1   
  0.93   0.10   0.86   0.71      6      6      1   
  0.91   0.00   0.97   0.54      5      5      1   
  0.66   0.64   0.62   0.17      4      4      1   
  0.45   0.16   0.51   0.33      2      2      1   
  0.86   0.84   0.53   0.97      4      4      1   
  0.94   0.39   0.43   0.07      5      5      1   
  0.26   0.99   0.93   0.35      8      8      1   
  0.58   0.18   0.94   0.03      4      4      1   
  0.36   0.94   0.69   0.86      3      3      1   
  0.90   0.58   0.20   0.01    103     10      1   
  0.27   0.97   0.48   0.15      8      8      1   
  0.08   0.04   0.93   0.10     29     10      1   
  0.67   0.73   0.18   0.46      5      5      1   
  0.10   0.19   0.63   0.03     63      8      1   
  0.68   0.12   0.12   0.10     45      8      1   
  0.92   0.99   0.06   0.93      8      8      1   
  0.58   0.43   0.05   0.24      6      6      1   
  0.01   0.33   0.63   0.36      6      6      1   
  0.65   0.13   0.57   0.10      1      1      1   
  0.70   0.44   0.89   0.19      3      3      1   
  0.46   0.08   0.05   0.38      7      6      1   
  0.94   0.65   0.88   0.69      1      1      1   
  0.63   0.36   0.71   0.74      4      4      1   
  0.59   0.79   0.04   0.18      7      7      1   
  0.05   0.31   0.01   0.33      1      1      1   
  0.08   0.81   0.64   0.41      7      7      1   
  0.88   0.77   0.00   0.51      9      8      1   
  0.53   0.81   0.89   0.98      4      4      1   
  0.61   0.90   0.27   0.97      3      3      1   
  0.37   0.79   0.30   0.57      3      3      1   
  0.51   0.83   0.18   0.44      5      5      1   
  0.04   0.01   0.75   0.73      9      9      1   
  0.59   0.32   0.53   0.33      1      1      1   
  0.72   0.47   0.05   0.34      6      6      1   
  0.81   0.18   0.23   0.79      8      8      1   
  0.63   0.25   0.36   0.78      5      5      1   
  0.94   0.03   0.11   0.06     48     11      1   
  0.18   0.57   0.11   0.06      5      5      1   
  0.43   0.68   0.51   0.10      5      5      1   
  0.51   0.03   0.02   0.54      8      8      1   
  0.48   0.15   0.18   0.04     60      8      1   
  0.21   0.35   0.63   0.57      5      5      1   
  0.85   0.86   0.67   0.72      2      2      1   
  0.98   0.81   0.13   0.37      8      8      1   
  0.97   0.32   0.52   0.14      4      4      1   
  0.09   0.97   0.53   0.02     11     10      1   
  0.92   0.47   0.04   0.09     48     10      1   
  0.84   0.76   0.16   0.27      8      8      1   
  0.77   0.79   0.74   0.22      5      5      1   
  0.89   0.26   0.55   0.48      4      4      1   
  0.74   0.64   0.30   0.55      4      4      1   
  0.18   0.57   0.66   0.03      7      7      1   
  0.53   0.33   0.63   0.25      1      1      1   
  0.75   0.80   0.04   0.18      8      8      1   
  0.95   0.25   0.82   0.80      5      5      1   
  0.78   0.61   0.85   0.86      3      3      1   
  0.20   0.17   0.81   0.76      9      9      1   
  0.98   0.81   0.84   0.38      4      4      1   
  0.44   0.01   0.75   0.80      8      7      1   
  0.09   0.89   0.23   0.94      2      2      1   
  0.12   0.93   0.90   0.35      9      9      1   
  0.91   0.19   0.20   0.81      9      9      1   
  0.40   0.28   0.72   0.45      3      3      1   
  0.40   0.90   0.69   0.31      6      6      1   
  0.08   0.35   0.72   0.88      8      8      1   
  0.48   0.12   0.24   0.50      5      5      1   
  0.77   0.55   0.61   0.85      3      3      1   
  0.29   0.42   0.52   0.14      4      4      1   
  0.97   0.32   0.16   0.14     30      9      1   
  0.80   0.53   0.02   0.00     62      9      1   
  0.12   0.54   0.57   0.62      4      4      1   
  0.18   0.10   0.45   0.05     81      9      1   
  0.89   0.08   0.49   0.81      8      8      1   
  0.83   0.12   0.86   0.83      6      6      1   
  0.47   0.98   0.05   0.98      4      4      1   
  0.57   0.86   0.23   0.52      5      5      1   
  0.51   0.83   0.80   0.53      4      4      1   
  0.06   0.17   0.50   0.43      5      5      1   
  0.48   0.49   0.13   0.98      6      6      1   
  0.88   0.57   0.53   0.20      5      5      1   
  0.79   0.31   0.48   0.36      3      3      1   
  0.97   0.34   0.84   0.41      2      2      1   
  0.78   0.06   0.04   0.01     56     10      1   
  0.75   0.32   0.18   0.34      7      6      1   
  0.36   0.55   0.37   0.82      4      4      1   
  0.46   0.76   0.18   0.34      5      5      1   
  0.20   0.32   0.89   0.77      8      8      1   
  0.88   0.27   0.47   0.81      6      6      1   
  0.08   0.35   0.09   0.08      3      3      1   
  0.30   0.57   0.88   0.77      6      6      1   
  0.37   0.95   0.93   0.10      9      9      1   
  0.10   0.46   0.69   0.28      6      6      1   
  0.01   0.23   0.21   0.94     21      9      1   
  0.79   0.46   0.19   0.00    103      9      1   
  0.15   0.38   0.40   0.90      6      6      1   
  0.01   0.21   0.86   0.71      9      9      1   
  0.66   0.92   0.03   0.84      6      6      1   
  0.72   0.20   0.88   0.77      5      5      1   
  0.01   0.23   0.65   0.06     56      8      1   
  0.07   0.53   0.19   0.10      4      4      1   
  0.81   0.39   0.46   0.34      4      4      1   
  0.76   0.51   0.94   0.31      3      3      1   
  0.18   0.09   0.68   0.09     42      9      1   
  0.64   0.96   0.50   0.75      2      2      1   
  0.30   0.43   0.73   0.67      5      5      1   
  0.18   0.57   0.85   0.49      6      6      1   
  0.84   0.87   0.58   0.26      6      6      1   
  0.26   0.96   0.56   1.00      3      3      1   
  0.93   0.66   0.52   0.14      6      6      1   
  0.53   0.97   0.59   0.42      5      5      1   
  0.09   0.93   0.02   0.80      2      2      1   
  0.90   0.13   0.75   0.28      2      2      1   
  0.50   0.42   0.19   0.99     28      7      1   
  0.41   0.10   0.04   0.01     51      9      1   
  0.20   0.02   0.98   0.69     11     11      1   
  0.83   0.15   0.76   0.14      1      1      1   
  0.48   0.09   0.03   0.12     35      8      1   
  0.28   0.80   0.99   0.22      8      8      1   
  0.05   0.79   0.51   0.19      9      9      1   
  0.04   0.43   0.93   0.26      9      9      1   
  0.87   0.09   0.74   0.56      4      4      1   
  0.67   0.74   0.71   0.76      1      1      1   
  0.92   0.70   0.77   0.90      3      3      1   
  0.30   0.55   0.42   0.07     82      6      1   
  0.62   0.61   0.59   0.32      3      3      1   
  0.81   0.56   0.09   0.79      7      7      1   
  0.12   0.54   0.27   0.97      7      7      1   
  0.77   0.55   0.35   0.92      5      5      1   
  0.59   0.98   0.35   0.49      5      5      1   
  0.42   0.33   0.46   0.41      1      1      1   
  0.89   0.98   0.40   0.81      5      5      1   
  0.78   0.87   0.77   0.90      1      1      1   
  0.19   0.11   0.66   0.05     56      9      1   
  0.66   0.31   0.64   0.96      6      6      1   
  0.09   0.08   0.49   0.13     64      8      1   
  0.11   0.28   0.70   0.42      6      6      1   
  0.96   0.30   0.47   0.79      7      7      1   
  0.11   0.21   0.34   0.44      4      4      1   
  0.50   0.42   0.17   0.06     68      6      1   
  0.91   0.50   0.85   0.28      2      2      1   
  0.92   0.65   0.76   0.20      4      4      1   
  0.30   0.57   0.76   0.94      6      6      1   
  0.42   0.06   0.52   0.04      1      1      1   
  0.01   0.08   0.73   0.46      8      8      1   
  0.62   0.17   0.48   0.35      2      2      1   
  0.93   0.66   0.04   0.04     54     10      1   
  0.44   0.91   0.70   0.88      3      3      1   
  0.23   0.80   0.11   0.38     30      6      1   
  0.12   0.34   0.12   0.04      3      3      1   
  0.15   0.91   0.46   0.72      3      3      1   
  0.67   0.58   0.22   0.52      4      4      1   
  0.49   0.97   0.05   0.32     38      8      1   
  0.69   0.24   1.00   0.19      3      3      1   
  0.60   0.92   0.50   0.93      1      1      1   
  0.57   0.84   0.54   0.60      3      3      1   
  0.24   0.89   0.26   0.93      1      1      1   
  0.55   0.02   0.76   0.92      8      8      1   
  0.89   0.19   0.98   0.96      7      7      1   
  0.74   0.68   0.62   0.21      4      4      1   
  0.19   0.85   0.18   0.09     27      9      1   
  0.67   0.73   0.24   0.89      4      4      1   
  0.34   0.55   0.73   0.46      4      4      1   
  0.48   0.71   0.26   0.93      3      3      1   
  0.55   0.95   0.40   0.45      5      5      1   
  0.69   0.24   0.56   0.65      4      4      1   
  0.80   0.00   0.36   0.55      6      6      1   
  0.79   0.10   0.34   0.85      8      8      1   
  0.80   0.24   0.51   0.96      7      7      1   
  0.77   0.79   0.20   0.01    107      9      1   
  0.11   0.28   0.65   0.55      6      6      1   
  0.67   0.11   0.49   0.62      5      5      1   
  0.42   0.44   0.60   0.54      2      2      1   
  0.69   0.61   0.84   0.12      5      5      1   
  0.83   0.92   0.81   0.56      4      4      1   
  0.53   0.33   0.36   0.53      3      3      1   
  0.79   0.56   0.69   0.28      3      3      1   
  0.63   1.00   0.17   0.11     10     10      1   
  0.56   0.76   0.88   0.65      3      3      1   
  0.45   0.15   0.97   0.22      5      5      1   
  0.85   0.49   0.77   0.48      1      1      1   
  0.02   0.48   0.55   0.95      7      7      1   
  0.95   0.00   0.55   0.03      4      4      1   
  0.77   0.66   0.18   0.85      6      6      1   
  0.78   0.87   0.42   0.07      8      8      1   
  0.92   0.23   0.61   0.85      6      6      1   
  0.57   0.87   0.46   0.89      1      1      1   
  0.61   0.85   0.58   0.20      6      6      1   
  0.54   0.28   0.97   0.43      4      4      1   
  0.88   0.40   0.79   0.31      1      1      1   
  0.72   0.47   0.73   0.59      1      1      1   
  1.00   0.47   0.23   0.46      7      7      1   
  0.75   0.28   0.11   0.06     46      8      1   
  0.20   0.42   0.98   0.49      7      7      1   
  0.13   0.26   0.67   0.37      6      6      1   
  0.86   0.84   0.51   0.83      3      3      1   
  0.94   0.65   0.99   0.80      2      2      1   
  1.00   0.19   0.57   0.10      4      4      1   
  0.44   0.91   0.58   0.20      7      7      1   
  0.69   0.19   0.01   0.57      8      7      1   
  0.07   0.87   0.84   0.76      7      7      1   
  0.18   0.85   0.22   0.90      1      1      1   
  0.78   0.61   0.78   0.03      5      5      1   
  0.98   0.70   0.80   0.30      4      4      1   
  0.54   0.80   0.83   0.12      7      7      1   
  0.60   0.67   0.92   0.23      5      5      1   
  0.11   0.55   0.69   0.61      5      5      1   
  0.85   0.41   0.46   0.79      5      5      1   
  0.70   0.42   0.45   0.15      4      4      1   
  0.90   0.77   0.58   0.85      3      3      1   
  0.54   0.82   0.89   0.08      7      7      1   
  0.65   0.28   0.87   0.87      6      6      1   
  0.81   0.39   0.70   0.79      4      4      1   
  0.78   0.06   0.19   0.09     66      9      1   
  0.05   0.79   0.77   0.79      6      6      1   
  0.98   0.10   0.51   0.21      4      4      1   
  0.15   0.38   0.54   0.82      6      6      1   
  0.62   0.26   0.63   0.35      1      1      1   
  0.12   0.56   0.89   0.68      7      7      1   
  0.98   0.69   0.88   0.69      1      1      1   
  0.83   0.34   0.54   0.74      5      5      1   
  0.14   0.77   0.50   0.43      6      6      1   
  0.66   0.30   0.53   0.33      1      1      1   
  0.64   0.40   0.50   0.93      5      5      1   
  0.43   0.07   0.92   0.70      7      7      1   
  0.86   0.95   0.66   0.92      2      2      1   
  0.92   0.51   0.56   0.65      4      4      1   
  0.61   0.63   0.59   0.32      3      3      1   
  0.71   0.33   0.51   0.96      6      6      1   
  0.94   0.03   0.62   0.65      6      6      1   
  0.52   0.14   0.04   0.01     52      9      1   
  0.14   0.11   0.61   0.47      7      7      1   
  0.75   0.69   0.37   0.41      5      5      1   
  0.42   0.33   0.78   0.65      5      5      1   
  0.83   0.23   0.78   0.48      3      3      1   
  0.52   0.04   0.28   0.80     16      8      1   
  0.66   0.30   0.61   0.90      6      6      1   
  0.36   0.78   0.20   0.01    106      8      1   
  0.54   0.17   0.96   0.30      4      4      1   
  0.82   0.48   0.35   0.49      4      4      1   
  0.97   0.90   0.02   0.56     10      9      1   
  0.13   0.32   0.30   0.57      3      3      1   
  0.46   0.53   0.37   0.41      2      2      1   
  0.55   0.48   0.75   0.73      3      3      1   
  0.84   0.41   0.23   0.79      6      6      1   
  0.01   0.82   0.66   0.16      9      9      1   
  0.60   0.37   0.74   0.05      3      3      1   
  0.55   0.48   0.68   0.71      3      3      1   
  0.80   0.17   0.94   0.12      2      2      1   
  0.05   0.98   0.93   0.07     11     11      1   
  0.22   0.52   0.69   0.61      4      4      1   
  0.59   0.35   0.23   0.44      4      4      1   
  0.58   0.43   0.53   0.38      1      1      1   
  0.54   0.85   0.36   0.53      4      4      1   
  0.13   0.18   0.38   0.92      9      8      1   
  0.53   0.02   0.63   0.57      5      5      1   
  0.99   0.42   0.94   0.96      5      5      1   
  0.99   0.42   0.57   0.92      6      6      1   
  0.49   0.01   0.59   0.44      4      4      1   
  0.11   0.38   0.26   0.85      7      6      1   
  0.66   0.05   0.57   0.16      2      2      1   
  0.63   0.36   0.81   0.61      3      3      1   
  0.26   0.89   0.95   0.80      6      6      1   
  0.04   0.04   0.81   0.89     11     10      1   
  0.97   0.32   0.17   0.77     43      8      1   
  0.13   0.98   0.37   0.79      3      3      1   
  0.82   0.26   0.99   0.01      3      3      1   
  0.17   0.49   0.77   0.78      6      6      1   
  0.54   0.21   0.52   0.47      3      3      1   
  0.92   0.10   0.87   0.26      2      2      1   
  0.49   0.68   0.62   0.50      2      2      1   
  0.42   0.06   0.89   0.68      7      7      1   
  0.13   0.26   0.09   0.18      1      1      1   
  0.11   0.06   0.05   0.40      3      3      1   
  0.58   0.22   0.79   0.42      3      3      1   
  0.19   0.09   0.06   0.82     55     10      1   
  0.58   0.10   0.98   0.71      7      7      1   
  0.54   0.09   0.89   0.25      4      4      1   
  0.85   0.55   0.50   0.05      5      5      1   
  0.93   0.26   0.45   0.69      6      6      1   
  0.89   0.77   0.53   0.84      4      4      1   
  0.16   0.34   0.70   0.42      5      5      1   
  0.04   0.47   0.62   0.61      6      6      1   
  0.94   0.93   0.95   0.18      7      7      1   
  0.10   0.16   0.99   0.42      9      9      1   
  0.13   0.37   0.64   0.96      7      7      1   
  0.12   0.79   0.76   0.14      9      9      1   
  0.18   0.77   0.79   0.42      7      7      1   
  0.61   0.47   0.17   0.13     55      6      1   
  0.17   0.06   0.47   0.58      6      6      1   
  0.39   0.89   0.53   0.35      5      5      1   
  0.88   0.09   0.13   0.26     14      8      1   
  0.98   0.71   0.60   0.59      4      4      1   
  0.00   0.97   0.87   0.06     12     11      1   
  0.62   0.30   0.44   0.84      5      5      1   
  0.97   0.57   0.91   0.50      1      1      1   
  0.73   0.59   0.48   0.12      5      5      1   
  0.50   0.93   0.81   0.91      3      3      1   
  0.80   0.30   0.33   0.84      7      7      1   
  0.28   0.80   0.55   0.95      3      3      1   
  0.57   0.92   0.51   0.16      7      7      1   
  0.56   0.46   0.05   0.05     45      7      1   
  0.02   0.54   0.77   0.78      7      7      1   
  0.51   0.21   0.10   0.35      7      6      1   
  0.81   0.32   0.94   0.65      4      4      1   
  0.26   0.92   0.69   0.31      7      7      1   
  0.26   0.99   0.75   0.67      5      5      1   
  0.50   0.88   0.57   0.86      1      1      1   
  1.00   0.19   0.59   0.75      6      6      1   
  0.01   0.82   0.74   0.09     10     10      1   
  0.14   0.98   0.21   0.13     25     10      1   
  0.89   0.45   0.14   0.77      8      7      1   
  0.12   0.32   1.00   0.89     10     10      1   
  0.75   0.67   0.97   0.50      3      3      1   
  0.53   0.81   0.80   0.64      3      3      1   
  0.60   0.92   0.61   0.10      7      7      1   
  0.36   0.78   0.62   0.32      5      5      1   
  0.20   0.21   0.89   0.35      8      8      1   
  0.74   0.68   0.81   0.61      1      1      1   
  0.62   0.32   0.77   0.78      5      5      1   
  0.53   0.06   0.14   0.77     44      9      1   
  0.73   0.46   0.59   0.42      2      2      1   
  0.84   0.41   0.49   0.46      3      3      1   
  0.00   0.40   0.85   0.86      9      9      1   
  0.12   0.32   0.88   0.12     29      8      1   
  0.88   0.47   0.20   0.01    101      9      1   
  0.16   0.05   0.11   0.55      5      5      1   
  0.77   0.48   0.90   0.58      2      2      1   
  0.93   0.36   0.71   0.34      2      2      1   
  0.07   0.87   0.32   0.48      6      6      1   
  0.59   0.68   0.77   0.55      2      2      1   
  0.26   0.99   0.24   0.89      1      1      1   
  0.56   0.33   0.82   0.22      3      3      1   
  0.15   0.18   0.19   0.20      1      1      1   
  0.88   0.77   0.79   0.98      2      2      1   
  0.45   0.04   0.57   0.31      3      3      1   
  0.80   0.00   0.22   0.13     43      9      1   
  1.00   0.81   0.82   0.22      6      6      1   
  0.20   0.50   0.88   0.11      7      7      1   
  0.85   0.02   0.55   0.95      8      8      1   
  0.04   0.09   0.99   0.22     19     10      1   
  0.68   0.55   0.18   0.34      6      5      1   
  0.97   0.77   0.40   0.25      7      7      1   
  0.07   0.20   0.94   0.75     10     10      1   
  0.97   0.50   0.19   0.06     66     10      1   
  1.00   0.17   0.89   0.08      2      2      1   
  0.94   0.39   0.87   0.09      3      3      1   
  0.53   0.20   0.72   0.93      7      7      1   
  0.65   0.41   0.59   0.18      2      2      1   
  0.51   0.96   0.83   0.15      8      8      1   
  0.87   0.22   0.12   0.32     11      7      1   
  0.04   0.93   0.63   0.35      9      8      1   
  0.47   0.10   0.04   0.13     41      8      1   
  0.79   0.56   0.86   0.09      4      4      1   
  0.63   0.25   0.89   0.68      5      5      1   
  0.98   1.00   0.48   0.09      9      9      1   
  0.10   0.22   0.04   0.18      1      1      1   
  0.89   0.08   0.59   0.05      3      3      1   
  0.74   0.64   0.46   0.72      3      3      1   
  0.67   0.62   0.47   0.98      4      4      1   
  0.89   0.26   0.90   0.43      2      2      1   
  0.59   0.79   0.13   0.07      8      8      1   
  0.13   0.07   0.98   0.69     11     11      1   
  0.62   0.26   0.17   0.02     59      8      1   
  0.30   0.98   0.78   0.65      5      5      1   
  0.09   0.08   0.76   0.66      9      9      1   
  0.84   0.77   0.72   0.45      3      3      1   
  0.49   0.46   0.02   0.54      5      5      1   
  0.26   0.49   0.75   0.80      5      5      1   
  0.48   0.15   0.09   0.79     45      9      1   
  0.70   0.79   0.50   0.88      2      2      1   
  0.89   0.08   0.47   0.57      6      6      1   
  0.87   0.06   0.85   0.49      4      4      1   
  0.63   0.09   0.67   0.74      6      6      1   
  0.11   0.05   0.82   0.09     50     10      1   
  0.49   0.46   0.16   0.28      4      4      1   
  0.69   0.61   0.15   0.25     11      6      1   
  0.51   0.09   0.44   0.91      8      7      1   
  0.75   0.69   0.69   0.86      2      2      1   
  0.05   0.19   0.85   0.60      8      8      1   
  0.90   0.46   0.20   0.21     25      8      1   
  0.83   0.12   0.27   0.54      7      7      1   
  0.81   0.61   0.65   0.55      2      2      1   
  0.40   0.81   0.44   0.94      2      2      1   
  0.55   0.06   0.59   0.44      4      4      1   
  0.55   0.44   0.18   0.79     54      6      1   
  0.06   0.45   0.01   0.08      4      4      1   
  0.88   0.11   0.92   0.61      4      4      1   
  0.99   0.95   0.03   0.46     10     10      1   
  0.98   0.70   0.10   0.53      8      8      1   
  0.21   0.48   0.30   0.55      1      1      1   
  0.06   0.96   0.91   0.19     10     10      1   
  0.87   0.26   0.84   0.41      2      2      1   
  0.42   0.44   0.86   0.09      5      5      1   
  0.33   0.55   0.05   0.07      5      5      1   
  0.89   0.08   0.44   0.95      9      9      1   
  0.12   0.04   0.53   0.06     85      9      1   
  0.92   0.61   0.72   0.47      2      2      1   
  0.88   0.09   0.90   0.35      3      3      1   
  0.55   0.95   0.55   0.03      8      8      1   
  0.15   0.38   0.57   0.84      6      6      1   
  0.13   0.33   0.64   0.72      6      6      1   
  0.20   0.17   0.96   0.06     46     10      1   
  0.02   0.56   0.04   0.43      1      1      1   
  0.78   0.61   0.69   0.19      4      4      1   
  0.44   0.01   0.98   0.67      8      7      1   
  0.90   0.43   0.17   0.49      7      7      1   
  0.10   0.53   0.18   0.37      2      2      1   
  0.06   0.23   0.41   0.10     77      7      1   
  0.16   0.97   0.74   0.64      6      6      1   
  0.47   0.79   0.98   0.10      8      8      1   
  0.19   0.09   0.94   0.45      9      9      1   
  0.98   0.67   0.86   0.80      2      2      1   
  0.89   0.25   0.94   0.49      2      2      1   
  0.04   0.20   0.54   0.76      7      7      1   
  0.58   0.20   0.63   0.65      4      4      1   
  0.99   0.42   0.55   0.95      6      6      1   
  0.50   0.61   0.89   0.48      4      4      1   
  0.10   0.22   0.44   0.91      8      8      1   
  0.60   0.54   0.37   0.82      4      4      1   
  0.57   0.87   0.17   0.49      6      6      1   
  0.78   0.06   0.83   0.15      1      1      1   
  0.29   0.42   0.30   0.89      9      5      1   
  0.41   0.16   0.56   0.46      3      3      1   
  0.72   0.93   0.19   0.26      8      8      1   
  0.95   0.56   0.50   0.75      5      5      1   
  0.44   0.91   0.83   0.12      8      8      1   
  0.44   0.94   0.77   0.26      7      7      1   
  0.58   0.85   1.00   0.47      5      5      1   
  0.73   0.97   0.88   0.10      8      8      1   
  0.17   0.06   0.04   0.04      2      2      1   
  0.83   0.15   0.01   0.33     12      8      1   
  0.73   0.46   0.37   0.95      6      6      1   
  0.14   0.98   0.77   0.55      7      7      1   
  0.08   0.56   0.74   0.92      8      8      1   
  0.87   0.06   0.04   0.08     47     10      1   
  0.99   0.22   0.81   0.18      2      2      1   
  0.88   0.56   0.62   0.30      4      4      1   
  0.99   0.80   0.56   0.24      6      6      1   
  0.51   0.10   0.18   0.25      8      6      1   
  0.06   0.14   0.75   0.12     27      9      1   
  0.36   0.53   0.04   0.09      5      5      1   
  0.85   0.02   0.46   0.89      8      8      1   
  0.22   0.11   1.00   0.17     22     11      1   
  0.41   0.55   0.45   0.16      4      4      1   
  0.03   0.11   0.96   0.06     48     11      1   
  0.44   0.95   0.95   0.65      6      6      1   
  0.94   0.45   1.00   0.81      3      3      1   
  0.57   0.86   0.83   0.15      7      7      1   
  0.36   0.55   0.60   0.92      4      4      1   
  0.18   0.04   0.49   0.13     64      8      1   
  0.57   0.10   0.44   0.01      2      2      1   
  0.11   0.55   0.88   0.91      8      8      1   
  0.29   0.43   0.80   0.30      5      5      1   
  0.70   0.63   0.18   0.79      5      5      1   
  0.78   0.24   0.75   0.32      1      1      1   
  0.44   0.91   0.89   0.35      7      7      1   
  0.64   0.41   0.91   0.48      3      3      1   
  0.69   0.86   0.54   0.82      2      2      1   
  0.61   0.85   0.80   0.43      4      4      1   
  0.66   0.30   0.97   0.22      3      3      1   
  0.94   0.47   0.46   0.41      4      4      1   
  0.85   0.84   0.48   0.49      5      5      1   
  0.74   0.22   0.51   0.30      2      2      1   
  0.51   0.09   0.13   0.37      7      6      1   
  0.66   0.45   0.91   0.50      3      3      1   
  0.74   0.05   0.97   0.05      2      2      1   
  0.50   0.88   0.37   0.79      2      2      1   
  0.61   0.10   0.04   0.04     45      9      1   
  0.24   0.89   0.90   0.87      6      6      1   
  0.06   0.17   0.42   0.33      5      5      1   
  0.48   0.36   0.67   0.37      2      2      1   
  0.18   0.56   0.70   0.79      6      6      1   
  0.15   0.18   0.03   0.14      2      2      1   
  0.64   0.40   0.91   0.19      3      3      1   
  0.79   0.31   0.77   0.14      2      2      1   
  0.03   0.46   0.02   0.45      1      1      1   
  0.81   0.91   0.51   0.16      7      7      1   
  0.18   0.44   0.63   0.36      4      4      1   
  0.60   0.54   0.50   0.72      2      2      1   
  0.36   0.46   0.76   0.58      4      4      1   
  0.43   0.07   0.68   0.82      7      7      1   
  0.24   0.50   0.53   0.48      3      3      1   
  0.49   0.13   0.73   0.10      2      2      1   
  0.47   0.08   0.55   0.41      3      3      1   
  0.51   0.30   0.72   0.20      2      2      1   
  0.97   0.90   0.76   0.61      4      4      1   
  0.98   0.51   0.66   0.31      3      3      1   
  0.46   0.89   0.54   0.74      2      2      1   
  0.84   0.41   0.33   0.84      6      6      1   
  0.20   0.01   0.16   0.34      3      3      1   
  0.89   0.35   0.81   0.39      1      1      1   
  0.63   0.03   0.10   0.33      8      7      1   
  0.17   0.49   0.58   0.12      6      6      1   
  0.04   0.18   0.18   0.46      3      3      1   
  0.30   0.55   0.31   0.86      8      4      1   
  0.92   0.23   0.75   0.28      2      2      1   
  0.98   0.41   0.77   0.66      3      3      1   
  0.59   0.42   0.79   0.98      5      5      1   
  0.13   0.15   0.67   0.73      7      7      1   
  0.23   1.00   0.10   0.16     24      9      1   
  0.18   0.85   0.46   0.08      8      8      1   
  0.51   0.21   0.40   0.52      3      3      1   
  0.26   0.93   0.61   0.63      5      5      1   
