  0.09   0.95   0.49   0.31      8      7      1   
  0.10   0.08   0.27   0.87     10      9      1   
  0.62   0.14   0.09   0.95     39      9      1   
  0.82   0.64   0.46   0.13      6      6      1   
  0.83   0.62   0.83   0.58      1      1      1   
  0.81   0.79   0.18   0.91      6      6      1   
  1.00   0.87   0.38   0.06      9      9      1   
  0.27   0.87   0.10   0.37     31      7      1   
  0.54   0.10   0.26   0.25      3      3      1   
  0.16   0.44   0.85   0.27      7      7      1   
  0.42   0.54   0.76   0.09      5      5      1   
  0.49   0.59   0.76   0.05      6      6      1   
  0.43   0.10   0.11   0.49      5      5      1   
  0.26   0.05   0.90   0.21      6      6      1   
  0.51   0.01   0.50   0.27      3      3      1   
  0.35   0.20   0.56   0.19      2      2      1   
  0.46   0.99   0.96   0.01      9      9      1   
  0.25   0.89   0.82   0.95      5      5      1   
  0.22   0.55   0.86   0.86      7      7      1   
  0.98   0.28   0.48   0.11      5      5      1   
  0.85   0.40   0.33   0.35      5      5      1   
  0.84   0.75   0.18   0.84      6      6      1   
  0.02   0.34   0.82   0.95      9      9      1   
  0.92   0.57   0.09   0.35      8      8      1   
  0.07   0.22   0.60   0.48      5      5      1   
  0.34   0.98   0.48   0.54      4      4      1   
  0.99   0.71   0.85   0.49      3      3      1   
  0.31   0.85   0.92   0.70      6      6      1   
  0.18   0.81   0.32   0.83      2      2      1   
  0.50   0.74   0.96   0.83      5      5      1   
  0.84   0.41   0.11   0.18      7      7      1   
  0.75   0.77   0.11   0.12      8      8      1   
  0.23   0.48   0.86   0.05      7      7      1   
  0.59   0.70   0.76   0.27      4      4      1   
  0.40   0.21   0.25   0.95     18      7      1   
  0.75   0.30   0.66   0.08      3      3      1   
  0.33   0.47   0.02   0.89     34      7      1   
  0.58   0.26   0.49   0.89      6      6      1   
  0.02   0.32   0.56   0.05      6      6      1   
  0.92   0.88   0.64   0.92      3      3      1   
  0.17   0.38   0.82   0.70      7      7      1   
  0.12   0.15   0.79   0.04      6      6      1   
  0.27   0.99   0.98   0.29      9      9      1   
  0.11   0.02   0.40   0.56      6      6      1   
  0.92   0.88   0.16   0.32      9      9      1   
  0.87   0.91   0.32   0.84      5      5      1   
  0.42   0.96   0.88   0.96      4      4      1   
  0.33   0.28   0.39   0.08      2      2      1   
  0.85   0.12   0.50   0.27      4      4      1   
  0.85   0.40   0.16   0.15      6      6      1   
  0.69   0.91   0.69   0.24      6      6      1   
  0.24   0.18   0.64   0.79      7      7      1   
  0.12   0.80   0.15   0.29     17      8      1   
  0.53   0.21   0.51   0.77      5      5      1   
  0.62   0.81   0.77   0.36      5      5      1   
  0.47   0.97   0.68   0.17      7      7      1   
  0.25   0.10   0.71   0.39      5      5      1   
  0.75   0.03   0.40   0.20      4      4      1   
  0.32   0.83   0.10   0.85      2      2      1   
  0.59   0.07   0.29   0.11      3      3      1   
  0.59   0.21   0.45   0.80      6      6      1   
  0.45   0.71   0.30   0.07      6      6      1   
  0.16   0.15   0.99   0.72      9      9      1   
  0.36   0.42   0.28   0.24      2      2      1   
  0.85   0.49   0.65   0.48      2      2      1   
  0.51   0.77   0.16   0.40      5      5      1   
  0.41   0.48   0.65   0.85      4      4      1   
  0.92   0.85   0.34   0.87      5      5      1   
  0.62   0.12   0.33   0.01      3      3      1   
  0.01   0.47   0.85   0.34      8      8      1   
  0.77   0.85   0.11   0.02     10     10      1   
  0.61   0.12   0.57   0.05      1      1      1   
  0.10   0.28   0.03   0.08      2      2      1   
  0.15   0.94   0.36   0.85      2      2      1   
  0.75   0.08   0.57   0.23      2      2      1   
  0.06   0.10   0.67   0.25      6      6      1   
  0.17   0.25   0.12   0.05      2      2      1   
  0.00   0.79   0.14   0.35     18      9      1   
  0.70   0.05   0.19   0.98     10     10      1   
  0.98   0.66   0.51   0.01      7      7      1   
  0.64   0.13   0.47   0.06      2      2      1   
  0.42   0.86   0.01   0.46     79      7      1   
  0.22   0.08   0.61   0.28      4      4      1   
  0.85   0.57   0.58   0.13      5      5      1   
  0.50   0.11   0.90   0.21      4      4      1   
  0.17   0.25   0.44   0.41      3      3      1   
  0.05   0.96   0.82   0.69      8      8      1   
  0.85   0.01   0.86   0.26      2      2      1   
  0.16   0.19   0.99   0.72      9      9      1   
  0.10   0.49   0.16   0.86     26      8      1   
  0.63   0.60   0.54   0.69      1      1      1   
  0.40   0.50   0.62   0.12      4      4      1   
  0.93   0.27   0.02   0.89     39      9      1   
  0.85   0.04   0.16   0.15      6      6      1   
  0.45   0.86   0.98   0.06      8      8      1   
  0.98   0.49   0.86   0.95      5      4      1   
  0.68   0.17   0.69   0.06      1      1      1   
  0.57   0.27   0.85   0.57      4      4      1   
  0.02   0.08   0.77   0.25      7      7      1   
  0.09   0.16   0.90   0.76      9      9      1   
  0.92   0.86   0.13   0.37      8      8      1   
  0.73   0.00   0.17   0.34      6      6      1   
  0.97   0.13   0.96   0.01      1      1      1   
  0.27   0.02   0.85   0.94      9      9      1   
  0.66   0.08   0.84   0.14      2      2      1   
  0.42   0.03   0.44   0.26      2      2      1   
  0.32   0.26   0.86   0.26      5      5      1   
  0.98   0.29   0.31   0.79      8      7      1   
  0.16   0.99   0.37   0.33      8      7      1   
  0.22   0.08   0.58   0.07      3      3      1   
  0.39   0.08   0.59   0.71      6      6      1   
  0.06   0.52   0.22   0.16      4      4      1   
  0.93   0.56   0.12   0.15      8      8      1   
  0.08   0.88   0.70   0.11     10     10      1   
  0.92   0.11   0.43   0.44      5      5      1   
  0.13   0.94   0.83   0.13     10     10      1   
  0.75   0.62   0.83   0.13      5      5      1   
  0.79   0.99   0.84   0.56      4      4      1   
  0.34   0.87   1.00   0.09      9      9      1   
  0.59   0.71   0.93   0.18      6      6      1   
  0.73   0.63   0.25   1.00      6      6      1   
  0.94   0.23   0.11   0.02      8      8      1   
  0.91   0.98   0.82   0.78      2      2      1   
  0.74   0.38   0.60   0.45      2      2      1   
  0.06   0.98   0.86   0.82      8      7      1   
  0.16   0.40   0.55   0.48      4      4      1   
  0.72   0.40   0.73   0.20      2      2      1   
  0.50   0.06   0.50   0.27      2      2      1   
  0.90   0.88   0.89   0.47      4      4      1   
  0.50   0.68   0.09   0.25      6      6      1   
  0.20   0.13   0.85   0.12      6      6      1   
  0.86   0.78   0.87   0.38      4      4      1   
  0.27   0.22   0.76   0.14      5      5      1   
  0.17   0.38   0.88   0.86      8      8      1   
  0.85   0.55   0.37   0.88      5      5      1   
  0.95   0.89   0.40   0.81      5      5      1   
  0.01   0.47   0.43   0.65      5      5      1   
  0.64   0.49   0.45   0.48      2      2      1   
  0.32   0.84   0.02   0.32     28      7      1   
  0.20   0.81   0.15   0.53     35      6      1   
  0.25   0.95   0.11   0.36     38      7      1   
  0.00   0.14   0.06   0.98     33     11      1   
  0.52   0.35   0.60   0.74      4      4      1   
  0.21   0.46   0.81   0.07      6      6      1   
  0.11   0.19   0.29   0.91      9      8      1   
  0.55   0.48   0.33   0.35      2      2      1   
  0.46   0.97   0.75   0.77      3      3      1   
  0.50   0.94   0.03   0.47     56      8      1   
  0.78   0.90   0.81   0.05      8      8      1   
  0.40   0.00   0.72   0.22      4      4      1   
  0.68   0.77   0.43   0.65      3      3      1   
  0.47   0.61   0.92   0.76      5      5      1   
  0.93   0.46   0.81   0.17      3      3      1   
  0.06   0.10   0.41   0.36      4      4      1   
  0.81   0.64   0.02   0.36      7      7      1   
  0.71   0.59   0.41   1.00      5      5      1   
  0.16   0.32   0.00   0.15      2      2      1   
  0.27   0.87   0.00   0.29     28      8      1   
  0.69   0.38   0.06   0.95      8      8      1   
  0.80   0.13   0.23   0.42      6      6      1   
  0.85   0.57   0.55   0.58      3      3      1   
  0.32   0.35   0.66   0.60      4      4      1   
  0.86   0.86   0.27   0.07      9      9      1   
  0.68   0.17   0.06   0.98     35      9      1   
  0.44   0.02   0.46   0.40      4      4      1   
  0.97   0.45   0.19   0.51      7      7      1   
  0.90   0.76   0.65   0.85      3      3      1   
  0.91   0.25   0.49   0.50      4      4      1   
  0.03   0.86   0.30   0.39      9      8      1   
  0.23   0.99   0.15   0.88      2      2      1   
  0.38   0.94   0.63   0.94      2      2      1   
  0.20   0.42   0.72   0.21      5      5      1   
  0.77   0.40   0.19   0.98      8      7      1   
  0.64   0.21   0.02   0.36      6      6      1   
  0.27   0.18   0.16   0.15      1      1      1   
  0.22   0.01   0.06   0.32      4      4      1   
  0.94   0.65   0.55   0.15      6      6      1   
  0.86   0.75   0.95   0.75      1      1      1   
  0.33   0.11   0.52   0.17      2      2      1   
  0.23   0.97   0.16   0.32     16      8      1   
  0.79   0.47   0.84   0.30      2      2      1   
  0.88   0.34   0.90   0.22      1      1      1   
  0.12   0.27   0.63   0.65      6      6      1   
  1.00   0.35   0.87   0.91      5      5      1   
  0.69   0.48   0.34   0.50      3      3      1   
  0.83   0.79   0.42   0.86      4      4      1   
  0.36   0.43   0.22   0.16      3      3      1   
  0.24   0.87   0.26   0.25     11      7      1   
  0.35   0.02   0.99   0.75      8      8      1   
  0.45   0.05   0.41   0.30      3      3      1   
  0.50   0.11   0.95   0.60      6      6      1   
  0.10   0.93   0.12   0.01     21     11      1   
  0.62   0.12   0.37   0.99      8      8      1   
  0.07   0.82   0.48   0.11     10      9      1   
  0.41   0.41   0.50   0.27      2      2      1   
  0.96   0.45   0.60   0.42      3      3      1   
  0.57   0.90   0.41   0.36      5      5      1   
  0.61   0.49   0.95   0.94      5      5      1   
  0.94   0.01   0.10   1.00     11     11      1   
  0.95   0.94   0.27   0.87      6      6      1   
  0.88   0.34   0.15   0.88      8      8      1   
  0.64   0.49   0.16   0.32      5      5      1   
  0.48   0.23   0.02   0.25      4      4      1   
  0.10   0.91   0.33   0.00     11     10      1   
  0.95   0.72   0.85   0.01      6      6      1   
  0.23   0.99   0.99   0.01     11     11      1   
  0.79   0.47   0.82   0.78      3      3      1   
  0.76   0.05   0.33   0.27      5      5      1   
  0.32   0.02   0.24   0.02      1      1      1   
  0.27   0.18   0.67   0.96      8      8      1   
  0.42   0.03   0.57   0.10      2      2      1   
  0.90   0.26   0.99   1.00      7      7      1   
  0.10   0.93   0.61   0.55      6      6      1   
  0.55   0.29   0.32   0.89      6      6      1   
  0.44   0.26   0.15   0.32      3      3      1   
  0.15   0.88   0.92   0.57      7      7      1   
  0.31   0.08   0.28   0.95      8      8      1   
  0.29   0.91   0.19   0.99      2      2      1   
  0.50   0.06   0.73   0.08      2      2      1   
  0.05   0.96   0.01   0.28     38     10      1   
  0.23   0.83   0.45   0.24      7      7      1   
  0.95   0.75   0.92   0.86      1      1      1   
  0.61   0.28   0.09   0.25      5      5      1   
  0.10   0.93   0.92   0.15     10     10      1   
  0.30   0.07   0.88   0.18      6      6      1   
  0.48   0.50   0.88   0.45      4      4      1   
  0.44   0.14   0.18   0.91     38      8      1   
  0.64   0.49   0.91   0.88      4      4      1   
  0.41   0.48   0.18   0.56      3      3      1   
  0.59   0.07   0.29   0.09      3      3      1   
  0.05   0.00   0.60   0.45      6      6      1   
  0.44   0.26   0.17   0.14      3      3      1   
  0.78   0.24   0.50   0.03      3      3      1   
  0.61   0.49   0.31   0.08      5      5      1   
  0.20   0.28   0.59   0.21      4      4      1   
  0.90   0.48   0.61   0.12      4      4      1   
  0.44   0.41   0.26   0.25      2      2      1   
  0.77   0.40   0.44   0.35      3      3      1   
  0.71   0.22   0.15   0.88     35      8      1   
  0.79   0.95   0.73   0.32      6      6      1   
  0.98   0.04   0.63   0.01      3      3      1   
  0.13   0.32   0.97   0.45      8      8      1   
  0.10   0.11   0.55   0.76      7      7      1   
  0.72   0.40   0.31   0.43      4      4      1   
  0.23   0.42   0.69   0.06      6      6      1   
  0.82   0.32   0.14   0.35      6      6      1   
  0.10   0.93   0.24   0.00     11     10      1   
  0.52   0.35   0.72   0.82      5      5      1   
  0.15   0.29   0.48   0.50      4      4      1   
  0.52   0.39   0.97   0.45      4      4      1   
  0.69   0.41   0.75   0.82      4      4      1   
  0.33   0.00   0.95   0.60      8      8      1   
  0.83   0.47   0.70   0.99      5      5      1   
  0.52   0.39   0.38   0.94      5      5      1   
  0.22   0.39   0.80   0.22      6      6      1   
  0.23   0.28   0.85   0.55      6      6      1   
  0.74   0.52   0.23   0.97      6      6      1   
  0.70   0.11   0.78   0.04      1      1      1   
  0.29   0.26   0.58   0.26      3      3      1   
  0.46   0.78   0.97   0.60      5      5      1   
  0.10   0.08   0.85   0.38      7      7      1   
  0.16   0.19   0.63   0.72      6      6      1   
  0.76   0.09   0.62   0.14      2      2      1   
  0.44   0.78   0.72   0.99      3      3      1   
  0.27   0.18   0.78   0.90      8      8      1   
  0.97   0.13   0.13   0.83     55     10      1   
  0.64   0.92   0.13   0.03      9      9      1   
  0.49   0.81   0.19   0.03      8      8      1   
  0.64   0.60   0.81   0.20      4      4      1   
  0.59   0.21   0.85   0.27      3      3      1   
  0.92   0.57   0.75   0.96      4      4      1   
  0.32   0.05   0.41   0.41      4      4      1   
  0.51   0.65   0.39   0.05      5      5      1   
  0.88   0.70   0.57   0.02      7      7      1   
  0.83   0.91   0.42   0.05      9      8      1   
  0.65   0.85   0.74   0.61      3      3      1   
  0.25   0.95   0.42   0.22      7      7      1   
  0.36   0.92   0.94   0.65      6      6      1   
  0.43   0.44   0.49   0.84      4      4      1   
  0.50   0.15   0.76   0.80      6      6      1   
  0.44   0.02   0.05   0.36      5      5      1   
  0.69   0.17   0.83   0.62      4      4      1   
  0.81   0.47   0.40   0.42      4      4      1   
  0.66   0.93   0.83   0.91      2      2      1   
  0.74   0.87   0.01   0.11      9      9      1   
  0.63   0.30   0.84   0.30      2      2      1   
  0.47   0.61   0.12   0.18      5      5      1   
  0.89   0.84   0.73   0.08      7      7      1   
  0.30   0.19   0.52   0.95      8      7      1   
  0.61   0.19   0.62   0.10      1      1      1   
  0.75   0.37   0.34   0.83      6      6      1   
  0.81   0.20   0.72   0.82      6      6      1   
  0.97   0.99   0.23   0.42      8      8      1   
  0.33   0.11   0.37   0.56      4      4      1   
  0.78   0.24   0.13   0.57      6      6      1   
  0.46   0.20   0.32   0.35      2      2      1   
  0.63   0.26   0.79   0.28      2      2      1   
  0.16   0.94   0.68   0.17      9      8      1   
  0.42   0.46   0.15   0.05      4      4      1   
  0.96   0.90   0.83   0.91      1      1      1   
  0.75   0.77   0.06   0.95      7      6      1   
  0.95   0.12   0.93   0.95      7      7      1   
  0.33   0.01   0.61   0.00      3      3      1   
  0.21   0.46   0.62   0.44      4      4      1   
  0.55   0.58   0.96   0.51      4      4      1   
  0.13   0.57   0.14   0.35      2      2      1   
  0.53   0.75   0.41   0.78      1      1      1   
  0.02   0.93   0.54   0.10     10     10      1   
  0.28   0.24   0.63   0.66      5      5      1   
  0.14   0.55   0.44   0.35      3      3      1   
  0.86   0.98   0.77   1.00      1      1      1   
  0.55   0.04   0.94   0.14      4      4      1   
  0.27   0.80   0.58   0.39      5      5      1   
  0.64   0.31   0.79   0.71      4      4      1   
  0.75   0.37   0.16   0.89      7      7      1   
  0.93   0.79   0.42   0.21      7      7      1   
  0.72   0.99   0.87   0.91      2      2      1   
  0.33   0.39   0.29   0.25      2      2      1   
  0.24   0.18   0.09   0.16      2      2      1   
  0.58   0.23   0.09   0.26      5      5      1   
  0.18   0.21   0.37   0.49      3      3      1   
  0.45   0.24   0.86   0.95      8      7      1   
  0.54   0.26   0.79   0.95      7      7      1   
  0.50   0.74   0.53   0.22      5      5      1   
  0.55   0.15   0.83   0.79      6      6      1   
  0.81   0.79   0.17   0.14      8      8      1   
  0.02   0.32   0.67   0.79      7      7      1   
  0.88   0.70   0.59   0.71      3      3      1   
  0.16   0.27   0.57   0.23      4      4      1   
  0.47   0.61   0.85   0.34      4      4      1   
  0.12   0.43   0.06   0.52      1      1      1   
  0.86   0.67   0.93   0.60      1      1      1   
  0.69   0.91   0.30   0.19      8      8      1   
  0.75   0.77   0.66   0.17      6      6      1   
  0.46   0.99   0.36   0.92      2      2      1   
  0.30   0.19   0.47   0.01      3      3      1   
  0.94   0.65   0.27   0.80      6      6      1   
  0.01   0.80   0.17   0.25     18     10      1   
  0.62   0.12   0.69   0.24      2      2      1   
  0.80   0.22   0.86   0.67      4      4      1   
  0.02   0.23   0.80   0.62      8      8      1   
  0.12   0.27   0.49   0.84      7      7      1   
  0.55   0.04   0.55   0.48      4      4      1   
  0.59   0.70   0.02   0.32      6      6      1   
  0.60   0.74   0.55   0.27      5      5      1   
  0.57   0.49   0.16   0.44      4      4      1   
  0.00   0.85   0.73   0.25      9      9      1   
  0.28   0.03   0.62   0.46      5      5      1   
  0.79   0.99   0.99   0.34      6      6      1   
  0.47   0.28   0.60   0.70      4      4      1   
  0.69   0.22   0.99   0.71      5      5      1   
  0.25   0.95   0.27   0.87      1      1      1   
  0.15   0.53   1.00   0.13      8      8      1   
  0.97   0.96   0.12   0.80      8      8      1   
  0.66   0.08   0.41   0.41      4      4      1   
  0.92   0.85   0.81   0.07      7      7      1   
  0.45   0.63   0.27   0.53      2      2      1   
  0.64   0.49   0.01   0.22      6      6      1   
  0.64   0.92   0.36   0.36      6      6      1   
  0.44   0.19   0.32   0.89      7      7      1   
  0.85   0.38   0.25   0.89      7      7      1   
  0.23   0.27   0.83   0.62      6      6      1   
  0.72   0.21   0.64   0.49      3      3      1   
  0.86   0.26   0.32   0.05      5      5      1   
  0.86   0.26   0.01   0.88     10     10      1   
  0.85   0.12   0.06   0.21      7      7      1   
  0.52   0.18   0.10   0.11      4      4      1   
  0.45   0.80   0.80   0.62      4      4      1   
  0.53   0.22   0.67   0.50      3      3      1   
  0.20   0.48   0.81   0.20      6      6      1   
  0.32   0.19   0.37   0.97      8      8      1   
  0.75   0.08   0.00   0.52      8      8      1   
  0.98   0.04   0.19   0.10      7      7      1   
  0.32   0.89   0.06   0.95      3      3      1   
  0.42   0.54   0.00   0.14      5      5      1   
  0.16   0.15   0.50   0.47      4      4      1   
  0.25   0.95   0.46   0.20      7      7      1   
  0.96   0.35   0.45   0.63      5      5      1   
  0.98   0.66   0.08   0.88      8      8      1   
  0.87   0.91   0.60   0.74      3      3      1   
  0.54   0.26   0.55   0.04      2      2      1   
  0.71   0.39   0.98   0.49      3      3      1   
  0.21   0.93   0.02   0.25     33      8      1   
  0.82   0.50   0.48   0.11      5      5      1   
  0.60   0.42   0.93   0.24      4      4      1   
  0.95   0.26   0.95   0.72      4      4      1   
  0.57   0.16   0.69   0.91      7      7      1   
  0.55   0.04   0.25   0.10      3      3      1   
  0.70   0.74   0.32   0.26      6      6      1   
  0.88   0.34   0.93   0.60      3      3      1   
  0.72   0.82   0.52   0.70      3      3      1   
  0.95   0.60   0.59   0.68      3      3      1   
  0.68   0.77   0.75   0.37      4      4      1   
  0.57   0.23   0.67   0.65      4      4      1   
  0.81   0.79   0.64   0.13      6      6      1   
  0.99   0.75   0.16   0.27      9      9      1   
  0.45   0.24   0.23   0.97     20      7      1   
  0.02   0.42   0.92   0.15      9      8      1   
  0.84   0.75   0.31   0.36      6      6      1   
  0.76   0.09   0.47   0.91      8      8      1   
  0.05   0.48   0.62   0.43      6      6      1   
  0.14   0.37   0.86   0.69      7      7      1   
  0.84   0.34   0.05   0.01      8      8      1   
  0.91   0.89   0.27   0.87      6      6      1   
  0.58   0.23   0.56   0.20      1      1      1   
  0.63   0.58   0.26   0.05      6      6      1   
  0.14   0.06   0.79   0.71      8      8      1   
  0.77   1.00   0.19   0.98      5      5      1   
  0.69   0.61   0.50   0.03      6      5      1   
  0.13   0.37   0.42   0.21      3      3      1   
  0.29   0.26   0.93   0.26      6      6      1   
  0.80   0.02   0.29   0.30      5      5      1   
  0.80   0.41   0.11   0.87      8      8      1   
  0.62   0.10   0.43   0.92      8      8      1   
  0.91   0.94   0.12   0.01     11     11      1   
  0.93   0.46   0.63   0.01      5      5      1   
  0.84   0.14   0.10   0.91     10     10      1   
  0.93   0.79   0.83   0.13      6      6      1   
  0.75   0.77   0.67   0.88      2      2      1   
  0.16   0.99   0.16   0.40     22      8      1   
  0.16   0.94   0.58   0.13      9      8      1   
  0.39   0.05   0.16   0.26      3      3      1   
  0.53   0.22   0.79   0.47      3      3      1   
  0.69   0.91   0.34   0.98      3      3      1   
  0.98   0.28   0.86   0.69      4      4      1   
  0.56   0.78   0.55   0.27      5      5      1   
  0.67   0.79   0.61   0.19      5      5      1   
  0.86   0.38   0.43   0.66      5      5      1   
  0.67   0.45   0.63   0.64      2      2      1   
  0.23   0.84   0.89   0.75      6      6      1   
  0.62   0.46   0.29   0.04      5      5      1   
  0.74   0.33   0.47   0.97      6      6      1   
  0.23   0.27   0.37   0.33      2      2      1   
  0.32   0.26   0.36   0.81      6      6      1   
  0.59   0.03   0.76   0.27      3      3      1   
  0.61   0.12   0.82   0.11      2      2      1   
  0.81   0.64   0.32   0.54      5      5      1   
  0.67   0.65   0.85   0.57      2      2      1   
  0.80   0.74   0.42   0.54      4      4      1   
  0.62   0.26   0.06   0.98      9      8      1   
  0.23   0.27   0.49   0.31      3      3      1   
  0.27   0.16   0.51   0.45      4      4      1   
  0.32   0.45   0.31   0.85      8      4      1   
  0.18   0.21   0.27   0.47      3      3      1   
  0.03   0.24   0.86   0.05      8      8      1   
  0.55   0.27   0.57   0.49      2      2      1   
  0.85   0.01   0.72   0.12      2      2      1   
  0.14   0.18   0.49   0.50      4      4      1   
  0.41   0.41   0.98   0.04      6      6      1   
  0.46   0.97   0.47   0.87      1      1      1   
  0.66   0.88   0.88   0.96      2      2      1   
  0.49   0.59   0.69   0.50      2      2      1   
  0.19   0.20   0.58   0.13      4      4      1   
  0.62   0.81   0.15   0.88      5      5      1   
  0.19   0.20   0.56   0.02      4      4      1   
  0.74   0.33   0.76   0.67      4      4      1   
  0.42   0.22   0.28   0.03      2      2      1   
  0.10   0.11   0.11   0.92     32     10      1   
  0.79   0.99   0.02   0.32      9      9      1   
  0.22   0.16   0.27   0.53      4      4      1   
  0.10   0.33   0.70   0.05      6      6      1   
  0.97   0.63   0.44   0.14      6      6      1   
  0.01   0.23   0.23   0.97     10      9      1   
  0.23   0.30   0.89   0.47      6      6      1   
  0.89   0.47   0.09   0.24      8      8      1   
  0.07   0.89   0.61   0.64      6      6      1   
  0.22   0.27   0.75   0.96      8      8      1   
  0.40   0.93   0.15   0.05     19      9      1   
  0.45   0.48   0.00   0.85     49      7      1   
  0.84   0.56   0.82   0.50      1      1      1   
  0.29   0.30   0.17   0.14      2      2      1   
  0.45   0.08   0.57   0.23      2      2      1   
  0.93   0.27   0.81   0.47      2      2      1   
  0.41   1.00   0.27   0.07     15      9      1   
  0.15   0.29   0.87   0.38      6      6      1   
  0.07   0.82   0.69   0.06     10     10      1   
  0.66   0.37   0.60   0.51      2      2      1   
  0.28   0.24   0.50   0.87      6      6      1   
  0.32   0.84   0.22   0.26     13      6      1   
  0.01   0.22   0.16   0.26      2      2      1   
  0.87   0.38   0.62   0.14      3      3      1   
  0.71   0.22   1.00   0.87      6      6      1   
  0.80   0.74   0.04   0.27      8      8      1   
  0.22   0.27   0.65   0.16      4      4      1   
  0.63   0.38   0.46   0.13      3      3      1   
  0.55   0.50   0.09   0.26      5      5      1   
  0.70   0.45   0.40   0.23      3      3      1   
  0.00   0.29   0.80   0.13      7      7      1   
  0.47   0.61   0.45   0.92      3      3      1   
  0.44   0.14   0.56   0.78      6      6      1   
  0.81   0.20   0.23   0.48      6      6      1   
  0.29   0.04   0.53   0.99      9      9      1   
  0.98   0.06   0.40   0.56      7      7      1   
  0.82   0.11   0.80   0.41      3      3      1   
  0.64   0.79   0.91   0.89      3      3      1   
  0.36   0.81   0.84   0.14      8      8      1   
  0.42   0.54   0.29   0.25      3      3      1   
  0.16   0.15   0.56   0.02      4      4      1   
  0.44   0.19   0.46   0.20      1      1      1   
  0.60   0.42   0.23   0.27      4      4      1   
  0.59   0.58   0.20   0.42      4      4      1   
  0.31   0.08   0.65   0.95      8      8      1   
  0.99   0.29   0.21   0.06      7      7      1   
  0.66   0.60   0.05   0.26      6      6      1   
  0.84   0.04   0.12   0.37      7      7      1   
  0.01   0.11   0.05   0.96     35     11      1   
  0.78   0.26   0.35   0.44      4      4      1   
  0.27   0.30   0.64   0.13      4      4      1   
  0.37   0.33   0.65   0.51      3      3      1   
  0.18   0.21   0.42   0.85      7      7      1   
  0.83   0.69   0.99   0.57      2      2      1   
  0.18   0.56   0.61   0.64      4      4      1   
  0.03   0.36   0.29   0.91      8      8      1   
  0.27   0.18   0.24   0.87      9      8      1   
  0.85   0.57   0.88   0.70      2      2      1   
  0.47   0.29   0.27   0.15      3      3      1   
  0.95   0.76   0.91   0.50      3      3      1   
  0.58   0.13   0.77   0.40      4      3      1   
  0.29   0.11   0.25   0.30      2      2      1   
  0.90   0.89   0.65   0.51      4      4      1   
  0.93   0.24   0.20   0.42      7      7      1   
  0.91   0.94   0.30   0.35      8      8      1   
  0.28   0.06   0.45   0.71      7      6      1   
  0.62   0.10   0.77   1.00      8      8      1   
  0.51   0.45   0.50   0.06      4      4      1   
  0.50   0.15   0.47   0.87      6      6      1   
  0.56   0.19   0.72   0.12      2      2      1   
  0.55   0.04   0.22   0.78     21      8      1   
  0.67   0.04   0.03   0.24      6      6      1   
  0.27   0.22   0.74   0.38      5      5      1   
  0.23   0.84   0.86   0.69      6      6      1   
  0.32   0.26   0.43   0.44      2      2      1   
  0.54   0.85   0.98   0.28      7      7      1   
  0.17   0.20   0.88   0.47      7      7      1   
  0.78   0.23   0.45   0.48      4      4      1   
  0.18   0.81   0.20   0.28     16      7      1   
  0.02   0.51   0.41   0.36      4      4      1   
  0.90   0.48   0.78   0.24      3      3      1   
  0.49   0.89   0.90   0.48      6      5      1   
  0.43   0.66   0.98   0.60      5      5      1   
  0.37   0.97   0.20   0.13     16      8      1   
  0.57   0.81   0.14   0.06      8      8      1   
  0.65   0.85   0.06   0.10      9      9      1   
  0.16   0.99   0.37   0.33      8      7      1   
  0.53   0.21   0.60   0.45      3      3      1   
  0.76   0.80   0.87   0.68      2      2      1   
  0.10   0.93   0.26   0.42     11      7      1   
  0.50   0.74   0.76   0.09      6      6      1   
  0.03   0.47   0.22   0.03      4      4      1   
  0.57   0.72   0.20   0.48      5      4      1   
  0.19   0.99   0.59   0.07      9      9      1   
  0.74   0.61   1.00   0.05      6      6      1   
  0.16   0.13   0.86   0.86      9      9      1   
  0.57   0.24   0.01   0.47      6      6      1   
  0.78   0.92   0.94   0.93      2      2      1   
  0.83   0.69   0.60   0.51      3      3      1   
  0.86   0.55   0.13   0.29      7      7      1   
  0.47   0.91   0.76   0.09      8      8      1   
  0.83   0.47   0.43   0.66      4      4      1   
  0.29   0.20   0.69   0.24      4      4      1   
  0.24   0.18   0.77   0.36      6      5      1   
  0.15   0.44   0.51   0.19      5      4      1   
  0.11   0.45   0.11   0.18      3      3      1   
  0.32   0.19   0.82   0.95      9      9      1   
  0.91   0.48   0.82   0.40      1      1      1   
  0.71   0.40   0.48   0.72      4      4      1   
  0.50   0.90   0.13   0.57     82      5      1   
  1.00   0.87   0.50   0.03      9      9      1   
  0.86   0.86   0.64   0.21      7      6      1   
  0.12   0.96   0.01   0.37     67      9      1   
  0.51   0.91   0.91   0.88      4      4      1   
  0.29   0.04   0.26   0.42      4      4      1   
  0.27   0.80   0.05   0.96      3      3      1   
  0.55   0.23   0.44   0.02      2      2      1   
  0.93   0.27   0.76   0.40      2      2      1   
  0.88   0.18   0.99   0.01      2      2      1   
  0.03   0.19   0.62   0.10      5      5      1   
  0.00   0.85   0.16   0.42     17      9      1   
  0.52   0.39   0.37   0.99      6      6      1   
  0.22   0.27   0.80   0.62      6      6      1   
  0.62   0.12   0.26   0.42      4      4      1   
  0.47   0.28   0.90   0.21      4      4      1   
  0.09   0.19   0.03   0.24      1      1      1   
  0.22   0.01   0.75   0.08      5      5      1   
  0.59   0.46   0.02   0.04      6      6      1   
  0.53   0.21   0.33   0.01      3      3      1   
  0.84   0.98   0.94   0.14      8      7      1   
  0.44   0.14   0.83   0.59      6      5      1   
  0.44   0.53   0.92   0.84      5      5      1   
  0.36   0.36   0.40   0.18      2      2      1   
  0.40   0.21   0.74   0.86      7      7      1   
  0.02   0.25   0.09   0.14      2      2      1   
  0.26   0.47   0.57   0.16      4      4      1   
  0.31   0.15   0.51   0.65      5      5      1   
  0.02   0.86   0.85   0.34      9      9      1   
  0.96   0.49   0.87   0.38      2      2      1   
  0.32   0.05   0.83   0.96      9      9      1   
  0.62   0.12   0.29   0.20      3      3      1   
  0.78   0.24   0.44   0.02      4      4      1   
  0.13   0.37   0.74   0.34      6      6      1   
  0.37   0.97   0.31   0.15      8      8      1   
  0.84   0.98   0.10   0.91      7      7      1   
  0.75   0.76   0.58   0.56      3      3      1   
  0.67   0.04   0.32   0.05      3      3      1   
  0.86   0.86   0.59   0.03      8      8      1   
  0.28   0.24   0.89   0.67      7      7      1   
  0.12   0.15   0.53   0.99      9      9      1   
  0.22   0.80   0.38   0.55      4      4      1   
  0.52   0.95   0.63   0.64      3      3      1   
  0.63   0.72   0.22   0.08      7      7      1   
  0.17   0.38   0.54   0.17      4      4      1   
  0.29   0.04   0.06   0.95     32     10      1   
  0.90   0.89   0.91   0.15      7      7      1   
  0.97   0.63   0.78   0.90      3      3      1   
  0.40   0.56   0.68   0.17      4      4      1   
  0.38   0.55   0.16   0.19      4      4      1   
  0.34   0.87   0.02   0.34     29      7      1   
  0.53   0.99   0.52   0.95      1      1      1   
  0.15   0.12   0.59   0.68      7      7      1   
  0.39   0.94   0.87   0.38      7      6      1   
  0.50   0.06   0.83   0.67      6      6      1   
  0.38   0.94   0.05   0.41     29      8      1   
  0.87   0.97   0.01   0.81      8      8      1   
  0.05   0.96   0.33   0.27      9      8      1   
  0.96   0.01   0.85   0.55      5      5      1   
  0.90   0.21   0.60   0.70      5      5      1   
  0.54   0.17   0.32   0.05      3      3      1   
  0.41   0.36   0.47   0.28      1      1      1   
  0.82   0.64   0.03   0.47      7      7      1   
  0.22   0.27   0.33   0.01      3      3      1   
  0.59   0.21   0.82   0.95      7      7      1   
  0.31   0.15   0.40   0.50      3      3      1   
  0.70   0.11   0.64   0.92      7      7      1   
  0.99   0.38   0.65   0.83      5      5      1   
  0.86   0.67   0.20   0.17      7      7      1   
  0.49   0.89   0.47   0.26      6      6      1   
  0.45   0.92   0.88   0.70      5      5      1   
  0.02   0.25   0.77   0.36      7      7      1   
  0.15   0.12   0.47   0.01      3      3      1   
  0.84   0.04   0.17   0.38      7      7      1   
  0.64   0.79   0.98   0.49      4      4      1   
  0.96   0.45   0.38   0.27      6      5      1   
  0.05   0.16   0.96   0.01      8      8      1   
  0.16   0.13   0.13   0.37      2      2      1   
  0.98   0.28   0.45   0.63      6      6      1   
  0.76   0.14   0.91   0.94      8      7      1   
  0.02   0.25   0.03   0.26      1      1      1   
  0.59   0.58   0.88   0.47      3      3      1   
  0.96   0.71   0.75   0.83      2      2      1   
  0.83   0.61   0.11   0.12      8      8      1   
  0.18   0.53   0.13   0.32      2      2      1   
  0.98   0.29   0.84   0.76      5      5      1   
  0.89   0.75   0.79   0.21      5      5      1   
  0.83   0.62   0.09   0.04      8      8      1   
  0.83   0.46   0.27   0.04      6      6      1   
  0.68   0.17   0.07   0.89     38      9      1   
  0.79   0.04   0.72   0.22      2      2      1   
  0.89   0.64   0.98   0.49      2      2      1   
  0.76   0.80   0.07   0.41      7      7      1   
  0.18   0.21   0.58   0.39      4      4      1   
  0.40   0.93   0.20   0.28     15      7      1   
  0.66   0.88   0.72   0.13      7      7      1   
  0.83   0.79   0.34   0.87      5      5      1   
  0.20   0.28   0.84   0.56      7      7      1   
  0.58   0.26   0.22   0.21      3      3      1   
  0.88   0.68   0.01   0.47      8      8      1   
  0.84   0.14   0.01   0.11      7      7      1   
  0.75   0.37   0.73   0.63      3      3      1   
  0.51   0.01   0.16   0.44      5      5      1   
  0.63   0.43   0.51   0.07      4      4      1   
  0.69   0.38   0.59   0.03      3      3      1   
  0.06   0.28   0.80   0.72      8      8      1   
  0.03   0.26   0.56   0.05      5      5      1   
  0.18   0.15   0.79   0.21      6      6      1   
  0.23   0.99   0.09   0.26     30      9      1   
  0.05   0.51   0.75   0.62      7      7      1   
  0.97   0.45   0.98   0.16      3      3      1   
  0.96   0.49   0.83   0.67      2      2      1   
  0.96   0.49   0.63   0.65      4      4      1   
  0.49   0.89   0.55   0.27      6      6      1   
  0.64   0.49   0.30   0.81      5      5      1   
  0.31   0.36   0.58   0.56      3      3      1   
  0.88   0.96   0.99   0.01      8      8      1   
  0.77   0.68   0.59   0.03      6      6      1   
  0.67   0.96   0.87   1.00      2      2      1   
  0.51   0.65   0.40   0.18      4      4      1   
  0.36   0.42   0.73   0.63      4      4      1   
  0.18   0.85   0.77   0.47      6      6      1   
  0.59   0.68   0.74   0.52      2      2      1   
  0.27   0.81   0.82   0.11      8      8      1   
  0.84   0.14   0.27   0.80      8      8      1   
  0.99   0.38   0.15   0.44      8      8      1   
  0.98   0.49   0.03   0.86      9      9      1   
  0.73   0.12   0.90   0.26      2      2      1   
  0.02   0.51   0.10   0.93     28      9      1   
  0.37   0.49   0.48   0.11      4      4      1   
  0.40   0.93   0.96   0.45      7      7      1   
  0.09   0.04   0.29   0.91     10     10      1   
  0.49   0.59   0.99   0.57      5      5      1   
  0.36   0.51   0.87   0.68      5      5      1   
  0.13   0.37   0.07   0.08      3      3      1   
  0.67   0.15   0.19   0.99      9      9      1   
  0.62   0.10   0.77   0.25      2      2      1   
  0.57   0.24   0.75   0.82      6      6      1   
  0.10   0.93   0.27   0.99      2      2      1   
  0.57   0.81   0.26   0.47      5      5      1   
  0.81   0.79   0.88   0.34      4      4      1   
  0.57   0.72   0.52   0.70      1      1      1   
  0.36   0.85   0.11   0.53     42      6      1   
  0.84   0.56   0.19   0.43      6      6      1   
  0.61   0.64   0.00   0.85      6      6      1   
  0.09   0.24   0.32   0.79      7      7      1   
  0.47   0.02   0.80   0.21      4      4      1   
  0.48   0.54   0.87   0.91      5      5      1   
  0.82   0.71   0.81   0.44      3      3      1   
  0.16   0.86   0.73   0.99      5      5      1   
  0.48   0.72   0.00   0.93      5      5      1   
  0.37   0.33   0.23   0.13      2      2      1   
  0.75   0.66   0.55   0.48      3      3      1   
  0.36   0.81   0.51   0.21      6      6      1   
  0.36   0.12   0.99   0.14      6      6      1   
  0.18   0.53   0.00   0.57      2      2      1   
  0.50   0.06   0.93   0.26      4      4      1   
  0.97   0.60   0.00   0.79      9      9      1   
  0.02   0.34   0.30   0.07      4      4      1   
  0.95   0.76   0.76   0.27      5      5      1   
  0.95   0.76   0.57   0.02      7      7      1   
  0.86   0.86   0.25   0.93      6      6      1   
  0.51   0.62   0.29   0.91      4      4      1   
  0.75   0.66   0.72   0.35      3      3      1   
  0.33   0.28   0.44   0.44      2      2      1   
  0.65   0.51   0.37   0.99      5      5      1   
  0.93   0.27   0.01   0.20      9      8      1   
  0.74   0.87   0.72   0.03      8      8      1   
  0.05   0.82   0.38   0.07     10     10      1   
  0.99   1.00   0.59   0.07      9      9      1   
  0.10   0.91   0.10   0.93      1      1      1   
  0.65   0.83   0.79   0.47      4      4      1   
  0.09   0.26   0.42   0.05      4      4      1   
  0.63   0.01   0.22   0.21      4      4      1   
  0.66   0.88   0.69   0.41      5      5      1   
  0.09   0.26   0.15   0.87     28      9      1   
  0.41   0.30   0.63   0.72      4      4      1   
  0.66   0.88   0.55   0.48      4      4      1   
  0.66   0.08   0.94   0.57      5      5      1   
  0.68   0.56   0.86   0.05      5      5      1   
  0.33   0.47   0.60   0.17      4      4      1   
  0.73   0.32   0.58   0.23      2      2      1   
  0.03   0.26   0.69   0.91      8      8      1   
  0.83   0.67   0.94   0.57      2      2      1   
  0.35   0.20   0.75   0.82      7      7      1   
  0.34   0.87   1.00   0.05      9      9      1   
  0.88   0.86   0.05   0.26      9      9      1   
  0.41   0.78   0.01   0.46     90      6      1   
  0.96   0.83   0.43   0.65      5      5      1   
  0.16   0.19   0.18   0.46      3      3      1   
  0.67   0.39   0.71   0.59      2      2      1   
  0.73   0.32   0.93   0.24      2      2      1   
  0.81   0.07   0.00   0.10      7      7      1   
  0.33   0.11   0.37   0.33      3      3      1   
  0.22   0.55   0.07   0.52      2      2      1   
  0.19   0.98   0.16   0.40     22      8      1   
  0.85   0.49   0.50   0.11      5      5      1   
  0.93   0.46   0.82   0.32      2      2      1   
  0.69   0.91   0.01   0.80      6      6      1   
  0.41   0.78   0.14   0.06      7      7      1   
  0.02   0.42   0.46   0.46      4      4      1   
  0.91   0.89   0.67   0.15      7      7      1   
  0.13   0.83   0.92   0.84      7      7      1   
  0.02   0.08   0.47   0.97     10      9      1   
  0.75   0.66   0.73   0.00      6      6      1   
  0.44   0.53   0.40   0.21      3      3      1   
  0.76   0.14   0.86   0.55      4      4      1   
  0.97   0.99   0.69   0.69      4      4      1   
  0.41   0.30   0.50   0.90      5      5      1   
  0.98   0.04   0.41   0.48      7      7      1   
  0.36   0.85   0.81   0.05      8      8      1   
  0.74   0.38   0.18   0.91      7      7      1   
  0.22   0.21   0.64   0.31      4      4      1   
  0.29   0.25   0.03   0.14      3      3      1   
  0.24   0.02   0.50   0.11      3      3      1   
  0.14   0.53   0.90   0.21      7      7      1   
  0.07   0.41   0.48   0.26      4      4      1   
  0.79   0.04   0.27   0.81      9      9      1   
  0.47   0.29   0.31   0.42      2      2      1   
  0.34   0.50   0.47   0.29      3      3      1   
  0.78   0.92   0.98   0.29      6      6      1   
  0.09   0.25   1.00   0.05      8      8      1   
  0.95   0.12   0.48   0.54      6      6      1   
  0.91   0.25   0.22   0.03      6      6      1   
  0.29   0.09   0.28   0.17      1      1      1   
  0.31   0.36   0.87   0.91      7      7      1   
  0.04   0.10   0.42   0.96     10      9      1   
  0.58   0.56   0.32   0.19      5      5      1   
  0.72   0.13   0.44   0.26      3      3      1   
  0.64   0.31   0.00   0.15      6      6      1   
  0.01   0.11   0.41   1.00     10      9      1   
  0.90   0.76   0.66   0.08      7      7      1   
  0.35   0.10   0.16   0.89     28      9      1   
  0.98   0.09   0.75   0.62      6      6      1   
  0.74   0.16   0.93   0.46      4      4      1   
  0.64   0.79   0.65   0.51      3      3      1   
  0.93   0.95   0.16   0.94      7      7      1   
  0.30   0.07   0.01   0.02      3      3      1   
  0.10   1.00   0.15   0.88      1      1      1   
  0.33   0.04   0.78   0.23      4      4      1   
  0.82   0.95   0.72   0.21      7      7      1   
  0.41   0.36   0.00   0.10      4      4      1   
  0.34   0.87   0.16   0.19     17      7      1   
  0.11   0.36   0.73   0.99      8      8      1   
  0.54   0.85   0.02   0.18      8      8      1   
  0.33   0.47   0.46   0.20      3      3      1   
  0.13   0.83   0.90   0.26      9      9      1   
  0.28   0.95   0.88   0.47      7      7      1   
  0.86   0.67   0.75   0.87      2      2      1   
  0.59   0.68   0.67   0.70      1      1      1   
  0.12   0.43   0.94   0.57      8      7      1   
  0.27   0.22   0.04   0.27      2      2      1   
  0.99   0.03   0.32   0.35      7      7      1   
  0.18   0.09   0.96   0.83      9      9      1   
  0.55   0.58   0.44   0.35      3      3      1   
  0.60   0.51   1.00   0.13      5      5      1   
  0.97   0.96   0.22   0.40      8      8      1   
  0.31   0.42   0.61   0.28      3      3      1   
  0.34   0.07   0.40   0.21      2      2      1   
  0.76   0.14   0.67   0.96      8      8      1   
  0.44   0.78   0.16   0.19      6      6      1   
  0.17   0.14   0.84   0.14      6      6      1   
  0.86   0.55   0.49   0.36      4      4      1   
  0.30   0.19   0.01   0.28      3      3      1   
  0.92   0.84   0.07   0.83      7      7      1   
  0.88   0.34   0.36   0.81      7      6      1   
  0.36   0.51   1.00   0.09      7      7      1   
  0.85   0.27   0.76   0.09      2      2      1   
  0.90   0.22   0.52   0.39      4      4      1   
  0.11   0.84   0.74   0.38      7      7      1   
  0.00   0.57   0.11   0.45      2      2      1   
  0.01   0.47   0.75   0.77      8      8      1   
  0.10   0.91   0.66   0.08     11     10      1   
  0.59   0.21   0.27   0.30      3      3      1   
  0.31   0.43   0.02   0.25      3      3      1   
  0.90   0.89   0.11   0.02     10     10      1   
  0.44   0.69   0.93   0.56      5      5      1   
  0.63   0.08   0.83   0.69      6      6      1   
  0.69   0.69   0.50   0.42      3      3      1   
  0.94   0.93   0.33   0.27      8      8      1   
  0.86   0.38   0.00   0.14      8      8      1   
  0.47   0.02   0.38   0.06      1      1      1   
  0.06   0.10   0.14   0.99     22     10      1   
  0.45   0.24   0.91   0.15      4      4      1   
  0.96   0.01   0.09   0.16      8      8      1   
  0.00   0.15   0.44   0.35      5      5      1   
  0.74   0.87   0.65   0.44      4      4      1   
  0.60   0.45   0.11   0.84     53      7      1   
  0.70   0.68   0.26   0.11      6      6      1   
  0.24   0.48   0.78   0.09      6      6      1   
  0.89   0.95   0.20   0.48      8      8      1   
  0.24   0.18   0.91   0.25      6      6      1   
  0.14   0.53   0.52   0.70      5      5      1   
  0.50   0.87   0.63   0.94      2      2      1   
  0.48   0.50   0.42   0.03      5      5      1   
  0.87   0.91   0.11   0.36      9      9      1   
  0.68   0.56   0.97   0.13      5      5      1   
  0.90   0.48   0.28   0.81      7      7      1   
  0.83   0.30   0.81   0.20      1      1      1   
  0.78   0.84   0.74   0.61      2      2      1   
  0.15   0.29   0.16   0.13      2      2      1   
  0.81   0.20   0.20   0.42      6      6      1   
  0.09   0.25   0.69   0.48      6      6      1   
  0.62   0.95   0.50   0.06      8      8      1   
  0.58   0.13   0.50   0.03      1      1      1   
  0.63   0.65   0.70   0.99      3      3      1   
  0.48   0.15   0.69   0.48      4      4      1   
  0.15   0.12   0.29   0.20      2      2      1   
  0.87   0.68   0.87   0.69      1      1      1   
  0.25   0.40   0.17   0.34      1      1      1   
  1.00   0.13   0.62   0.81      7      7      1   
  0.12   0.27   0.59   0.03      5      5      1   
  0.40   0.20   0.87   0.97      8      8      1   
  0.31   0.79   0.70   0.99      4      4      1   
  0.52   0.18   0.86   0.86      7      7      1   
  0.67   0.15   0.78   0.23      2      2      1   
  0.77   1.00   0.45   0.24      7      7      1   
  0.44   0.26   0.74   0.25      3      3      1   
  0.19   0.99   0.47   0.28      7      7      1   
  0.66   0.88   0.40   0.34      6      6      1   
  0.41   0.78   0.45   0.63      2      2      1   
  0.30   0.39   0.29   0.25      2      2      1   
  0.42   0.46   0.61   0.21      3      3      1   
  0.72   0.99   0.69   0.22      7      7      1   
  0.61   0.21   0.24   0.87      7      7      1   
  0.15   0.94   0.67   0.25      8      8      1   
  0.30   0.35   0.02   0.87     60      8      1   
  0.99   0.29   0.65   0.44      3      3      1   
  0.89   0.95   0.75   0.87      2      2      1   
  0.57   0.16   0.36   0.36      3      3      1   
  0.27   0.28   0.57   0.38      3      3      1   
  0.90   0.22   0.16   0.40      7      7      1   
  0.01   0.80   0.65   0.95      6      6      1   
  0.96   0.90   0.34   0.07      9      9      1   
  0.50   0.90   0.97   0.58      5      5      1   
  0.12   0.43   0.37   0.99      7      7      1   
  0.84   0.76   0.16   0.19      8      8      1   
  0.16   0.40   0.77   0.85      7      7      1   
  0.75   0.87   0.20   0.13      9      9      1   
  0.44   0.53   0.99   0.71      5      5      1   
  0.59   0.71   0.63   0.72      1      1      1   
  0.95   0.12   0.03   0.19      8      8      1   
  0.40   0.23   0.94   0.10      5      5      1   
  0.84   0.34   0.32   0.19      5      5      1   
  0.52   0.95   0.72   0.82      2      2      1   
  0.77   0.98   0.80   0.74      2      2      1   
  0.80   0.13   0.82   0.97      8      8      1   
  0.81   0.79   0.39   0.03      8      8      1   
  0.62   0.10   0.64   0.13      1      1      1   
  1.00   0.87   0.91   0.94      1      1      1   
  0.52   0.39   0.72   0.40      2      2      1   
  0.44   0.35   0.09   0.24      4      4      1   
  0.86   0.69   0.60   0.48      3      3      1   
  0.15   0.44   0.49   0.49      3      3      1   
  0.36   0.80   0.85   0.49      6      6      1   
  0.11   0.12   0.16   0.15      1      1      1   
  0.45   0.92   0.55   0.06      8      8      1   
  0.88   0.70   0.19   0.51      6      6      1   
  0.72   0.99   0.75   0.83      2      2      1   
  0.57   0.90   0.02   0.36      8      8      1   
  0.74   0.33   0.00   0.57      7      7      1   
  0.13   0.25   0.16   0.15      1      1      1   
  0.36   0.81   0.97   0.60      6      6      1   
  0.15   0.12   0.24   0.87      9      9      1   
  0.20   0.81   0.63   0.60      4      4      1   
  0.85   0.38   0.71   0.07      4      4      1   
  0.27   0.04   0.16   0.42      4      4      1   
  0.19   0.03   0.79   0.99     10     10      1   
  0.77   0.98   0.89   0.47      5      5      1   
  0.65   0.24   0.88   0.45      3      3      1   
  0.25   0.40   0.09   0.95     28      7      1   
  0.67   0.04   0.01   0.47      7      7      1   
  0.24   0.18   0.33   0.04      2      2      1   
  0.82   0.87   0.11   0.49      8      8      1   
  0.81   0.17   0.01   0.22      7      7      1   
  0.14   0.18   0.83   0.46      7      7      1   
  0.41   0.41   0.11   0.02      5      5      1   
  0.23   0.48   0.43   0.78      4      4      1   
  0.41   0.41   0.16   0.99      6      6      1   
  0.44   0.66   0.50   0.74      1      1      1   
  0.01   0.22   0.31   0.85      8      8      1   
  0.52   0.95   0.29   0.30      7      7      1   
  0.18   0.56   0.31   0.42      2      2      1   
  0.92   0.84   0.05   0.16     10     10      1   
  0.18   0.84   0.55   0.06      9      9      1   
  0.88   0.70   0.25   0.89      6      6      1   
  0.55   0.23   0.40   0.42      3      3      1   
  0.95   0.94   0.73   0.00      9      9      1   
  0.29   0.85   0.31   0.08     12      8      1   
  0.16   0.27   0.76   0.40      6      6      1   
  0.64   0.60   0.75   0.96      4      4      1   
  0.93   0.24   0.22   0.39      7      7      1   
  0.05   0.26   0.39   0.05      4      4      1   
  0.98   0.16   0.42   0.86      8      8      1   
  0.33   0.35   0.03   0.26      3      3      1   
  0.83   0.94   0.16   0.86      6      6      1   
  0.85   0.94   0.27   0.31      8      8      1   
  0.62   0.26   0.93   0.60      4      4      1   
  0.44   0.53   0.63   0.72      3      3      1   
  0.74   0.34   0.18   0.91      7      7      1   
  0.21   0.46   0.23   0.13      3      3      1   
  0.89   0.64   0.10   1.00      8      8      1   
  0.08   0.88   0.43   0.92      3      3      1   
  0.79   0.04   0.32   0.02      4      4      1   
  0.98   0.66   0.27   0.22      7      7      1   
  0.74   0.52   0.24   0.10      6      6      1   
  0.45   0.24   0.96   0.71      7      7      1   
  0.05   0.01   0.09   0.26      3      3      1   
  0.00   0.29   0.89   0.84     10     10      1   
  0.14   0.55   0.65   0.83      6      6      1   
  0.43   0.33   0.03   0.86     35      8      1   
  0.93   0.71   0.24   0.87      7      7      1   
  0.93   0.56   0.78   0.09      5      5      1   
  0.17   0.38   0.05   0.41      1      1      1   
  0.22   0.55   0.10   0.49      1      1      1   
  0.01   0.80   0.66   0.08     11     11      1   
  0.31   0.43   0.09   0.26      3      3      1   
  0.74   0.25   0.12   0.81     32      9      1   
  0.86   0.86   0.50   0.15      7      7      1   
  0.26   0.25   0.89   0.75      7      7      1   
  0.16   0.15   0.24   0.02      2      2      1   
  0.84   0.56   0.58   0.13      5      5      1   
  0.49   0.59   0.50   0.94      3      3      1   
  0.15   0.12   0.74   0.86      9      9      1   
  0.67   0.70   0.47   0.02      6      6      1   
  0.32   0.19   0.09   0.24      2      2      1   
  0.64   0.49   0.62   0.95      4      4      1   
  0.72   0.35   0.40   0.42      3      3      1   
  0.83   0.47   0.96   0.45      2      2      1   
  0.48   0.23   0.27   0.87      7      6      1   
  0.94   0.65   0.58   0.39      4      4      1   
  0.03   0.39   0.95   0.72      9      9      1   
  0.82   0.95   0.46   0.78      4      4      1   
  0.32   0.89   0.71   0.59      5      5      1   
