  0.41   0.04   0.26   0.02      2      2      1   
  0.58   0.68   0.45   0.62      2      2      1   
  0.56   0.58   0.58   0.46      1      1      1   
  0.11   0.18   0.91   0.74      9      9      1   
  0.89   0.25   0.75   0.12      2      2      1   
  0.88   0.85   0.27   0.25      8      8      1   
  0.39   0.41   0.25   0.05      4      4      1   
  0.23   0.02   0.16   0.03      1      1      1   
  0.58   0.46   0.15   0.98      7      6      1   
  0.41   0.23   0.14   0.56      4      4      1   
  0.78   0.95   0.91   0.25      8      8      1   
  0.88   0.94   0.67   0.52      5      5      1   
  0.68   0.98   0.62   0.29      6      6      1   
  0.18   0.21   0.20   0.11      1      1      1   
  0.47   0.16   0.59   0.98      8      8      1   
  0.33   0.01   0.85   0.05      5      5      1   
  0.43   0.20   0.09   0.81     80      8      1   
  0.87   0.96   0.08   0.26      9      9      1   
  0.48   0.01   0.33   0.39      4      4      1   
  0.69   0.24   0.23   0.10      4      4      1   
  0.49   0.31   0.20   0.02      4      4      1   
  0.44   0.94   0.17   0.21      8      8      1   
  0.58   0.34   0.74   0.21      2      2      1   
  0.22   0.39   0.44   0.94      7      6      1   
  0.26   0.42   0.46   0.14      3      3      1   
  0.68   0.98   0.33   0.22      8      8      1   
  0.91   0.20   0.15   0.02      7      7      1   
  0.57   0.01   0.36   0.83      8      8      1   
  0.04   0.80   0.07   0.99      2      2      1   
  0.58   0.27   0.62   0.02      3      3      1   
  0.86   0.05   0.36   0.39      5      5      1   
  0.36   0.12   0.69   0.46      4      4      1   
  0.21   0.37   0.17   0.23      2      2      1   
  0.84   0.78   0.88   0.94      2      2      1   
  0.02   0.94   0.31   0.23     11     10      1   
  0.89   0.06   0.57   0.85      8      8      1   
  0.52   0.12   0.48   0.01      1      1      1   
  0.54   0.67   0.71   0.93      3      3      1   
  0.31   0.05   0.34   0.03      1      1      1   
  0.61   0.10   0.49   0.23      2      2      1   
  0.38   0.12   0.09   0.81     83      9      1   
  0.14   0.13   0.77   0.88      9      9      1   
  0.89   0.06   0.58   0.93      9      8      1   
  0.52   0.59   0.43   0.30      3      3      1   
  0.17   0.86   0.03   0.32     50      9      1   
  0.87   0.17   0.11   0.16      7      7      1   
  0.64   0.09   0.16   0.24      4      4      1   
  0.39   0.91   0.51   0.95      1      1      1   
  0.25   0.90   0.19   0.44     22      7      1   
  0.27   0.32   0.54   0.52      3      3      1   
  0.60   0.73   0.07   0.99      5      5      1   
  0.13   0.14   0.43   0.33      3      3      1   
  0.23   0.25   0.20   0.20      1      1      1   
  0.45   0.72   0.49   0.50      2      2      1   
  0.57   0.76   0.23   0.10      7      7      1   
  0.27   0.24   0.04   0.80     96     10      1   
  0.21   0.17   0.90   0.17      6      6      1   
  0.37   0.83   0.76   0.93      4      4      1   
  0.30   0.95   0.62   0.29      7      7      1   
  0.82   0.30   0.42   0.86      7      7      1   
  0.58   0.39   0.70   0.48      2      2      1   
  0.24   0.14   0.75   0.17      5      5      1   
  0.28   0.88   0.20   0.10     28      9      1   
  0.88   0.16   0.43   0.20      4      4      1   
  0.87   0.01   0.49   0.10      4      4      1   
  0.57   0.38   0.25   0.90      6      6      1   
  0.01   0.21   0.48   0.01      5      5      1   
  0.08   0.90   0.16   0.95      1      1      1   
  0.49   0.50   0.98   0.31      5      5      1   
  0.64   0.51   0.74   0.94      4      4      1   
  0.73   0.96   0.35   0.26      7      7      1   
  0.08   0.26   0.73   0.96      8      8      1   
  0.62   0.36   0.58   0.34      1      1      1   
  0.67   0.01   0.52   0.89      8      8      1   
  0.32   0.25   0.65   0.13      3      3      1   
  0.19   0.41   0.51   0.55      3      3      1   
  0.20   0.25   0.45   0.04      3      3      1   
  0.69   0.94   0.23   0.25      7      7      1   
  0.08   0.28   0.10   0.09      2      2      1   
  0.86   0.10   0.71   0.93      8      8      1   
  0.74   0.21   0.05   0.24      6      6      1   
  0.74   0.94   0.25   0.10      9      9      1   
  0.34   0.98   0.16   0.45     27      7      1   
  0.84   0.89   0.28   0.33      7      7      1   
  0.88   0.94   0.61   0.90      3      3      1   
  0.28   0.37   0.07   0.87     84      8      1   
  0.96   0.96   0.06   0.04     11     11      1   
  0.58   0.28   0.81   0.85      6      6      1   
  0.55   0.03   0.89   0.79      8      8      1   
  0.98   0.31   0.19   0.90     10     10      1   
  0.06   0.99   0.25   0.05     17     11      1   
  0.25   0.48   0.69   0.17      5      5      1   
  0.91   0.95   0.08   0.27     10      9      1   
  0.23   0.31   0.30   0.56      3      3      1   
  0.57   0.20   0.66   0.11      1      1      1   
  0.03   0.95   0.71   0.91      6      6      1   
  0.37   0.18   0.84   0.03      5      5      1   
  0.77   0.29   0.54   0.11      3      3      1   
  0.45   0.04   0.17   0.92     32     10      1   
  0.41   0.44   0.20   0.25      3      3      1   
  0.63   0.99   0.46   0.76      3      3      1   
  0.37   0.34   0.29   0.12      2      2      1   
  0.10   0.18   0.14   0.23      1      1      1   
  0.56   0.19   0.61   0.10      1      1      1   
  0.66   0.58   0.36   0.12      5      5      1   
  0.20   0.32   0.68   0.66      5      5      1   
  0.92   0.77   0.16   0.98      7      7      1   
  0.62   0.02   0.06   0.90     70     10      1   
  0.16   0.45   0.18   0.97     24      8      1   
  0.38   0.91   0.75   0.12      7      7      1   
  0.73   0.83   0.95   0.25      8      7      1   
  0.20   0.80   0.26   0.49     13      6      1   
  0.19   0.01   0.09   0.83     75     11      1   
  0.50   0.23   0.65   0.46      3      3      1   
  0.04   0.44   0.28   0.24      3      3      1   
  0.12   0.18   0.26   0.25      2      2      1   
  0.14   0.46   0.39   0.36      3      3      1   
  0.61   0.90   0.78   1.00      2      2      1   
  0.64   0.31   0.68   0.97      6      6      1   
  0.91   0.24   0.08   0.11      7      7      1   
  0.04   0.44   0.32   0.27      3      3      1   
  0.04   0.12   0.01   0.94     79     11      1   
  0.04   0.44   0.86   0.89      9      9      1   
  0.69   0.38   0.39   0.41      3      3      1   
  0.13   0.11   0.05   0.95     78     11      1   
  0.17   0.50   0.83   0.92      8      8      1   
  0.17   0.50   0.05   0.34      2      2      1   
  0.13   0.83   0.59   0.18      9      9      1   
  0.91   0.01   0.65   0.08      3      3      1   
  0.49   0.10   0.62   0.29      2      2      1   
  0.14   0.56   0.17   0.03      5      5      1   
  0.85   0.26   0.17   0.98      9      9      1   
  0.44   0.08   0.37   0.83      8      7      1   
  0.49   0.31   0.69   0.95      6      6      1   
  0.25   0.05   0.20   0.36      3      3      1   
  0.04   0.95   0.22   0.48     14      9      1   
  0.48   0.01   0.41   0.04      1      1      1   
  0.50   0.36   0.74   0.94      6      6      1   
  0.33   0.23   0.07   0.02      3      3      1   
  0.24   0.49   0.52   0.12      4      4      1   
  0.36   0.05   0.81   0.89      9      9      1   
  0.65   0.13   0.23   0.46      5      5      1   
  0.38   0.51   0.21   0.90     21      5      1   
  0.63   0.81   0.80   0.81      2      2      1   
  0.38   0.19   0.22   0.56      4      4      1   
  0.74   0.98   0.52   0.15      8      8      1   
  0.68   0.76   0.07   0.99      6      6      1   
  0.68   0.15   0.05   0.79     94      9      1   
  0.30   0.35   0.28   0.88     10      7      1   
  0.14   0.06   0.45   0.28      3      3      1   
  0.27   0.24   0.68   0.66      5      5      1   
  0.74   0.21   0.21   0.17      5      5      1   
  0.66   0.40   0.59   0.27      2      2      1   
  0.68   0.15   0.33   0.27      4      4      1   
  0.15   0.51   0.57   0.56      4      4      1   
  0.27   0.25   0.27   0.89     11      8      1   
  0.44   0.99   0.99   0.12     10     10      1   
  0.89   0.29   0.62   0.02      4      4      1   
  0.88   0.89   0.68   0.34      6      6      1   
  0.78   0.09   0.18   0.37      6      6      1   
  0.93   0.06   0.41   1.00     10     10      1   
  0.65   0.18   0.41   0.23      3      3      1   
  0.16   0.98   0.58   0.34      7      7      1   
  0.36   0.05   0.02   0.30      4      4      1   
  0.95   0.31   0.98   0.95     14      9      1   
  0.01   0.08   0.45   0.04      4      4      1   
  0.14   0.13   0.36   0.47      4      4      1   
  0.51   0.22   0.13   0.09      4      4      1   
  0.69   0.27   0.88   0.95      7      7      1   
  0.25   0.10   0.42   0.32      3      3      1   
  0.38   0.51   0.94   0.22      6      6      1   
  0.30   0.39   0.65   0.08      4      4      1   
  0.11   0.18   0.61   0.10      5      5      1   
  0.03   0.89   0.96   0.22     11     11      1   
  0.91   0.81   0.88   0.24      8      8      1   
  0.44   0.07   0.34   0.52      4      4      1   
  0.38   0.19   0.17   0.03      3      3      1   
  0.01   0.99   0.18   0.19     16     10      1   
  0.37   0.04   0.01   0.21      4      4      1   
  0.03   0.40   0.58   0.46      5      5      1   
  0.43   0.03   0.98   0.95     10     10      1   
  0.13   0.27   0.99   0.97     10     10      1   
  0.57   0.38   0.58   0.93      5      5      1   
  0.48   0.37   0.25   0.05      4      4      1   
  0.26   0.07   0.45   0.09      2      2      1   
  0.94   0.02   0.80   0.05      2      2      1   
  0.64   0.71   0.23   0.36      5      5      1   
  0.36   0.54   0.06   0.12      5      5      1   
  0.49   0.56   0.02   0.94     79      6      1   
  0.08   0.26   0.20   0.51      3      3      1   
  0.98   0.95   0.12   0.13     11     10      1   
  0.86   0.32   0.20   0.13      6      6      1   
  0.92   0.77   0.05   0.95      8      8      1   
  0.15   0.84   0.38   0.91      2      2      1   
  0.02   0.18   0.17   0.98     28     10      1   
  0.31   0.50   0.58   0.60      3      3      1   
  0.70   0.66   0.09   0.08      7      7      1   
  0.24   0.94   0.63   0.81      4      4      1   
  0.27   0.25   0.09   0.81     72      9      1   
  0.16   0.86   0.67   0.82      5      5      1   
  0.33   0.38   0.03   0.02      4      4      1   
  0.05   0.46   0.13   0.05      4      4      1   
  0.23   0.85   0.11   0.54     50      7      1   
  0.25   0.05   0.75   0.03      4      4      1   
  0.09   0.16   0.58   0.18      4      4      1   
  0.91   0.01   0.74   0.08      2      2      1   
  0.81   0.00   0.85   0.05      1      1      1   
  0.66   0.46   0.68   0.26      2      2      1   
  0.51   0.55   0.14   0.52      4      4      1   
  0.05   0.95   0.92   0.83      8      8      1   
  0.28   0.33   0.34   0.14      2      2      1   
  0.27   0.25   0.30   0.41      2      2      1   
  0.12   0.11   0.10   0.18      1      1      1   
  0.21   0.53   0.87   0.96      8      8      1   
  0.13   0.86   0.09   0.08     24     10      1   
  0.55   0.49   0.13   0.24      4      4      1   
  0.02   0.14   0.17   0.98     30     10      1   
  0.30   0.56   0.28   0.24      3      3      1   
  0.17   0.98   0.03   0.02     28     11      1   
  0.30   0.05   0.06   0.39      4      4      1   
  0.34   0.03   0.09   0.21      3      3      1   
  0.57   0.99   0.32   0.20      8      8      1   
  0.06   0.36   0.09   0.21      2      2      1   
  0.88   0.16   0.45   0.72      7      7      1   
  0.16   0.37   0.63   0.90      7      7      1   
  0.93   0.08   0.34   0.52      7      7      1   
  0.01   0.04   0.14   0.30      3      3      1   
  0.05   0.05   0.03   0.40      4      4      1   
  0.92   0.77   0.95   0.94      2      2      1   
  0.89   0.79   0.24   0.94      6      6      1   
  0.64   0.21   0.53   0.32      2      2      1   
  0.41   0.30   0.03   0.95     73      9      1   
  0.03   0.95   0.06   0.23     27     11      1   
  0.01   0.31   0.58   0.60      6      6      1   
  0.06   0.39   0.25   0.07      3      3      1   
  0.41   0.30   0.25   0.26      2      2      1   
  0.49   0.83   0.25   0.53      4      4      1   
  0.69   0.24   0.47   0.16      2      2      1   
  0.85   0.26   0.32   0.35      5      5      1   
  0.98   0.27   0.27   0.25      6      6      1   
  0.52   0.73   0.38   0.27      4      4      1   
  0.54   0.10   0.29   0.21      3      3      1   
  0.81   0.85   0.26   0.49      6      6      1   
  0.96   0.96   0.44   0.36      7      7      1   
  0.61   0.90   0.65   0.60      3      3      1   
  0.57   0.56   0.18   0.38      4      4      1   
  0.64   0.21   0.24   0.23      4      4      1   
  0.37   0.47   0.21   0.97     13      6      1   
  0.49   0.95   0.17   0.49      6      6      1   
  0.58   0.57   0.36   0.12      5      5      1   
  0.05   0.31   0.52   0.48      5      5      1   
  0.51   0.55   0.03   0.47      4      4      1   
  0.24   0.94   0.18   0.24     17      8      1   
  0.33   0.22   0.20   0.96     26      9      1   
  0.18   0.11   0.49   0.79      7      7      1   
  0.54   0.31   0.36   0.46      2      2      1   
  0.16   0.52   0.87   0.96      8      8      1   
  0.72   0.23   0.10   0.45      6      6      1   
  0.19   0.90   0.58   0.39      7      6      1   
  0.65   0.91   0.16   0.86      4      4      1   
  0.15   0.02   0.31   0.55      5      5      1   
  0.30   0.40   0.81   0.89      7      7      1   
  0.66   0.58   0.27   0.22      5      5      1   
  0.08   0.44   0.13   0.38      1      1      1   
  0.49   0.71   0.18   0.11      6      6      1   
  0.93   0.83   0.16   0.86      7      7      1   
  0.36   0.82   0.18   0.89      2      2      1   
  0.92   0.26   0.01   0.94     94     11      1   
  0.86   0.93   0.30   0.33      7      7      1   
  0.87   0.01   0.38   0.51      6      6      1   
  0.57   0.76   0.26   0.42      4      4      1   
  0.34   0.98   0.27   0.24     14      8      1   
  0.70   0.77   0.25   0.07      8      7      1   
  0.06   0.23   0.08   1.00     68     11      1   
  0.98   0.31   0.68   0.34      3      3      1   
  0.35   0.89   0.53   0.17      7      7      1   
  0.43   0.92   0.69   0.45      5      5      1   
  0.31   0.83   0.14   0.24     20      7      1   
  0.90   0.75   0.68   0.66      3      3      1   
  0.75   0.24   0.13   0.04      6      6      1   
  0.26   0.32   0.80   0.05      5      5      1   
  0.01   0.31   0.45   0.85      8      7      1   
  0.19   0.11   0.03   0.84     98     11      1   
  0.21   0.29   0.78   0.21      5      5      1   
  0.69   0.86   0.52   0.15      6      6      1   
  0.18   0.12   0.49   0.54      5      5      1   
  0.09   0.83   0.80   0.82      7      7      1   
  0.92   0.77   0.13   0.11      9      9      1   
  0.71   0.31   0.03   0.24      6      6      1   
  0.55   0.19   0.58   0.93      7      7      1   
  0.35   0.20   0.21   0.01      3      3      1   
  0.05   0.29   0.61   0.10      5      5      1   
  0.28   0.45   0.16   0.86     53      6      1   
  0.16   0.17   0.08   0.04      2      2      1   
  0.69   0.97   0.63   0.99      1      1      1   
  0.02   0.02   0.59   0.06      5      5      1   
  0.11   0.18   0.68   0.97      9      9      1   
  0.34   0.98   0.74   0.94      4      4      1   
  0.39   0.05   0.14   0.06      3      3      1   
  0.89   0.79   0.16   0.85      7      7      1   
  0.94   0.22   0.87   0.01      2      2      1   
  0.69   0.38   0.20   0.51      5      5      1   
  0.81   0.91   0.94   0.13     13      8      1   
  0.41   0.30   0.00   0.91     91      9      1   
  0.20   0.20   0.92   0.97      9      9      1   
  0.81   0.89   0.16   0.17      9      9      1   
  0.17   0.02   0.09   0.34      3      3      1   
  0.86   0.12   0.56   0.58      5      5      1   
  0.23   0.02   0.46   0.88      8      8      1   
  0.01   0.42   0.04   0.35      1      1      1   
  0.25   0.05   0.21   0.97     19     10      1   
  0.91   0.24   0.30   0.40      6      6      1   
  0.51   0.22   0.17   0.57      4      4      1   
  0.29   0.21   0.33   0.39      2      2      1   
  0.97   0.30   0.94   0.19      1      1      1   
  0.69   0.45   0.05   0.53      6      6      1   
  0.28   0.22   0.02   0.39      3      3      1   
  0.51   0.95   0.65   0.08      8      8      1   
  0.15   0.85   0.89   0.89      7      7      1   
  0.74   0.08   0.09   0.52      7      7      1   
  0.09   0.21   0.70   0.19      5      5      1   
  0.24   0.23   0.65   0.18      4      4      1   
  0.29   0.07   0.11   0.40      4      4      1   
  0.58   0.65   0.04   0.12      7      7      1   
  0.88   0.19   0.46   0.88      8      8      1   
  0.01   0.08   0.94   0.79     11     11      1   
  0.47   0.08   0.16   0.98     28      9      1   
  0.92   0.26   0.33   0.38      6      6      1   
  0.34   0.08   0.54   0.31      3      3      1   
  0.68   0.76   0.25   0.78      4      4      1   
  0.77   0.13   0.02   0.30      7      7      1   
  0.25   0.10   0.07   0.99     67     11      1   
  0.44   0.20   0.78   0.21      3      3      1   
  0.37   0.19   0.20   0.30      2      2      1   
  0.44   0.12   0.40   0.80      6      6      1   
  0.31   0.55   0.24   0.49      1      1      1   
  0.23   0.02   0.03   0.40      4      4      1   
  0.52   0.73   0.07   0.99      5      5      1   
  0.87   0.23   0.37   0.83      7      7      1   
  0.01   0.16   0.24   0.04      2      2      1   
  0.40   0.32   0.05   0.95     75      9      1   
  0.12   0.11   0.12   0.16      1      1      1   
  0.13   0.54   0.06   0.33      2      2      1   
  0.98   0.27   0.02   0.39      9      9      1   
  0.20   0.47   0.30   0.05      4      4      1   
  0.44   0.07   0.57   0.20      2      2      1   
  0.49   0.56   0.49   0.62      1      1      1   
  0.60   0.70   0.64   0.63      1      1      1   
  0.01   0.16   0.65   0.44      6      6      1   
  0.27   0.29   0.78   0.77      6      6      1   
  0.91   0.22   0.01   0.21      8      8      1   
  0.67   0.01   0.44   0.99      9      9      1   
  0.36   0.46   0.67   0.38      3      3      1   
  0.24   0.14   0.65   0.91      8      8      1   
  0.28   0.25   0.95   0.12      7      6      1   
  0.37   0.19   0.44   0.99      8      8      1   
  0.09   0.81   0.51   0.97      5      4      1   
  0.44   0.38   0.41   1.00      6      6      1   
  0.64   0.71   0.38   0.16      6      6      1   
  0.16   0.18   0.05   0.05      2      2      1   
  0.93   0.08   0.20   0.51      8      8      1   
  0.82   0.13   0.13   0.11      6      6      1   
  0.49   0.31   0.45   0.04      3      3      1   
  0.69   0.95   0.47   0.28      6      6      1   
  0.41   0.82   0.48   0.60      2      2      1   
  0.49   0.10   0.36   0.42      3      3      1   
  0.69   0.46   0.28   0.45      4      4      1   
  0.52   0.67   0.69   0.46      3      3      1   
  0.13   0.14   0.55   0.49      5      5      1   
  0.05   0.24   0.45   0.09      4      4      1   
  0.05   0.05   0.91   0.20      8      8      1   
  0.34   0.82   0.91   0.22      8      8      1   
  0.74   0.06   0.38   0.51      5      5      1   
  0.95   0.31   0.08   0.44      8      8      1   
  0.58   0.34   0.57   0.00      3      3      1   
  0.43   0.33   0.13   0.27      3      3      1   
  0.24   0.10   0.33   0.07      1      1      1   
  0.38   0.19   0.71   0.30      3      3      1   
  0.03   0.81   0.98   0.31     12     11      1   
  0.14   0.86   0.50   0.68      4      4      1   
  0.49   0.43   0.51   0.56      1      1      1   
  0.62   0.07   0.87   0.23      3      3      1   
  0.45   0.10   0.13   0.04      3      3      1   
  0.96   0.83   0.31   0.83      6      6      1   
  0.35   0.20   0.28   0.09      2      2      1   
  0.12   0.13   0.08   0.04      1      1      1   
  0.34   0.98   0.12   0.18     42      9      1   
  0.26   0.02   0.24   0.31      3      3      1   
  0.06   0.90   0.14   0.13     17     10      1   
  0.36   0.05   0.29   0.86     12      8      1   
  0.18   0.38   0.26   0.36      1      1      1   
  0.65   0.44   0.44   0.20      3      3      1   
  0.13   0.04   0.56   0.60      6      6      1   
  0.06   0.33   0.18   0.97     34      9      1   
  0.97   0.82   0.91   0.94      1      1      1   
  0.34   0.22   0.14   0.02      3      3      1   
  0.58   0.57   0.51   0.22      4      4      1   
  0.64   0.51   0.37   0.99      5      5      1   
  0.08   0.44   0.30   0.39      2      2      1   
  0.46   0.14   1.00   0.03      5      5      1   
  0.66   0.58   0.41   0.84      3      3      1   
  0.18   0.38   0.39   0.41      2      2      1   
  0.94   0.79   0.99   0.97      2      2      1   
  0.20   0.36   0.16   0.52      2      2      1   
  0.57   0.00   0.27   0.24      4      4      1   
  0.17   0.34   0.04   0.80     91      9      1   
  0.65   0.01   0.13   0.31      5      5      1   
  0.09   0.83   0.75   0.03     11     10      1   
  0.03   0.89   0.35   0.94      3      3      1   
  0.03   0.32   0.67   0.32      6      6      1   
  0.31   0.05   0.66   0.81      7      7      1   
  0.82   0.30   0.37   0.18      4      4      1   
  0.83   0.06   0.44   0.99      9      9      1   
  0.19   0.90   0.10   0.09     25      9      1   
  0.08   0.82   0.41   0.23      9      8      1   
  0.39   0.41   0.96   0.22      5      5      1   
  0.96   0.05   0.54   0.67      7      7      1   
  0.98   0.95   0.30   0.39      8      8      1   
  0.63   0.80   0.37   0.04      7      7      1   
  0.75   0.80   0.24   0.49      6      6      1   
  0.63   0.27   0.64   0.94      6      6      1   
  0.18   0.14   0.31   0.50      3      3      1   
  0.53   0.32   0.78   0.20      3      3      1   
  0.62   0.09   0.86   0.05      2      2      1   
  0.91   0.31   0.79   0.77      8      7      1   
  0.01   0.94   0.23   0.97      3      3      1   
  0.63   0.90   0.49   0.83      2      2      1   
  0.65   0.08   0.34   0.14      3      3      1   
  0.51   0.22   0.34   0.08      2      2      1   
  0.19   0.87   0.56   0.26      8      7      1   
  0.41   0.82   0.41   0.30      5      5      1   
  0.97   0.05   0.50   0.08      4      4      1   
  0.19   0.78   0.59   0.18      9      8      1   
  0.39   0.41   0.01   0.16      4      4      1   
  0.14   1.00   0.91   0.24     10     10      1   
  0.47   0.81   0.41   0.19      6      6      1   
  0.62   0.48   0.17   0.34      4      4      1   
  0.79   0.18   0.87   0.96     13      8      1   
  0.29   0.26   0.52   0.73      5      5      1   
  0.16   0.49   0.12   0.21      3      3      1   
  0.60   0.31   0.69   0.45      2      2      1   
  0.63   0.80   0.64   0.09      6      6      1   
  0.30   0.56   0.80   0.05      7      6      1   
  0.43   0.94   0.26   0.49     14      5      1   
  0.44   0.85   0.22   0.39      6      6      1   
  0.22   0.56   0.17   0.34      2      2      1   
  0.20   0.36   0.64   0.21      4      4      1   
  0.57   0.85   0.06   0.23      7      7      1   
  0.40   0.09   0.20   0.35      3      3      1   
  0.08   0.27   0.13   0.14      2      2      1   
  0.93   0.83   0.99   0.97      2      2      1   
  0.37   0.47   0.73   0.96      5      5      1   
  0.99   0.76   0.88   0.83      2      2      1   
  0.61   0.90   0.87   0.01      9      9      1   
  0.40   0.03   0.12   0.24      3      3      1   
  0.03   0.24   0.18   0.91     25      9      1   
  0.54   0.10   0.80   0.82      7      7      1   
  0.28   0.45   0.30   0.03      4      4      1   
  0.18   0.89   0.18   0.37     13      7      1   
  0.06   0.96   0.50   0.03     12     11      1   
  0.15   0.51   0.57   0.76      5      5      1   
  0.94   0.13   0.45   0.28      5      5      1   
  0.98   0.95   0.75   0.80      3      3      1   
  0.19   0.13   0.46   0.56      5      5      1   
  0.61   0.10   0.49   0.54      4      4      1   
  0.28   0.24   0.50   0.69      5      5      1   
  0.08   0.11   0.49   0.20      4      4      1   
  0.77   0.88   1.00   0.03     14      9      1   
  0.07   0.99   0.20   0.11     17     11      1   
  0.58   0.34   0.78   0.09      3      3      1   
  0.23   0.11   0.23   0.31      2      2      1   
  0.49   0.84   0.24   0.50      5      5      1   
  0.43   0.94   0.28   0.88      2      2      1   
  0.93   0.94   0.53   0.75      4      4      1   
  0.52   0.73   0.28   0.45      3      3      1   
  0.20   0.38   0.53   0.18      4      4      1   
  0.87   0.25   0.66   0.47      3      3      1   
  0.33   0.32   0.35   0.20      1      1      1   
  0.03   0.90   0.10   0.03     24     12      1   
  0.96   0.75   0.60   0.68      4      4      1   
  0.80   0.87   0.03   0.24      9      9      1   
  0.43   0.33   0.57   0.00      3      3      1   
  0.78   0.20   0.45   0.72      6      6      1   
  0.90   0.01   0.17   0.02      7      7      1   
  0.58   0.57   0.57   0.56      1      1      1   
  0.79   0.31   0.88   0.14      2      2      1   
  0.38   0.37   0.07   0.44      3      3      1   
  0.60   0.68   0.20   0.29      5      5      1   
  0.63   0.80   0.14   0.86      5      5      1   
  0.51   0.97   0.44   0.12      8      8      1   
  0.73   0.90   0.34   0.98      4      4      1   
  0.29   0.18   0.89   0.29      6      6      1   
  0.21   0.90   0.54   0.10     12      8      1   
  0.13   0.27   0.43   0.12      3      3      1   
  0.12   0.18   0.74   0.75      7      7      1   
  0.40   0.03   0.01   0.56      6      6      1   
  0.03   0.32   0.53   0.26      5      5      1   
  0.58   0.79   0.57   0.00      7      7      1   
  0.92   0.97   0.41   0.22      8      8      1   
  0.13   0.86   0.47   0.08     10      9      1   
  0.36   0.00   0.65   0.44      5      5      1   
  0.36   0.82   0.56   0.78      2      2      1   
  0.25   0.10   0.18   0.29      2      2      1   
  0.13   0.54   0.39   0.91      8      6      1   
  0.58   0.09   0.13   0.14      4      4      1   
  0.90   0.01   0.33   0.23      6      6      1   
  0.74   0.21   0.34   0.88      7      7      1   
  0.30   0.56   0.43   0.69      3      3      1   
  0.13   0.83   0.27   0.22     14      9      1   
  0.92   0.83   0.37   0.04      9      9      1   
  0.13   0.05   0.30   0.40      4      4      1   
  0.43   0.21   0.65   0.47      3      3      1   
  0.57   0.99   0.34   0.91      2      2      1   
  0.41   0.84   0.11   0.16      7      7      1   
  0.92   0.77   0.68   0.08      9      8      1   
  0.32   0.27   0.42   0.86      6      6      1   
  0.59   0.18   0.17   0.27      4      4      1   
  0.69   0.38   0.23   0.36      4      4      1   
  0.01   0.44   0.46   0.10      5      5      1   
  0.62   0.36   0.57   0.82      4      4      1   
  0.81   0.00   0.51   0.56      6      6      1   
  0.17   0.34   0.01   0.16      2      2      1   
  0.50   0.68   0.76   0.93      4      4      1   
  0.10   0.27   0.37   0.04      3      3      1   
  0.06   0.39   0.65   0.18      6      6      1   
  0.18   0.38   0.10   0.79     79      8      1   
  0.12   0.24   0.16   0.54      3      3      1   
  0.15   0.46   0.69   0.06      6      6      1   
  0.44   0.81   0.68   0.66      3      3      1   
  0.91   0.74   0.03   0.02     10     10      1   
  0.76   0.05   0.08   0.26      6      6      1   
  0.63   0.99   0.86   0.32      8      8      1   
  0.33   0.27   0.11   0.40      3      3      1   
  0.25   0.12   0.02   0.30      3      3      1   
  0.21   0.90   0.02   0.30     54      9      1   
  0.56   0.19   0.13   0.14      4      4      1   
  0.15   0.84   0.60   0.31      8      8      1   
  0.05   0.31   0.41   0.44      4      4      1   
  0.13   0.86   0.59   0.40      7      7      1   
  0.23   0.02   0.26   0.16      2      2      1   
  0.19   0.06   0.16   0.31      2      2      1   
  0.19   0.44   0.70   0.78      6      6      1   
  0.27   0.22   0.70   0.81      7      7      1   
  0.56   0.12   0.52   0.73      6      6      1   
  0.62   0.29   0.55   0.08      2      2      1   
  0.11   0.18   0.59   0.37      5      5      1   
  0.17   0.19   0.03   0.47      3      3      1   
  0.46   0.14   0.49   0.43      3      3      1   
  0.24   0.23   0.15   0.86     62      9      1   
  0.02   0.94   0.91   0.22     11     11      1   
  0.36   0.37   0.03   0.40      3      3      1   
  0.51   0.22   0.32   0.27      2      2      1   
  0.06   0.39   0.69   0.11      6      6      1   
  0.58   0.67   0.18   0.97      5      5      1   
  0.58   0.18   0.20   0.20      4      4      1   
  0.05   0.34   0.70   0.75      7      7      1   
  0.88   0.85   0.01   0.40      9      9      1   
  0.73   0.83   1.00   0.97      3      3      1   
  0.22   0.48   0.44   0.81      5      5      1   
  0.93   0.06   0.01   0.82     94     12      1   
  0.59   0.74   0.02   0.35      7      7      1   
  0.18   0.38   0.45   0.38      3      3      1   
  0.79   0.18   0.05   0.05      7      7      1   
  0.91   0.20   0.85   0.05      2      2      1   
  0.07   0.48   0.49   0.83      6      6      1   
  0.17   0.02   0.38   0.44      4      4      1   
  0.84   0.78   0.94   0.19     12      8      1   
  0.13   0.17   0.44   0.38      3      3      1   
  0.19   0.13   0.64   0.22      4      4      1   
  0.91   0.95   0.36   0.47      7      7      1   
  0.69   0.24   0.67   0.38      2      2      1   
  0.86   0.89   0.80   0.87      1      1      1   
  0.12   0.11   0.27   0.24      2      2      1   
  0.02   0.18   0.87   0.25      8      8      1   
  0.13   0.11   0.68   0.10      5      5      1   
  0.54   0.67   0.13   0.27      5      5      1   
  0.45   0.85   0.27   0.89      2      2      1   
  0.67   0.52   0.05   0.24      6      6      1   
  0.02   0.18   0.58   0.39      5      5      1   
  0.80   0.05   0.44   0.99      9      9      1   
  0.07   0.99   0.68   0.31     10      9      1   
  0.14   0.52   0.19   0.41      1      1      1   
  0.16   0.86   0.41   0.19      9      8      1   
  0.24   0.50   0.94   0.79      7      7      1   
  0.45   0.16   0.51   0.80      6      6      1   
  0.65   0.44   0.22   0.19      5      5      1   
  0.71   0.31   0.25   0.12      5      5      1   
  0.33   0.07   0.04   0.89     82     10      1   
  0.48   0.97   0.49   0.71      3      3      1   
  0.46   0.80   0.50   0.79      1      1      1   
  0.03   0.81   0.34   0.03     12     11      1   
  0.68   0.31   0.84   0.03      3      3      1   
  0.16   0.37   0.40   0.03      4      4      1   
  0.17   0.07   0.83   0.92     10      9      1   
  0.38   0.24   0.13   0.83     67      8      1   
  0.76   0.05   0.55   0.03      2      2      1   
  0.31   0.05   0.60   0.73      6      6      1   
  0.57   0.56   0.04   0.80      7      6      1   
  0.35   0.54   0.10   0.03      5      5      1   
  0.37   0.40   0.95   0.94      7      7      1   
  0.70   0.48   0.38   0.51      3      3      1   
  0.38   0.91   0.52   0.15      7      7      1   
  0.63   0.90   0.50   0.79      2      2      1   
  0.08   0.27   0.74   0.94      8      8      1   
  0.86   0.78   0.39   0.36      6      6      1   
  0.49   0.28   0.42   0.32      1      1      1   
  0.65   0.01   0.65   0.46      4      4      1   
  0.42   0.18   0.31   0.32      2      2      1   
  0.13   0.14   0.43   0.50      4      4      1   
  0.72   0.28   0.52   0.67      4      4      1   
  0.00   0.27   0.45   0.38      4      4      1   
  0.60   0.68   0.97   0.05      7      7      1   
  0.13   0.83   0.44   0.31      9      8      1   
  0.29   0.18   0.13   0.54      4      4      1   
  0.25   0.92   0.86   0.32      9      8      1   
  0.76   0.19   0.93   0.83      8      8      1   
  0.57   0.38   0.25   0.53      3      3      1   
  0.24   0.23   0.75   0.13      5      5      1   
  0.95   0.27   0.51   0.55      6      5      1   
  0.47   0.08   0.62   0.34      3      3      1   
  0.51   0.56   0.13   0.11      5      5      1   
  0.70   0.28   0.67   0.30      1      1      1   
  0.79   0.77   0.13   0.54      7      7      1   
  0.48   0.77   0.98   0.10      8      8      1   
  0.18   0.37   0.51   0.77      6      5      1   
  0.13   0.09   0.51   0.77      7      7      1   
  0.65   0.28   0.29   0.18      4      4      1   
  0.16   0.49   0.07   0.99     49      9      1   
  0.24   0.49   0.23   0.23      2      2      1   
  0.65   0.91   0.69   0.24      6      6      1   
  0.45   0.38   0.01   0.31      4      4      1   
  0.92   0.77   0.46   0.80      4      4      1   
  0.78   0.20   0.14   0.86      9      9      1   
  0.08   0.82   0.27   0.89      2      2      1   
  0.21   0.01   0.55   0.74      7      7      1   
  0.27   0.22   0.23   0.98     14      8      1   
  0.84   0.03   0.51   0.56      6      6      1   
  0.60   0.70   0.50   0.50      2      2      1   
  0.68   0.98   0.66   0.47      5      5      1   
  0.29   0.18   0.43   0.30      2      2      1   
  0.08   0.04   0.19   0.87     27     10      1   
  0.86   0.89   0.15   0.82      6      6      1   
  0.53   0.26   0.39   0.26      2      2      1   
  0.28   0.06   0.14   0.52      4      4      1   
  0.00   0.39   0.08   0.24      2      2      1   
  0.17   0.03   0.52   0.15      4      4      1   
  0.06   0.90   0.28   0.37     14      8      1   
  0.34   0.02   0.80   0.25      5      5      1   
  0.06   0.90   0.28   0.55     12      7      1   
  0.70   0.66   0.69   0.95      3      3      1   
  0.16   0.98   0.03   0.84      2      2      1   
  0.25   0.95   0.36   0.82      2      2      1   
  0.18   0.11   0.68   0.04      5      5      1   
  0.30   0.41   0.89   0.06      6      6      1   
  0.20   0.20   0.44   0.94     12      7      1   
  0.49   0.20   0.58   0.62      4      4      1   
  0.66   0.72   0.28   0.17      6      6      1   
  0.88   0.29   0.02   0.30      8      8      1   
  0.87   0.17   0.20   0.51      7      7      1   
  0.90   0.17   0.85   0.26      1      1      1   
  0.44   0.38   0.30   0.53      2      2      1   
  0.92   0.26   0.06   0.23      8      8      1   
  0.13   0.29   0.24   0.79     19      8      1   
  0.14   0.56   0.12   0.18      4      4      1   
  0.75   0.17   0.13   0.05      6      6      1   
  0.33   0.23   0.04   0.89     75      9      1   
  0.45   0.10   0.14   0.10      3      3      1   
  0.16   0.17   0.91   0.95      9      9      1   
  0.68   0.37   0.13   0.86      7      7      1   
  0.49   0.68   0.41   0.44      3      3      1   
  0.17   0.86   0.65   0.44      7      6      1   
  0.11   0.50   0.43   0.92      7      6      1   
  0.91   0.81   0.38   0.51      6      6      1   
  0.41   0.23   0.94   0.19      5      5      1   
  0.56   0.56   0.35   0.26      4      4      1   
  0.57   0.05   0.30   0.05      3      3      1   
  0.58   0.18   0.08   0.44      5      5      1   
  0.13   0.54   0.17   0.19      4      3      1   
  0.73   0.83   0.09   0.08      8      8      1   
  0.99   0.12   0.16   0.31      7      7      1   
  0.10   0.79   0.14   0.06     15     10      1   
  0.01   0.40   0.98   0.10      9      9      1   
  0.01   0.33   0.71   0.91      9      8      1   
  0.26   0.42   0.35   0.08      3      3      1   
  0.64   0.09   0.65   0.64      5      5      1   
  0.34   0.22   0.34   0.52      3      3      1   
  0.79   0.98   0.41   1.00      4      4      1   
  0.01   0.32   0.22   0.91     21      9      1   
  0.18   0.29   0.93   0.26      7      7      1   
  0.61   0.91   0.21   0.17      8      7      1   
  0.51   0.16   0.53   0.75      6      5      1   
  0.91   0.94   0.51   0.95      4      4      1   
  0.17   0.46   0.97   0.82      8      8      1   
  0.67   0.44   0.12   0.23      5      5      1   
  0.53   0.26   0.37   0.40      2      2      1   
  0.36   0.46   0.29   0.26      2      2      1   
  0.51   0.80   0.64   0.09      6      6      1   
  0.85   0.18   0.01   0.50      8      8      1   
  0.63   0.27   0.68   0.76      4      4      1   
  0.25   0.12   0.81   0.76      8      8      1   
  0.15   0.86   0.15   0.03     22     11      1   
  0.71   0.03   0.01   0.82     95     11      1   
  0.65   0.08   0.68   0.08      1      1      1   
  0.94   0.19   0.69   0.86      8      7      1   
  0.46   0.14   0.69   0.40      3      3      1   
  0.84   0.02   0.06   0.39      8      8      1   
  0.75   0.12   0.01   0.50      8      7      1   
  0.88   0.94   0.30   0.40      7      7      1   
  0.38   0.91   0.19   0.44     16      6      1   
  0.91   0.74   0.22   0.19      8      8      1   
  0.05   0.79   0.27   0.32     14      8      1   
  0.58   0.99   0.52   0.89      1      1      1   
  0.17   0.86   0.93   0.83      7      7      1   
  0.21   0.29   0.78   0.12      5      5      1   
  0.13   0.04   0.37   0.47      5      5      1   
  0.54   0.01   0.76   0.03      2      2      1   
  0.52   0.73   0.74   0.82      3      3      1   
  0.95   0.31   0.50   0.08      5      5      1   
  0.68   0.08   0.19   0.19      5      5      1   
  0.58   0.25   0.76   0.02      3      3      1   
  0.29   0.56   0.29   0.86      9      5      1   
  0.70   0.78   0.12   0.18      7      7      1   
  0.56   0.30   0.78   1.00      7      7      1   
  0.91   0.31   0.68   0.34      2      2      1   
  0.11   0.54   0.69   0.97      8      7      1   
  0.34   0.02   0.62   0.36      4      4      1   
  0.21   0.29   0.37   0.99     10      8      1   
  0.33   0.22   0.57   0.76      5      5      1   
  0.45   0.38   0.09   0.21      4      4      1   
  0.57   0.05   0.14   0.24      5      4      1   
  0.25   0.05   0.49   0.28      3      3      1   
  0.51   0.22   0.16   0.13      4      4      1   
  0.46   0.10   0.00   0.91     96     10      1   
  0.30   0.33   0.39   0.26      1      1      1   
  0.24   0.04   0.91   0.24      6      6      1   
  0.65   0.44   0.58   0.46      1      1      1   
  0.58   0.18   0.75   0.80      6      6      1   
  0.31   0.55   0.70   0.78      4      4      1   
  0.51   0.80   0.10   0.25      6      6      1   
  0.12   0.18   0.86   0.05      7      7      1   
  0.67   0.01   0.43   0.30      4      4      1   
  0.91   0.24   0.88   0.24      1      1      1   
  0.67   0.30   0.69   0.11      2      2      1   
  0.76   0.93   0.03   0.84      7      7      1   
  0.05   0.53   0.78   0.12      7      7      1   
  0.45   0.38   0.44   0.12      3      3      1   
  0.25   0.12   0.19   0.41      3      3      1   
  0.34   0.52   0.52   0.15      4      4      1   
  0.96   0.75   0.01   0.99      9      9      1   
  0.08   0.91   0.84   0.20     10      9      1   
  0.14   1.00   0.58   0.27      9      8      1   
  0.12   0.03   0.18   0.98     19     11      1   
  0.81   0.85   0.85   0.05      8      8      1   
  0.11   0.50   0.58   0.09      6      6      1   
  0.34   0.03   0.62   0.02      3      3      1   
  0.13   0.17   0.95   0.27      7      7      1   
  0.58   0.18   0.55   0.03      2      2      1   
  0.30   0.39   0.57   0.05      4      4      1   
  0.16   0.98   0.91   0.81      7      7      1   
  0.08   0.86   0.27   0.04     12     10      1   
  0.65   0.44   0.11   0.50      5      5      1   
  0.57   0.38   0.18   0.98      7      7      1   
  0.52   0.15   0.76   0.87      7      7      1   
  0.42   0.18   0.39   0.31      2      2      1   
  0.15   0.03   0.34   0.88     11      9      1   
  0.03   0.08   0.28   0.25      3      3      1   
  0.58   0.46   0.43   0.92      4      4      1   
  0.27   0.24   0.25   0.53      3      3      1   
  0.62   0.07   0.67   0.32      3      3      1   
  0.30   0.03   0.39   0.17      2      2      1   
  0.48   0.37   0.08   0.20      4      4      1   
  0.10   0.45   0.51   0.80      6      6      1   
  0.44   0.38   0.16   0.49      3      3      1   
  0.81   0.89   0.61   0.90      2      2      1   
  0.32   0.35   0.57   0.20      3      3      1   
  0.25   0.12   0.45   0.28      3      3      1   
  0.18   0.12   0.83   0.78      9      9      1   
  0.86   0.12   0.75   0.03      2      2      1   
  0.79   0.00   0.05   0.05      7      7      1   
  0.67   0.32   0.13   0.83      8      7      1   
  0.18   0.29   0.03   0.24      2      2      1   
  0.23   0.97   0.44   0.08      9      9      1   
  0.61   0.90   0.35   0.23      7      7      1   
  0.01   0.32   0.07   0.87     72     10      1   
  0.04   0.44   0.36   0.42      3      3      1   
  0.30   0.05   0.73   0.90      8      8      1   
  0.71   0.91   0.94   0.19      9      8      1   
  0.87   0.17   0.96   0.05      2      2      1   
  0.26   0.32   0.17   0.19      2      2      1   
  0.58   0.57   0.32   0.20      4      4      1   
  0.38   0.44   0.98   0.27      6      6      1   
  0.49   0.23   0.98   0.18      5      5      1   
  0.30   0.39   0.09   0.83     77      7      1   
  0.13   0.54   0.59   0.27      5      5      1   
  0.02   0.18   0.13   0.27      2      2      1   
  0.33   0.23   0.84   0.02      5      5      1   
  0.06   0.39   0.78   1.00      9      9      1   
  0.20   0.02   0.39   1.00     13     10      1   
  0.49   0.43   0.20   0.29      3      3      1   
  0.58   0.62   0.86   0.93      4      4      1   
  0.55   0.24   0.45   0.72      5      5      1   
  0.42   0.86   0.05   0.19      8      8      1   
  0.51   0.77   0.01   0.82      5      5      1   
  0.76   0.05   0.78   0.20      2      2      1   
  0.13   0.27   0.23   0.97     14      8      1   
  0.19   0.90   0.13   0.83      1      1      1   
  0.74   0.21   0.22   0.48      5      5      1   
  0.41   0.82   0.91   0.95      5      5      1   
  0.67   0.52   0.83   0.78      4      4      1   
  0.57   0.20   0.30   0.84      7      6      1   
  0.08   0.04   0.60   0.31      5      5      1   
  0.15   0.51   0.06   0.12      4      4      1   
  0.38   0.19   0.91   0.20      5      5      1   
  0.44   0.38   0.67   0.38      2      2      1   
  0.68   0.26   0.13   0.86     78      8      1   
  0.81   0.77   0.01   0.94      8      8      1   
  0.57   0.85   0.98   0.10      8      8      1   
  0.17   0.03   0.33   0.23      3      3      1   
  0.44   0.94   0.17   0.03      9      9      1   
  0.75   0.03   0.56   0.54      5      5      1   
  0.23   0.00   0.66   0.06      4      4      1   
  0.33   0.32   0.16   0.37      2      2      1   
  0.25   0.07   0.88   0.29      6      6      1   
  0.31   0.23   0.63   0.81      6      6      1   
  0.56   0.30   0.21   0.97      8      8      1   
  0.34   0.08   0.02   0.14      3      3      1   
  0.10   0.03   0.98   0.18      8      8      1   
  0.91   0.24   0.92   0.83      9      8      1   
  0.08   0.04   0.39   0.31      4      4      1   
  0.73   0.96   0.12   0.06     10      9      1   
  0.71   0.93   0.06   0.90      6      6      1   
  0.27   0.32   0.30   0.18      2      2      1   
  0.14   0.06   0.80   0.82      9      9      1   
  0.68   0.37   0.03   0.24      6      6      1   
  0.42   0.86   0.52   0.34      5      5      1   
  0.86   0.93   0.95   0.94      1      1      1   
  0.13   0.11   0.58   0.68      6      6      1   
  0.40   0.08   0.75   0.80      7      7      1   
  0.57   0.99   0.33   0.23      8      8      1   
  0.58   0.47   0.41   0.32      2      2      1   
  0.14   0.23   0.53   0.26      4      4      1   
  0.96   0.05   0.64   0.21      3      3      1   
  0.08   0.27   0.65   0.47      5      5      1   
  0.54   0.64   0.08   0.86      5      5      1   
  0.75   0.17   0.36   0.83      7      7      1   
  0.28   0.06   0.43   0.30      3      3      1   
  0.49   0.62   0.47   0.52      1      1      1   
  0.18   0.37   0.20   0.02      3      3      1   
  0.27   0.29   0.87   0.17      5      5      1   
  0.63   0.97   0.88   0.83      3      3      1   
  0.43   0.69   0.91   0.01      8      8      1   
  0.15   0.21   0.57   0.01      4      4      1   
  0.64   0.94   0.41   1.00      3      3      1   
  0.70   0.99   0.33   0.32      7      7      1   
  0.26   0.25   0.12   0.24      2      2      1   
  0.21   0.29   0.45   0.16      3      3      1   
  0.86   0.89   0.18   0.19      9      9      1   
  0.97   0.82   0.41   0.19      8      8      1   
  0.19   0.01   0.04   0.35      4      4      1   
  0.68   0.35   0.46   0.56      3      3      1   
  0.26   0.37   0.24   0.14      2      2      1   
  0.45   0.72   0.24   0.50      4      4      1   
  0.71   0.93   0.75   0.03      8      8      1   
  0.13   0.11   0.28   0.53      4      4      1   
  0.56   0.30   0.29   0.91      7      7      1   
  0.18   0.11   0.92   0.26      7      7      1   
  0.02   0.78   0.18   0.11     16     11      1   
  0.16   0.98   0.30   0.84      2      2      1   
  0.02   0.25   0.80   0.24      7      7      1   
  0.72   0.03   0.66   0.72      6      6      1   
  0.71   0.30   0.75   0.13      2      2      1   
  0.70   0.66   0.75   0.12      5      5      1   
  0.11   0.50   0.01   0.99     74      9      1   
  0.43   0.33   0.84   0.20      4      4      1   
  0.70   0.96   0.62   0.07      8      8      1   
  0.03   0.02   0.01   0.16      2      2      1   
  0.01   0.31   0.88   0.16      8      8      1   
  0.52   0.12   0.07   0.99     71     10      1   
  0.93   0.94   0.37   0.83      5      5      1   
  0.17   0.07   0.79   0.23      6      6      1   
  0.69   0.38   0.22   0.56      5      5      1   
  0.68   0.08   0.68   0.18      1      1      1   
  0.57   0.82   0.72   0.28      5      5      1   
  0.15   0.84   0.56   0.56      5      5      1   
  0.43   0.94   0.08   0.25     30      8      1   
  0.18   0.98   0.62   0.09      9      9      1   
  0.70   0.28   0.88   0.24      2      2      1   
  0.63   0.14   0.49   0.50      4      4      1   
  0.56   0.12   0.41   0.04      2      2      1   
  0.02   0.14   0.41   0.30      4      4      1   
  0.51   0.23   0.08   0.82     78      8      1   
  0.16   0.17   0.44   0.31      3      3      1   
  0.25   0.92   0.21   0.53     15      7      1   
  0.19   0.87   0.74   0.98      5      5      1   
  0.94   0.19   0.43   0.94      9      8      1   
  0.90   0.75   0.70   0.19      7      7      1   
  0.86   0.12   0.44   0.12      4      4      1   
  0.70   0.19   0.08   0.25      6      6      1   
  0.15   0.51   0.58   0.60      4      4      1   
  0.14   0.30   0.74   0.75      7      7      1   
  0.68   0.26   0.29   0.86      7      7      1   
  0.40   0.03   0.16   0.03      2      2      1   
  0.33   0.27   0.40   0.09      2      2      1   
  0.26   0.07   0.59   0.06      3      3      1   
  0.84   0.03   0.76   0.05      1      1      1   
  0.23   0.31   0.02   0.14      3      3      1   
  0.02   0.14   0.93   0.94     10     10      1   
  0.60   0.68   0.17   0.57      4      4      1   
  0.38   0.44   0.15   0.86     51      7      1   
  0.09   0.08   0.10   0.79     71     10      1   
  0.19   0.01   0.68   0.26      5      5      1   
  0.26   0.16   0.20   0.02      2      2      1   
  0.14   0.84   0.49   0.28      8      8      1   
  0.23   0.97   0.03   0.24     32      9      1   
  0.15   0.02   0.61   0.10      4      4      1   
  0.16   0.52   0.02   0.25      3      3      1   
  0.20   0.13   0.43   0.03      3      3      1   
  0.17   0.49   0.19   0.06      4      4      1   
  0.65   0.60   0.96   0.05      6      6      1   
  0.92   0.26   0.49   0.84      8      8      1   
  0.71   0.93   0.48   0.77      3      3      1   
  0.04   0.80   0.04   0.89      1      1      1   
  0.64   0.22   0.56   0.54      3      3      1   
  0.75   0.24   0.02   0.78    105      9      1   
  0.06   0.96   0.71   0.15     10     10      1   
  0.79   0.18   0.66   0.24      2      2      1   
  0.50   0.03   0.14   0.46      5      5      1   
  0.19   0.78   0.49   0.68      3      3      1   
  0.01   0.21   0.61   0.07      6      6      1   
  0.58   0.62   0.34   0.88      3      3      1   
  0.06   0.33   0.14   0.10      2      2      1   
  0.10   0.09   0.48   0.97      9      9      1   
  0.56   0.12   0.18   0.97     28      9      1   
  0.79   0.77   0.87   0.01     12      8      1   
  0.28   0.09   0.28   0.17      1      1      1   
  0.25   0.92   0.98   0.95      6      6      1   
  0.71   0.03   0.64   0.84      7      7      1   
  0.14   0.86   0.97   0.30     10     10      1   
  0.43   0.21   0.17   0.07      3      3      1   
  0.30   0.41   0.48   0.37      2      2      1   
  0.87   0.17   0.33   0.39      5      5      1   
  0.68   0.08   0.19   0.78     58      9      1   
  0.14   0.13   0.55   0.19      4      4      1   
  0.34   0.02   0.05   0.24      3      3      1   
  0.48   0.37   0.91   0.22      4      4      1   
  0.18   0.21   0.20   0.11      1      1      1   
  0.48   0.60   0.29   0.07      5      5      1   
  0.43   0.16   0.94   0.13      5      5      1   
  0.70   0.77   0.14   0.56      6      6      1   
  1.00   0.03   0.20   0.20      7      7      1   
  0.62   0.34   0.14   0.10      5      5      1   
  0.72   0.23   0.49   0.84      6      6      1   
  0.52   0.48   0.35   0.85      4      4      1   
  0.21   0.17   0.70   0.88      7      7      1   
  0.63   0.80   0.85   0.05      7      7      1   
  0.28   0.06   0.31   0.23      2      2      1   
  0.79   0.23   0.79   0.18      1      1      1   
  0.67   0.32   0.33   0.23      3      3      1   
  0.38   0.44   0.30   0.03      4      4      1   
  0.04   0.13   0.09   0.08      1      1      1   
  0.14   0.23   0.04   0.35      2      2      1   
  0.51   0.95   0.45   0.78      2      2      1   
  0.46   0.14   0.69   0.11      2      2      1   
  0.65   0.44   0.83   0.06      4      4      1   
  0.51   0.22   0.07   0.48      5      5      1   
  0.40   0.77   0.02   0.39      7      7      1   
  0.66   0.24   0.91   0.94      7      7      1   
  0.06   0.04   0.25   0.95     17     10      1   
  0.87   0.01   0.34   0.98     10     10      1   
  0.62   0.34   0.79   0.18      2      2      1   
  0.93   0.08   0.62   0.48      5      5      1   
  0.49   0.28   0.15   0.46      4      4      1   
  0.33   0.01   0.75   0.80      8      8      1   
  0.21   0.17   0.23   0.31      2      2      1   
  0.87   0.17   0.36   0.47      5      5      1   
  0.08   1.00   0.99   0.97      8      8      1   
  0.57   0.56   0.08   0.24      5      5      1   
  0.16   0.03   0.85   0.30      7      7      1   
  0.68   0.26   0.15   0.51      6      5      1   
  0.06   0.04   0.08   0.25      2      2      1   
  0.21   0.17   0.79   0.00      6      6      1   
  0.09   0.81   0.40   0.09     10      9      1   
  0.38   0.19   0.19   0.45      3      3      1   
  0.23   0.21   0.66   0.24      4      4      1   
  0.86   0.89   0.48   0.01      9      9      1   
  0.98   0.95   0.44   0.99      5      5      1   
  0.36   0.82   0.98   0.27      9      8      1   
  0.33   0.22   0.13   0.04      3      3      1   
  0.10   0.25   0.75   0.12      6      6      1   
  0.58   0.79   0.70   0.88      2      2      1   
  0.47   0.52   0.43   0.94      4      4      1   
  0.33   0.27   0.61   0.90      6      6      1   
  0.36   0.00   0.76   0.19      4      4      1   
  0.58   0.57   0.82   0.13      5      5      1   
  0.95   0.12   0.49   0.28      5      5      1   
  0.08   1.00   0.64   0.09     11     10      1   
  0.96   0.05   0.43   0.50      6      6      1   
  0.10   0.18   0.08   0.90     79     10      1   
  0.78   0.77   0.20   0.51      6      6      1   
  0.18   0.11   0.99   0.12      7      7      1   
