  0.06   0.42   0.05   0.19      2      2      1   
  0.91   0.74   0.12   0.16      9      9      1   
  0.18   0.21   0.46   0.80      6      6      1   
  0.48   0.60   0.43   0.40      2      2      1   
  0.88   0.28   0.20   0.25     10      7      1   
  0.75   0.12   0.50   0.03      3      3      1   
  0.89   0.89   0.44   0.53      5      5      1   
  0.17   0.50   0.26   0.79     18      7      1   
  0.08   0.04   0.44   0.45      6      5      1   
  0.03   0.84   0.34   0.91      3      3      1   
  0.70   0.78   0.78   0.20      6      6      1   
  0.03   0.08   0.69   0.06     55      9      1   
  0.50   0.23   0.08   0.90     45      8      1   
  0.80   0.24   0.44   0.36      4      4      1   
  0.73   0.08   0.01   0.33      9      8      1   
  0.01   0.42   0.50   0.50      4      4      1   
  0.17   0.54   0.58   0.92      6      6      1   
  0.79   0.77   0.80   0.02      8      8      1   
  0.16   0.49   0.21   0.37      2      2      1   
  0.73   0.96   0.47   0.28      7      7      1   
  0.77   0.13   0.34   0.98      8      8      1   
  0.43   0.33   0.17   0.07     65      5      1   
  0.30   0.56   0.74   0.08      6      6      1   
  0.20   0.80   0.62   0.60      5      5      1   
  0.58   0.65   0.79   0.23      5      5      1   
  0.18   0.89   0.94   0.15     10     10      1   
  0.35   0.89   0.90   0.01      9      9      1   
  0.51   0.16   0.58   0.18      1      1      1   
  0.74   0.94   0.45   0.04      8      8      1   
  0.02   0.94   0.08   0.24     51     11      1   
  0.94   0.79   0.27   0.89      6      6      1   
  0.51   0.97   0.50   0.50      4      4      1   
  0.68   0.15   0.98   0.30      3      3      1   
  0.69   0.24   0.21   0.29      9      6      1   
  0.19   0.19   0.43   0.14     79      6      1   
  0.51   0.21   0.37   0.99      7      7      1   
  0.45   0.04   0.06   0.36      6      6      1   
  0.96   0.05   0.95   0.32      3      3      1   
  0.14   0.06   0.21   0.24      2      2      1   
  0.47   0.08   0.68   0.18      2      2      1   
  0.26   0.42   0.97   0.30      6      6      1   
  0.50   0.50   0.68   0.66      3      3      1   
  0.47   0.16   0.83   0.81      7      7      1   
  0.70   0.01   0.58   0.46      4      4      1   
  0.11   0.81   0.08   0.25     49      9      1   
  0.04   0.44   0.61   0.31      5      5      1   
  0.64   0.31   0.28   0.48      4      4      1   
  0.93   0.94   0.60   0.03     10      9      1   
  0.05   0.95   0.05   0.24     62     11      1   
  0.89   0.89   0.60   0.70      3      3      1   
  0.50   0.69   0.05   0.29      6      6      1   
  0.12   0.48   0.26   0.49      2      2      1   
  0.05   0.51   0.41   0.29      4      4      1   
  0.70   0.19   0.10   0.14     15      7      1   
  0.54   0.92   0.20   0.02    116      9      1   
  0.17   0.21   0.20   0.20      1      1      1   
  0.08   0.86   0.78   0.95      6      6      1   
  0.38   0.91   0.65   0.91      3      3      1   
  0.70   0.96   0.15   0.03     76     10      1   
  0.62   0.34   0.67   0.24      1      1      1   
  0.58   0.46   0.02   0.14     16      6      1   
  0.52   0.15   0.58   0.99      8      8      1   
  0.89   0.89   0.41   0.23      8      7      1   
  0.98   0.10   0.16   0.88     11     11      1   
  0.07   0.02   0.65   0.01     79      9      1   
  0.66   0.40   0.60   0.03      4      4      1   
  0.91   0.25   0.14   0.13     21      9      1   
  0.16   0.17   0.61   0.31      6      6      1   
  0.96   0.22   0.68   0.26      3      3      1   
  0.61   0.31   0.73   0.90      6      5      1   
  0.09   0.52   0.56   0.56      4      4      1   
  0.02   0.27   0.20   0.30      2      2      1   
  0.86   0.09   0.79   0.00      1      1      1   
  0.25   0.53   0.20   0.30      3      3      1   
  0.52   0.73   0.07   0.95      5      5      1   
  0.48   0.01   0.83   0.92      9      9      1   
  0.12   0.23   0.90   0.01     62      9      1   
  0.96   0.96   0.45   0.72      5      5      1   
  0.94   0.13   0.94   0.79     16      9      1   
  0.70   0.01   0.23   0.85     25      9      1   
  0.66   0.58   0.05   0.95      7      7      1   
  0.27   0.95   0.49   0.20      7      7      1   
  0.13   0.29   0.84   0.89      8      8      1   
  0.84   0.89   0.17   0.02     96     10      1   
  0.57   0.01   0.28   0.48      5      5      1   
  0.78   0.12   0.20   0.13     49      8      1   
  0.13   0.29   0.77   0.13     24      7      1   
  0.25   0.90   0.14   0.84      1      1      1   
  0.95   0.27   0.07   0.48      8      8      1   
  0.19   0.13   0.19   0.11      1      1      1   
  0.54   0.67   0.89   0.89      4      4      1   
  0.03   0.47   0.44   0.12     70      6      1   
  0.13   0.01   0.62   0.29      8      7      1   
  0.19   0.45   0.98   0.27      7      7      1   
  0.10   0.14   0.84   0.03     38      9      1   
  0.85   0.30   0.93   0.08      2      2      1   
  0.50   0.03   0.07   0.93     46     10      1   
  0.59   0.27   0.01   0.99     53      9      1   
  0.08   0.52   0.49   0.50      4      4      1   
  0.82   0.30   0.02   0.30      9      8      1   
  0.65   0.64   0.91   0.20      5      5      1   
  0.13   0.86   0.70   0.77      5      5      1   
  0.62   0.34   0.52   0.15      2      2      1   
  0.05   0.95   0.54   0.16     11     10      1   
  0.52   0.48   0.21   0.53      3      3      1   
  0.81   0.89   0.82   0.90      1      1      1   
  0.49   0.43   0.17   0.03     87      6      1   
  0.86   0.89   0.65   0.01      9      9      1   
  0.88   0.89   0.53   0.32      6      6      1   
  0.32   0.46   0.04   0.95    100      8      1   
  0.57   0.56   0.50   0.69      2      2      1   
  0.57   0.38   0.50   0.39      1      1      1   
  0.03   0.31   0.32   0.98     10      9      1   
  0.74   0.75   0.36   0.83      4      4      1   
  0.08   0.26   0.01   0.56      3      3      1   
  0.65   0.01   0.81   0.89      8      8      1   
  0.64   0.51   0.50   0.69      2      2      1   
  0.04   0.13   0.22   0.12      2      2      1   
  0.96   0.16   0.08   0.44      8      8      1   
  1.00   0.80   0.05   0.87      8      8      1   
  0.74   0.21   0.43   0.33      3      3      1   
  0.41   0.30   0.69   0.11      3      3      1   
  0.96   0.75   0.91   0.74      1      1      1   
  0.19   0.90   0.20   0.13     19      9      1   
  0.17   0.02   0.13   0.17      2      2      1   
  0.43   0.12   0.34   0.91     11      7      1   
  0.54   0.64   0.23   0.97      4      4      1   
  0.35   0.54   0.73   0.83      5      5      1   
  0.68   0.97   0.30   0.84      4      4      1   
  0.16   0.98   0.12   0.16     45     10      1   
  0.67   0.32   0.21   0.91      7      7      1   
  0.04   0.80   0.06   0.36     55     10      1   
  0.57   0.01   0.80   0.82      8      8      1   
  0.66   0.65   0.56   0.54      2      2      1   
  0.44   0.81   0.69   0.38      4      4      1   
  0.13   0.04   0.49   0.62      6      6      1   
  0.04   0.35   0.35   0.97      9      8      1   
  0.53   0.75   0.79   0.18      6      6      1   
  0.70   0.01   0.16   0.45      7      7      1   
  0.09   0.27   0.80   0.81      8      8      1   
  0.58   0.16   0.21   0.29      7      6      1   
  0.67   0.97   0.55   0.59      4      4      1   
  0.69   0.97   0.62   0.60      4      4      1   
  0.13   0.24   0.50   0.69      6      6      1   
  0.30   0.40   0.12   0.13      3      3      1   
  0.58   0.28   0.17   0.78     60      8      1   
  0.20   0.20   0.70   0.48      6      6      1   
  0.20   0.80   0.64   0.29      8      7      1   
  0.81   0.77   0.91   0.24     11      7      1   
  0.39   0.41   0.06   0.42      3      3      1   
  0.66   0.58   0.21   0.01    111      8      1   
  0.17   0.07   0.74   0.21     17      7      1   
  0.80   0.15   0.65   0.98      8      8      1   
  0.34   0.95   0.85   0.05      9      9      1   
  0.13   0.29   0.91   0.14     26      8      1   
  0.51   0.91   0.05   0.39     63      7      1   
  0.32   0.98   0.30   0.40     10      6      1   
  0.22   0.95   0.57   0.99      3      3      1   
  0.49   0.37   0.30   0.41      2      2      1   
  0.33   0.84   0.69   0.45      5      5      1   
  0.93   0.06   0.54   0.31      4      4      1   
  0.17   0.27   0.49   0.50      4      4      1   
  0.66   0.36   0.03   0.31      7      6      1   
  0.16   0.49   0.05   0.90     51      8      1   
  0.62   0.29   0.02   0.18     23      6      1   
  0.37   0.47   0.12   0.06      5      5      1   
  0.73   0.83   0.58   0.57      3      3      1   
  0.16   0.49   0.63   0.97      7      7      1   
  0.81   0.00   0.74   0.08      1      1      1   
  0.25   0.78   0.75   0.24      7      7      1   
  0.78   0.95   0.02   0.78      7      7      1   
  0.20   0.30   0.45   0.28      7      4      1   
  0.55   0.04   0.50   0.23      2      2      1   
  0.10   0.93   0.69   0.86      5      5      1   
  0.54   0.52   0.65   0.18      3      3      1   
  0.50   0.36   0.69   0.45      2      2      1   
  0.17   0.54   0.33   0.51      2      2      1   
  0.10   0.03   0.80   0.24     19      9      1   
  0.96   0.16   0.12   0.48      8      8      1   
  0.55   0.08   0.49   0.43      3      3      1   
  0.69   0.03   0.49   0.54      5      5      1   
  0.08   0.20   0.01   0.33      2      2      1   
  0.77   0.13   0.23   0.46      6      6      1   
  0.24   0.50   0.69   0.38      4      4      1   
  0.62   0.44   0.53   0.17      3      3      1   
  0.18   0.24   0.61   0.10     44      6      1   
  0.50   0.39   0.44   0.38      1      1      1   
  0.88   0.19   0.94   0.79     12      9      1   
  0.03   0.47   0.92   0.77      9      9      1   
  0.45   0.62   0.67   0.30      4      4      1   
  0.50   0.06   0.50   0.68      6      6      1   
  0.10   0.18   0.58   0.46      6      5      1   
  0.98   0.10   0.51   0.22      4      4      1   
  0.08   0.91   0.01   0.82      1      1      1   
  0.54   0.67   0.63   0.97      3      3      1   
  0.09   0.43   0.09   0.52      1      1      1   
  0.35   0.89   0.19   0.87      2      2      1   
  0.47   0.08   0.18   0.37      5      5      1   
  0.86   0.93   0.72   0.28      7      6      1   
  0.50   0.06   0.17   0.34      6      6      1   
  0.64   0.21   0.19   0.41      5      5      1   
  0.00   0.45   0.08   0.24      2      2      1   
  0.63   0.90   0.17   0.50      6      6      1   
  0.17   0.03   0.70   0.88      9      9      1   
  0.81   0.00   0.57   0.56      5      5      1   
  0.34   0.82   0.20   0.11     19      8      1   
  0.62   0.44   0.17   0.50      4      4      1   
  0.60   0.70   0.14   0.52      5      5      1   
  0.18   0.11   0.69   0.06     37      8      1   
  0.96   0.05   0.65   0.44      5      5      1   
  0.42   0.41   0.94   0.13      5      5      1   
  0.12   0.23   0.97   0.30     11      8      1   
  0.15   0.98   0.16   0.45     19      8      1   
  0.22   0.41   0.98   0.95      9      8      1   
  0.41   0.84   0.63   0.27      6      6      1   
  0.86   0.32   0.52   0.12      4      4      1   
  0.65   0.08   0.75   0.03      1      1      1   
  0.94   0.02   0.13   0.24     10      9      1   
  0.01   0.50   0.94   0.02     10      9      1   
  0.39   0.54   0.91   0.25      5      5      1   
  0.58   0.68   0.37   0.99      4      4      1   
  0.94   0.13   0.56   0.30      4      4      1   
  0.13   0.04   0.00   0.45      4      4      1   
  0.90   0.75   0.43   0.33      6      6      1   
  0.01   0.42   0.08   0.26      2      2      1   
  0.44   0.36   0.46   0.10      3      3      1   
  0.95   0.12   0.15   0.21     26      8      1   
  0.49   0.12   0.16   0.54      5      5      1   
  0.51   0.16   0.65   0.18      2      2      1   
  0.78   0.20   0.43   0.12      4      4      1   
  0.66   0.06   0.02   0.18     36      8      1   
  0.59   0.21   0.65   0.28      1      1      1   
  0.49   0.83   0.45   0.62      2      2      1   
  0.71   0.27   0.21   0.91      8      7      1   
  0.13   0.14   0.68   0.97      9      9      1   
  0.67   0.97   0.51   0.55      4      4      1   
  0.68   0.66   0.12   0.13      7      7      1   
  0.81   0.77   0.29   0.91      5      5      1   
  0.44   0.07   0.49   0.95      8      8      1   
  0.87   0.17   0.79   0.77     11      7      1   
  0.73   0.08   0.35   0.95      8      8      1   
  0.07   0.93   0.17   0.98      1      1      1   
  0.17   0.34   0.24   0.50      2      2      1   
  0.68   0.04   0.24   0.79     22      9      1   
  0.01   0.82   0.01   0.24     58     11      1   
  0.62   0.02   0.45   0.98      9      9      1   
  0.56   0.39   0.03   0.40      5      5      1   
  0.65   0.64   0.16   0.49      5      5      1   
  0.63   0.80   0.51   0.77      1      1      1   
  0.08   0.26   0.30   0.56      4      4      1   
  1.00   0.97   0.20   0.20     21     10      1   
  0.74   0.75   0.38   0.91      4      4      1   
  0.07   0.93   0.03   0.99      1      1      1   
  0.33   0.51   0.98   0.30      7      7      1   
  0.15   0.84   0.86   0.89      6      6      1   
  0.46   0.10   0.91   0.74      8      8      1   
  0.75   0.17   0.55   0.56      4      4      1   
  0.66   0.92   0.26   0.49      5      5      1   
  0.53   0.75   0.20   0.02     90      8      1   
  0.58   0.65   0.88   0.24      5      5      1   
  0.31   1.00   0.71   0.27      7      7      1   
  0.38   0.51   0.92   0.97      7      7      1   
  0.57   0.85   0.88   0.14      7      7      1   
  0.59   0.37   0.17   0.50      4      4      1   
  0.32   0.46   0.18   0.11      4      4      1   
  0.76   0.19   0.08   0.90     47      9      1   
  0.03   0.99   0.79   0.23     11     10      1   
  0.17   0.86   0.97   0.05     11     10      1   
  0.50   0.50   0.30   0.56      2      2      1   
  0.11   0.31   0.02   0.94     96     10      1   
  0.52   0.91   0.44   0.38      5      5      1   
  0.53   0.90   0.97   0.17      8      8      1   
  0.06   0.96   0.64   0.31      8      8      1   
  0.49   0.20   0.96   0.17      5      5      1   
  0.27   0.45   0.60   0.31      3      3      1   
  0.15   0.51   0.69   0.27      5      5      1   
  0.08   0.44   0.28   0.53      2      2      1   
  0.83   0.92   0.25   0.90      5      5      1   
  0.74   0.08   0.58   0.99      9      9      1   
  0.16   0.49   0.55   0.08      6      6      1   
  0.91   0.94   0.43   0.20      8      8      1   
  0.15   0.46   0.13   0.29      2      2      1   
  0.45   0.38   0.63   0.81      4      4      1   
  0.15   0.48   0.71   0.30      5      5      1   
  0.03   0.99   0.50   0.06     12     11      1   
  0.89   0.29   0.66   0.36      3      3      1   
  0.64   0.51   0.37   0.43      3      3      1   
  0.74   0.82   0.75   0.17      6      6      1   
  0.08   0.28   0.65   0.01     78      7      1   
  0.50   0.79   0.68   0.35      4      4      1   
  0.92   0.26   0.38   0.44      5      5      1   
  0.22   0.39   0.73   0.83      6      6      1   
  0.11   0.31   0.78   0.09     29      7      1   
  0.96   0.22   0.06   0.36      8      8      1   
  0.21   0.17   0.98   0.27     14      9      1   
  0.59   0.19   0.10   0.17     14      6      1   
  0.68   0.03   0.75   0.17      2      2      1   
  0.15   0.84   0.27   0.95      2      2      1   
  0.89   0.08   0.17   0.02     90     10      1   
  0.76   0.02   0.08   0.00     45      9      1   
  0.49   0.28   0.70   0.88      6      6      1   
  0.64   0.51   0.98   0.30      5      5      1   
  0.08   0.52   0.22   0.48      2      2      1   
  0.46   0.42   0.62   0.09      3      3      1   
  0.85   0.30   0.61   0.66      5      5      1   
  0.91   0.95   0.34   0.52      7      7      1   
  0.80   0.81   0.12   0.04     57      9      1   
  0.13   0.01   0.79   0.18     21      9      1   
  0.13   0.24   0.45   0.16     49      5      1   
  0.22   0.12   0.45   0.78      8      7      1   
  0.02   0.35   0.17   0.46      2      2      1   
  0.75   0.12   0.41   0.30      4      4      1   
  0.85   0.05   0.05   0.19     24      9      1   
  0.50   0.50   0.52   0.91      4      4      1   
  0.83   0.06   0.59   0.74      6      6      1   
  0.62   0.60   0.35   0.97      4      4      1   
  0.68   0.26   0.57   0.82      5      5      1   
  0.14   0.10   0.19   0.82     51      9      1   
  0.55   0.28   0.20   0.20     21      5      1   
  0.23   0.46   0.15   0.29      2      2      1   
  0.44   0.36   0.70   0.78      5      5      1   
  0.00   0.01   0.01   0.94     98     12      1   
  0.74   0.06   0.66   0.72      6      6      1   
  0.21   0.17   0.03   0.90    105     11      1   
  0.14   0.02   0.36   0.82     10      9      1   
  0.68   0.35   0.13   0.24     13      6      1   
  0.11   0.91   0.62   0.07     10     10      1   
  0.91   0.31   0.43   0.56      5      5      1   
  0.95   0.82   0.67   0.97      3      3      1   
  0.08   0.32   0.81   0.84      8      8      1   
  0.45   0.29   0.60   0.73      4      4      1   
  0.55   0.74   0.80   0.81      3      3      1   
  0.95   0.12   0.46   0.10      5      5      1   
  0.57   0.05   0.07   0.95     46     10      1   
  0.12   0.35   0.22   0.95     15      8      1   
  0.65   0.64   0.50   0.03      6      6      1   
  0.78   0.74   0.62   0.48      3      3      1   
  0.98   0.18   0.76   0.05      3      3      1   
  0.60   0.73   0.19   0.78      4      4      1   
  0.11   0.31   0.66   0.06     37      7      1   
  0.14   0.52   0.18   0.24      3      3      1   
  0.17   0.02   0.96   0.75     11     11      1   
  0.88   0.83   0.08   0.04     10     10      1   
  0.44   0.49   0.13   0.01     81      6      1   
  0.68   0.15   0.41   0.19      3      3      1   
  0.29   0.91   0.00   0.39     69      8      1   
  0.91   0.95   0.09   0.34      9      9      1   
  0.31   1.00   0.01   0.31     71      9      1   
  0.80   0.11   0.46   0.10      3      3      1   
  0.05   0.39   0.51   0.56      4      4      1   
  0.68   0.98   0.10   0.03     10     10      1   
  0.60   0.52   0.17   0.34      4      4      1   
  0.04   0.13   0.13   0.83     41     10      1   
  0.77   0.13   0.00   0.27      9      8      1   
  0.08   0.91   0.74   0.25      9      8      1   
  0.72   0.03   0.39   0.54      6      6      1   
  0.12   0.35   0.08   0.82     94      9      1   
  0.18   0.21   0.58   0.09     51      6      1   
  0.96   0.22   0.51   0.23      5      4      1   
  0.18   0.14   0.36   0.83      9      8      1   
  0.02   0.14   0.02   0.94     48     12      1   
  0.41   0.29   0.03   0.31      5      5      1   
  0.18   0.56   0.19   0.44      1      1      1   
  0.86   0.09   0.17   0.57      7      7      1   
  0.38   0.91   0.07   0.36     33      7      1   
  0.70   0.01   0.59   0.98      9      9      1   
  0.49   0.68   0.58   0.39      3      3      1   
  0.71   0.30   0.11   0.40      6      6      1   
  0.80   0.15   0.95   0.32      2      2      1   
  0.24   0.49   0.28   0.53      1      1      1   
  0.84   0.03   0.20   0.51      7      7      1   
  0.38   0.91   0.65   0.28      6      6      1   
  0.75   0.17   0.50   0.06      3      3      1   
  0.02   0.18   0.67   0.79      8      8      1   
  0.90   0.92   0.02   0.94      8      8      1   
  0.56   0.56   0.50   0.23      3      3      1   
  0.07   0.93   0.64   0.71      6      6      1   
  0.34   0.52   0.20   0.90     28      5      1   
  0.71   0.93   0.28   0.55      6      6      1   
  0.75   0.91   0.12   0.16      9      9      1   
  0.04   0.12   0.73   0.90     10      9      1   
  0.04   0.93   0.26   0.42     15      8      1   
  0.17   0.78   0.47   0.16      9      9      1   
  0.20   0.25   0.69   0.86      7      7      1   
  0.57   0.12   0.01   0.33      8      7      1   
  0.44   0.49   0.01   0.33      4      4      1   
  0.20   0.32   0.39   0.54      3      3      1   
  0.11   0.81   0.22   0.39     15      8      1   
  0.13   0.86   0.07   0.87      1      1      1   
  0.66   0.40   0.43   0.30      3      3      1   
  0.88   0.19   0.90   0.96     10      9      1   
  0.32   0.89   0.02   0.02     31      9      1   
  0.07   0.44   0.01   0.40      1      1      1   
  0.36   0.83   0.65   0.47      4      4      1   
  0.58   0.93   0.68   0.35      5      5      1   
  0.43   0.03   0.06   0.04     52      8      1   
  0.20   0.80   0.14   0.06     21     10      1   
  0.44   0.85   0.52   0.15      7      7      1   
  0.07   0.99   0.59   0.21     10      9      1   
  0.55   0.04   0.65   0.80      7      7      1   
  0.68   0.18   0.00   0.45      7      7      1   
  0.46   0.88   0.94   0.79      5      5      1   
  0.16   0.49   0.49   0.68      4      4      1   
  0.78   0.12   0.60   0.31      3      3      1   
  0.20   0.51   0.01   0.24      3      3      1   
  0.20   0.20   0.81   0.85      8      8      1   
  0.43   0.16   0.31   0.83      7      7      1   
  0.43   0.92   0.88   0.95      4      4      1   
  0.66   0.24   0.16   0.85      7      7      1   
  0.61   0.90   0.75   0.91      2      2      1   
  0.03   0.08   0.40   0.77      8      8      1   
  0.81   0.76   0.58   0.79      2      2      1   
  0.07   0.93   0.88   0.94      7      7      1   
  0.08   0.28   0.94   0.13     24      9      1   
  0.56   0.30   0.65   0.91      6      6      1   
  0.90   0.17   0.25   0.90      9      9      1   
  0.58   0.18   0.66   0.93      7      7      1   
  0.54   0.01   0.12   0.06     52      8      1   
  0.68   0.34   0.18   0.11     47      7      1   
  0.83   0.06   0.20   0.47      7      7      1   
  0.69   0.40   0.80   0.02      4      4      1   
  0.95   0.27   0.70   0.88      8      7      1   
  0.92   0.83   0.55   0.74      4      4      1   
  0.98   0.10   0.91   0.74     10      9      1   
  0.65   0.60   0.91   0.31      4      4      1   
  0.16   0.45   0.31   0.50      2      2      1   
  0.97   0.05   0.68   0.15      3      3      1   
  0.80   0.82   0.44   0.53      4      4      1   
  0.21   0.18   0.59   0.25     11      6      1   
  0.04   0.44   0.04   0.95     44     10      1   
  0.06   0.36   0.17   0.50      2      2      1   
  0.92   0.77   0.18   0.98      7      7      1   
  0.67   0.24   0.17   0.92     50      8      1   
  0.50   0.69   0.37   0.43      3      3      1   
  0.66   0.72   0.33   0.51      4      4      1   
  0.57   0.17   0.51   0.95      7      7      1   
  0.45   0.30   0.15   0.85     51      7      1   
  0.09   0.27   0.87   0.01     72      8      1   
  0.16   0.54   0.79   0.98      8      8      1   
  0.36   0.54   0.65   0.01      6      6      1   
  0.75   0.80   0.63   0.86      2      2      1   
  0.78   0.20   0.02   0.27      8      8      1   
  0.18   0.98   0.63   0.04     10     10      1   
  0.48   0.01   0.91   0.95     10      9      1   
  0.05   0.19   0.09   0.21      1      1      1   
  0.14   0.86   0.18   0.14     20     10      1   
  0.04   0.93   0.51   0.80      5      5      1   
  0.38   0.51   0.19   0.06      5      5      1   
  0.50   0.03   0.55   0.56      5      5      1   
  0.43   0.50   0.81   0.84      5      5      1   
  0.71   0.91   0.23   0.85      5      5      1   
  0.29   0.56   0.43   0.33      3      3      1   
  0.89   0.06   0.49   0.62      6      6      1   
  0.83   0.92   0.63   0.86      2      2      1   
  0.49   0.28   0.91   0.24      4      4      1   
  0.06   0.18   0.93   0.94     10     10      1   
  0.15   0.82   0.34   0.98      2      2      1   
  0.71   0.31   0.00   0.23     12      7      1   
  0.61   0.91   0.13   0.27      7      7      1   
  0.70   0.88   0.41   0.35      5      5      1   
  0.86   0.12   0.01   0.50      8      8      1   
  0.13   0.27   0.88   0.94      9      9      1   
  0.60   0.73   0.45   0.38      3      3      1   
  0.18   0.14   0.05   0.05      2      2      1   
  0.88   0.83   0.08   0.91      7      7      1   
  0.68   0.31   0.47   0.16      3      3      1   
  0.80   0.87   0.64   0.51      4      4      1   
  0.69   0.24   0.14   0.84     85      8      1   
  0.55   0.04   0.87   0.15      3      3      1   
  0.59   0.40   0.62   0.34      1      1      1   
  0.10   0.03   0.11   0.50      4      4      1   
  0.65   0.28   0.16   0.45      5      5      1   
  0.35   0.85   0.17   0.19     19      8      1   
  0.69   0.27   0.08   0.91      8      8      1   
  0.77   0.29   0.05   0.30      7      7      1   
  0.45   0.78   0.51   0.86      1      1      1   
  0.21   0.37   0.51   0.86      6      5      1   
  0.53   0.18   0.88   0.83      7      7      1   
  0.92   0.26   0.92   0.77     11      8      1   
  0.44   0.38   0.49   0.56      2      2      1   
  0.57   0.56   0.95   0.27      5      5      1   
  0.06   0.33   0.57   0.01     89      7      1   
  0.70   0.01   0.75   0.80      7      7      1   
  0.57   0.05   0.66   0.06      1      1      1   
  0.76   0.19   0.44   0.53      5      4      1   
  0.55   0.59   0.39   0.91      3      3      1   
  0.36   0.83   0.63   0.14      7      7      1   
  0.16   0.18   0.65   0.28      6      6      1   
  0.86   0.93   0.70   0.99      2      2      1   
  0.58   0.62   0.43   0.56      2      2      1   
  0.88   0.83   0.43   0.52      5      5      1   
  0.12   0.13   0.91   0.94     10     10      1   
  0.92   0.83   0.49   0.79      4      4      1   
  0.01   0.31   0.56   0.60      6      6      1   
  0.97   0.82   0.67   0.24      7      7      1   
  0.85   0.80   0.59   0.06      7      7      1   
  0.58   0.18   0.23   0.79     24      8      1   
  0.87   0.17   0.06   0.90    100     10      1   
  0.46   0.56   0.02   0.25      5      5      1   
  0.87   0.17   0.01   0.44      8      8      1   
  0.93   0.94   0.41   0.84      5      5      1   
  0.01   0.21   0.56   0.54      6      6      1   
  0.05   0.41   0.04   0.13      3      3      1   
  0.88   0.03   0.78   1.00     11      9      1   
  0.41   0.23   0.45   0.38      2      2      1   
  0.51   0.91   0.15   0.02      9      9      1   
  0.19   0.82   0.77   0.88      5      5      1   
  0.46   0.76   0.37   0.40      4      4      1   
  0.59   0.82   0.01   0.33      8      7      1   
  0.41   0.32   0.97   0.30      5      5      1   
  0.12   0.11   0.19   0.13      1      1      1   
  0.18   0.11   0.03   0.89    101     11      1   
  0.96   0.16   0.17   0.02     86     10      1   
  0.19   0.01   0.65   0.75      8      8      1   
  0.72   0.23   0.29   0.91      8      7      1   
  0.89   0.25   0.41   0.29      4      4      1   
  0.47   0.52   0.79   0.98      5      5      1   
  0.71   0.27   0.64   0.64      4      4      1   
  0.30   0.40   0.69   0.40      4      4      1   
  0.05   0.86   0.68   0.98      6      6      1   
  0.23   0.98   0.07   0.87      2      2      1   
  0.74   0.98   0.45   0.30      7      7      1   
  0.13   0.04   0.35   0.54      5      5      1   
  0.18   0.89   0.43   0.33      8      6      1   
  0.08   0.90   0.12   0.06     43     11      1   
  0.56   0.26   0.16   0.03     87      7      1   
  0.44   0.08   0.09   0.52      6      6      1   
  0.20   0.20   0.08   0.26      2      2      1   
  0.08   0.91   0.44   0.85      3      3      1   
  0.66   0.24   0.60   0.03      2      2      1   
  0.26   0.79   0.02   0.02     30     10      1   
  0.64   0.71   0.52   0.13      5      5      1   
  0.88   0.95   0.05   0.30      9      9      1   
  0.57   0.62   0.39   0.52      2      2      1   
  0.69   0.11   0.58   0.34      3      3      1   
  0.78   0.09   0.45   0.10      3      3      1   
  0.56   0.39   0.90   0.01      5      5      1   
  0.56   0.78   0.69   0.06      7      7      1   
  0.43   0.21   0.03   0.02     46      7      1   
  0.00   0.27   0.82   0.13     24      8      1   
  0.06   0.14   0.46   0.80      7      7      1   
  0.64   0.21   0.36   0.82      6      6      1   
  0.45   0.98   0.81   0.00      9      9      1   
  0.43   0.16   0.62   0.02      2      2      1   
  0.18   0.91   0.40   0.80      2      2      1   
  0.01   0.31   0.71   0.91      9      8      1   
  0.17   0.03   0.50   0.79      8      8      1   
  0.51   0.95   0.78   0.09      8      8      1   
  0.48   0.37   0.85   0.26      4      4      1   
  0.53   0.90   0.69   0.03      8      8      1   
  0.87   0.01   0.89   0.79     10      9      1   
  0.65   0.80   0.16   0.13     35      8      1   
  0.40   0.09   0.95   0.31      5      5      1   
  0.74   0.08   0.59   0.98      8      8      1   
  0.12   0.06   0.13   0.04      1      1      1   
  0.07   0.99   0.14   0.06     24     12      1   
  0.18   0.29   0.56   0.56      5      5      1   
  0.62   0.14   0.85   0.26      3      3      1   
  0.09   0.08   0.03   0.31      2      2      1   
  0.08   0.25   0.07   0.44      2      2      1   
  0.04   0.12   0.15   0.85     40     11      1   
  0.67   0.82   0.01   0.08      9      9      1   
  0.14   0.30   0.55   0.24     10      5      1   
  0.74   0.98   0.64   0.51      5      5      1   
  0.44   0.81   0.12   0.21      7      7      1   
  0.71   0.03   0.08   0.52      7      7      1   
  0.74   0.77   0.57   0.20      6      6      1   
  0.03   0.47   0.60   0.68      6      6      1   
  0.01   0.42   0.63   0.81      7      7      1   
  0.59   0.98   0.56   0.19      7      7      1   
  0.69   0.46   0.70   0.75      3      3      1   
  0.90   0.27   0.35   0.95      8      8      1   
  0.01   0.40   0.29   0.91     10      8      1   
  0.36   0.97   0.58   0.62      4      4      1   
  0.15   0.51   0.34   0.91      7      6      1   
  0.10   0.14   0.58   0.28      7      6      1   
  0.46   0.56   0.84   0.03      6      6      1   
  0.44   0.81   0.51   0.77      1      1      1   
  0.52   0.48   0.41   0.30      2      2      1   
  0.06   0.33   0.20   0.30      2      2      1   
  0.44   0.08   0.30   0.84      8      7      1   
  0.43   0.14   0.15   0.82     63      9      1   
  0.16   0.49   0.34   0.43      2      2      1   
  0.28   0.53   0.91   0.14      7      7      1   
  0.05   0.87   0.56   0.60      6      5      1   
  0.50   0.68   0.66   0.36      3      3      1   
  0.17   0.34   0.27   0.89      9      7      1   
  0.07   0.23   0.52   0.91      8      8      1   
  0.50   0.39   0.01   0.40      5      5      1   
  0.51   0.95   0.18   0.97      3      3      1   
  0.29   0.91   0.60   0.31      7      7      1   
  0.63   0.90   0.43   0.52      4      4      1   
  0.66   0.36   0.94   0.15      4      4      1   
  0.17   0.19   0.60   0.31      6      6      1   
  0.67   0.79   0.56   0.54      3      3      1   
  0.58   0.57   0.12   0.21      6      6      1   
  0.06   0.33   0.18   0.24      2      2      1   
  0.57   0.12   0.17   0.92     32      9      1   
  0.90   0.01   0.23   0.79     11     10      1   
  0.45   0.29   0.74   0.94      6      6      1   
  0.09   0.83   0.20   0.96      2      2      1   
  0.89   0.29   0.03   0.01     51      9      1   
  0.06   0.39   0.68   0.46      6      6      1   
  0.19   0.45   0.65   0.91      6      6      1   
  0.13   0.04   0.72   0.03     58      9      1   
  0.02   0.27   0.44   0.45      4      4      1   
  0.68   0.34   0.59   0.40      1      1      1   
  0.20   0.20   0.51   0.80      6      6      1   
  0.30   0.56   0.44   0.08      5      5      1   
  0.80   0.24   0.18   0.89      8      8      1   
  0.49   0.23   0.34   0.88      6      6      1   
  0.45   0.30   0.13   0.04     58      6      1   
  0.69   0.24   0.68   0.46      2      2      1   
  0.49   0.62   0.67   0.52      2      2      1   
  0.61   0.91   0.85   0.18      7      7      1   
  0.16   0.13   0.58   0.09     60      7      1   
  0.04   0.89   0.34   0.82      3      3      1   
  0.27   0.89   0.35   0.54      8      5      1   
  0.91   0.74   0.14   0.84      7      7      1   
  0.49   0.83   0.71   0.27      6      6      1   
  0.45   0.16   0.28   0.51      4      4      1   
  0.19   0.19   0.52   0.67      6      6      1   
  0.53   0.32   0.51   0.95      6      6      1   
  0.18   0.11   0.36   0.47      4      4      1   
  0.32   0.98   0.85   0.30      8      8      1   
  0.19   0.11   0.19   0.87     47      9      1   
  0.87   0.01   0.05   0.19     11      9      1   
  0.04   0.35   0.87   0.16     34      8      1   
  0.79   0.31   0.20   0.02     95      9      1   
  0.91   0.22   0.94   0.13      1      1      1   
  0.71   0.27   0.18   0.14     46      7      1   
  0.00   0.27   0.80   0.81      8      8      1   
  0.28   0.53   0.07   0.99     42      8      1   
  0.85   0.30   0.09   0.16     16      8      1   
  0.43   0.21   0.18   0.31      5      5      1   
  0.45   0.85   0.75   0.03      8      8      1   
  0.09   0.52   0.17   0.02      5      5      1   
  0.39   0.52   0.12   0.06      5      5      1   
  0.41   0.32   0.17   0.86     52      6      1   
  0.04   0.80   0.44   0.85      4      4      1   
  0.65   0.64   0.79   0.00      6      6      1   
  0.66   0.93   0.54   0.67      3      3      1   
  0.57   0.76   0.68   0.37      4      4      1   
  0.30   0.56   0.53   0.75      4      4      1   
  0.08   0.91   0.43   0.40      8      7      1   
  0.65   0.60   0.68   0.15      4      4      1   
  0.08   0.82   0.18   0.29     18      9      1   
  0.78   0.12   0.58   0.62      5      5      1   
  0.53   0.26   0.18   0.19     11      6      1   
  0.59   0.21   0.19   0.78     67      8      1   
  0.77   0.88   1.00   0.80      2      2      1   
  0.76   0.03   0.07   0.95     47     10      1   
  0.58   0.39   0.03   0.02     51      7      1   
  0.51   0.86   0.95   0.31      8      7      1   
  0.04   0.93   0.96   0.17     11     11      1   
  0.15   0.21   0.28   0.53      3      3      1   
  0.32   0.46   0.18   0.14      4      4      1   
  0.18   0.21   0.61   0.90      8      8      1   
  0.86   0.32   0.69   0.40      3      3      1   
  0.21   0.18   0.87   0.16     19      9      1   
  0.19   0.87   0.02   0.39     63      8      1   
  0.12   0.13   0.22   0.39      3      3      1   
  0.75   0.12   0.21   0.24     12      7      1   
  0.51   0.16   0.56   0.30      2      2      1   
  0.18   0.11   0.70   0.88      9      9      1   
  0.15   0.03   0.68   0.98     10     10      1   
  0.38   0.84   0.08   0.44     59      7      1   
  0.89   0.08   0.05   0.30      9      8      1   
  0.58   0.18   0.47   0.52      4      4      1   
  0.15   0.02   0.58   0.18     27      7      1   
  0.20   0.02   0.60   0.51      7      7      1   
  0.68   0.10   0.99   0.76     27      8      1   
  0.95   0.82   0.48   0.01      9      9      1   
  0.20   0.13   0.59   0.82      8      7      1   
  0.03   0.24   0.05   0.24      1      1      1   
  0.36   0.97   0.49   0.50      5      5      1   
  0.55   0.08   0.16   0.17     14      7      1   
  0.81   0.84   0.68   0.37      5      5      1   
  0.66   0.36   0.02   0.14     16      7      1   
  0.12   0.13   0.85   0.18     19      8      1   
  0.22   0.48   0.14   0.46      1      1      1   
  0.86   0.10   0.87   0.17      1      1      1   
  0.01   0.08   0.49   0.10     66      8      1   
  0.70   0.66   0.79   0.18      5      5      1   
  0.05   0.86   0.80   0.81      7      7      1   
  0.58   0.39   0.13   0.54      4      4      1   
  1.00   0.80   0.23   0.85      7      7      1   
  0.16   0.45   0.00   0.12      3      3      1   
  0.16   0.31   0.52   0.91      7      7      1   
  0.86   0.09   0.08   0.82     53     10      1   
  0.40   0.03   0.48   0.01      1      1      1   
  0.43   0.69   0.01   0.31      6      6      1   
  0.17   0.86   0.59   0.27      8      7      1   
  0.49   0.28   0.19   0.44      3      3      1   
  0.32   0.90   0.49   0.23      6      6      1   
  0.89   0.25   0.84   0.02      2      2      1   
  0.97   0.82   0.43   0.52      6      6      1   
  0.18   0.37   0.79   0.24      6      6      1   
  0.45   0.78   0.53   0.26      5      5      1   
  0.64   0.21   0.43   0.94      7      7      1   
  0.92   0.24   0.62   0.09      3      3      1   
  0.51   0.23   0.08   0.86     89      8      1   
  0.93   0.83   0.05   0.34      9      9      1   
  0.97   0.17   0.69   0.06      3      3      1   
  0.34   0.98   0.95   0.82      6      6      1   
  0.67   0.01   0.34   0.52      6      6      1   
  0.44   0.81   0.57   0.17      6      6      1   
  0.92   0.83   0.45   0.04      9      9      1   
  0.62   0.02   0.37   0.43      4      4      1   
  0.21   0.27   0.54   0.31      6      4      1   
  0.70   0.76   0.59   0.74      1      1      1   
  0.45   0.29   0.81   0.00      4      4      1   
  0.07   0.95   0.66   0.72      6      6      1   
  0.86   0.10   0.20   0.02     98     10      1   
  0.16   0.45   0.71   0.30      5      5      1   
  0.36   0.97   0.22   0.91      2      2      1   
  0.88   0.03   0.96   0.16      2      2      1   
  0.82   0.12   0.88   0.03      1      1      1   
  0.80   0.24   0.02   0.39      8      8      1   
  0.08   0.11   0.87   0.01     61      9      1   
  0.44   0.90   0.46   0.76      2      2      1   
  0.65   0.18   0.87   0.15      2      2      1   
  0.93   0.94   0.62   0.14      9      8      1   
  0.13   0.04   0.74   0.94     10     10      1   
  0.95   0.12   0.20   0.96     11     10      1   
  0.42   0.32   0.49   0.83      5      5      1   
  0.73   0.90   0.50   0.06      8      8      1   
  0.57   0.01   0.52   0.73      7      7      1   
  0.20   0.35   0.92   0.77      8      8      1   
  0.14   0.02   0.67   0.30      9      8      1   
  0.05   0.19   0.06   0.23      1      1      1   
  0.80   0.15   0.68   0.03      2      2      1   
  0.59   0.98   0.87   0.25      8      8      1   
  0.20   0.51   0.86   0.12      7      7      1   
  0.11   0.81   0.56   0.26      8      8      1   
  0.21   0.17   0.18   0.12      1      1      1   
  0.68   0.46   0.27   0.45      4      4      1   
  0.35   0.85   0.94   0.15      8      8      1   
  0.24   0.98   0.16   0.24     18      8      1   
  0.58   0.93   0.13   0.11      9      9      1   
  0.16   0.17   0.13   0.29      1      1      1   
  0.57   0.00   0.76   0.19      3      3      1   
  0.30   0.40   0.05   0.05      4      4      1   
  0.68   0.31   0.07   0.02     50      8      1   
  0.91   0.94   0.06   0.99      8      8      1   
  0.12   0.06   0.21   0.17      2      2      1   
  0.16   0.98   0.45   0.28      9      8      1   
  0.79   0.31   0.18   0.24     14      7      1   
  0.45   0.28   0.18   0.12     47      5      1   
  0.75   0.12   0.28   0.48      5      5      1   
  0.45   0.72   0.00   0.39      6      6      1   
  0.15   0.03   0.35   0.95     10      9      1   
  0.91   0.95   0.14   0.24     10      9      1   
  0.20   0.25   0.76   0.02     69      7      1   
  0.51   0.21   0.70   0.48      3      3      1   
  0.63   0.04   0.04   0.93     58     11      1   
  0.01   0.94   0.16   0.17     24     11      1   
  0.16   0.17   0.14   0.02      2      2      1   
  0.60   0.73   0.05   0.90      5      5      1   
  0.66   0.93   0.65   0.80      2      2      1   
  0.60   0.03   0.64   0.71      6      6      1   
  0.21   0.27   0.15   0.03      2      2      1   
  0.90   0.96   0.53   0.26      7      7      1   
  0.12   0.24   0.15   0.82     35      9      1   
  0.28   0.53   0.80   0.81      6      6      1   
  0.57   0.38   0.62   0.60      2      2      1   
  0.86   0.89   0.08   0.11     37     10      1   
  0.83   0.81   0.51   0.97      3      3      1   
  0.02   0.30   0.32   0.89      9      8      1   
  0.93   0.08   0.17   0.86     10     10      1   
  0.96   0.16   0.74   0.06      2      2      1   
  0.86   0.10   0.77   0.29      2      2      1   
  0.55   0.56   0.79   0.98      4      4      1   
  0.20   0.47   0.60   0.51      4      4      1   
  0.67   0.32   0.82   0.12      3      3      1   
  0.02   0.35   0.20   0.29      2      2      1   
  0.08   0.28   0.03   0.40      2      2      1   
  0.17   0.46   0.96   0.83      8      8      1   
  0.15   0.48   0.23   0.98      8      7      1   
  0.08   0.24   0.30   0.95     10      9      1   
  0.77   0.88   0.58   0.09      8      8      1   
  0.01   0.82   0.64   0.64      6      6      1   
  0.18   0.11   0.36   0.54      4      4      1   
  0.58   0.93   0.01   0.24      9      8      1   
  0.69   0.27   0.74   0.21      1      1      1   
  0.51   0.55   0.37   0.40      2      2      1   
  0.68   0.31   0.50   0.50      3      3      1   
  0.40   0.09   0.20   0.96     21      9      1   
  0.66   0.06   0.37   0.47      5      5      1   
  0.18   0.56   0.05   0.19      4      4      1   
  0.41   0.23   0.19   0.19     14      5      1   
  0.43   0.94   0.02   0.18     59      8      1   
  0.59   0.98   0.15   0.48     50      7      1   
  0.79   0.77   0.58   0.16      6      6      1   
  0.46   0.56   0.58   0.68      2      2      1   
  0.19   0.19   0.00   0.45      3      3      1   
  0.42   0.18   0.15   0.29      5      5      1   
  0.52   0.12   0.10   0.93     46      9      1   
  0.99   0.97   0.85   0.05     11     10      1   
  0.19   0.90   0.72   0.23      8      8      1   
  0.20   0.20   0.81   0.85      8      8      1   
  0.11   0.50   0.64   0.64      5      5      1   
  0.88   0.89   0.74   0.06      9      8      1   
  0.70   0.77   0.69   0.17      6      6      1   
  0.46   0.80   0.58   0.25      5      5      1   
  0.11   0.31   0.65   0.91      7      7      1   
  0.97   0.82   0.03   0.24     10     10      1   
  0.06   0.23   0.08   0.28      1      1      1   
  0.71   0.27   0.08   0.82     97      8      1   
  0.66   0.93   0.45   0.16      7      7      1   
  0.69   0.94   0.60   0.03      8      8      1   
  0.43   0.69   0.54   0.31      4      4      1   
  0.81   0.00   0.30   0.55      7      7      1   
  1.00   0.97   0.60   0.31      8      7      1   
  0.45   0.30   0.59   0.37      2      2      1   
  0.16   0.49   0.90   0.17      7      7      1   
  0.44   0.94   0.63   0.97      2      2      1   
  0.03   0.40   0.45   0.98      9      8      1   
  0.03   0.32   0.05   0.41      1      1      1   
  0.74   0.21   0.96   0.75     14      8      1   
  0.11   0.50   0.08   0.28      2      2      1   
  0.12   0.23   0.74   0.82      8      8      1   
  0.15   0.82   0.71   0.93      5      5      1   
  0.20   0.36   0.52   0.91      6      6      1   
  0.46   0.80   0.01   0.94      5      5      1   
  0.43   0.94   0.80   0.02      9      9      1   
  0.13   0.17   0.98   0.30     10      9      1   
  0.50   0.03   0.59   0.06      1      1      1   
  0.14   0.24   0.87   0.17     23      8      1   
  0.15   0.03   0.75   0.12     21      9      1   
  0.03   0.32   0.18   0.12      2      2      1   
  0.46   0.80   0.91   0.22      7      7      1   
  0.60   0.70   0.76   0.02      6      6      1   
  0.51   0.16   0.16   0.95     33      9      1   
  0.84   0.78   0.03   0.40      8      8      1   
  0.92   0.83   0.52   0.34      6      6      1   
  0.50   0.50   0.17   0.50      3      3      1   
  0.04   0.13   0.54   0.67      6      6      1   
  0.52   0.48   0.21   0.91      5      5      1   
  0.18   0.97   0.62   0.14      9      9      1   
  0.80   0.11   0.58   0.25      3      3      1   
  0.79   0.24   0.21   0.17     37      8      1   
  0.20   0.25   0.85   0.30      8      7      1   
  0.60   0.52   0.80   0.87      4      4      1   
  0.65   0.64   0.15   0.98      5      5      1   
  0.20   0.11   0.15   0.82     36     10      1   
  0.13   0.17   0.78   0.09     49      8      1   
  0.17   0.86   0.41   0.35      7      6      1   
  0.16   0.88   0.55   0.03     11     10      1   
  0.19   0.41   0.97   0.30      7      7      1   
  0.88   0.03   0.26   0.79     10     10      1   
  0.16   0.49   0.77   0.88      7      7      1   
  0.09   0.43   0.57   0.05     84      6      1   
  0.03   0.14   0.86   0.12     26      9      1   
  0.36   0.42   0.51   0.16      3      3      1   
  0.60   0.31   0.91   0.81      7      6      1   
  0.49   0.37   0.24   0.79     19      6      1   
  0.45   0.38   0.34   0.52      2      2      1   
  0.50   0.68   0.65   0.75      2      2      1   
  0.54   0.31   0.74   0.25      2      2      1   
  0.11   0.16   0.68   0.46      7      6      1   
  0.12   0.11   0.32   0.98     11      9      1   
  0.64   0.21   0.05   0.24     12      7      1   
  0.16   0.49   0.64   0.63      5      5      1   
  0.42   0.41   0.02   0.18      4      4      1   
  0.43   0.52   0.95   0.82      6      6      1   
  0.21   0.24   0.20   0.29      1      1      1   
  0.67   0.82   0.23   0.46      5      5      1   
  0.49   0.68   0.08   0.90      4      4      1   
  0.95   0.25   0.09   0.08     47     10      1   
  0.77   0.13   0.50   0.50      4      4      1   
  0.16   0.45   0.58   0.67      4      4      1   
  0.81   0.85   0.15   0.51      7      7      1   
  0.63   0.99   0.02   0.27     10      9      1   
  0.12   0.06   0.18   0.14      1      1      1   
  0.78   0.20   0.39   0.91      7      7      1   
  0.87   0.01   0.71   0.15      2      2      1   
  0.76   0.03   0.75   0.03      1      1      1   
  0.49   0.28   0.75   0.80      5      5      1   
  0.68   0.76   0.22   0.17     32      7      1   
  0.15   0.82   0.66   0.39      7      7      1   
  0.04   0.93   0.11   0.91      1      1      1   
  0.56   0.15   0.87   0.17      3      3      1   
  0.87   0.01   0.19   0.45      7      7      1   
  0.23   0.98   0.42   0.32     10      6      1   
  0.62   0.36   0.20   0.20     21      5      1   
  0.68   0.31   0.56   0.56      3      3      1   
  0.55   0.28   0.86   0.12      3      3      1   
  0.18   0.11   0.99   0.97     11     11      1   
  0.13   0.27   0.24   0.98     12      8      1   
  0.68   0.98   0.91   0.01     10      9      1   
  0.19   0.06   0.21   0.01      1      1      1   
  0.70   0.48   0.46   0.88      4      4      1   
  0.45   0.78   0.85   0.30      6      6      1   
  0.47   0.28   0.46   0.76      5      5      1   
  0.15   0.51   0.98   0.95      9      9      1   
  0.65   0.01   0.70   0.81      7      7      1   
  0.21   0.97   0.26   0.42     13      7      1   
  0.12   0.24   0.91   0.14     23      8      1   
  0.13   0.83   0.89   0.29     10      9      1   
  0.71   0.27   0.61   0.91      6      6      1   
  0.43   0.69   0.13   0.05      7      7      1   
  0.38   0.44   0.18   0.37      2      2      1   
  0.40   0.08   0.21   0.53      5      5      1   
  0.66   0.65   0.79   0.77      2      2      1   
  0.13   0.89   0.88   0.29     10      9      1   
  0.78   0.20   0.43   0.33      4      4      1   
  0.12   0.13   0.94   0.13     23      9      1   
  0.45   0.10   0.36   0.82      7      7      1   
  0.50   0.06   0.18   0.11     58      7      1   
  0.17   0.57   0.30   0.41      2      2      1   
  0.64   0.94   0.08   0.86      5      5      1   
  0.17   0.21   0.16   0.30      1      1      1   
  0.04   0.13   0.11   0.54      4      4      1   
  0.19   0.41   0.09   0.81     81      8      1   
  0.12   0.06   0.19   0.01      1      1      1   
  0.24   0.49   0.41   0.22      3      3      1   
  0.23   0.46   0.16   0.98     30      7      1   
  0.18   0.97   0.21   0.91      1      1      1   
  0.36   0.47   0.81   0.91      6      6      1   
  0.69   0.38   0.02   0.78     91      8      1   
  0.44   0.85   0.18   0.11      8      8      1   
  0.41   0.22   0.14   0.46      4      4      1   
  0.95   0.31   0.94   0.22      1      1      1   
  0.70   0.48   0.91   0.20      4      4      1   
  0.05   0.86   0.90   0.27     11     10      1   
  0.82   0.30   0.50   0.69      5      5      1   
  0.03   0.40   0.65   0.46      6      6      1   
  0.06   0.20   0.72   0.23     16      7      1   
  0.12   0.35   0.21   0.24      2      2      1   
  0.55   0.28   0.20   0.10     69      6      1   
  0.00   0.39   0.56   0.52      5      5      1   
  0.52   0.89   0.37   0.83      2      2      1   
  0.51   0.77   0.44   0.38      4      4      1   
  0.15   0.03   0.41   0.82      9      8      1   
  0.46   0.42   0.60   0.31      2      2      1   
  0.86   0.93   0.05   0.90      7      7      1   
  0.48   0.01   0.50   0.50      5      5      1   
  0.66   0.46   0.51   0.91      5      4      1   
  0.66   0.36   0.87   0.17      3      3      1   
  0.59   0.98   0.52   0.67      3      3      1   
  0.38   0.84   0.22   0.41      6      6      1   
  0.56   0.39   0.10   0.79     74      7      1   
  0.44   0.45   0.17   0.54      3      3      1   
  0.30   0.41   0.08   0.82     96      7      1   
  0.20   0.47   0.45   0.29      3      3      1   
  0.69   0.24   0.51   0.56      3      3      1   
  0.08   0.91   0.91   0.95      8      7      1   
  0.15   0.46   0.64   0.21      5      5      1   
  0.08   0.52   0.80   0.24      7      7      1   
  0.06   0.33   0.87   0.17     24      8      1   
  0.74   0.81   0.14   0.56      7      6      1   
  0.51   0.77   0.49   0.71      1      1      1   
  0.67   0.82   0.49   0.31      5      5      1   
  0.17   0.02   0.09   0.27      3      3      1   
  0.01   0.08   0.78   0.77      9      9      1   
  0.17   0.34   0.10   0.18      2      2      1   
  0.94   0.13   0.69   0.45      4      4      1   
  0.78   0.74   0.58   0.18      6      6      1   
  0.32   0.98   0.19   0.01    113     10      1   
  0.79   0.18   0.45   0.28      3      3      1   
  0.97   0.05   0.14   0.23     15      9      1   
  0.83   0.06   0.92   0.24      2      2      1   
  0.16   0.49   0.83   0.81      7      7      1   
  0.17   0.21   0.14   0.06      2      2      1   
  0.63   0.80   0.88   0.16      7      7      1   
  0.09   0.81   0.20   0.47     17      8      1   
  0.54   0.64   0.28   0.48      3      3      1   
  0.88   0.16   0.17   0.78     69     10      1   
  0.24   0.50   0.13   0.29      2      2      1   
  0.34   0.43   0.08   0.86     72      7      1   
  0.92   0.83   0.41   0.04      9      9      1   
  0.97   0.05   0.08   0.27     10      9      1   
  0.49   0.37   0.56   0.54      2      2      1   
  0.34   0.82   0.14   0.30     29      7      1   
  0.20   0.10   0.74   0.75      8      8      1   
  0.23   0.85   0.60   0.03     10      9      1   
  0.88   0.29   0.61   0.28      3      3      1   
  0.73   0.08   0.52   0.12      2      2      1   
  0.22   0.48   0.68   0.66      5      5      1   
  0.76   0.03   0.22   0.41      6      6      1   
  0.05   0.41   0.53   0.32      5      5      1   
  0.58   0.62   0.66   0.36      3      3      1   
  0.64   0.63   0.01   0.04     57      8      1   
  0.69   0.95   0.60   0.52      4      4      1   
  0.28   0.53   0.18   0.97     29      7      1   
  0.51   0.22   0.51   0.95      7      7      1   
  0.52   0.67   0.03   0.89      5      5      1   
  0.16   0.45   0.59   0.37      4      4      1   
  0.49   0.56   0.85   0.26      4      4      1   
  0.02   0.35   0.08   0.04      3      3      1   
  0.16   0.37   0.46   0.14     51      5      1   
  0.44   0.12   0.67   0.01      3      3      1   
  0.17   0.27   0.62   0.36      5      5      1   
  0.16   0.86   0.86   0.10     10      9      1   
  0.63   0.81   0.76   0.19      6      6      1   
  0.17   0.78   0.01   0.24     56     10      1   
  0.51   0.56   0.56   0.39      2      2      1   
  0.88   0.19   0.28   0.53      7      7      1   
  0.17   0.27   0.69   0.45      5      5      1   
