  0.18   0.15   0.99   0.14      7      7      1   
  0.82   0.06   0.03   0.16      7      7      1   
  0.84   0.04   0.55   0.15      3      3      1   
  0.03   0.39   0.23   0.42      2      2      1   
  0.04   0.05   0.22   0.18      2      2      1   
  0.06   0.52   0.45   0.05      6      6      1   
  0.42   0.86   0.67   0.79      3      3      1   
  0.59   0.70   0.78   0.84      2      2      1   
  0.16   0.44   0.31   0.08      4      4      1   
  0.32   0.84   0.01   0.14     30      8      1   
  0.67   0.65   0.43   0.01      6      6      1   
  0.24   0.10   0.46   0.25      3      3      1   
  0.43   0.66   0.61   0.07      5      5      1   
  0.09   0.16   0.32   0.54      4      4      1   
  0.37   0.97   0.25   1.00      1      1      1   
  0.57   0.72   0.49   0.83      2      2      1   
  0.95   0.26   0.22   0.26      7      7      1   
  0.48   0.23   0.61   0.28      2      2      1   
  0.85   0.94   0.12   0.81      7      7      1   
  0.05   0.01   0.23   0.13      2      2      1   
  0.24   0.02   0.03   0.16      3      3      1   
  0.87   1.00   0.36   0.23      8      8      1   
  0.17   0.19   0.31   0.15      2      2      1   
  0.22   0.27   0.40   0.23      2      2      1   
  0.90   0.21   0.47   0.28      4      4      1   
  0.28   0.17   0.93   0.24      6      6      1   
  0.17   0.01   0.92   0.85     10     10      1   
  0.17   0.38   0.01   0.28      2      2      1   
  0.65   0.83   0.33   0.27      6      6      1   
  0.23   0.48   0.63   0.65      4      4      1   
  0.05   0.01   0.75   0.87     10     10      1   
  0.30   0.28   0.28   0.85     12      7      1   
  0.97   0.17   0.88   0.17      1      1      1   
  0.69   0.38   0.66   0.62      2      2      1   
  0.43   0.44   0.53   0.22      2      2      1   
  0.27   0.80   0.49   0.81      2      2      1   
  0.68   0.17   0.05   0.82     81      9      1   
  0.50   0.74   0.65   0.72      2      2      1   
  0.81   0.11   0.32   0.83      8      8      1   
  0.40   0.18   0.01   0.80     91      9      1   
  0.59   0.07   0.50   0.87      7      7      1   
  0.37   0.27   0.85   0.23      4      4      1   
  0.11   0.87   0.19   0.20     17      9      1   
  0.71   0.07   0.99   0.14      3      3      1   
  0.61   0.19   0.46   0.19      2      2      1   
  0.81   0.17   0.11   0.32      6      6      1   
  0.46   0.19   0.28   0.06      2      2      1   
  0.65   0.83   0.22   0.26      6      6      1   
  0.76   0.05   0.92   0.85     13      9      1   
  0.92   0.84   0.96   0.01     17     10      1   
  0.22   0.37   0.10   0.28      2      2      1   
  0.55   0.27   0.96   0.02      5      5      1   
  0.95   0.26   0.71   0.14      3      3      1   
  0.17   0.38   0.48   0.72      5      5      1   
  0.01   0.20   0.15   0.53      3      3      1   
  0.18   0.81   0.08   0.12     26      9      1   
  0.87   1.00   0.26   0.03     10     10      1   
  0.99   0.29   0.14   0.37      8      8      1   
  0.35   0.10   0.60   0.45      4      4      1   
  0.12   0.43   0.18   0.19      3      3      1   
  0.15   0.29   0.39   0.16      3      3      1   
  0.24   0.07   0.44   0.38      4      4      1   
  0.22   0.26   0.15   0.94     42      8      1   
  0.39   0.05   0.32   0.05      1      1      1   
  0.24   0.00   0.57   0.63      7      6      1   
  0.67   0.25   0.56   0.02      3      3      1   
  0.08   0.27   0.75   0.96      9      9      1   
  0.66   0.87   0.23   0.27      7      7      1   
  0.47   0.28   0.69   0.17      2      2      1   
  0.26   0.11   0.69   0.06      4      4      1   
  0.12   0.43   0.51   0.07      5      5      1   
  0.91   0.94   0.61   0.21      9      7      1   
  0.24   0.97   0.44   0.66      4      3      1   
  0.40   0.37   0.45   0.11      3      3      1   
  0.76   0.05   0.20   0.91      9      9      1   
  0.42   0.85   0.51   0.91      1      1      1   
  0.70   0.87   0.51   0.21      6      6      1   
  0.05   0.25   0.20   0.42      2      2      1   
  0.24   0.07   0.58   0.39      4      4      1   
  0.58   0.26   0.44   0.41      2      2      1   
  0.61   0.19   0.39   0.05      3      3      1   
  0.65   0.51   0.34   0.87      4      4      1   
  0.61   0.64   0.16   0.13      6      6      1   
  0.81   0.07   0.01   0.81     78     11      1   
  0.05   0.01   0.69   0.24      6      6      1   
  0.75   0.83   0.22   0.26      7      7      1   
  0.62   0.12   0.78   0.24      2      2      1   
  0.30   0.41   0.63   0.58      4      3      1   
  0.90   0.93   0.43   0.66      5      5      1   
  0.00   0.52   0.75   0.08      8      8      1   
  0.80   0.21   0.82   0.97      8      8      1   
  0.67   0.79   0.27   0.22      6      6      1   
  0.48   0.05   0.86   0.26      4      4      1   
  0.12   0.43   0.27   0.31      2      2      1   
  0.72   0.03   0.16   0.42      7      6      1   
  0.34   0.83   0.24   0.97      2      2      1   
  0.36   0.51   0.43   0.66      2      2      1   
  0.29   0.20   0.73   0.25      4      4      1   
  0.10   0.28   0.65   0.72      6      6      1   
  0.28   0.95   0.13   0.03     26      9      1   
  0.36   0.51   0.48   0.23      3      3      1   
  0.36   0.12   0.40   0.00      1      1      1   
  0.27   0.02   0.16   0.89     32      9      1   
  0.62   0.26   0.17   0.01      5      5      1   
  0.56   0.32   0.75   0.30      2      2      1   
  0.40   0.42   0.05   0.36      3      3      1   
  0.77   0.25   0.80   0.02      2      2      1   
  0.67   0.96   0.44   0.35      6      6      1   
  0.58   0.56   0.56   0.54      1      1      1   
  0.25   0.95   0.58   0.13      8      8      1   
  0.23   0.97   0.57   0.10      9      9      1   
  0.87   1.00   0.73   0.20      9      8      1   
  0.36   0.42   0.27   0.87     10      5      1   
  0.03   0.08   0.55   0.76      8      8      1   
  0.07   0.41   0.57   0.23      5      5      1   
  0.29   0.44   0.11   0.84     33      7      1   
  0.34   0.87   0.25   0.93      1      1      1   
  0.15   0.94   0.53   0.21      8      8      1   
  0.60   0.42   0.37   0.27      3      3      1   
  0.40   0.21   0.63   0.08      3      3      1   
  0.05   0.00   0.78   0.90     10     10      1   
  0.37   0.88   0.02   0.42     70      6      1   
  0.32   0.54   0.13   0.32      3      3      1   
  0.51   0.62   0.81   0.17      5      5      1   
  0.25   0.40   0.22   0.27      1      1      1   
  0.47   0.06   0.57   0.02      1      1      1   
  0.19   0.51   0.66   0.93      6      6      1   
  0.24   0.10   0.99   0.01      7      7      1   
  0.78   0.04   0.15   0.88     36     10      1   
  0.97   0.85   0.87   0.91      1      1      1   
  0.77   0.85   0.37   0.88      4      4      1   
  0.97   0.99   0.67   0.15      9      9      1   
  0.75   0.88   0.01   0.28      9      9      1   
  0.53   0.21   0.13   0.37      4      4      1   
  0.42   0.03   0.56   0.02      2      2      1   
  0.48   0.54   0.57   0.49      1      1      1   
  0.81   0.84   0.96   0.08     19      9      1   
  0.11   0.92   0.21   0.02     19     10      1   
  0.11   0.84   0.16   0.42     33      7      1   
  0.54   0.17   0.67   0.79      6      6      1   
  0.28   0.17   0.11   0.02      2      2      1   
  0.58   0.26   0.83   0.13      3      3      1   
  0.51   0.19   0.16   0.44      4      4      1   
  0.49   0.84   0.38   0.94      2      2      1   
  0.76   0.09   0.67   0.65      5      5      1   
  0.32   0.38   0.11   0.20      3      3      1   
  0.14   0.55   0.37   0.88      5      5      1   
  0.42   0.05   0.45   0.05      1      1      1   
  0.41   0.48   0.92   0.15      6      6      1   
  0.05   0.53   0.14   0.99     32      8      1   
  0.68   0.33   0.84   0.98      6      6      1   
  0.78   0.84   0.34   0.50      5      5      1   
  0.83   0.13   0.86   0.26      2      2      1   
  0.12   0.80   0.61   0.55      6      6      1   
  0.22   0.20   0.49   0.89      6      6      1   
  0.70   0.05   0.47   0.01      2      2      1   
  0.37   0.99   0.69   0.24      7      7      1   
  0.22   0.55   0.29   0.09      4      4      1   
  0.75   0.82   0.42   0.96      4      4      1   
  0.82   0.04   0.43   0.10      4      4      1   
  0.92   0.11   0.98   0.28      2      2      1   
  0.11   0.92   0.07   0.89      1      1      1   
  0.07   0.43   0.33   0.28      3      3      1   
  0.57   0.10   0.03   0.19      5      5      1   
  0.91   0.15   0.14   0.18      7      7      1   
  0.20   0.48   0.38   0.06      4      4      1   
  0.62   0.95   0.17   0.25      7      7      1   
  0.03   0.47   0.28   0.03      5      5      1   
  0.23   0.27   0.46   0.78      5      5      1   
  0.97   0.13   0.62   0.12      3      3      1   
  0.48   0.11   0.86   0.98      9      9      1   
  0.40   0.23   0.97   0.17      5      5      1   
  0.02   0.93   0.58   0.39      8      8      1   
  0.71   0.22   0.32   0.26      4      4      1   
  0.05   0.00   0.87   0.87     10     10      1   
  0.68   0.22   0.02   0.51      6      6      1   
  0.53   0.21   0.04   0.27      4      4      1   
  0.48   0.50   0.93   0.95      6      6      1   
  0.83   0.79   0.00   0.15     10     10      1   
  0.92   0.86   0.48   0.54      5      5      1   
  0.42   0.05   0.64   0.55      5      5      1   
  0.10   0.33   0.25   0.40      2      2      1   
  0.48   0.54   0.51   0.45      1      1      1   
  0.22   0.27   0.82   0.04      6      6      1   
  0.93   0.24   0.99   0.75     16      9      1   
  0.40   0.18   0.46   0.97      7      7      1   
  0.40   0.00   0.83   0.79      9      9      1   
  0.78   0.09   0.00   0.57      8      8      1   
  0.23   0.48   0.57   0.02      5      5      1   
  0.75   0.82   0.98   0.04     14      8      1   
  0.96   0.85   0.71   0.22      8      7      1   
  0.32   0.05   0.20   0.90     13      9      1   
  0.59   0.71   0.40   0.50      3      3      1   
  0.00   0.85   0.13   0.83      1      1      1   
  0.48   0.53   0.82   0.11      5      5      1   
  0.33   0.00   0.27   0.53      5      5      1   
  0.11   0.84   0.75   0.23      9      9      1   
  0.10   0.93   0.63   0.66      5      5      1   
  0.51   0.62   0.28   0.06      6      6      1   
  0.47   0.97   0.58   0.23      7      7      1   
  0.09   0.19   0.86   0.86      9      9      1   
  0.70   0.68   0.37   0.27      5      5      1   
  0.96   0.90   0.29   0.11      9      9      1   
  0.20   0.17   0.11   0.53      4      4      1   
  0.50   0.06   0.15   0.05      3      3      1   
  0.03   0.08   0.06   0.98     43     11      1   
  0.15   0.32   0.39   0.16      3      3      1   
  0.44   0.35   0.55   0.06      3      3      1   
  0.55   0.50   0.15   0.88      5      5      1   
  0.12   0.81   0.50   0.06      9      9      1   
  0.12   0.96   0.10   0.03     33     10      1   
  0.12   0.96   0.14   0.56     74      7      1   
  0.09   0.35   0.49   0.36      4      4      1   
  0.01   0.88   0.00   0.52     95     10      1   
  0.10   1.00   0.00   0.57     88      9      1   
  0.86   0.98   0.81   0.30     11      7      1   
  0.16   0.15   0.11   0.84     42      9      1   
  0.11   0.52   0.31   0.15      4      4      1   
  0.90   0.89   0.68   0.42      6      6      1   
  0.30   0.41   0.07   0.24      3      3      1   
  0.39   0.16   0.45   0.05      2      2      1   
  0.76   0.14   0.32   0.19      4      4      1   
  0.36   0.23   0.14   0.53      3      3      1   
  0.51   0.62   0.51   0.19      4      4      1   
  0.45   0.24   0.20   0.17      3      3      1   
  1.00   0.21   0.95   0.94     11      9      1   
  0.75   0.87   0.32   0.05      8      8      1   
  0.97   0.13   0.75   0.82      8      8      1   
  0.63   0.26   0.36   0.97      7      7      1   
  0.63   0.01   0.96   0.01      3      3      1   
  0.65   0.48   0.50   0.87      4      4      1   
  0.19   0.20   0.32   0.35      2      2      1   
  0.18   0.53   0.35   0.20      3      3      1   
  0.62   0.43   0.92   0.86      5      5      1   
  0.75   0.82   0.98   0.06     14      8      1   
  0.77   0.85   0.68   0.77      1      1      1   
  0.65   0.83   0.00   0.15      8      8      1   
  0.16   0.42   0.19   0.98     11      7      1   
  0.65   0.72   0.29   0.25      5      5      1   
  0.37   0.26   0.11   0.92     32      8      1   
  0.02   0.51   0.34   0.07      5      5      1   
  0.02   0.93   0.29   0.04     12     11      1   
  0.49   0.81   0.68   0.22      6      6      1   
  0.23   0.27   0.17   0.01      3      3      1   
  0.50   0.68   0.51   0.07      6      6      1   
  0.56   0.06   0.35   0.02      2      2      1   
  0.76   0.09   0.40   0.81      7      7      1   
  0.59   0.46   0.07   0.08      6      6      1   
  0.21   0.46   0.10   0.93     39      7      1   
  0.22   0.01   0.69   0.48      6      6      1   
  0.84   0.14   0.28   0.06      5      5      1   
  0.62   0.95   0.26   0.05      9      9      1   
  0.24   0.48   0.52   0.70      4      4      1   
  0.12   0.01   0.98   0.28      8      8      1   
  0.29   0.09   0.23   0.13      1      1      1   
  0.07   0.35   0.44   0.41      3      3      1   
  0.79   0.99   0.69   0.22      7      7      1   
  0.40   0.42   0.44   0.35      1      1      1   
  0.40   0.93   0.00   0.93      4      4      1   
  0.79   0.28   0.56   0.20      3      3      1   
  0.67   0.39   0.69   0.50      1      1      1   
  0.11   0.09   0.32   0.83      9      8      1   
  0.16   0.98   0.63   0.58      6      6      1   
  0.37   0.47   0.22   0.37      2      2      1   
  0.07   0.43   0.12   0.15      3      3      1   
  0.42   0.05   0.18   0.46      5      5      1   
  0.75   0.03   0.67   0.50      4      4      1   
  0.76   0.09   0.46   0.99      8      8      1   
  0.63   0.08   0.27   0.86      9      8      1   
  0.86   0.98   0.17   0.38      9      8      1   
  0.92   0.86   0.61   0.24      8      7      1   
  0.52   0.18   0.10   0.93     31      8      1   
  0.11   0.36   0.20   0.90     43      7      1   
  0.32   0.26   0.81   0.84      7      7      1   
  0.33   0.04   0.50   0.27      3      3      1   
  0.65   0.06   0.31   0.85      8      8      1   
  0.44   0.44   0.05   0.16      4      4      1   
  0.82   0.11   0.66   0.37      3      3      1   
  0.67   0.45   0.97   0.96      6      6      1   
  0.55   0.50   0.29   0.30      3      3      1   
  0.68   0.77   0.01   0.47      8      7      1   
  0.57   0.24   0.16   0.32      4      4      1   
  0.81   0.20   0.31   0.36      5      5      1   
  0.82   0.06   0.30   0.35      5      5      1   
  0.34   0.07   0.59   0.70      6      6      1   
  0.27   0.30   0.76   0.14      5      5      1   
  0.26   0.25   0.59   0.65      5      5      1   
  0.55   0.50   0.71   0.29      3      3      1   
  0.50   0.03   0.57   0.27      3      3      1   
  0.17   0.20   0.66   0.17      4      4      1   
  0.03   0.47   0.95   0.75      9      9      1   
  0.74   0.87   0.59   0.44      4      4      1   
  0.20   0.90   0.59   0.71      4      4      1   
  0.96   0.02   0.39   0.08      5      5      1   
  0.40   0.20   0.25   1.00     20      8      1   
  0.37   0.27   0.30   0.41      2      2      1   
  0.69   0.91   0.50   0.10      7      7      1   
  0.41   0.30   0.17   0.34      2      2      1   
  0.43   0.80   0.16   0.94      3      3      1   
  0.42   0.22   0.46   0.99      7      7      1   
  0.16   0.40   0.22   0.26      2      2      1   
  0.42   0.22   0.12   0.18      3      3      1   
  0.67   0.45   0.86   0.95      5      5      1   
  0.81   0.17   0.48   0.53      4      4      1   
  0.00   0.52   0.45   0.71      6      6      1   
  0.33   0.00   0.71   0.22      4      4      1   
  0.66   0.62   0.11   0.53      5      5      1   
  0.49   0.59   0.12   0.27      5      5      1   
  0.36   0.81   0.40   0.37      5      5      1   
  0.94   0.98   0.17   0.01     11     11      1   
  0.93   0.26   0.02   0.25      8      8      1   
  0.02   0.25   0.60   0.74      7      7      1   
  0.18   0.46   0.22   0.21      3      3      1   
  0.63   0.38   0.53   0.21      2      2      1   
  0.27   0.15   0.11   0.20      2      2      1   
  0.06   0.95   0.00   0.85      1      1      1   
  0.72   0.99   0.65   0.48      5      5      1   
  0.00   0.93   0.58   0.39      8      8      1   
  0.90   0.26   0.02   0.51      8      8      1   
  0.95   0.12   0.97   0.85     14      9      1   
  0.55   0.15   0.01   0.14      5      5      1   
  0.34   0.83   0.25   0.30     11      6      1   
  0.59   0.07   0.27   0.22      3      3      1   
  0.18   0.91   0.29   0.85      1      1      1   
  0.70   0.05   0.40   0.33      4      4      1   
  0.56   0.78   0.17   0.82      4      4      1   
  0.15   0.05   0.27   0.86     10      9      1   
  0.25   0.30   0.58   0.13      4      4      1   
  0.75   0.83   0.23   0.84      5      5      1   
  0.27   0.30   0.18   0.92     28      8      1   
  0.63   0.38   0.06   0.98      7      7      1   
  0.80   0.22   0.27   0.99      8      8      1   
  0.45   0.08   0.94   0.10      4      4      1   
  0.57   0.81   0.68   0.56      3      3      1   
  0.22   0.18   0.42   0.86      7      7      1   
  0.53   0.21   0.38   0.27      2      2      1   
  0.40   0.37   0.11   0.36      3      3      1   
  0.11   0.84   0.67   0.56      6      6      1   
  0.66   0.37   0.46   0.23      2      2      1   
  0.13   0.25   0.01   0.11      2      2      1   
  0.31   0.36   0.79   0.28      4      4      1   
  0.89   0.75   0.84   0.14      9      9      1   
  0.01   0.47   0.37   0.47      4      4      1   
  0.76   0.14   0.14   0.18      6      6      1   
  0.86   0.75   0.12   0.18      9      9      1   
  0.15   0.32   0.51   0.19      4      4      1   
  0.19   0.20   0.55   0.50      4      4      1   
  0.72   0.21   0.85   0.94      8      7      1   
  0.39   0.05   0.50   0.47      4      4      1   
  0.32   0.02   0.26   0.28      3      3      1   
  0.31   0.08   0.38   0.55      4      4      1   
  0.76   0.80   0.22   0.08      8      8      1   
  0.67   0.15   0.08   0.27      5      5      1   
  0.83   0.91   0.50   0.90      4      3      1   
  0.22   0.03   0.29   0.04      1      1      1   
  0.06   0.28   0.32   0.79      7      7      1   
  0.03   0.47   0.86   0.92      9      8      1   
  0.87   0.97   0.16   0.15     10     10      1   
  0.51   0.91   0.22   0.21      7      7      1   
  0.46   0.46   0.24   0.00      5      5      1   
  0.87   1.00   0.43   0.44      6      6      1   
  0.59   0.70   0.05   0.00      8      8      1   
  0.56   0.16   0.39   0.18      2      2      1   
  0.15   0.16   0.00   0.25      2      2      1   
  0.46   0.99   0.05   0.01     10      9      1   
  0.66   0.60   0.03   0.88      6      6      1   
  0.50   0.11   0.32   0.79      7      7      1   
  0.96   0.88   0.85   0.94      1      1      1   
  0.11   0.09   0.44   0.19      3      3      1   
  0.36   0.36   0.55   0.29      2      2      1   
  0.67   0.39   0.29   0.09      4      4      1   
  0.57   0.27   0.67   0.25      1      1      1   
  0.19   0.51   0.50   0.10      5      5      1   
  0.61   0.93   0.39   0.08      8      8      1   
  0.75   0.82   0.42   0.21      7      7      1   
  0.23   0.10   0.74   0.87      8      8      1   
  0.94   0.01   0.96   0.26      2      2      1   
  0.44   0.44   0.10   0.93     29      6      1   
  0.68   0.77   0.47   0.06      7      7      1   
  0.06   0.32   0.52   0.18      4      4      1   
  0.37   0.13   0.52   0.35      3      3      1   
  0.01   0.37   0.06   0.95     47     10      1   
  0.43   0.92   0.65   0.51      4      4      1   
  0.37   0.33   0.92   0.88      7      7      1   
  0.61   0.64   0.58   0.26      4      4      1   
  0.70   0.11   0.61   0.64      5      5      1   
  0.50   0.27   0.45   0.86      6      6      1   
  0.31   0.15   0.18   0.56      4      4      1   
  1.00   0.05   0.12   0.01      8      8      1   
  0.32   0.54   0.18   0.15      4      4      1   
  0.75   0.03   0.29   0.30      5      5      1   
  0.27   0.87   0.20   0.42     10      6      1   
  0.66   0.93   0.21   0.07      9      9      1   
  0.12   0.43   0.20   0.11      3      3      1   
  0.48   0.11   0.76   0.09      3      3      1   
  0.50   0.94   0.23   0.28     13      7      1   
  0.13   0.07   0.16   0.15      1      1      1   
  0.57   0.63   0.70   0.87      3      3      1   
  0.13   0.32   0.30   0.19      2      2      1   
  0.19   0.37   0.32   0.84      6      6      1   
  0.49   0.50   0.52   0.18      3      3      1   
  0.06   0.21   0.32   0.55      4      4      1   
  0.87   0.97   0.29   0.85      5      5      1   
  0.18   0.21   0.52   0.17      3      3      1   
  0.40   0.81   0.25   0.95      2      2      1   
  0.28   0.95   0.50   0.27      7      7      1   
  0.48   0.26   0.46   0.97      7      6      1   
  0.20   0.48   0.85   0.97      8      7      1   
  0.20   0.13   0.07   0.02      2      2      1   
  0.09   0.04   0.44   0.90      8      8      1   
  0.00   0.10   0.67   0.99     10     10      1   
  0.15   1.00   1.00   0.09     11     11      1   
  0.94   0.84   0.44   0.69      5      5      1   
  0.61   0.80   0.83   0.13      7      7      1   
  0.23   0.84   0.44   0.41      5      5      1   
  0.32   0.84   0.24   0.02     15      8      1   
  0.95   0.89   0.62   0.81      3      3      1   
  0.41   0.41   0.20   0.91      5      5      1   
  0.66   0.37   0.20   0.11      5      5      1   
  0.01   0.02   0.08   0.27      3      3      1   
  0.64   0.49   0.24   0.10      5      5      1   
  0.95   0.12   0.64   0.79      7      7      1   
  0.61   0.21   0.71   0.14      1      1      1   
  0.64   0.13   0.67   0.39      3      3      1   
  0.00   0.85   0.15   0.21     25     10      1   
  0.36   0.51   0.01   0.80     69      7      1   
  0.63   0.38   0.00   0.57      6      6      1   
  0.40   0.18   0.20   0.11      2      2      1   
  0.11   0.84   0.27   0.90      2      2      1   
  0.02   0.86   0.74   0.87      7      7      1   
  0.17   0.19   0.90   0.89      9      9      1   
  0.37   0.82   0.62   0.10      7      7      1   
  0.27   0.87   0.05   0.53     89      7      1   
  0.66   0.08   0.42   0.96      9      8      1   
  0.40   0.37   0.82   0.78      6      5      1   
  0.88   0.18   0.66   0.88      8      7      1   
  0.06   0.98   0.21   0.06     19     10      1   
  0.80   0.13   0.95   0.27      2      2      1   
  0.96   0.01   0.89   0.95     11     10      1   
  0.47   0.72   0.62   0.43      3      3      1   
  0.22   0.55   0.40   0.21      4      4      1   
  0.57   0.90   0.04   0.27      8      8      1   
  0.50   0.07   0.51   0.77      6      6      1   
  0.10   0.03   0.02   0.36      3      3      1   
  0.40   0.18   0.48   0.26      1      1      1   
  0.58   0.26   0.24   0.10      4      4      1   
  0.79   0.99   0.67   0.75      3      3      1   
  0.31   0.15   0.22   0.55      4      4      1   
  0.66   0.08   0.22   0.37      5      5      1   
  0.11   0.19   0.41   0.07      3      3      1   
  0.23   0.10   0.60   0.42      5      5      1   
  0.32   0.84   0.57   0.24      6      6      1   
  0.70   0.05   0.61   0.49      4      4      1   
  0.23   0.99   0.46   0.23      8      7      1   
  0.27   0.47   0.49   0.08      4      4      1   
  0.57   0.49   0.31   0.85      4      4      1   
  0.56   0.54   0.24   0.18      5      5      1   
  0.43   0.78   0.48   0.15      5      5      1   
  0.66   0.37   0.45   0.05      4      4      1   
  0.50   0.11   0.05   0.51      6      6      1   
  0.36   0.81   0.73   0.20      7      7      1   
  0.01   0.11   0.67   0.65      7      7      1   
  0.49   0.08   0.58   0.56      4      4      1   
  0.76   0.99   0.67   0.88      2      2      1   
  0.46   0.23   0.57   0.49      3      3      1   
  0.47   0.29   0.29   0.25      2      2      1   
  0.83   0.27   0.25   0.30      5      5      1   
  0.67   0.25   1.00   0.87      7      7      1   
  0.48   0.23   0.44   0.02      2      2      1   
  0.03   0.01   0.18   0.09      2      2      1   
  0.08   0.27   0.15   0.53      3      3      1   
  0.09   0.01   0.16   0.89     49     10      1   
  0.27   0.90   0.75   0.23      8      8      1   
  0.48   0.15   0.60   0.42      3      3      1   
  0.92   0.88   0.11   0.84      8      7      1   
  0.63   0.94   0.50   0.94      1      1      1   
  0.63   0.38   0.05   0.53      6      6      1   
  0.34   0.87   0.67   0.99      4      4      1   
  0.22   0.55   0.33   0.90      6      6      1   
  0.56   0.32   0.03   0.08      5      5      1   
  0.02   0.23   0.02   0.36      1      1      1   
  0.83   0.79   0.18   0.27      8      8      1   
  0.64   0.92   0.02   0.18      9      9      1   
  0.82   0.95   0.05   0.00     11     10      1   
  0.96   0.01   0.85   0.97     11     10      1   
  0.47   0.29   0.51   0.45      2      2      1   
  0.76   0.80   0.43   0.78      3      3      1   
  0.89   0.75   0.36   0.97      6      6      1   
  0.11   0.87   0.29   0.17     10      9      1   
  0.98   0.29   0.09   0.01      8      8      1   
  0.19   0.37   0.79   0.99      8      8      1   
  0.52   0.18   0.20   0.17      3      3      1   
  0.47   0.61   0.11   0.09      6      6      1   
  0.96   0.01   0.53   0.64      7      7      1   
  0.72   0.21   0.52   0.35      2      2      1   
  0.99   0.03   0.02   0.08      8      8      1   
  0.12   0.05   0.62   0.44      6      6      1   
  0.05   0.14   0.90   0.93     10     10      1   
  0.36   0.85   0.20   0.13     15      7      1   
  0.05   0.16   0.31   0.36      3      3      1   
  0.15   0.88   0.22   0.08     17      9      1   
  0.25   0.10   0.57   0.05      3      3      1   
  0.67   0.65   0.18   0.46      5      5      1   
  0.95   0.76   0.33   0.11      9      9      1   
  0.05   0.48   0.36   0.97      7      7      1   
  0.66   0.93   0.72   0.15      7      7      1   
  0.03   0.47   0.43   0.10      5      5      1   
  0.27   0.15   0.65   0.51      5      5      1   
  0.41   0.30   0.20   0.28      2      2      1   
  0.97   0.17   0.76   0.99      9      9      1   
  0.65   0.51   0.72   0.99      5      5      1   
  0.05   0.36   0.65   0.95      8      8      1   
  0.96   0.90   0.52   0.18      8      8      1   
  0.37   0.47   0.67   0.15      4      4      1   
  0.11   0.92   0.53   0.26      8      8      1   
  0.69   0.61   0.40   0.50      3      3      1   
  0.01   0.22   0.74   0.95     10      9      1   
  0.06   0.52   0.57   0.24      6      6      1   
  0.73   0.92   0.89   0.84      2      2      1   
  0.53   0.64   0.22   0.78      4      4      1   
  0.50   0.42   0.31   0.36      2      2      1   
  0.95   0.26   0.17   0.25      7      7      1   
  0.73   0.88   0.47   0.87      3      3      1   
  0.43   0.66   0.63   0.65      2      2      1   
  0.50   0.07   1.00   0.87      9      9      1   
  0.50   0.07   0.63   0.65      6      6      1   
  0.70   0.11   0.20   0.90     26      9      1   
  0.76   0.05   0.72   0.19      2      2      1   
  0.35   0.02   0.41   0.07      1      1      1   
  0.17   0.34   0.71   0.14      5      5      1   
  0.49   0.31   0.57   0.24      1      1      1   
  0.26   0.03   0.52   0.39      4      4      1   
  0.40   0.21   0.21   0.06      3      3      1   
  0.50   0.57   0.53   0.26      3      3      1   
  0.09   0.25   0.27   0.28      2      2      1   
  0.29   0.25   0.62   0.26      3      3      1   
  0.33   0.01   0.31   0.36      4      3      1   
  0.37   0.47   0.82   0.04      6      6      1   
  0.02   0.23   0.20   0.13      2      2      1   
  0.36   0.97   0.57   0.72      3      3      1   
  0.55   0.23   0.35   0.10      2      2      1   
  0.37   0.33   0.12   0.43      3      3      1   
  0.28   0.03   0.50   0.87      8      8      1   
  0.27   0.15   0.11   0.87     36      9      1   
  0.22   0.08   0.24   0.00      1      1      1   
  0.43   0.80   0.16   0.15      7      7      1   
  0.00   0.14   0.21   0.07      2      2      1   
  0.79   0.99   0.56   0.49      5      5      1   
  0.56   0.05   0.57   0.63      6      5      1   
  0.67   0.39   0.08   0.88      7      7      1   
  0.49   0.50   0.73   0.25      3      3      1   
  0.12   0.43   0.63   0.58      5      5      1   
  1.00   0.05   0.47   0.72      8      8      1   
  0.02   0.93   0.65   0.83      6      6      1   
  0.13   0.07   0.19   0.98     14     10      1   
  0.24   0.87   0.62   0.14      8      8      1   
  0.72   0.99   0.84   0.76      3      3      1   
  0.22   0.21   0.00   0.85     63      9      1   
  0.60   0.74   0.02   0.87      6      6      1   
  0.16   0.26   0.90   0.08      7      7      1   
  0.24   0.46   0.75   0.87      6      6      1   
  0.30   0.88   0.53   0.99      3      3      1   
  0.16   0.06   0.27   0.04      1      1      1   
  0.44   0.69   0.03   0.14      7      7      1   
  0.29   0.30   0.09   0.26      2      2      1   
  0.42   0.54   0.98   0.04      7      7      1   
  0.01   0.47   0.09   0.26      2      2      1   
  0.35   0.44   0.07   0.09      4      4      1   
  0.05   0.14   1.00   0.13      8      8      1   
  0.67   0.25   0.44   0.35      2      2      1   
  0.80   0.02   0.86   0.78      9      8      1   
  0.67   0.88   0.91   0.94      3      3      1   
  0.15   0.16   0.16   0.32      2      2      1   
  0.15   0.16   0.78   0.90      9      9      1   
  0.32   0.84   0.79   0.04      8      8      1   
  0.79   0.09   0.24   0.00      5      5      1   
  0.42   0.54   0.03   0.36      4      4      1   
  0.72   0.12   0.99   1.00     17      9      1   
  0.32   0.79   0.01   0.80      3      3      1   
  0.95   0.12   0.43   0.76      8      8      1   
  0.97   0.99   0.91   0.88      1      1      1   
  0.67   0.04   0.63   0.30      3      3      1   
  0.60   0.45   0.70   0.87      4      4      1   
  0.22   0.37   0.12   0.43      1      1      1   
  0.02   0.36   0.17   0.38      2      2      1   
  0.17   0.25   0.02   0.42      2      2      1   
  0.63   0.58   0.65   0.95      4      4      1   
  0.41   0.30   0.29   0.20      2      2      1   
  0.94   0.10   0.47   0.91      9      9      1   
  0.05   0.82   0.56   0.54      6      6      1   
  0.41   0.30   0.98   0.04      6      6      1   
  0.70   0.68   0.23   0.83      5      5      1   
  0.37   0.56   0.59   0.44      2      2      1   
  0.86   0.77   0.07   0.82      7      7      1   
  0.78   0.24   0.62   0.95      7      7      1   
  0.53   0.64   0.92   0.86      5      4      1   
  1.00   0.87   0.23   0.83      7      7      1   
  0.15   0.88   0.54   0.10      9      8      1   
  0.76   0.99   0.30   0.19      8      8      1   
  0.46   0.32   0.38   0.55      2      2      1   
  0.61   0.55   0.39   0.94      4      4      1   
  0.57   0.16   0.29   0.91      8      8      1   
  0.58   0.56   0.32   0.02      6      6      1   
  0.54   0.46   0.84   0.04      5      5      1   
  0.78   0.24   0.32   0.35      4      4      1   
  0.38   0.07   0.54   0.37      3      3      1   
  0.28   0.17   0.06   0.28      3      3      1   
  0.04   0.10   0.61   0.12      5      5      1   
  0.23   0.13   0.67   0.50      6      5      1   
  0.91   0.89   0.50   0.74      5      5      1   
  0.16   0.98   0.48   0.05     10      9      1   
  0.92   0.86   0.93   0.24     16      9      1   
  0.61   0.55   0.12   0.01      7      7      1   
  0.50   0.68   0.58   0.27      4      4      1   
  0.84   0.14   0.56   0.05      3      3      1   
  0.27   0.87   0.56   0.19      7      7      1   
  0.01   0.46   0.97   0.96     10     10      1   
  0.42   0.54   0.92   0.76      5      5      1   
  0.88   0.18   0.80   0.13      1      1      1   
  0.47   0.61   0.18   0.21      5      5      1   
  0.54   0.17   0.44   0.19      1      1      1   
  0.05   0.82   0.61   0.80      5      5      1   
  0.30   0.41   0.42   0.85      5      5      1   
  0.24   0.87   0.65   0.16      8      8      1   
  0.96   0.26   0.45   0.11      5      5      1   
  0.65   0.95   0.92   0.11      8      8      1   
  0.14   0.18   0.04   0.46      3      3      1   
  0.08   0.12   0.50   0.74      7      7      1   
  0.77   1.00   0.27   0.90      5      5      1   
  0.72   0.15   0.38   0.54      5      5      1   
  0.95   0.76   0.33   0.01     10     10      1   
  0.56   0.16   0.28   0.81     13      7      1   
  0.28   0.85   0.56   0.16      7      7      1   
  0.06   0.21   0.36   0.85      8      7      1   
  0.69   0.06   0.30   0.19      4      4      1   
  0.41   0.48   0.24   0.46      2      2      1   
  0.77   0.98   0.23   0.28      8      8      1   
  0.51   0.21   0.10   0.52      5      5      1   
  0.35   0.02   0.03   0.19      3      3      1   
  0.01   0.47   0.83   0.94      9      9      1   
  0.41   0.07   0.11   0.52      5      5      1   
  0.20   0.28   0.24   0.07      2      2      1   
  0.92   0.11   0.23   0.42      7      7      1   
  0.67   0.15   0.55   0.15      1      1      1   
  0.09   0.16   0.70   0.68      7      7      1   
  0.62   0.46   0.07   0.89      7      7      1   
  0.45   0.63   0.47   0.87      3      3      1   
  0.57   0.38   0.16   0.98      7      7      1   
  0.89   0.75   0.32   0.79      5      5      1   
  0.92   0.15   0.76   0.09      2      2      1   
  0.91   0.94   0.27   0.81      6      6      1   
  0.11   0.32   0.16   0.32      1      1      1   
  0.55   0.04   0.01   0.37      6      6      1   
  0.67   0.99   0.12   0.81      6      6      1   
  0.99   0.14   0.54   0.37      5      5      1   
  0.76   0.99   0.58   0.56      4      4      1   
  0.77   0.05   0.27   0.04      5      5      1   
  0.06   0.32   0.67   0.70      6      6      1   
  0.86   0.77   0.51   0.19      7      7      1   
  0.27   0.87   0.35   0.10      8      8      1   
  0.32   0.05   0.52   0.35      3      3      1   
  0.83   0.79   0.39   0.08      8      8      1   
  0.29   0.25   0.94   0.93      8      8      1   
  0.48   0.50   0.23   0.83      5      5      1   
  0.94   0.01   0.18   0.92     10     10      1   
  0.88   0.86   0.16   0.44      8      8      1   
  0.22   0.40   0.57   0.16      4      4      1   
  0.78   0.84   0.69   0.24      6      6      1   
  0.29   0.85   0.58   0.23      7      7      1   
  0.09   0.19   0.31   0.42      3      3      1   
  0.28   0.81   0.26   0.11     12      8      1   
  0.32   0.89   0.80   0.13      8      8      1   
  0.47   0.61   0.26   0.03      6      6      1   
  0.23   0.97   0.58   0.56      5      5      1   
  0.58   0.39   0.37   0.47      2      2      1   
  0.18   0.21   0.47   0.61      5      5      1   
  0.48   0.54   0.75   0.96      5      5      1   
  0.66   0.88   0.62   0.29      6      6      1   
  0.65   0.83   0.01   0.47      8      7      1   
  0.00   0.14   0.07   0.22      1      1      1   
  0.25   0.93   0.25   0.95      1      1      1   
  0.33   0.27   0.36   0.51      2      2      1   
  0.09   0.14   0.96   0.26      8      8      1   
  1.00   0.13   0.09   0.04      8      8      1   
  0.53   0.75   0.42   0.05      6      6      1   
  0.22   0.37   0.70   0.68      5      5      1   
  0.34   0.87   0.22   0.03     16      8      1   
  0.82   0.97   0.96   0.01     18     10      1   
  0.50   0.11   0.22   0.98     25      8      1   
  0.82   0.87   0.86   0.82      1      1      1   
  0.33   0.35   0.87   0.97      8      8      1   
  0.44   0.19   0.26   0.47      3      3      1   
  0.32   0.55   0.15   0.53      2      2      1   
  0.33   0.04   0.32   0.19      2      2      1   
  0.16   0.26   0.40   0.56      4      4      1   
  0.18   0.15   0.52   0.95      8      8      1   
  0.23   0.27   0.05   0.51      3      3      1   
  0.09   0.01   0.38   0.06      3      3      1   
  0.23   0.42   0.69   0.24      4      4      1   
  0.97   0.99   0.72   0.13     10      9      1   
  0.20   0.42   0.09   0.14      3      3      1   
  0.98   0.16   0.74   0.16      3      3      1   
  0.40   0.34   0.08   0.21      3      3      1   
  0.70   0.74   0.16   0.15      7      7      1   
  0.20   0.48   0.77   0.98      7      7      1   
  0.77   1.00   0.19   0.98      5      5      1   
  0.40   0.33   0.61   0.28      2      2      1   
  0.24   0.97   0.99   0.29     10     10      1   
  0.75   0.87   0.77   0.05      8      8      1   
  0.37   0.56   0.36   0.42      2      2      1   
  0.61   0.64   0.84   0.30      5      4      1   
  0.85   0.12   0.11   0.84     49     10      1   
  0.33   0.39   0.13   0.32      2      2      1   
  0.34   0.83   0.19   0.37     13      6      1   
  0.11   0.84   0.85   0.94      6      6      1   
  0.69   0.06   0.30   0.28      4      4      1   
  0.48   0.41   0.67   0.25      2      2      1   
  0.46   0.99   0.44   0.41      5      5      1   
  0.30   0.07   0.13   0.03      2      2      1   
  0.19   0.99   0.30   0.28     12      8      1   
  0.47   0.29   0.48   0.26      1      1      1   
  0.21   0.07   0.22   0.39      3      3      1   
  0.77   0.05   0.95   0.98     18     10      1   
  0.58   0.23   0.16   0.40      5      5      1   
  0.23   0.48   0.57   0.24      4      4      1   
  0.34   0.89   0.03   0.01     34      9      1   
  0.26   0.56   0.13   0.03      5      5      1   
  0.01   0.88   0.32   0.84      3      3      1   
  0.56   0.05   0.01   0.37      6      6      1   
  0.29   0.09   0.23   0.27      2      2      1   
  0.24   0.07   0.12   0.15      2      2      1   
  0.57   0.63   0.11   0.84      5      5      1   
  0.41   0.30   0.49   0.89      5      5      1   
  0.61   0.55   0.20   0.17      5      5      1   
  0.49   0.83   0.14   0.18      7      7      1   
  0.32   0.38   0.17   0.24      2      2      1   
  0.57   0.10   0.10   0.93     33      9      1   
  0.17   0.24   0.43   0.44      3      3      1   
  0.70   0.45   0.05   0.41      6      6      1   
  0.44   0.19   0.12   0.18      3      3      1   
  0.32   0.02   0.72   0.13      4      4      1   
  0.70   0.74   0.39   0.08      7      7      1   
  0.62   0.43   0.06   0.98      7      7      1   
  0.23   0.30   0.68   0.58      5      5      1   
  0.33   0.27   0.67   0.50      4      4      1   
  0.93   0.24   0.50   0.47      5      5      1   
  0.14   0.55   0.32   0.89      6      6      1   
  0.61   0.80   0.37   0.33      5      5      1   
  0.48   0.50   0.01   0.80     71      7      1   
  0.20   0.13   0.58   0.56      5      5      1   
  0.67   0.50   0.07   0.83      7      6      1   
  0.39   0.08   0.96   0.83      9      9      1   
  0.88   0.18   0.63   0.66      6      5      1   
  0.87   0.87   0.56   0.54      4      4      1   
  0.41   0.48   0.64   0.13      4      4      1   
  0.68   0.56   0.37   0.49      3      3      1   
  0.22   0.01   0.11   0.52      5      5      1   
  0.57   0.49   0.16   0.42      4      4      1   
  0.52   0.35   0.27   0.30      2      2      1   
  0.42   0.86   0.03   0.86      4      4      1   
  0.02   0.93   0.19   0.43     21      8      1   
  0.96   0.08   0.29   0.04      6      6      1   
  0.23   0.84   0.11   0.09     32      9      1   
  0.36   0.51   0.80   0.21      5      5      1   
  0.69   0.24   0.60   0.74      5      5      1   
  0.10   0.93   0.44   0.69      5      4      1   
  0.20   0.13   0.69   0.69      7      7      1   
  0.65   0.44   0.93   0.04      5      5      1   
  0.62   0.44   0.36   0.23      3      3      1   
  0.82   0.95   0.92   0.79      2      2      1   
  0.05   0.00   0.61   0.07      5      5      1   
  0.57   0.10   0.02   0.08      5      5      1   
  0.71   0.07   0.85   0.01      2      2      1   
  0.67   0.45   1.00   0.13      4      4      1   
  0.45   0.92   0.86   0.75      4      4      1   
  0.01   0.47   0.80   0.02      8      8      1   
  0.47   0.29   0.43   0.44      2      2      1   
  0.27   0.07   0.36   0.80      8      7      1   
  0.44   0.35   0.05   0.06      5      5      1   
  0.57   0.05   0.15   0.21      4      4      1   
  0.57   0.23   0.33   0.00      3      3      1   
  0.52   0.35   0.02   0.25      5      5      1   
  1.00   0.92   0.44   0.66      6      6      1   
  0.77   0.05   0.87   0.10      1      1      1   
  0.23   0.10   0.52   0.18      3      3      1   
  0.20   0.48   0.55   0.04      5      5      1   
  0.33   0.35   0.16   0.19      2      2      1   
  0.63   0.64   0.15   0.05      7      7      1   
  0.40   0.20   0.25   0.10      2      2      1   
  0.37   0.27   0.22   0.98     23      7      1   
  0.67   0.56   0.88   0.99      4      4      1   
  0.37   0.27   0.75   0.03      4      4      1   
  0.90   0.22   0.48   0.11      4      4      1   
  0.15   0.05   0.66   0.17      5      5      1   
  0.57   0.49   0.00   0.93      7      7      1   
  0.51   0.91   0.28   0.81      3      3      1   
  0.56   0.19   0.98   0.29      4      4      1   
  0.07   0.52   0.92   0.79      9      8      1   
  0.05   0.00   0.55   0.06      5      5      1   
  0.64   0.49   0.87   0.91      5      5      1   
  0.46   0.19   0.92   0.76      8      8      1   
  0.46   0.20   0.39   0.05      2      2      1   
  0.68   0.22   0.64   0.79      5      5      1   
  0.29   0.44   0.53   0.21      4      4      1   
  0.32   0.35   0.36   0.12      3      3      1   
  0.38   0.55   0.63   0.08      5      5      1   
  0.63   0.65   0.88   0.17      6      6      1   
  0.93   0.18   0.53   0.64      6      6      1   
  0.63   0.72   0.16   0.06      7      7      1   
  0.05   0.52   0.40   0.14      5      5      1   
  0.26   0.25   0.00   0.15      3      3      1   
  0.88   0.18   0.56   0.54      4      4      1   
  0.67   0.75   0.45   0.11      6      6      1   
  0.68   0.33   0.09   0.26      5      5      1   
  0.05   0.48   0.11   0.32      2      2      1   
  0.95   0.94   0.69   0.50      6      5      1   
  0.95   0.76   0.18   0.81      7      7      1   
  1.00   0.21   0.94   0.01      2      2      1   
  0.62   0.26   0.54   0.85      6      6      1   
  0.23   0.27   0.99   0.03      7      7      1   
  0.69   0.48   0.94   0.10      5      5      1   
  0.22   0.18   0.42   0.03      3      3      1   
  0.37   0.99   0.02   0.36     45      8      1   
  0.53   0.09   0.57   0.72      6      6      1   
  0.44   0.14   0.43   0.44      3      3      1   
  0.86   0.82   0.08   0.21      9      9      1   
  0.43   0.78   0.44   0.02      7      7      1   
  0.04   0.10   0.30   0.79      9      8      1   
  0.93   0.24   0.70   0.68      6      6      1   
  0.82   0.97   0.59   0.21      7      7      1   
  0.12   0.15   0.25   0.50      4      4      1   
  0.32   0.84   0.19   0.51     15      5      1   
  0.01   0.81   0.05   0.16     31     11      1   
  0.86   0.75   0.08   0.12      9      9      1   
  0.72   0.99   0.46   0.99      3      3      1   
  0.43   0.80   0.30   0.86      2      2      1   
  0.47   0.29   0.95   0.27      4      4      1   
  0.94   0.93   0.16   0.26      9      9      1   
  0.00   0.10   0.60   0.74      8      8      1   
  0.76   0.05   0.48   0.41      4      4      1   
  0.03   0.36   0.87   0.91      9      9      1   
  0.28   0.95   0.11   0.87      2      2      1   
  0.92   0.84   0.04   0.05     11     10      1   
  0.22   0.27   0.43   0.10      3      3      1   
  0.68   0.76   0.35   0.20      6      6      1   
  0.67   0.99   0.77   0.25      7      7      1   
  0.39   0.16   0.84   0.04      4      4      1   
  0.42   0.46   0.18   0.21      3      3      1   
  0.09   0.26   0.02   0.51      3      3      1   
  0.80   0.13   0.49   0.08      3      3      1   
  0.50   0.90   0.67   0.99      2      2      1   
  0.05   0.00   0.50   0.42      5      5      1   
  0.86   0.86   0.07   0.52      8      8      1   
  0.49   0.83   0.56   0.61      2      2      1   
  0.14   0.37   0.32   0.02      4      4      1   
  0.84   0.04   0.56   0.49      5      5      1   
  0.22   0.08   0.84   0.30      6      6      1   
  0.32   0.54   0.86   0.05      7      7      1   
  0.12   0.18   0.95   0.76     10     10      1   
  0.67   0.88   0.66   0.88      1      1      1   
  0.16   0.40   0.09   0.26      2      2      1   
  0.15   0.05   0.72   0.21      5      5      1   
  0.54   0.10   0.13   0.94     35      9      1   
  0.44   0.02   0.24   0.87     21      9      1   
  0.15   0.78   0.32   0.26      8      8      1   
  0.99   0.14   0.44   0.44      6      6      1   
  0.77   0.85   0.44   0.35      5      5      1   
  0.11   0.19   0.81   0.17      6      6      1   
  0.87   0.91   0.16   0.98      6      6      1   
  0.32   0.45   0.24   0.00      4      4      1   
  0.87   0.97   0.00   0.93      8      8      1   
  0.29   0.85   0.09   0.16     30      8      1   
  0.91   0.25   0.18   0.53      7      7      1   
  0.27   0.87   0.74   0.25      7      7      1   
  0.16   0.26   0.93   0.24      7      7      1   
  0.96   0.08   0.85   0.01      1      1      1   
  0.34   0.87   0.05   0.53     81      6      1   
  0.19   0.10   0.27   0.31      2      2      1   
  0.36   0.97   0.24   0.10      8      8      1   
  0.86   0.77   0.19   0.51      7      7      1   
  0.52   0.18   0.63   0.72      5      5      1   
  0.16   0.86   0.57   0.63      4      4      1   
  0.78   0.23   0.12   0.81     44      9      1   
  0.11   0.84   0.67   0.88      5      5      1   
  0.89   0.75   0.19   0.99      7      7      1   
  0.73   0.88   0.82   0.87      1      1      1   
  0.75   0.82   0.46   0.13      7      7      1   
  0.38   0.06   0.26   0.56      5      5      1   
  0.16   0.06   0.12   0.01      1      1      1   
  0.16   0.15   0.65   0.83      7      7      1   
  0.76   0.99   0.83   0.30     13      8      1   
  0.55   0.76   0.59   0.67      1      1      1   
  0.30   0.39   0.11   0.18      3      3      1   
  0.81   0.20   0.38   0.94      8      8      1   
  0.92   0.84   0.36   0.43      6      6      1   
  0.33   0.01   0.30   0.35      4      3      1   
  0.25   1.00   0.27   0.15     13      9      1   
  0.20   0.48   0.62   0.44      4      4      1   
  0.37   0.47   0.43   0.66      2      2      1   
  0.95   0.75   0.66   0.62      4      4      1   
  0.11   0.18   0.36   0.23      3      3      1   
  0.92   0.84   0.31   0.43      7      7      1   
  0.33   0.39   0.43   0.66      3      3      1   
  0.00   0.79   0.27   0.80      3      3      1   
  0.22   0.27   0.11   0.09      2      2      1   
  0.81   0.07   0.69   0.22      2      2      1   
  0.68   0.22   0.39   0.94      7      7      1   
  0.98   0.04   0.22   0.98     10     10      1   
  0.60   0.51   0.10   0.85      6      6      1   
  0.85   0.04   0.46   0.78      8      8      1   
  0.74   0.87   0.73   0.88      1      1      1   
  0.66   0.88   0.34   0.98      3      3      1   
  0.22   0.03   0.36   0.97      9      9      1   
  0.32   0.45   0.85   0.27      5      5      1   
  0.59   0.07   0.24   0.38      4      4      1   
  0.16   0.19   0.13   0.37      2      2      1   
  0.29   0.17   0.42   0.96      8      8      1   
  0.14   0.35   0.69   0.38      5      5      1   
  0.75   0.82   0.45   0.48      4      4      1   
  0.45   0.16   0.25   0.10      2      2      1   
  0.15   0.88   0.31   0.15      9      8      1   
  0.44   0.35   0.65   0.83      5      5      1   
  0.63   0.60   0.42   0.54      2      2      1   
  0.40   0.50   0.16   0.42      2      2      1   
  0.40   0.00   0.32   0.79      8      8      1   
  0.28   0.06   0.44   0.78      7      7      1   
  0.28   0.95   0.77   0.05      9      9      1   
  0.59   0.68   0.10   0.28      6      6      1   
  0.63   0.94   0.08   0.03      9      9      1   
  0.45   0.09   0.92   0.84      9      9      1   
  0.79   0.09   0.10   0.85     51     10      1   
  0.78   0.09   0.23   0.42      6      6      1   
  0.43   0.66   0.83   0.91      4      4      1   
  0.22   0.08   0.86   0.95      9      9      1   
  0.22   0.55   0.73   0.20      6      6      1   
  0.71   0.22   0.97   0.99     17      8      1   
  0.00   0.79   0.04   0.10     32     11      1   
  0.99   0.03   0.95   0.89     15     10      1   
  0.99   0.75   0.26   0.25      9      8      1   
  0.10   1.00   0.64   0.79      5      5      1   
  0.32   0.55   0.49   0.31      3      3      1   
  0.18   0.85   0.79   0.99      6      6      1   
  0.43   0.44   0.10   0.03      5      5      1   
  0.49   0.64   0.71   0.07      6      6      1   
  0.29   0.11   0.61   0.28      3      3      1   
  0.40   0.20   0.07   0.82     60      8      1   
  1.00   0.21   0.68   0.58      5      5      1   
  0.09   0.08   0.92   0.86     10     10      1   
  0.78   0.90   0.76   0.80      1      1      1   
  0.51   0.91   1.00   0.92      5      5      1   
  0.42   0.86   0.72   0.82      3      3      1   
  0.60   0.45   0.26   0.47      3      3      1   
  0.77   0.98   0.23   0.27      8      8      1   
  0.02   0.51   0.24   0.38      3      3      1   
  0.43   0.10   0.77   0.05      3      3      1   
  0.29   0.44   0.75   0.83      5      5      1   
  0.44   0.02   0.11   0.32      4      4      1   
  0.02   0.04   0.27   0.87     10      9      1   
  0.66   0.08   0.11   0.52      6      6      1   
  0.60   0.51   0.22   0.08      5      5      1   
  0.41   0.36   0.32   0.55      2      2      1   
  0.92   0.11   0.07   0.22      8      8      1   
  1.00   0.09   0.36   0.43      7      7      1   
  0.12   0.96   0.18   0.27     20      8      1   
  0.97   0.85   0.05   0.36      9      9      1   
  0.33   0.35   0.13   0.57      3      3      1   
  0.51   0.45   0.32   0.02      4      4      1   
  0.98   0.09   0.16   0.15      7      7      1   
  0.63   0.94   0.62   0.81      2      2      1   
  0.22   0.08   0.13   0.37      3      3      1   
  0.63   0.72   0.11   0.12      7      7      1   
  0.85   0.04   0.05   0.00      7      7      1   
  0.15   0.12   0.07   0.83     50      9      1   
  0.94   0.01   0.34   0.50      7      7      1   
  0.98   0.09   0.93   0.24      2      2      1   
  0.78   0.26   0.56   0.05      3      3      1   
  0.07   0.22   0.66   0.08      5      5      1   
  0.92   0.15   0.09   0.01      7      7      1   
  0.43   0.76   0.06   0.98      4      4      1   
  0.34   0.50   0.38   0.13      4      4      1   
  0.51   0.91   0.79   0.95      3      3      1   
  0.97   0.96   0.45   0.92      5      5      1   
  0.16   0.19   0.28   0.85      9      8      1   
  0.75   0.88   0.57   0.16      7      7      1   
  0.47   0.72   0.82   0.06      7      7      1   
  0.82   0.95   0.32   0.54      6      6      1   
  0.51   0.77   0.23   0.27      5      5      1   
  0.32   0.55   0.70   0.11      5      5      1   
  0.90   0.89   0.96   0.08     14     10      1   
  0.96   0.90   0.72   0.12      9      8      1   
  0.45   0.09   0.56   0.78      7      7      1   
  0.66   0.93   0.03   0.08      9      9      1   
  0.31   0.08   0.11   0.36      3      3      1   
  0.81   0.07   0.11   0.45      7      7      1   
  0.75   0.08   0.17   0.34      6      6      1   
  0.78   0.26   0.10   0.33      6      6      1   
  0.38   0.54   0.73   0.12      5      5      1   
  0.32   0.05   0.31   0.85     12      8      1   
  0.69   0.24   0.85   0.01      3      3      1   
  0.93   0.18   0.12   0.27      7      7      1   
