  0.71   0.45   0.23   0.21      5      5      1   
  0.97   0.46   0.47   0.16      5      5      1   
  0.79   0.98   0.15   0.46      8      8      1   
  0.46   0.14   0.66   0.39      3      3      1   
  0.10   0.79   0.54   0.31      9      8      1   
  0.65   0.08   0.96   0.36      4      4      1   
  0.73   0.96   0.87   0.16      7      7      1   
  0.85   0.18   0.84   0.71      5      5      1   
  0.58   0.34   0.75   0.80      5      5      1   
  0.30   0.35   0.25   0.48      2      2      1   
  0.13   0.05   0.41   0.29      3      3      1   
  0.40   0.77   0.96   0.36      6      6      1   
  0.84   0.53   0.56   0.58      3      3      1   
  0.24   0.23   0.75   0.80      7      7      1   
  0.65   0.80   0.34   0.98      4      4      1   
  0.50   0.79   0.06   0.99      5      5      1   
  0.30   0.18   0.75   0.91      7      7      1   
  0.56   0.15   0.05   0.41      5      5      1   
  0.38   0.37   0.53   0.75      4      4      1   
  0.05   0.41   0.88   0.95      9      9      1   
  0.65   0.01   0.59   0.25      3      3      1   
  0.87   0.16   0.08   0.44      7      7      1   
  0.56   0.78   0.25   0.53      4      4      1   
  0.38   0.91   0.91   0.31      7      7      1   
  0.16   0.49   0.86   0.12      7      7      1   
  0.46   0.14   0.53   0.26      2      2      1   
  0.34   0.19   0.31   1.00      8      8      1   
  0.39   0.31   0.38   0.27      1      1      1   
  0.49   0.68   0.65   0.18      5      5      1   
  0.70   0.75   0.58   0.34      4      4      1   
  0.79   0.18   0.77   0.55      4      4      1   
  0.25   0.12   0.85   0.05      6      6      1   
  0.66   0.24   0.71   0.38      2      2      1   
  0.11   0.18   0.64   0.31      5      5      1   
  0.44   0.81   0.48   0.01      7      7      1   
  0.40   0.03   0.46   0.80      7      7      1   
  0.14   0.06   0.03   0.99     69     11      1   
  0.97   0.74   0.59   0.40      5      5      1   
  0.56   0.56   0.47   0.28      3      3      1   
  0.87   0.65   0.49   0.68      4      4      1   
  0.34   0.98   0.65   0.60      5      5      1   
  0.29   0.91   0.43   0.20      8      8      1   
  0.21   0.24   0.57   0.05      4      4      1   
  0.13   0.38   0.23   0.25      2      2      1   
  0.09   0.16   0.69   0.03      5      5      1   
  0.89   0.29   0.70   0.28      2      2      1   
  0.41   0.23   0.65   0.18      3      3      1   
  0.39   0.41   0.13   0.31      3      3      1   
  0.22   0.19   0.77   0.39      5      5      1   
  0.20   0.20   0.65   0.75      7      7      1   
  0.69   0.11   0.38   0.12      3      3      1   
  0.22   0.91   0.70   0.19      8      8      1   
  0.78   0.20   0.90   0.01      2      2      1   
  0.39   0.05   0.28   0.53      5      5      1   
  0.05   0.31   0.66   0.06      6      6      1   
  0.18   0.21   0.15   0.84     51      9      1   
  0.74   0.21   0.49   0.37      3      3      1   
  0.58   0.34   0.67   0.52      2      2      1   
  0.41   1.00   0.20   0.35      7      7      1   
  0.28   0.37   0.65   0.01      5      5      1   
  0.16   0.24   0.16   0.31      1      1      1   
  0.17   0.03   0.74   0.82      8      8      1   
  0.49   0.50   0.57   0.56      1      1      1   
  1.00   0.37   0.16   0.49      8      8      1   
  0.03   0.89   0.91   0.71      8      8      1   
  0.23   0.10   0.78   0.74      8      8      1   
  0.45   0.04   0.59   0.74      7      7      1   
  0.71   0.93   0.15   0.03      9      9      1   
  0.02   0.25   0.78   0.77      8      8      1   
  0.14   0.46   0.17   0.02      4      4      1   
  0.45   0.16   0.58   0.57      4      4      1   
  0.13   0.31   0.26   0.49      2      2      1   
  0.82   0.12   0.08   0.32      7      7      1   
  0.31   0.83   0.29   0.26     10      6      1   
  0.92   0.52   0.74   0.45      2      2      1   
  0.56   0.58   0.55   0.74      2      2      1   
  0.34   0.08   0.49   0.62      5      5      1   
  0.70   0.01   0.88   0.19      2      2      1   
  0.87   0.16   0.04   0.13      7      7      1   
  0.05   0.05   0.06   0.36      3      3      1   
  0.84   0.89   0.65   0.08      8      7      1   
  0.39   0.36   0.58   0.57      3      3      1   
  0.26   0.26   0.20   0.47      2      2      1   
  0.91   0.51   0.67   0.52      2      2      1   
  0.30   0.18   0.28   0.33      2      2      1   
  0.03   0.90   0.10   0.79      1      1      1   
  0.17   0.02   0.74   0.94      9      9      1   
  0.59   0.06   0.25   0.07      3      3      1   
  0.97   0.47   0.87   0.16      3      3      1   
  0.11   0.40   0.49   0.62      5      5      1   
  0.58   0.57   0.21   0.37      4      4      1   
  0.94   0.79   0.58   0.09      7      7      1   
  0.02   0.18   0.10   0.27      1      1      1   
  0.50   0.36   0.80   0.05      4      4      1   
  0.05   0.31   0.06   0.39      1      1      1   
  0.02   0.35   0.94   0.49      8      8      1   
  0.27   0.89   0.25   0.92      1      1      1   
  0.13   0.83   0.57   0.00     11     10      1   
  0.13   0.14   0.07   0.87     65     10      1   
  0.78   0.73   0.20   0.20      7      7      1   
  0.20   0.80   0.02   0.78      2      2      1   
  0.57   0.01   0.34   0.14      3      3      1   
  0.11   0.40   0.88   0.03      8      8      1   
  0.70   0.99   0.64   0.63      4      4      1   
  0.80   0.36   0.58   0.67      4      4      1   
  0.69   0.40   0.52   0.67      3      3      1   
  0.31   0.23   0.71   0.46      4      4      1   
  0.34   0.02   0.80   0.02      4      4      1   
  0.50   0.69   0.09   0.83      4      4      1   
  0.46   0.56   0.07   0.44      4      4      1   
  0.80   0.59   0.39   1.00      5      5      1   
  0.77   0.39   0.08   0.20      7      6      1   
  0.07   0.48   0.33   0.39      3      3      1   
  0.96   0.05   0.54   0.16      4      4      1   
  0.01   0.82   0.60   0.73      6      6      1   
  0.70   0.78   0.75   0.17      6      6      1   
  0.92   0.34   0.99   0.12      2      2      1   
  0.58   0.57   0.73   0.33      3      3      1   
  0.06   0.99   0.06   0.33     52     10      1   
  0.64   0.87   0.05   0.41      7      7      1   
  0.45   0.09   0.91   0.94      9      9      1   
  0.75   0.91   0.58   0.93      2      2      1   
  0.15   0.85   0.33   0.37      7      7      1   
  0.25   0.26   0.88   0.65      7      7      1   
  0.20   0.20   0.34   0.52      3      3      1   
  0.01   0.04   0.37   0.40      5      5      1   
  0.61   0.10   0.15   0.51      6      6      1   
  0.63   0.80   0.08   0.44      7      7      1   
  0.01   0.42   0.66   0.58      6      6      1   
  0.16   0.31   0.21   0.18      2      2      1   
  0.73   0.33   0.20   0.25      5      5      1   
  0.20   0.25   0.72   0.03      5      5      1   
  0.20   0.20   0.03   0.90     72     10      1   
  0.36   0.47   0.13   0.83     58      7      1   
  0.07   0.87   0.35   0.54      7      6      1   
  0.87   0.45   0.72   0.23      3      3      1   
  0.12   0.11   0.61   0.90      8      8      1   
  0.33   0.07   0.23   0.25      2      2      1   
  0.71   0.31   0.70   0.19      1      1      1   
  0.58   0.47   0.90   0.75      4      4      1   
  0.02   0.35   0.49   0.62      6      6      1   
  0.50   0.69   0.13   0.29      5      5      1   
  0.39   0.26   0.01   0.32      4      4      1   
  0.30   0.18   0.09   0.08      2      2      1   
  0.58   0.79   0.80   0.81      2      2      1   
  0.84   0.45   0.47   0.12      4      4      1   
  0.06   0.90   0.11   0.40     46     10      1   
  0.56   0.52   0.58   0.47      1      1      1   
  0.85   0.18   0.81   0.63      4      4      1   
  0.96   0.66   0.36   0.05      7      7      1   
  0.22   0.91   0.43   0.94      2      2      1   
  0.46   0.14   0.36   0.39      3      3      1   
  0.62   0.44   0.50   0.79      3      3      1   
  0.19   0.01   0.36   0.00      2      2      1   
  0.74   0.94   0.69   0.40      5      5      1   
  0.95   0.82   0.49   0.84      5      5      1   
  0.57   0.38   0.81   0.63      3      3      1   
  0.84   0.03   0.25   0.95     10     10      1   
  0.50   0.79   0.17   0.92      4      4      1   
  0.08   0.00   0.97   0.59     10     10      1   
  0.74   0.44   0.07   0.99      8      8      1   
  0.72   0.63   0.77   0.55      1      1      1   
  0.00   0.39   0.87   0.23      8      8      1   
  0.74   0.21   0.92   0.60      4      4      1   
  0.09   0.27   0.01   0.04      3      3      1   
  0.96   0.22   0.37   0.19      6      6      1   
  0.94   0.49   0.84   0.89      4      4      1   
  1.00   0.03   0.31   1.00     10     10      1   
  0.89   0.29   0.70   0.81      5      5      1   
  0.30   0.41   0.25   0.12      3      3      1   
  0.64   0.21   0.75   0.03      2      2      1   
  0.20   0.30   0.17   0.50      2      2      1   
  0.87   0.64   0.73   0.96      3      3      1   
  0.43   0.50   0.20   0.30      3      3      1   
  0.01   0.24   0.80   0.60      8      8      1   
  0.00   0.39   0.65   0.28      6      6      1   
  0.55   0.03   0.52   0.59      5      5      1   
  0.85   0.80   0.90   0.92      2      2      1   
  0.91   0.36   0.07   0.44      8      8      1   
  0.27   0.32   0.56   0.19      3      3      1   
  0.58   0.25   0.48   0.77      5      5      1   
  0.17   0.46   0.21   0.18      3      3      1   
  0.28   0.24   0.52   0.67      5      5      1   
  0.57   0.00   0.72   0.63      6      6      1   
  0.30   0.39   0.64   0.63      4      4      1   
  0.73   0.83   0.17   0.23      8      7      1   
  0.99   0.12   0.89   0.29      2      2      1   
  0.55   0.24   0.75   0.17      2      2      1   
  0.25   0.12   0.13   0.31      2      2      1   
  0.21   0.97   0.64   0.84      4      4      1   
  0.91   0.01   0.84   0.89      8      8      1   
  0.44   0.08   0.15   0.84     59     10      1   
  0.73   0.83   0.05   0.29      8      8      1   
  0.48   0.60   0.36   0.12      5      5      1   
  0.30   0.05   0.64   0.22      4      4      1   
  0.38   0.19   0.13   0.04      3      3      1   
  0.52   0.12   0.86   0.12      3      3      1   
  0.42   0.41   0.44   0.90      5      5      1   
  0.25   0.78   0.26   0.36     17      7      1   
  0.32   0.20   0.86   0.34      5      5      1   
  0.04   0.89   0.65   0.98      6      6      1   
  0.98   0.34   0.38   0.51      5      5      1   
  0.08   0.25   0.45   0.62      5      5      1   
  0.15   0.82   0.06   0.99      2      2      1   
  0.90   0.63   0.25   0.12      8      8      1   
  0.29   0.12   0.91   0.36      6      6      1   
  0.04   0.44   0.74   0.45      6      6      1   
  0.37   0.83   0.23   0.02     22      8      1   
  0.37   0.05   0.87   0.23      5      5      1   
  0.49   0.95   0.09   0.43     49      7      1   
  0.12   0.18   0.87   0.16      7      7      1   
  0.36   0.37   0.39   0.91      9      5      1   
  0.71   0.45   0.81   0.85      4      4      1   
  0.13   0.04   0.94   0.49      8      8      1   
  0.67   0.79   0.95   0.94      3      3      1   
  0.15   0.02   0.25   0.78     49     10      1   
  0.24   0.50   0.33   0.23      3      3      1   
  0.71   0.30   0.18   0.37      5      5      1   
  0.06   0.99   0.78   1.00      7      7      1   
  0.34   0.88   0.56   0.39      5      5      1   
  0.44   0.20   0.41   0.82      7      7      1   
  0.31   1.00   0.44   0.20      8      8      1   
  0.69   0.97   0.87   0.64      4      4      1   
  0.56   0.26   0.24   0.49      4      4      1   
  0.80   0.87   0.12   0.24      8      8      1   
  0.83   0.78   0.72   0.61      2      2      1   
  0.96   0.71   0.18   0.19      9      8      1   
  0.74   0.97   0.08   0.25      9      9      1   
  0.43   0.14   0.96   0.37      6      5      1   
  0.44   0.31   0.75   0.17      3      3      1   
  0.73   0.96   0.54   0.11      8      8      1   
  0.56   0.39   0.30   0.95      6      6      1   
  0.13   0.27   0.17   0.27      1      1      1   
  0.45   0.38   0.17   0.34      3      3      1   
  0.72   0.63   0.22   0.48      5      5      1   
Routing Failed to deliver
  0.64   0.95   0.78   0.95      2      2      1   
  0.58   0.93   0.05   0.24      8      8      1   
  0.16   0.49   0.37   0.34      3      3      1   
  0.78   1.00   0.49   0.37      7      6      1   
  0.51   0.93   0.81   0.63      4      4      1   
  0.89   0.79   0.25   0.05      9      9      1   
  0.14   0.24   0.08   0.24      1      1      1   
  0.55   0.08   0.13   0.54      6      6      1   
  0.69   0.86   0.52   0.73      2      2      1   
  0.88   0.16   0.33   0.51      6      6      1   
  0.16   0.98   0.44   0.36      9      8      1   
  0.31   0.05   0.13   0.11      2      2      1   
  0.60   0.70   0.20   0.20      6      6      1   
  0.20   0.51   0.96   0.71      7      7      1   
  0.79   0.18   0.66   0.72      5      5      1   
  0.79   0.77   0.30   0.53      5      5      1   
  0.56   0.15   0.03   0.02      5      5      1   
  0.04   0.35   0.21   0.97     19      9      1   
  0.06   0.12   0.17   0.46      3      3      1   
  0.78   0.73   0.65   0.01      7      7      1   
  0.91   0.24   0.98   0.31      1      1      1   
  0.56   0.19   0.26   0.49      4      4      1   
  0.17   0.27   0.33   0.32      2      2      1   
  0.51   0.21   0.69   0.40      3      3      1   
  0.44   0.99   0.84   0.78      4      4      1   
  0.70   0.01   0.74   0.98      9      9      1   
  0.75   0.65   0.20   0.52      6      5      1   
  0.08   0.90   0.56   0.52      6      6      1   
  0.02   0.18   0.58   0.67      6      6      1   
  0.09   0.08   0.91   0.74      9      9      1   
  0.01   0.40   0.26   0.02      4      4      1   
  0.22   0.48   0.57   0.20      4      4      1   
  0.03   0.99   0.91   0.20     11     11      1   
  0.28   0.33   0.94   0.19      6      6      1   
  0.02   0.18   0.85   0.18      8      8      1   
  0.22   0.39   0.06   0.04      4      4      1   
  0.02   0.18   0.81   0.42      7      7      1   
  0.01   0.32   0.57   0.38      5      5      1   
  0.28   0.53   0.16   0.31      3      3      1   
  0.45   0.28   0.22   0.26      2      2      1   
  0.45   0.28   0.97   0.82      7      7      1   
  0.64   0.87   0.03   0.84      6      6      1   
  0.26   0.42   0.46   0.88      6      5      1   
  0.95   0.94   0.87   0.23      6      6      1   
  0.97   0.59   0.87   0.01      6      5      1   
  0.75   0.24   0.07   0.02      6      6      1   
  0.02   0.18   0.37   0.83     10      8      1   
  0.64   0.21   0.02   0.78     77      9      1   
  0.79   0.23   0.32   0.27      4      4      1   
  0.29   0.91   0.16   0.30     27      8      1   
  0.33   0.23   0.22   0.91     33      8      1   
  0.96   0.66   0.56   0.39      4      4      1   
  0.03   0.24   0.14   0.86     42     10      1   
  0.50   0.69   0.99   0.12      7      7      1   
  0.11   0.18   0.35   0.54      4      4      1   
  0.12   0.24   0.93   0.08      7      7      1   
  0.71   0.93   0.31   0.19      7      7      1   
  0.17   0.03   0.78   0.75      9      8      1   
  0.63   0.81   0.94   0.02      8      8      1   
  0.46   0.56   0.06   0.33      4      4      1   
  0.84   0.03   0.65   0.98      9      9      1   
  0.63   0.86   0.58   0.39      4      4      1   
  0.61   0.07   0.71   0.45      4      4      1   
  0.51   0.91   0.16   0.52     57      6      1   
  0.29   0.12   0.65   0.01      4      4      1   
  0.73   0.96   0.04   0.44      8      8      1   
  0.26   0.26   0.16   0.49      3      3      1   
  0.63   0.86   0.12   0.03      9      9      1   
  0.19   0.19   0.20   0.35      2      2      1   
  0.49   0.84   0.25   0.92      2      2      1   
  0.69   0.45   0.70   0.88      4      4      1   
  0.91   0.25   0.56   0.19      3      3      1   
  0.18   0.24   0.28   0.09      2      2      1   
  0.60   0.31   0.01   0.31      6      5      1   
  0.01   0.42   0.28   0.17      3      3      1   
  0.98   0.95   0.08   0.00     12     12      1   
  0.98   0.31   0.87   0.64      3      3      1   
  0.11   0.18   0.61   0.91      8      8      1   
  0.27   0.22   0.23   0.00      2      2      1   
  0.68   0.15   0.18   0.19      5      5      1   
  0.44   0.08   0.67   0.38      3      3      1   
  0.71   0.03   0.61   0.66      6      6      1   
  0.89   0.55   0.95   0.27      3      3      1   
  0.30   0.95   0.33   0.22      8      8      1   
  0.71   0.93   0.82   0.63      3      3      1   
  0.73   0.69   0.46   0.88      3      3      1   
  0.19   0.01   0.21   0.97     19     11      1   
  0.28   0.51   0.30   0.56      1      1      1   
  0.06   0.23   0.27   0.89     10      9      1   
  0.72   0.28   0.65   0.13      2      2      1   
  0.63   0.81   0.87   0.01      8      8      1   
  0.57   0.82   0.05   0.90      5      5      1   
  0.39   0.26   0.24   0.50      3      3      1   
  0.92   0.83   0.50   0.79      4      4      1   
  0.03   0.08   0.23   0.00      2      2      1   
  0.23   0.23   0.36   0.47      3      3      1   
  0.15   0.02   0.05   0.29      3      3      1   
  0.95   0.41   0.79   0.23      2      2      1   
  0.34   0.91   0.21   0.17      7      7      1   
  0.26   0.79   0.80   0.05      9      9      1   
  0.78   0.20   0.15   0.51      6      6      1   
  0.43   0.33   0.40   0.80      5      5      1   
  0.31   0.50   0.30   0.39      1      1      1   
  0.31   1.00   0.71   0.56      6      6      1   
  0.23   0.00   0.94   0.13      6      6      1   
  0.22   0.17   1.00   0.97     10     10      1   
  0.91   0.24   0.16   0.31      7      7      1   
  0.21   0.24   0.51   0.21      3      3      1   
  0.39   1.00   0.07   0.02     10     10      1   
  0.97   0.45   0.15   0.85      8      8      1   
  0.06   0.14   0.08   0.44      3      3      1   
  0.58   0.47   0.17   0.03      5      5      1   
  0.49   0.84   0.84   0.89      4      4      1   
  0.71   0.91   0.04   0.95      6      6      1   
  0.91   0.81   0.38   0.12      8      8      1   
  0.92   0.52   0.13   0.05      8      8      1   
  0.90   0.01   0.43   0.30      5      5      1   
  0.87   0.01   0.61   0.10      3      3      1   
  0.74   0.08   0.01   0.21      7      7      1   
  0.26   0.42   0.35   0.23      2      2      1   
  0.24   0.26   0.37   0.19      2      2      1   
  0.05   0.05   0.73   0.68      8      8      1   
  0.72   0.61   0.17   0.49      5      5      1   
  0.16   0.31   0.89   0.06      7      7      1   
  0.17   0.34   0.88   0.19      6      6      1   
  0.49   0.84   0.73   0.66      3      3      1   
  0.70   0.88   0.56   0.15      7      7      1   
  0.60   0.52   1.00   0.03      6      6      1   
  0.10   0.45   0.08   0.44      1      1      1   
  0.43   0.20   0.44   0.81      6      6      1   
  0.26   0.37   0.07   0.02      4      4      1   
  0.13   0.54   0.58   0.67      4      4      1   
  0.07   0.02   0.79   0.70      9      9      1   
  0.08   1.00   0.84   0.45      9      9      1   
  0.13   0.31   0.53   0.32      4      4      1   
  0.75   0.13   0.58   0.09      2      2      1   
  0.06   0.36   0.53   0.32      4      4      1   
  0.13   0.04   0.15   0.82     60     11      1   
  0.14   1.00   0.46   0.14     13      9      1   
  0.13   0.17   0.65   0.13      5      5      1   
  0.57   0.12   0.70   0.48      4      4      1   
  0.13   0.86   0.92   0.83      7      7      1   
  0.91   0.24   0.87   0.65      4      4      1   
  0.37   0.34   0.58   0.47      2      2      1   
  0.28   0.06   0.88   0.03      6      5      1   
  0.71   0.73   0.88   0.16      6      6      1   
  0.88   0.16   0.48   0.37      4      4      1   
  0.36   0.54   0.15   0.85     52      6      1   
  0.48   0.97   0.38   0.37      6      6      1   
  0.71   0.73   0.68   0.04      6      6      1   
  0.78   0.12   0.25   0.53      6      6      1   
  0.30   0.41   0.09   0.27      3      3      1   
  0.75   0.24   0.87   0.17      2      2      1   
  0.01   0.99   0.49   0.84      5      5      1   
  0.75   0.71   0.49   0.50      3      3      1   
  0.15   0.29   0.01   0.50      3      3      1   
  0.05   0.24   0.65   0.44      6      6      1   
  0.64   0.95   0.43   0.12      8      8      1   
  0.22   0.48   0.17   0.98     33      8      1   
  0.20   0.35   0.04   0.12      3      3      1   
  0.91   0.51   0.08   0.86      9      8      1   
  0.21   0.37   0.33   0.84      7      6      1   
  0.01   0.82   0.93   0.26     11     10      1   
  0.05   0.95   0.17   0.46     14      9      1   
  0.41   0.30   0.95   0.12      5      5      1   
  0.72   0.61   0.25   0.26      5      5      1   
  0.58   0.47   0.61   0.90      4      4      1   
  0.65   0.28   0.95   0.25      3      3      1   
  0.43   0.92   0.82   0.51      6      6      1   
  0.91   0.49   0.28   0.88      7      7      1   
  0.70   0.19   1.00   0.03      3      3      1   
  0.20   0.02   0.75   0.17      5      5      1   
  0.49   0.37   0.12   0.18      4      4      1   
  0.73   0.08   0.71   0.91      7      7      1   
  0.52   0.59   0.31   0.55      3      3      1   
  0.75   0.63   0.35   0.54      4      4      1   
  0.06   0.12   0.03   0.47      3      3      1   
  0.03   0.32   0.27   0.43      3      3      1   
  0.05   0.05   0.43   0.92     10      9      1   
  0.23   0.98   0.71   0.91      5      5      1   
  0.70   0.28   0.38   0.16      3      3      1   
  0.58   0.62   0.06   0.04      7      7      1   
  0.24   0.23   0.72   0.64      6      6      1   
  0.67   0.79   0.71   0.93      2      2      1   
  0.90   0.63   0.01   0.24      9      9      1   
  0.13   0.27   0.29   0.12      2      2      1   
  0.20   0.25   0.38   0.37      2      2      1   
  0.48   0.37   0.91   0.35      4      4      1   
  0.78   1.00   0.28   0.09      9      9      1   
  0.39   0.36   0.10   0.27      3      3      1   
  0.39   0.17   0.65   0.08      3      3      1   
  0.66   0.81   0.09   0.83      6      6      1   
  0.08   0.20   0.65   0.01      5      5      1   
  0.65   0.80   0.62   0.36      4      4      1   
  0.26   0.32   0.80   0.05      5      5      1   
  0.36   0.54   0.45   0.04      5      5      1   
  0.57   0.01   0.27   0.29      4      4      1   
  0.56   0.78   0.49   0.68      1      1      1   
  0.90   0.66   0.06   0.33      8      8      1   
  0.85   0.37   0.20   0.29      6      6      1   
  0.20   0.52   0.92   0.31      7      7      1   
  0.91   0.24   0.28   0.53      7      7      1   
  0.17   0.57   0.89   0.36      7      7      1   
  0.95   0.41   0.05   0.29      8      8      1   
  0.70   0.77   0.33   0.07      7      7      1   
  0.41   0.04   0.21   0.97     16     10      1   
  0.21   0.29   0.71   0.91      7      7      1   
  0.20   0.47   0.21   0.27      2      2      1   
  0.74   0.77   0.79   0.18      6      6      1   
  0.29   0.21   0.71   0.27      4      4      1   
  0.19   0.01   0.91   0.20      7      7      1   
  0.14   0.46   0.56   0.39      4      4      1   
  0.23   0.97   0.51   0.91      3      3      1   
  0.37   0.34   0.51   0.16      2      2      1   
  0.82   0.63   0.67   0.79      2      2      1   
  0.01   0.32   0.49   0.23      4      4      1   
  0.88   0.83   0.01   0.82      8      8      1   
  0.71   0.73   0.41   0.32      5      5      1   
  0.38   0.16   0.90   0.17      5      5      1   
  0.35   0.54   0.20   0.47      2      2      1   
  0.94   0.79   0.72   0.47      4      4      1   
  0.70   0.96   0.62   0.44      5      5      1   
  0.34   0.02   0.49   0.10      2      2      1   
  0.37   0.18   0.33   0.01      2      2      1   
  0.81   0.63   0.33   0.84      5      5      1   
  0.28   0.33   0.75   0.63      6      5      1   
  0.71   0.03   0.48   0.01      2      2      1   
  0.01   0.50   0.70   0.81      7      7      1   
  0.12   0.06   0.73   0.47      7      7      1   
  0.65   0.08   0.85   0.26      3      3      1   
  0.53   0.18   0.05   0.95     81     10      1   
  0.44   0.90   0.46   0.88      1      1      1   
  0.53   0.26   0.24   0.31      3      3      1   
  0.35   0.23   0.00   0.01      4      4      1   
  0.53   0.32   0.12   0.35      4      4      1   
  0.53   0.17   0.98   0.95      8      8      1   
  0.80   0.67   0.52   0.89      3      3      1   
  0.70   0.23   0.22   0.39      5      5      1   
  0.57   0.85   0.49   0.10      7      7      1   
  0.68   0.15   0.02   0.14      6      6      1   
  0.70   0.99   0.98   0.31      7      7      1   
  0.58   0.62   0.91   0.81      4      4      1   
  0.81   0.00   0.91   0.49      4      4      1   
  0.84   0.03   0.68   0.98      9      9      1   
  0.68   0.76   0.61   0.91      2      2      1   
  0.30   0.95   0.07   0.44     50      8      1   
  0.45   0.98   0.49   0.68      3      3      1   
  0.09   0.21   0.03   0.95     79     11      1   
  0.38   0.27   0.58   0.79      5      5      1   
  0.31   0.55   0.50   0.69      3      3      1   
  0.84   0.03   0.92   0.83      7      7      1   
  0.75   0.71   0.65   0.98      3      3      1   
  0.03   0.90   0.37   0.83      3      3      1   
  0.37   0.99   0.30   0.35      7      7      1   
  0.86   0.71   0.16   0.31      7      7      1   
  0.70   0.88   0.74   0.66      2      2      1   
  0.26   0.07   0.19   0.87     36      9      1   
  0.01   0.99   0.05   0.95      1      1      1   
  0.01   0.94   0.08   1.00      1      1      1   
  0.72   0.28   0.69   0.86      5      5      1   
  0.31   0.50   0.69   0.46      4      4      1   
  0.44   0.94   0.62   0.60      4      4      1   
  0.37   0.99   0.06   0.39     60      8      1   
  0.33   0.27   0.77   0.29      4      4      1   
  0.37   0.47   0.24   0.50      2      2      1   
  0.56   0.26   0.69   0.45      2      2      1   
  0.28   0.88   0.51   0.22     11      8      1   
  0.36   0.37   0.73   0.08      4      4      1   
  0.24   0.23   0.78   0.77      7      7      1   
  0.09   0.21   0.69   0.45      6      6      1   
  0.84   0.89   0.58   0.57      4      4      1   
  0.77   0.41   0.28   0.17      5      5      1   
  0.78   0.20   0.72   0.58      4      4      1   
  0.28   0.45   0.13   0.86     58      7      1   
  0.13   0.17   0.71   0.56      6      6      1   
  0.34   0.14   0.28   0.53      4      4      1   
  0.64   0.21   0.60   0.70      5      5      1   
  0.02   0.78   0.72   0.03     12     11      1   
  0.92   0.39   0.49   0.20      4      4      1   
  0.95   0.94   0.15   0.46      8      8      1   
  0.21   0.18   0.21   0.29      1      1      1   
  0.84   0.20   0.21   0.18      6      6      1   
  0.09   0.34   0.43   0.20      3      3      1   
  0.89   0.08   0.21   0.17      6      6      1   
  0.13   0.86   0.55   0.03     11     10      1   
  0.44   0.38   0.37   0.47      1      1      1   
  0.14   0.13   0.71   0.93      9      9      1   
  0.27   0.22   0.03   0.32      3      3      1   
  0.87   0.64   0.69   0.06      6      5      1   
  0.38   0.51   0.72   0.23      4      4      1   
  0.49   0.83   0.54   0.16      6      6      1   
  0.63   0.81   0.74   0.44      4      4      1   
  0.41   0.35   0.78   1.00      7      7      1   
  0.20   0.96   0.28   0.37     13      8      1   
  0.04   0.13   0.36   0.42      4      4      1   
  0.19   0.41   0.03   0.90     78      9      1   
  0.58   0.68   0.62   0.36      3      3      1   
  0.29   0.18   0.66   0.81      7      7      1   
  0.70   0.77   0.05   0.31      7      7      1   
  0.94   0.13   0.21   0.27      7      7      1   
  0.14   0.46   0.09   0.08      4      4      1   
  0.43   0.94   0.58   0.62      3      3      1   
  0.26   0.49   0.44   0.08      4      4      1   
  0.11   0.18   0.99   0.97     11     11      1   
  0.04   0.12   0.10   0.17      1      1      1   
  0.06   0.39   0.45   0.98      9      8      1   
  0.33   0.23   0.82   0.12      5      5      1   
  0.19   0.87   0.33   0.32      8      7      1   
  0.73   0.33   0.16   0.18      5      5      1   
  0.60   0.31   0.98   0.53      4      4      1   
  0.05   0.95   0.71   0.03     11     11      1   
  0.34   0.88   0.91   0.31      7      7      1   
  0.03   0.32   0.73   0.69      7      7      1   
  0.05   0.53   1.00   0.59      9      8      1   
  0.06   0.12   0.91   0.71      9      9      1   
  0.04   0.12   0.57   0.38      5      5      1   
  0.02   0.14   0.36   0.47      4      4      1   
  0.32   0.27   0.70   0.19      4      4      1   
  0.69   0.06   0.29   0.12      4      4      1   
  0.34   0.22   0.91   0.36      5      5      1   
  0.59   0.40   0.34   0.19      3      3      1   
  0.20   0.52   0.61   0.10      5      5      1   
  0.28   0.51   0.49   0.56      2      2      1   
  0.64   0.22   0.36   0.46      4      4      1   
  0.25   0.12   0.40   0.03      2      2      1   
  0.49   0.95   0.16   0.98      4      3      1   
  0.02   0.02   0.69   0.45      7      7      1   
  0.49   0.37   0.96   0.37      4      4      1   
  0.16   0.45   0.08   0.00      4      4      1   
  0.57   0.38   0.30   0.56      3      3      1   
  0.57   0.05   0.55   0.24      2      2      1   
  0.23   0.00   0.73   0.69      8      8      1   
  0.89   0.62   0.39   0.26      6      6      1   
  0.45   0.09   0.50   0.69      6      6      1   
  0.34   0.98   0.96   0.82      6      6      1   
  0.10   0.79   0.97   0.45      9      9      1   
  0.88   0.03   0.15   0.21      7      7      1   
  0.67   0.44   0.58   0.25      2      2      1   
  0.23   0.25   0.02   0.35      2      2      1   
  0.06   0.04   0.74   0.65      8      8      1   
  0.46   0.14   0.78   0.12      3      3      1   
  0.46   0.88   0.88   0.19      7      7      1   
  0.71   0.03   0.81   0.00      1      1      1   
  0.76   0.19   0.38   0.24      4      4      1   
  0.07   0.99   0.71   0.73      6      6      1   
  0.76   0.03   0.54   0.31      3      3      1   
  0.17   0.02   0.03   0.84     96     12      1   
  0.57   0.38   0.37   0.99      6      6      1   
  0.13   0.29   0.28   0.33      2      2      1   
  0.02   0.25   0.09   0.81     71     10      1   
  0.88   0.14   0.34   0.22      5      5      1   
  0.71   0.46   1.00   0.03      5      5      1   
  0.86   0.93   0.62   0.07      8      8      1   
  0.42   0.32   0.88   0.89      7      7      1   
  0.18   0.11   0.65   0.08      5      5      1   
  0.89   0.62   0.52   0.12      6      6      1   
  0.13   0.54   0.80   0.05      7      7      1   
  0.87   0.17   0.65   0.44      3      3      1   
  0.44   0.85   0.43   0.50      4      4      1   
  0.94   0.02   0.34   0.22      6      6      1   
  0.32   0.27   0.28   0.06      2      2      1   
  0.17   0.23   0.48   0.37      3      3      1   
  0.86   0.32   0.85   0.05      3      3      1   
  0.08   0.24   0.98   0.34      8      8      1   
  0.23   0.98   0.36   0.47     10      7      1   
  0.21   0.37   0.44   0.20      3      3      1   
  0.65   0.18   0.68   0.26      1      1      1   
  0.22   0.48   0.49   0.62      4      4      1   
  0.47   0.16   0.55   0.56      4      4      1   
  0.89   0.36   0.60   0.73      5      5      1   
  0.15   0.29   0.92   0.31      7      7      1   
  0.21   0.29   0.15   0.84     56      9      1   
  0.38   0.16   0.41   0.19      1      1      1   
  0.64   0.71   0.12   0.16      7      7      1   
  0.19   0.19   0.90   0.63      8      8      1   
  0.01   0.82   0.16   0.52     49      9      1   
  0.23   0.00   0.45   0.09      2      2      1   
  0.08   0.32   0.61   0.31      5      5      1   
  0.21   0.97   0.20   0.29     14      9      1   
  0.58   0.67   0.39   0.52      2      2      1   
  0.94   0.19   0.76   0.87      6      6      1   
  0.15   0.84   1.00   0.59      8      8      1   
  0.07   0.44   0.92   0.60      8      8      1   
  0.87   0.64   0.60   0.31      4      4      1   
  0.18   0.38   0.55   0.08      4      4      1   
  0.75   0.91   0.97   0.47      5      5      1   
  0.87   0.17   0.71   0.45      3      3      1   
  0.80   0.82   0.40   0.09      8      8      1   
  0.62   0.07   0.21   0.29      4      4      1   
  0.97   0.46   0.46   0.76      6      6      1   
  0.05   0.41   0.65   0.01      6      6      1   
  0.45   0.38   0.70   0.77      4      4      1   
  0.89   0.89   0.07   0.87      7      7      1   
  0.78   0.21   0.54   0.92      7      7      1   
  0.13   0.04   0.89   0.36      7      7      1   
  0.38   0.51   0.69   0.06      5      5      1   
  0.92   0.59   0.15   0.82      8      8      1   
  0.30   0.18   0.94   0.79      8      8      1   
  0.05   0.95   0.20   0.35     14      9      1   
  0.56   0.60   0.20   0.96      5      5      1   
  0.13   0.38   0.23   0.11      3      3      1   
  0.54   0.92   0.84   0.61      4      4      1   
  0.89   0.62   0.20   0.96      7      7      1   
  0.58   0.57   0.38   0.27      3      3      1   
  0.10   0.25   0.13   0.27      1      1      1   
  0.65   0.18   0.91   0.25      3      3      1   
  0.31   0.19   0.15   0.29      2      2      1   
  0.23   0.23   0.32   0.25      1      1      1   
  0.09   0.08   0.16   0.24      2      2      1   
  0.47   0.16   0.97   0.37      5      5      1   
  0.64   0.22   0.44   0.12      2      2      1   
  0.80   0.36   0.69   0.06      3      3      1   
  0.90   0.17   0.69   0.27      2      2      1   
  0.78   0.74   0.70   0.99      3      3      1   
  0.85   0.70   0.06   0.39      7      7      1   
  0.70   0.28   0.85   0.43      2      2      1   
  0.30   0.95   0.55   0.04      9      9      1   
  0.26   0.07   0.42   0.41      4      4      1   
  0.68   0.03   0.09   0.34      6      6      1   
  0.30   0.18   0.28   0.25      1      1      1   
  0.73   0.96   0.39   0.05      8      8      1   
  0.13   0.54   0.88   0.94      8      8      1   
  0.64   0.87   0.03   0.47      7      7      1   
  0.89   0.06   0.39   0.26      5      5      1   
  0.13   0.05   0.75   0.63      8      8      1   
  0.68   0.08   0.21   0.53      6      6      1   
  0.75   0.13   0.51   0.55      4      4      1   
  0.91   0.71   0.13   0.04      9      9      1   
  0.91   0.24   0.36   0.82      8      7      1   
  0.85   0.18   0.09   0.43      7      7      1   
  0.03   0.84   0.03   0.02     27     12      1   
  0.01   0.32   0.15   0.51      2      2      1   
  0.16   0.86   0.95   0.67      7      7      1   
  0.69   0.97   0.27   0.24      8      8      1   
  0.24   0.26   0.36   0.42      2      2      1   
  0.34   0.22   0.37   0.99     11      8      1   
  0.28   0.37   0.23   0.02      3      3      1   
  0.92   0.65   0.39   0.26      6      6      1   
  0.84   0.45   0.98   0.95      5      5      1   
  0.04   0.12   0.03   0.81     84     11      1   
  0.55   0.56   0.34   0.98      4      4      1   
  0.74   0.06   0.17   0.02      5      5      1   
  0.13   0.83   0.65   0.01     10     10      1   
  0.36   0.00   0.79   0.70      8      7      1   
  0.81   0.38   0.31   1.00      7      7      1   
  0.79   0.18   0.22   0.17      5      5      1   
  0.12   0.03   0.52   0.89      9      9      1   
  0.69   0.24   0.61   0.91      6      6      1   
  0.31   0.19   0.61   0.91      7      7      1   
  0.04   0.35   0.09   0.34      1      1      1   
  0.21   0.24   0.18   0.11      2      2      1   
  0.41   0.30   0.20   0.51      3      3      1   
  0.10   0.45   0.80   0.59      7      7      1   
  0.84   0.03   0.98   0.18      2      2      1   
  0.58   0.99   0.40   0.08      9      9      1   
  0.26   0.36   0.27   0.04      3      3      1   
  0.03   0.47   0.54   0.52      5      5      1   
  0.77   0.45   0.62   0.07      4      4      1   
  0.87   0.23   0.38   0.91      7      7      1   
  0.19   0.01   0.86   0.78      9      9      1   
  0.17   0.19   0.25   0.26      1      1      1   
  0.80   0.60   0.04   0.13      8      8      1   
  0.53   0.17   0.55   0.74      5      5      1   
  0.30   0.39   0.37   0.47      1      1      1   
  0.77   0.34   0.92   0.83      5      5      1   
  0.71   0.03   0.85   0.18      2      2      1   
  0.48   0.97   0.10   0.09      9      9      1   
  0.45   0.04   0.33   0.32      3      3      1   
  0.01   0.21   0.45   0.62      5      5      1   
  0.97   0.82   0.53   0.75      4      4      1   
  0.95   0.82   1.00   0.80      1      1      1   
  0.44   0.99   0.83   0.06      9      9      1   
  0.16   0.30   0.13   0.83     53      9      1   
  0.01   0.42   0.92   0.77      9      9      1   
  0.09   0.52   0.92   0.42      8      8      1   
  0.04   0.12   0.17   0.21      2      2      1   
  0.71   0.46   0.13   0.86     62      7      1   
  0.55   0.03   0.37   0.19      2      2      1   
  0.50   0.03   0.78   0.12      3      3      1   
  0.44   0.84   0.80   0.81      4      4      1   
  0.57   0.00   0.73   0.47      5      5      1   
  0.99   0.76   0.77   0.41      4      4      1   
  0.08   0.32   0.23   0.31      2      2      1   
  0.14   0.24   0.67   0.38      5      5      1   
  0.30   0.41   0.51   0.22      3      3      1   
  0.81   0.42   0.13   0.04      7      7      1   
  0.70   0.88   0.29   0.12      8      8      1   
  0.65   0.47   0.05   0.41      5      5      1   
  0.28   0.53   0.28   0.53      1      1      1   
  0.55   0.24   0.23   0.23      3      3      1   
  0.45   0.04   0.25   0.92     16      9      1   
  0.77   0.55   0.54   0.11      5      5      1   
  0.39   1.00   0.12   0.18      9      9      1   
  0.80   0.05   0.69   0.45      4      4      1   
  0.65   0.98   0.13   0.27      8      8      1   
  0.17   0.49   0.83   0.78      7      7      1   
  0.71   0.91   0.09   0.81      6      6      1   
  0.97   0.47   0.02   0.14      9      9      1   
  0.31   0.32   0.63   0.80      6      6      1   
  0.51   0.80   0.74   0.75      2      2      1   
  0.17   0.57   0.27   0.25      3      3      1   
  0.54   0.16   0.00   0.27      5      5      1   
  0.86   0.10   0.05   0.05      7      7      1   
  0.13   0.86   0.25   0.05     15     10      1   
  0.41   0.35   0.13   0.31      3      3      1   
  0.13   0.27   0.44   0.36      3      3      1   
  0.14   1.00   0.47   0.16     13      9      1   
  0.47   0.08   0.22   0.26      3      3      1   
  0.58   0.65   0.64   0.87      2      2      1   
  0.81   0.38   0.16   0.49      6      6      1   
  0.25   0.12   0.04   0.89     78     11      1   
  0.20   0.35   0.91   0.36      6      6      1   
  0.03   0.31   0.07   0.87     68     10      1   
  0.18   0.97   0.87   0.65      7      7      1   
  0.87   0.16   0.71   0.93      7      7      1   
  0.34   0.08   0.06   0.33      4      4      1   
  0.46   0.14   0.25   0.05      2      2      1   
  0.08   0.24   0.56   0.39      5      5      1   
  0.74   0.82   0.26   0.02      8      8      1   
  0.59   0.06   0.33   0.22      3      3      1   
  0.36   0.05   0.56   0.52      5      5      1   
  0.58   0.18   0.72   0.44      3      3      1   
  0.98   0.34   0.05   0.79     87     10      1   
  0.27   0.14   0.84   0.20      6      6      1   
  0.45   0.78   0.17   0.21      6      6      1   
  0.54   0.92   0.76   0.03      8      8      1   
  0.64   0.87   0.80   0.11      7      7      1   
  0.65   0.18   0.26   0.07      4      4      1   
  0.13   0.09   0.22   0.17      1      1      1   
  0.05   0.24   0.23   0.98     17     10      1   
  0.15   0.02   0.25   0.53      5      5      1   
  0.53   0.17   0.60   0.68      5      5      1   
  0.70   0.78   0.72   0.61      2      2      1   
  0.70   0.99   0.66   0.40      5      5      1   
  0.36   0.42   0.28   0.53      2      2      1   
  0.03   0.80   0.67   0.30      9      9      1   
  0.02   0.35   0.26   0.07      3      3      1   
  0.90   0.75   0.11   0.31      8      8      1   
  0.41   0.19   0.95   0.67      7      6      1   
  0.61   0.66   0.95   0.67      3      3      1   
  0.51   0.56   0.65   0.18      4      4      1   
  0.42   0.32   0.65   0.98      6      6      1   
  0.50   0.69   0.18   0.29      5      5      1   
  0.73   0.08   0.30   0.41      5      5      1   
  0.97   0.05   0.36   0.54      7      7      1   
  0.91   0.24   0.13   0.86     10      9      1   
  0.92   0.59   0.20   0.96      8      8      1   
  0.16   0.45   0.25   0.92      8      7      1   
  0.33   0.07   0.13   0.24      3      3      1   
  0.03   0.47   0.20   0.36      2      2      1   
  0.58   0.28   0.36   0.42      3      3      1   
  0.44   0.94   0.92   0.34      8      7      1   
  0.00   0.39   0.65   0.01      7      7      1   
  0.65   0.18   0.36   0.12      3      3      1   
  0.21   0.27   0.76   0.19      5      5      1   
  0.81   0.42   0.88   0.33      1      1      1   
  0.44   0.12   0.12   0.23      3      3      1   
  0.22   0.19   0.17   0.49      3      3      1   
  0.66   0.46   0.88   0.71      3      3      1   
  0.87   0.01   0.34   0.82      9      9      1   
  0.26   0.49   0.59   0.74      4      4      1   
  0.19   0.44   0.12   0.13      3      3      1   
  0.26   0.49   0.22   0.95     12      7      1   
  0.06   0.14   0.02   0.78     79     11      1   
  0.74   0.25   0.27   0.29      4      4      1   
  0.71   0.31   0.70   0.28      1      1      1   
  0.20   0.51   0.08   0.82     55      8      1   
  0.73   0.66   0.73   0.83      2      2      1   
  0.38   0.16   0.20   0.30      2      2      1   
  0.76   0.87   0.46   0.80      3      3      1   
  0.41   0.22   0.97   0.74      7      7      1   
  0.69   0.17   0.61   0.91      7      7      1   
  0.38   0.19   0.71   0.56      5      5      1   
  0.74   0.45   0.75   0.24      2      2      1   
  0.77   0.41   0.88   0.85      4      4      1   
  0.58   0.62   0.48   0.37      3      3      1   
  0.67   0.01   0.41   0.84      8      8      1   
  0.97   0.59   0.09   0.08      9      9      1   
  0.26   0.25   0.13   0.05      2      2      1   
  0.03   0.24   0.00   0.27      1      1      1   
  0.58   0.68   0.39   0.41      3      3      1   
  0.20   0.47   0.14   0.24      2      2      1   
  0.59   0.37   0.78   0.74      4      4      1   
  0.11   0.81   0.20   0.51     13      8      1   
  0.30   0.05   0.51   0.80      7      7      1   
  0.08   0.04   0.39   0.17      3      3      1   
  0.06   0.23   0.71   0.93      9      9      1   
  0.08   0.00   0.73   0.47      8      7      1   
  0.81   0.89   0.41   0.82      4      4      1   
  0.33   0.39   0.08   1.00     59      8      1   
  0.01   0.21   0.03   0.32      1      1      1   
  0.26   0.07   0.17   0.19      2      2      1   
  0.44   0.99   0.08   0.44     54      8      1   
  0.70   0.88   0.40   0.08      8      8      1   
  0.03   0.81   0.42   0.18     11     10      1   
  1.00   0.80   0.11   0.31      9      9      1   
  0.52   0.13   0.33   0.51      4      4      1   
  0.01   0.24   0.21   0.91     16      9      1   
  0.52   0.12   0.50   0.36      2      2      1   
  0.60   0.31   0.65   0.13      2      2      1   
  0.41   0.44   0.28   0.17      3      3      1   
  0.83   0.52   0.28   0.55      5      5      1   
  0.55   0.04   0.62   0.29      3      3      1   
  0.96   0.73   0.04   0.44      8      8      1   
  0.85   0.52   0.40   0.09      6      6      1   
  0.16   0.18   0.44   0.90      9      7      1   
  0.41   0.23   0.73   0.33      3      3      1   
  0.97   0.30   0.76   0.05      3      3      1   
  0.44   0.12   0.18   0.97     16      9      1   
  0.28   0.88   0.86   0.93      5      5      1   
  0.63   0.80   0.52   0.12      6      6      1   
  0.39   0.31   0.90   0.67      6      6      1   
  0.34   0.98   0.84   0.03      9      9      1   
  0.27   0.25   0.41   0.82     10      7      1   
  0.55   0.74   0.50   0.23      5      5      1   
  0.80   0.25   0.35   0.08      4      4      1   
  0.46   0.88   0.36   0.82      1      1      1   
  0.73   0.47   0.90   0.66      3      3      1   
  0.80   0.60   0.35   0.85      5      5      1   
  0.80   0.24   0.84   0.45      2      2      1   
  0.69   0.40   0.90   0.67      3      3      1   
  0.72   0.63   0.75   0.63      1      1      1   
  0.51   0.21   0.26   0.36      3      3      1   
  0.36   0.00   0.74   0.75      8      8      1   
  0.58   0.39   0.32   0.20      3      3      1   
  0.83   0.44   0.24   0.49      5      5      1   
  0.30   0.05   0.23   0.98     16     10      1   
  0.56   0.78   0.85   0.30      5      5      1   
  0.52   0.34   0.21   0.37      3      3      1   
  0.46   0.10   0.11   0.40      4      4      1   
  0.75   0.71   0.63   0.04      6      6      1   
  0.27   0.22   0.54   0.31      3      3      1   
  0.36   0.82   0.45   0.85      1      1      1   
  0.52   0.73   0.08   0.11      7      7      1   
  0.20   0.11   0.99   0.97     10     10      1   
  0.27   0.04   0.09   0.08      2      2      1   
  0.47   0.28   0.57   0.20      1      1      1   
  0.23   0.25   0.28   0.09      2      2      1   
  0.43   0.30   0.74   0.77      5      5      1   
  0.19   0.44   0.69   0.97      7      7      1   
  0.56   0.78   0.91   0.31      6      5      1   
  0.65   0.28   0.90   0.63      4      4      1   
  0.97   0.05   0.53   0.32      5      5      1   
  0.33   0.39   0.09   0.83     68      7      1   
  0.79   0.23   0.59   0.06      3      3      1   
  0.71   0.03   0.35   0.94      9      9      1   
  0.95   0.67   0.41   0.32      6      6      1   
  0.72   0.64   0.12   0.23      7      7      1   
  0.30   0.35   0.28   0.33      1      1      1   
  0.06   0.39   0.50   0.79      6      6      1   
  0.12   0.11   0.45   0.09      3      3      1   
  0.31   0.55   0.27   0.04      5      5      1   
  0.63   0.80   0.47   0.12      7      6      1   
  0.09   0.08   0.58   0.25      5      5      1   
  0.56   0.26   0.36   0.12      3      3      1   
  0.28   0.33   0.27   0.89     10      7      1   
  0.67   0.30   0.10   0.09      6      6      1   
  0.23   0.02   0.27   0.29      3      3      1   
  0.85   0.26   0.85   0.30      1      1      1   
  0.97   0.05   0.38   0.27      6      6      1   
  0.69   0.24   0.83   0.78      5      5      1   
  0.65   0.13   0.34   0.82      8      7      1   
  0.78   0.21   0.57   0.82      6      6      1   
  0.91   0.35   0.77   0.13      3      3      1   
  0.13   0.29   0.27   0.32      2      2      1   
  0.25   0.48   0.65   0.64      4      4      1   
  0.05   0.24   0.37   0.19      3      3      1   
  0.08   0.04   0.68   0.03      6      6      1   
  0.13   0.31   0.56   0.19      4      4      1   
  0.99   0.76   0.70   0.78      3      3      1   
  0.01   0.21   0.16   0.49      3      3      1   
  0.73   0.69   0.33   0.39      5      5      1   
  0.98   0.31   0.06   0.23      8      8      1   
  0.69   0.11   0.80   0.49      4      4      1   
  0.51   0.80   0.08   0.04      8      8      1   
  0.15   0.02   0.65   0.64      7      7      1   
  0.06   0.33   0.52   0.15      4      4      1   
  0.58   0.18   0.77   0.13      2      2      1   
  0.50   0.23   0.39   0.05      2      2      1   
  0.23   0.02   0.24   0.23      2      2      1   
  0.50   0.79   0.39   0.17      6      6      1   
  0.29   0.12   0.25   0.53      4      4      1   
  0.19   0.41   0.36   0.46      2      2      1   
  0.15   0.84   0.43   0.69      4      4      1   
  0.95   0.41   0.91   0.94      5      5      1   
  0.75   0.17   0.63   0.80      6      6      1   
  0.77   0.41   0.47   0.81      5      5      1   
  0.35   0.54   0.22   0.48      2      2      1   
  0.87   0.17   0.69   0.86      6      6      1   
  0.27   0.25   0.16   0.52      3      3      1   
  0.85   0.37   0.70   0.40      2      2      1   
  0.81   0.76   0.61   0.10      6      6      1   
  0.88   0.95   0.13   0.86      7      7      1   
  0.36   0.46   0.64   0.87      5      5      1   
  0.55   0.04   0.89   0.36      5      5      1   
  0.74   0.65   0.02   0.18      8      8      1   
  0.22   0.48   0.84   0.53      6      6      1   
  0.83   0.52   0.01   0.56      7      7      1   
  0.02   0.18   0.15   0.46      3      3      1   
  0.08   1.00   0.10   0.25     27     10      1   
  0.33   0.51   0.73   0.47      4      4      1   
  0.38   0.19   0.57   0.05      2      2      1   
  0.26   0.32   0.17   0.19      2      2      1   
  0.05   0.95   0.58   0.09     12     10      1   
  0.80   0.81   0.01   0.99      8      8      1   
  0.64   0.84   0.58   0.46      4      4      1   
  0.73   0.69   0.20   0.52      6      5      1   
  0.26   0.07   0.16   0.49      4      4      1   
  0.65   0.47   0.23   0.23      5      5      1   
  0.28   0.25   0.80   0.24      5      5      1   
  0.48   0.97   0.57   0.20      7      7      1   
  0.75   0.03   0.24   0.04      5      5      1   
  0.04   0.13   0.84   0.61      8      8      1   
  0.46   0.80   0.24   0.23      6      6      1   
  0.26   0.49   0.15   0.82     48      7      1   
  0.09   0.43   0.09   0.16      3      3      1   
  0.95   0.67   0.35   0.08      7      7      1   
  0.81   0.38   0.15   0.21      6      6      1   
  0.72   0.23   0.74   0.65      4      4      1   
  0.49   0.37   0.64   0.87      5      5      1   
  0.73   0.96   0.16   0.30      8      8      1   
  0.92   0.39   0.14   0.24      7      7      1   
  0.77   0.55   0.70   0.40      2      2      1   
  0.69   0.86   0.58   0.92      1      1      1   
  0.21   0.27   0.18   0.11      2      2      1   
  0.19   0.19   0.40   0.80     10      6      1   
  0.63   0.81   0.55   0.03      7      7      1   
  0.77   0.41   0.51   0.22      3      3      1   
  0.73   0.68   0.78   0.74      1      1      1   
  0.40   0.32   0.06   0.04      4      4      1   
  0.17   0.23   0.11   0.31      1      1      1   
  0.87   0.01   0.03   0.24      7      7      1   
  0.20   0.30   0.87   0.01      6      6      1   
  0.61   0.10   0.35   0.89      8      8      1   
  0.99   0.74   0.81   0.49      3      3      1   
  0.45   0.38   0.14   1.00     42      7      1   
  0.38   0.37   0.69   0.17      4      4      1   
  0.64   0.63   0.17   0.03      7      7      1   
  0.47   0.28   0.33   0.84      6      6      1   
  0.81   0.00   0.26   0.37      6      6      1   
  0.07   0.87   0.58   0.46      7      6      1   
  0.28   0.33   0.89   0.06      6      6      1   
  0.21   0.27   0.77   0.13      5      5      1   
  0.44   0.20   0.29   0.26      2      2      1   
  0.75   0.17   0.26   0.49      5      5      1   
  0.32   0.20   0.34   0.52      3      3      1   
  0.71   0.51   0.92   0.31      3      3      1   
  0.59   0.37   0.89   0.36      3      3      1   
  0.09   0.43   0.49   0.71      5      5      1   
  0.24   0.23   0.87   0.65      7      7      1   
  0.28   0.53   0.46   0.14      4      4      1   
  0.72   0.39   0.45   0.09      4      4      1   
  0.75   0.13   0.28   0.25      5      5      1   
  0.11   0.16   0.52   0.48      5      5      1   
  0.03   0.02   0.44   0.12      4      4      1   
  0.57   0.05   0.91   0.51      5      5      1   
  0.08   0.24   0.21   0.53      3      3      1   
  0.88   0.65   0.69   0.11      5      5      1   
  0.26   0.25   0.90   0.92      9      9      1   
  0.22   0.19   0.36   0.12      2      2      1   
  0.69   0.46   0.94   0.58      3      3      1   
  0.41   0.19   0.75   0.03      3      3      1   
  0.33   0.27   0.37   0.04      2      2      1   
  0.31   0.83   0.68   0.26      6      6      1   
