  0.93   0.10   0.33   0.31      6      6      1   
  0.51   0.82   0.48   0.15      6      6      1   
  0.17   0.77   0.32   0.48      6      6      1   
  0.89   0.08   0.74   0.82      7      7      1   
  0.84   0.41   0.27   0.11      6      6      1   
  0.57   0.66   0.19   0.18      6      6      1   
  0.59   0.94   0.61   0.52      4      4      1   
  0.94   0.31   0.18   0.79      8      8      1   
  0.24   0.07   0.23   0.79     20      8      1   
  0.27   0.10   0.49   0.73      7      6      1   
  0.78   0.87   0.58   0.26      6      6      1   
  0.26   0.96   0.13   0.32     23      8      1   
  0.44   0.79   0.66   0.97      3      3      1   
  0.75   0.32   0.08   0.04      7      7      1   
  0.62   0.21   0.97   0.50      4      4      1   
  0.92   0.10   0.86   0.49      4      4      1   
  0.31   0.37   0.59   0.05      4      4      1   
  0.54   0.28   0.90   0.87      6      6      1   
  0.97   0.69   0.82   0.26      4      4      1   
  0.58   0.43   0.34   0.85      5      5      1   
  0.06   0.82   0.65   0.67      6      6      1   
  0.22   0.92   0.49   0.36      6      6      1   
  0.95   0.95   0.56   0.33      7      7      1   
  0.13   0.33   0.17   0.49      2      2      1   
  0.13   0.18   0.05   0.05      2      2      1   
  0.20   0.93   0.79   0.42      7      7      1   
  0.50   0.79   0.93   0.73      4      4      1   
  0.61   0.52   0.76   0.66      2      2      1   
  0.68   0.84   1.00   0.19      7      7      1   
  0.81   0.05   0.74   0.05      1      1      1   
  0.59   0.64   0.12   0.94      5      5      1   
  0.88   0.40   0.15   0.07      7      7      1   
  0.65   0.23   0.75   0.67      4      4      1   
  0.75   0.65   0.26   0.34      5      5      1   
  0.09   0.79   0.73   0.25      9      9      1   
  0.57   0.31   0.84   0.41      3      3      1   
  0.80   0.28   0.55   0.02      4      4      1   
  0.93   0.66   0.00   0.51      9      9      1   
  0.21   0.07   0.58   0.85      8      8      1   
  0.48   0.11   0.81   0.91      8      8      1   
  0.51   0.19   0.61   0.90      7      7      1   
  0.26   0.49   0.45   0.04      5      5      1   
  0.50   0.11   0.23   0.18      3      3      1   
  0.24   0.50   0.12   0.82     42      6      1   
  0.87   0.29   0.20   0.17      6      6      1   
  0.28   0.09   0.61   0.85      8      7      1   
  0.79   0.56   0.78   0.32      3      3      1   
  0.67   0.73   0.12   0.56      5      5      1   
  0.49   0.62   0.70   0.44      3      3      1   
  0.86   0.83   0.18   0.56      7      7      1   
  0.23   0.24   0.88   0.10      6      6      1   
  0.12   0.05   0.52   0.47      5      5      1   
  1.00   0.17   0.10   0.05      8      8      1   
  0.54   0.80   0.37   0.95      2      2      1   
  0.76   0.61   0.49   0.81      3      3      1   
  0.61   0.93   0.94   0.35      6      6      1   
  0.98   0.69   0.73   0.46      3      3      1   
  0.33   0.87   0.06   0.82      3      3      1   
  0.26   0.37   0.24   0.89     17      7      1   
  0.18   0.34   0.68   0.82      6      6      1   
  0.86   0.72   0.45   0.69      4      4      1   
  0.18   0.56   0.86   0.07      8      7      1   
  0.79   0.93   0.36   0.46      6      6      1   
  0.65   0.13   0.12   0.04      5      5      1   
  0.98   0.96   0.59   0.44      6      6      1   
  0.76   0.20   0.45   0.69      5      5      1   
  0.39   0.30   0.97   0.50      6      6      1   
  0.56   0.51   0.58   0.10      4      4      1   
  0.59   0.68   0.55   0.48      2      2      1   
  0.15   0.95   0.18   0.79      2      2      1   
  0.96   0.26   0.37   0.15      6      6      1   
  0.71   0.34   0.30   0.33      4      4      1   
  0.30   0.09   0.91   0.00      5      5      1   
  0.06   0.45   0.83   0.12      7      7      1   
  0.21   0.13   0.46   0.89      8      8      1   
  0.58   0.07   0.86   0.70      6      6      1   
  0.38   0.02   0.93   0.35      6      6      1   
  0.76   0.94   0.46   0.79      3      3      1   
  0.33   0.34   0.69   0.31      4      4      1   
  0.59   0.15   0.85   0.86      7      7      1   
  0.23   0.79   0.53   0.03      8      8      1   
  0.86   0.49   0.60   0.59      3      3      1   
  0.81   0.56   0.91   0.00      5      5      1   
  0.76   0.51   0.51   0.30      3      3      1   
  0.71   0.74   0.61   0.90      2      2      1   
  0.18   0.25   0.15   0.39      2      2      1   
  0.10   0.22   0.37   0.79      8      7      1   
  0.42   0.44   0.39   0.01      4      4      1   
  0.65   0.41   0.95   0.00      5      5      1   
  0.37   0.90   0.81   0.19      7      7      1   
  0.60   0.67   0.31   0.03      6      6      1   
  0.75   0.95   0.65   0.28      6      6      1   
  0.05   0.98   0.92   0.68      9      8      1   
  0.66   0.45   0.30   1.00      6      6      1   
  0.30   0.09   0.33   0.34      2      2      1   
  0.44   0.79   0.66   0.97      3      3      1   
  0.86   0.41   0.98   0.81      4      4      1   
  0.11   0.35   0.81   0.39      6      6      1   
  0.24   0.89   0.23   0.37     12      7      1   
  0.01   0.87   0.29   0.37     12      8      1   
  0.44   0.79   0.22   0.90      2      2      1   
  0.85   0.55   0.52   0.47      3      3      1   
  0.45   0.16   0.88   0.12      4      4      1   
  0.61   0.14   0.33   0.83      7      7      1   
  0.75   0.67   0.94   0.49      3      3      1   
  0.33   0.87   0.59   0.15      7      7      1   
  0.18   0.37   0.67   0.72      5      5      1   
  0.86   0.89   0.17   0.49      8      8      1   
  0.53   0.73   0.97   0.50      5      5      1   
  0.38   0.02   0.92   0.10      5      5      1   
  0.43   0.07   0.50   0.52      4      4      1   
  0.87   0.45   0.12   0.94      8      8      1   
  0.45   0.16   0.33   0.83      7      7      1   
  0.30   0.57   0.75   0.97      6      6      1   
  0.57   0.52   0.46   0.41      2      2      1   
  0.88   0.09   0.90   0.35      3      3      1   
  0.06   0.87   0.50   0.05     10     10      1   
  0.21   0.48   0.54   0.76      5      5      1   
  0.52   0.02   0.81   0.21      3      3      1   
  0.94   0.45   0.58   0.07      5      5      1   
  0.04   0.18   0.76   0.61      8      7      1   
  0.16   0.27   0.22   0.15      2      2      1   
  0.79   0.56   0.68   0.84      3      3      1   
  0.48   0.35   0.10   0.40      4      4      1   
  0.53   0.38   0.69   0.27      2      2      1   
  0.00   0.51   0.88   0.27      8      8      1   
  0.82   0.37   0.90   0.13      3      3      1   
  0.15   0.39   0.21   0.48      1      1      1   
  0.20   0.81   0.10   0.33     30      8      1   
  0.44   0.95   0.16   0.28     23      7      1   
  0.66   0.05   0.58   0.18      2      2      1   
  0.18   0.25   0.66   0.64      6      6      1   
  0.23   0.52   0.73   0.52      5      5      1   
  0.17   0.38   0.09   0.78     45      8      1   
  0.31   0.26   0.23   0.39      2      2      1   
  0.70   0.44   0.53   0.60      2      2      1   
  0.80   0.17   0.56   0.24      3      3      1   
  0.18   0.44   0.67   0.73      5      5      1   
  0.55   0.48   0.23   0.06      5      5      1   
  0.92   0.22   0.44   0.79      7      7      1   
  0.50   0.05   0.57   0.59      5      5      1   
  0.22   0.16   0.99   0.42      7      7      1   
  0.46   0.73   0.52   0.14      5      5      1   
  0.59   0.75   0.87   0.29      5      5      1   
  0.95   0.65   0.96   0.06      5      5      1   
  0.05   0.40   0.29   0.10      4      4      1   
  0.10   0.05   0.22   0.45      4      4      1   
  0.77   0.94   0.27   0.97      5      5      1   
  0.04   0.26   0.52   0.04      5      5      1   
  0.26   0.82   0.26   0.37     15      6      1   
  0.15   0.25   0.08   0.17      1      1      1   
  0.28   0.31   0.78   0.04      5      5      1   
  0.60   0.59   0.52   0.47      2      2      1   
  0.56   0.27   0.64   0.72      4      4      1   
  0.44   0.91   0.47   0.98      1      1      1   
  0.94   0.31   0.75   0.67      4      4      1   
  0.57   0.87   0.65   0.67      2      2      1   
  0.62   0.32   0.26   0.99      7      7      1   
  0.48   0.12   0.71   0.34      3      3      1   
  0.10   0.22   0.01   0.87     64     10      1   
  0.81   0.05   0.37   0.06      4      4      1   
  0.26   0.34   0.23   0.06      3      3      1   
  0.13   0.33   0.25   0.37      1      1      1   
  0.26   0.11   0.69   0.86      8      8      1   
  0.18   0.25   0.79   0.42      6      6      1   
  0.61   0.10   0.55   0.24      2      2      1   
  0.81   0.39   0.76   0.14      2      2      1   
  0.01   0.87   0.92   0.74      8      8      1   
  0.63   0.03   0.97   0.77      8      8      1   
  0.95   0.64   0.75   0.80      3      3      1   
  0.09   0.99   0.79   0.17      9      9      1   
  0.47   0.79   0.15   0.95      3      3      1   
  0.16   0.21   0.75   0.67      7      7      1   
  0.66   0.31   0.27   0.54      4      4      1   
  0.06   0.23   0.24   0.89     18      9      1   
  0.13   0.15   0.09   0.08      1      1      1   
  0.11   0.35   0.08   0.40      1      1      1   
  0.73   0.67   0.70   0.44      2      2      1   
  0.12   0.93   0.97   0.22     10     10      1   
  0.22   0.13   0.07   0.25      2      2      1   
  0.37   0.16   0.62   0.26      3      3      1   
  1.00   0.23   0.20   0.50      7      7      1   
  0.55   0.95   0.23   1.00      4      4      1   
  0.55   0.67   0.90   0.46      4      4      1   
  0.08   0.10   0.07   0.87     49     11      1   
  0.51   0.96   0.15   0.38      7      7      1   
  0.31   0.86   0.75   0.30      6      6      1   
  0.91   0.00   0.04   0.13      8      8      1   
  0.57   0.66   0.77   0.66      2      2      1   
  0.88   0.11   0.58   0.10      3      3      1   
  0.22   0.52   0.40   0.28      3      3      1   
  0.97   0.89   0.07   0.00     11     11      1   
  0.07   0.87   0.88   0.47      8      8      1   
  0.82   0.14   0.27   0.12      5      5      1   
  0.47   0.98   0.70   0.44      6      5      1   
  0.22   0.49   0.07   0.87     53      8      1   
  0.84   0.87   0.23   0.39      7      7      1   
  0.15   0.18   0.45   0.16      3      3      1   
  0.19   0.10   0.30   0.39      3      3      1   
  0.94   0.65   0.13   0.37      8      8      1   
  0.88   0.63   0.17   0.77      7      7      1   
  0.57   0.95   0.94   0.45      6      6      1   
  0.48   0.99   0.34   0.39      7      7      1   
  0.35   0.92   0.01   0.21     31      8      1   
  0.10   0.19   0.27   0.09      2      2      1   
  0.65   0.41   0.80   0.24      3      3      1   
  0.73   0.97   1.00   0.23      7      7      1   
  0.61   0.10   0.18   0.79     46      9      1   
  0.63   1.00   0.58   0.51      5      5      1   
  0.70   0.07   0.05   0.19      6      6      1   
  0.10   0.01   0.89   0.08      7      7      1   
  0.12   0.05   0.08   0.56      5      5      1   
  0.46   0.07   0.84   0.87      8      8      1   
  0.78   0.24   0.59   0.35      2      2      1   
  0.37   0.30   0.08   0.10      3      3      1   
  0.97   0.43   0.48   0.35      5      5      1   
  0.78   0.04   0.24   0.00      5      5      1   
  0.14   0.39   0.02   0.56      2      2      1   
  0.63   0.97   0.56   0.51      4      4      1   
  0.55   0.67   0.96   0.06      7      7      1   
  0.97   0.05   0.16   0.21      7      7      1   
  0.61   0.90   0.94   0.49      5      5      1   
  0.61   0.32   0.81   0.91      6      6      1   
  0.78   0.00   0.98   0.67      6      6      1   
  0.53   0.02   0.18   0.34      5      5      1   
  0.57   0.66   0.85   0.55      3      3      1   
  0.65   0.55   0.61   0.32      2      2      1   
  0.70   0.44   0.65   0.13      3      3      1   
  0.48   0.36   0.72   0.20      3      3      1   
  0.44   0.95   0.36   0.78      2      2      1   
  0.58   0.10   0.89   0.25      3      3      1   
  0.12   0.32   0.25   0.31      2      2      1   
  0.86   0.83   0.72   0.88      2      2      1   
  0.95   0.64   0.46   0.34      5      5      1   
  0.47   0.98   0.79   0.24      8      7      1   
  0.47   0.81   0.25   0.57      4      4      1   
  0.19   0.20   0.86   0.83      8      8      1   
  0.18   0.57   0.37   0.30      3      3      1   
  0.85   0.97   0.51   0.82      4      4      1   
  0.92   0.10   0.61   0.14      3      3      1   
  0.50   0.75   0.14   0.13      7      7      1   
  0.01   0.10   0.63   1.00     10     10      1   
  0.74   0.82   0.74   0.64      2      2      1   
  0.24   0.89   0.24   0.13     14      9      1   
  0.81   0.39   0.96   0.30      2      2      1   
  0.48   0.99   0.87   0.26      8      7      1   
  0.49   0.73   0.94   0.65      5      5      1   
  0.09   0.22   0.76   0.58      7      7      1   
  0.67   0.37   0.06   0.16      6      6      1   
  0.23   0.24   0.27   0.09      2      2      1   
  0.41   0.33   0.61   0.32      2      2      1   
  0.08   0.28   0.65   0.23      5      5      1   
  0.65   0.97   0.58   0.51      4      4      1   
  0.78   0.24   0.48   0.74      5      5      1   
  0.11   0.28   0.89   0.25      7      7      1   
  0.05   0.28   0.75   0.97      9      9      1   
  0.50   0.61   0.75   0.73      3      3      1   
  0.51   0.03   0.38   0.93     12      8      1   
  0.86   0.49   0.52   0.47      4      4      1   
  0.37   0.16   0.46   0.72      5      5      1   
  0.46   0.20   0.71   0.34      3      3      1   
  0.59   0.15   0.47   0.10      1      1      1   
  0.68   0.55   0.77   0.26      3      3      1   
  0.56   0.65   0.14   0.94      5      5      1   
  0.70   0.88   0.17   0.05      9      9      1   
  0.29   0.42   0.33   0.83      9      5      1   
  0.55   0.67   0.19   0.13      6      6      1   
  0.82   0.87   0.78   0.97      1      1      1   
  0.76   0.94   0.92   0.61      4      4      1   
  0.72   0.98   0.12   0.05     10     10      1   
  0.50   0.42   0.38   0.93      5      5      1   
  0.53   0.20   0.70   0.44      3      3      1   
  0.46   0.41   0.01   0.87     76      7      1   
  0.11   0.34   0.22   0.52      2      2      1   
  0.83   0.95   0.88   0.56      4      4      1   
  0.66   0.92   0.46   0.73      3      3      1   
  0.07   0.20   0.61   0.63      6      6      1   
  0.90   0.32   0.85   0.55      2      2      1   
  0.84   0.87   0.80   0.20      6      6      1   
  0.05   0.28   0.29   0.42      3      3      1   
  0.01   0.23   0.17   0.38      2      2      1   
  0.88   0.11   0.19   0.94      9      9      1   
  0.08   0.56   0.89   0.48      7      7      1   
  0.58   0.18   0.76   0.51      4      4      1   
  0.01   0.10   0.68   0.84      9      9      1   
  0.47   0.10   0.01   0.10      4      4      1   
  0.10   0.33   0.33   0.00      4      4      1   
  0.12   0.51   0.09   0.34      2      2      1   
  0.75   0.32   0.83   0.35      1      1      1   
  0.07   0.87   0.86   0.09     10     10      1   
  0.49   0.68   0.19   0.24      5      5      1   
  1.00   0.19   0.77   0.26      2      2      1   
  0.68   0.84   0.82   0.48      4      4      1   
  0.06   0.14   0.58   0.43      6      5      1   
  0.31   0.04   0.93   0.07      6      6      1   
  0.71   0.74   0.61   0.10      6      6      1   
  0.63   0.03   0.33   0.34      4      4      1   
  0.97   0.57   0.70   0.64      3      3      1   
  0.78   0.97   0.62   0.61      4      4      1   
  0.98   0.96   0.46   0.89      5      5      1   
  0.01   0.82   0.50   0.82      5      5      1   
  0.53   0.48   0.60   0.67      2      2      1   
  0.44   0.25   0.39   0.30      1      1      1   
  0.30   0.43   0.08   0.40      2      2      1   
  0.12   0.54   0.86   0.71      7      7      1   
  0.76   0.26   0.01   0.08      7      7      1   
  0.59   0.79   0.24   0.89      3      3      1   
  0.39   0.36   0.55   0.23      2      2      1   
  0.59   0.12   0.78   0.97      8      8      1   
  0.83   0.15   0.08   0.40      7      7      1   
  0.17   0.39   0.80   0.53      6      6      1   
  0.90   0.35   0.51   0.30      4      4      1   
  0.02   0.80   0.22   0.16     20     10      1   
  0.13   0.98   0.08   0.35     34      9      1   
  0.41   0.55   0.59   0.12      4      4      1   
  0.30   0.09   0.14   0.77     52      9      1   
  0.75   0.65   0.52   0.49      3      3      1   
  0.17   0.11   0.26   0.17      1      1      1   
  0.19   0.09   0.06   0.16      2      2      1   
  0.67   0.72   0.90   0.87      3      3      1   
  0.22   0.11   0.76   0.94      9      9      1   
  0.75   0.30   0.92   0.10      3      3      1   
  0.70   0.44   0.17   0.77     43      6      1   
  0.16   0.27   0.03   0.46      2      2      1   
  0.86   0.71   0.57   0.94      4      4      1   
  0.70   0.63   0.54   0.09      5      5      1   
  0.73   0.46   0.05   0.24      7      7      1   
  0.79   0.46   0.53   0.03      5      5      1   
  0.23   0.37   0.70   0.50      5      5      1   
  0.56   0.24   0.12   0.34      4      4      1   
  0.65   0.55   0.93   0.88      4      4      1   
  0.83   0.34   0.84   0.76      4      4      1   
  0.31   0.01   0.23   0.39      4      4      1   
  0.55   0.23   0.48   0.11      2      2      1   
  0.54   0.17   0.55   0.29      1      1      1   
  0.68   0.71   0.18   0.77      5      5      1   
  0.46   0.20   0.54   0.28      1      1      1   
  0.13   0.37   0.61   0.23      5      5      1   
  0.55   0.48   0.60   0.27      2      2      1   
  0.74   0.09   0.38   0.18      3      3      1   
  0.91   0.48   0.82   0.55      1      1      1   
  0.17   0.77   0.37   0.30      7      7      1   
  0.01   0.21   0.07   0.87     52     10      1   
  0.89   0.45   0.79   0.31      2      2      1   
  0.23   0.79   0.66   0.03      8      8      1   
  0.48   0.36   0.55   0.95      5      5      1   
  0.75   0.69   0.89   0.08      6      6      1   
  0.01   0.08   0.14   0.94     54     11      1   
  0.86   0.83   0.20   0.01      9      9      1   
  0.60   0.59   0.58   0.22      4      4      1   
  0.82   0.19   0.33   0.26      5      5      1   
  0.60   0.12   0.90   0.35      4      4      1   
  0.02   0.45   0.94   0.39      8      8      1   
  0.04   0.04   0.99   0.21      9      9      1   
  0.54   0.80   0.12   0.54      5      5      1   
  0.27   0.54   0.36   0.90      6      5      1   
  0.26   0.34   0.12   0.79     63      7      1   
  0.43   0.13   0.26   0.96     12      8      1   
  0.94   0.93   0.64   0.72      4      3      1   
  0.43   0.13   0.44   0.91      7      7      1   
  0.18   0.34   0.22   0.92     21      8      1   
  0.78   0.32   0.27   0.05      5      5      1   
  0.57   0.92   0.06   0.14      9      9      1   
  0.98   0.87   0.63   0.09      8      8      1   
  0.28   0.12   0.97   0.32      7      7      1   
  0.17   0.05   0.83   0.95     10     10      1   
  0.06   0.87   0.41   0.82      3      3      1   
  0.96   0.30   0.19   0.94      9      9      1   
  0.33   0.55   0.13   0.52      2      2      1   
  0.88   0.57   0.97   0.34      3      3      1   
  0.72   0.03   0.75   0.67      6      6      1   
  0.21   0.94   0.20   0.93      1      1      1   
  0.97   0.89   0.48   0.47      6      6      1   
  0.15   0.18   0.76   0.61      7      6      1   
  0.62   0.21   0.48   0.74      5      5      1   
  0.04   0.18   0.47   0.81      8      7      1   
  0.13   0.52   0.55   0.84      6      6      1   
  0.30   0.33   0.69   0.47      4      4      1   
  0.07   0.00   0.61   0.22      5      5      1   
  0.31   0.45   0.58   0.07      4      4      1   
  0.66   0.30   0.85   0.60      3      3      1   
  0.78   0.87   0.74   0.82      1      1      1   
  0.27   0.09   0.46   0.53      4      4      1   
  0.18   0.77   0.80   0.28      8      8      1   
  0.52   0.49   0.20   0.32      3      3      1   
  0.39   0.35   0.37   0.15      2      2      1   
  0.93   0.23   0.09   0.99     10     10      1   
  0.45   0.04   0.85   0.55      6      6      1   
  0.91   0.25   0.33   0.84      8      8      1   
  0.57   0.87   0.44   0.84      1      1      1   
  0.91   0.50   0.30   0.09      7      7      1   
  0.05   0.19   0.40   0.45      4      4      1   
  0.20   0.17   0.51   0.82      7      7      1   
  0.03   0.84   0.82   0.48      8      8      1   
  0.69   0.61   0.90   0.87      3      3      1   
  0.17   0.11   0.62   0.61      6      6      1   
  0.93   0.66   0.31   0.45      7      7      1   
  0.04   0.09   0.49   0.60      7      6      1   
  0.61   0.16   0.36   0.46      4      4      1   
  0.42   0.06   0.02   0.51      6      6      1   
  0.93   0.88   0.54   0.09      8      8      1   
  0.31   0.86   0.90   0.32      7      7      1   
  0.60   0.54   0.94   0.47      3      3      1   
  0.90   0.35   0.31   0.86      7      7      1   
  0.18   0.34   0.52   0.49      3      3      1   
  0.76   0.67   0.55   0.48      3      3      1   
  0.06   0.96   0.54   0.80      5      5      1   
  0.69   0.19   0.87   0.45      3      3      1   
  0.75   0.67   0.86   0.09      5      5      1   
  0.82   0.14   0.90   0.43      3      3      1   
  0.97   0.43   0.05   0.11      9      9      1   
  0.85   0.28   0.11   0.35      7      7      1   
  0.93   0.26   0.60   0.91      7      7      1   
  0.13   0.33   0.64   0.81      7      6      1   
  0.50   0.75   0.52   0.47      3      3      1   
  0.65   0.23   0.72   0.93      6      6      1   
  0.04   0.81   0.12   0.04     24     11      1   
  0.80   0.17   0.73   0.67      5      5      1   
  0.53   0.48   0.17   0.06      5      5      1   
  0.55   0.06   0.90   0.43      5      5      1   
  0.34   0.39   0.81   0.19      5      5      1   
  0.26   0.85   0.49   0.62      3      3      1   
  0.86   0.89   0.75   0.32      6      5      1   
  0.92   0.61   0.94   0.75      2      2      1   
  0.80   0.28   0.53   0.38      3      3      1   
  0.09   0.24   0.49   0.13      4      4      1   
  0.98   0.71   0.48   0.15      7      7      1   
  0.23   0.44   0.81   0.56      5      5      1   
  0.93   0.88   0.52   0.14      7      7      1   
  0.31   0.01   0.21   0.52      5      5      1   
  0.28   0.35   0.75   0.80      6      6      1   
  0.31   0.37   0.24   0.89     17      7      1   
  0.11   0.05   0.45   0.04      3      3      1   
  0.81   0.89   0.22   0.92      5      5      1   
  0.06   0.16   0.67   0.73      7      7      1   
  0.90   0.43   0.78   0.24      2      2      1   
  0.57   0.16   0.98   0.69      6      6      1   
  0.56   0.94   0.02   0.51     61      7      1   
  0.71   0.01   0.76   0.66      6      6      1   
  0.78   0.24   0.53   0.03      3      3      1   
  0.38   0.18   0.08   0.10      3      3      1   
  0.60   0.67   0.48   0.11      5      5      1   
  0.81   0.19   0.36   0.40      5      5      1   
  0.94   0.26   0.42   0.33      5      5      1   
  0.60   0.59   0.87   0.26      4      4      1   
  0.18   0.37   0.47   0.81      6      5      1   
  0.04   0.01   0.86   0.70      9      9      1   
  0.77   0.26   0.04   0.09      7      7      1   
  0.84   0.76   0.44   0.95      4      4      1   
  0.46   0.89   0.66   0.30      6      6      1   
  0.63   0.35   0.19   0.85     45      7      1   
  0.93   0.66   0.28   0.35      7      7      1   
  0.20   0.02   0.47   0.79      8      8      1   
  0.10   0.16   0.76   0.74      8      8      1   
  0.59   0.42   0.55   0.02      4      4      1   
  0.94   0.43   0.24   0.50      6      6      1   
  0.70   0.50   0.52   0.14      4      4      1   
  0.77   0.48   0.81   0.18      3      3      1   
  0.46   0.72   0.04   0.09      7      7      1   
  0.54   0.85   0.25   0.31      6      6      1   
  0.09   0.34   0.24   0.50      2      2      1   
  0.73   0.97   0.60   0.28      6      6      1   
  0.20   0.54   0.78   0.04      7      7      1   
  0.98   0.96   0.42   0.06      9      9      1   
  0.06   0.96   0.72   0.88      6      6      1   
  0.46   0.72   0.12   0.79      3      3      1   
  0.26   0.93   0.34   0.50      6      6      1   
  0.14   0.39   0.78   0.06      7      7      1   
  0.75   0.97   0.81   0.76      2      2      1   
  0.11   0.55   0.78   0.93      7      7      1   
  0.24   0.89   0.28   0.30     11      7      1   
  0.33   0.84   0.53   0.60      3      3      1   
  0.88   0.10   0.59   0.74      6      6      1   
  0.05   0.32   0.89   0.48      8      8      1   
  0.25   0.04   0.24   0.89     24      9      1   
  0.57   0.31   0.68   0.82      5      5      1   
  0.26   0.32   0.78   0.93      7      7      1   
  0.57   0.31   0.79   0.42      3      3      1   
  0.13   0.07   0.32   0.25      3      3      1   
  0.44   0.95   0.18   0.25     23      7      1   
  0.60   0.28   0.23   0.37      4      4      1   
  0.70   0.07   0.82   0.14      2      2      1   
  0.55   0.24   0.54   0.09      2      2      1   
  0.17   0.77   0.18   0.04     17     10      1   
  0.53   0.02   0.94   0.75      7      7      1   
  0.63   0.20   0.80   0.17      2      2      1   
  0.59   0.03   0.02   0.56      7      7      1   
  0.58   0.26   0.75   0.30      2      2      1   
  0.44   0.01   0.06   0.42      5      5      1   
  0.75   0.73   0.66   0.05      6      6      1   
  0.66   0.92   0.32   0.37      6      6      1   
  0.97   0.43   0.97   0.08      3      3      1   
  0.92   0.68   0.61   0.10      6      6      1   
  0.27   0.23   0.97   0.51      7      7      1   
  0.93   0.26   0.02   0.54      8      8      1   
  0.64   0.41   0.06   0.45      5      5      1   
  0.26   0.99   0.58   0.83      4      4      1   
  0.94   0.39   0.55   0.67      5      5      1   
  0.25   0.87   0.48   0.47      5      5      1   
  0.95   0.00   0.22   0.45      8      8      1   
  0.88   0.40   0.34   0.55      5      5      1   
  0.97   0.34   0.30   0.39      6      6      1   
  0.58   0.51   0.19   0.20      5      5      1   
  0.64   0.41   0.48   0.09      3      3      1   
  0.27   0.19   0.94   0.96      9      9      1   
  0.29   0.34   0.46   0.73      4      4      1   
  0.07   0.85   0.23   1.00      2      2      1   
  0.48   0.71   0.61   0.23      5      5      1   
  0.83   0.12   0.10   0.53      7      7      1   
  0.94   0.47   0.85   0.97      5      5      1   
  0.31   0.26   0.19   0.09      2      2      1   
  0.86   0.91   0.61   0.90      3      3      1   
  0.63   0.57   0.09   0.99      6      6      1   
  0.83   0.35   0.08   0.10      7      7      1   
  0.30   0.89   0.78   0.03      9      9      1   
  0.02   0.45   0.59   0.79      6      6      1   
  0.51   0.96   0.98   0.70      5      5      1   
  0.34   0.55   0.23   0.79     23      4      1   
  0.56   0.46   0.04   0.01      6      6      1   
  0.81   0.39   0.26   0.93      7      7      1   
  0.55   0.41   0.19   0.20      4      4      1   
  0.69   0.19   1.00   0.81      6      6      1   
  0.59   0.18   0.18   0.85      8      8      1   
  0.12   0.04   0.28   0.12      2      2      1   
  0.55   0.24   0.35   0.49      3      3      1   
  0.27   0.05   0.46   0.07      2      2      1   
  0.12   0.54   0.13   0.26      3      3      1   
  0.45   0.02   0.59   0.38      4      4      1   
  0.33   0.31   0.78   0.93      7      7      1   
  0.35   0.49   0.30   0.10      4      4      1   
  0.83   0.34   0.73   0.52      2      2      1   
  0.74   0.64   0.20   0.01      8      8      1   
  0.56   0.44   0.56   0.33      1      1      1   
  0.15   0.18   0.66   0.16      5      5      1   
  0.59   0.68   0.91   0.48      4      4      1   
  0.08   0.81   0.66   0.79      5      5      1   
  0.04   0.93   0.89   0.48      9      9      1   
  0.49   0.62   0.45   0.60      1      1      1   
  0.37   0.30   0.33   0.83      6      6      1   
  0.03   0.84   0.54   0.80      5      5      1   
  0.24   0.50   0.85   0.02      7      7      1   
  0.59   0.12   0.05   0.07      5      5      1   
  0.78   0.24   0.05   0.98     60     10      1   
  0.03   0.47   0.76   0.67      7      7      1   
  0.69   0.18   0.77   0.14      1      1      1   
  0.25   0.05   0.71   0.33      5      5      1   
  0.44   0.61   0.46   0.72      1      1      1   
  0.14   0.01   0.12   0.79     47     10      1   
  0.74   0.64   0.43   0.00      6      6      1   
  0.04   0.93   0.98   0.69      9      9      1   
  0.61   0.22   0.87   0.06      3      3      1   
  0.44   0.84   0.99   0.95      5      5      1   
  0.55   0.29   0.34   0.19      2      2      1   
  0.12   0.42   1.00   0.17      8      8      1   
  0.27   0.97   0.39   0.29      7      7      1   
  0.88   0.11   0.06   0.17      7      7      1   
  0.53   0.02   0.48   0.99      9      9      1   
  0.34   0.55   0.23   0.80     23      4      1   
  0.36   0.78   0.57   0.94      3      3      1   
  0.65   0.97   0.96   0.30      7      7      1   
  0.21   0.91   0.25   1.00      1      1      1   
  0.97   0.89   0.60   0.91      4      4      1   
  0.98   0.87   0.22   0.16      9      9      1   
  0.94   0.26   0.80   0.00      3      3      1   
  0.58   0.18   0.97   0.34      4      4      1   
  0.76   0.67   0.37   0.15      6      6      1   
  0.80   0.17   0.26   0.37      5      5      1   
  0.67   0.58   0.16   0.44      5      5      1   
  0.53   0.38   0.90   0.13      4      4      1   
  0.18   0.10   0.40   0.36      3      3      1   
  0.71   0.74   0.22   0.45      5      5      1   
  0.78   0.97   0.67   0.72      3      3      1   
  0.47   0.58   0.30   0.10      5      5      1   
  0.10   0.01   0.37   0.82     10      9      1   
  0.66   0.92   0.87   0.06      8      8      1   
  0.13   0.15   0.11   0.06      1      1      1   
  0.15   0.39   0.26   0.17      2      2      1   
  0.34   0.50   0.27   0.09      4      4      1   
  0.07   0.25   0.57   0.62      6      6      1   
  0.55   0.29   0.31   0.26      2      2      1   
  0.62   0.17   0.94   0.65      6      6      1   
  0.57   0.10   0.82   0.19      3      3      1   
  0.05   0.11   0.11   0.55      4      4      1   
  0.45   0.02   0.42   0.06      1      1      1   
  0.87   0.26   0.81   0.19      1      1      1   
  0.10   0.05   1.00   0.55      9      9      1   
  0.87   0.29   0.53   0.20      3      3      1   
  0.55   0.02   0.87   0.29      4      4      1   
  0.68   0.55   0.18   0.37      5      5      1   
  0.14   0.11   0.54   0.80      7      7      1   
  0.77   0.26   0.45   0.02      4      4      1   
  0.18   0.25   0.10   0.05      2      2      1   
  0.84   0.76   0.99   0.55      3      3      1   
  0.88   0.63   0.49   0.68      4      4      1   
  0.22   0.13   0.53   0.33      3      3      1   
  0.37   0.82   0.64   0.40      5      5      1   
  0.06   0.23   0.30   0.09      3      3      1   
  0.59   0.68   0.59   0.32      3      3      1   
  0.21   0.35   0.63   0.20      4      4      1   
  0.01   0.57   0.23   0.44      2      2      1   
  0.37   0.30   0.60   0.11      3      3      1   
  0.56   0.87   0.61   0.85      1      1      1   
  0.69   0.31   0.55   0.48      2      2      1   
  0.18   0.86   0.89   0.26      8      8      1   
  0.21   0.13   0.23   0.18      1      1      1   
  0.58   0.43   0.48   0.47      1      1      1   
  0.40   0.36   0.59   0.18      3      3      1   
  0.76   0.58   0.91   0.25      3      3      1   
  0.81   0.22   0.15   0.18      6      6      1   
  0.82   0.09   0.44   0.25      4      4      1   
  0.05   0.11   0.95   0.65      9      9      1   
  0.54   0.21   0.17   0.49      5      4      1   
  0.81   0.21   0.62   0.61      4      4      1   
  0.77   0.38   0.70   0.44      1      1      1   
  0.45   0.69   0.45   0.60      1      1      1   
  0.47   0.81   0.24   0.50      4      4      1   
  0.63   0.03   0.23   0.30      5      5      1   
  0.39   0.29   0.74   0.82      6      6      1   
  0.26   0.93   0.39   0.37      6      6      1   
  0.30   0.39   0.86   1.00      7      7      1   
  0.87   0.09   0.51   0.96      8      8      1   
  0.03   0.46   0.01   0.82     84      9      1   
  0.81   0.39   0.60   0.27      2      2      1   
  0.97   0.50   0.99   0.22      3      3      1   
  0.65   0.13   0.70   0.44      3      3      1   
  0.82   0.16   0.20   0.01      6      6      1   
  0.94   0.47   0.17   0.38      7      7      1   
  0.59   0.12   0.63   0.03      1      1      1   
  0.54   0.76   0.26   0.82      3      3      1   
  0.17   0.02   0.76   0.58      7      7      1   
  0.59   0.14   0.19   0.26      4      4      1   
  0.45   0.15   0.17   0.39      3      3      1   
  0.81   0.05   0.67   0.11      2      2      1   
  0.34   0.19   1.00   0.47      6      6      1   
  0.53   0.06   0.23   0.79     28      8      1   
  0.71   0.33   0.01   0.08      7      7      1   
  0.76   0.67   1.00   0.17      5      5      1   
  0.88   0.56   0.37   0.95      6      6      1   
  1.00   0.47   0.01   0.23     10      9      1   
  0.23   0.37   0.73   0.25      5      5      1   
  0.15   0.07   0.34   0.19      2      2      1   
  0.15   0.95   0.53   0.84      4      4      1   
  0.33   0.84   0.17   0.06     29      9      1   
  0.52   0.49   0.20   0.32      3      3      1   
  0.55   0.06   0.94   0.47      5      5      1   
  0.48   0.11   0.86   0.07      3      3      1   
  0.51   0.83   0.55   0.24      5      5      1   
  0.01   0.57   0.99   0.42      9      9      1   
  0.18   0.85   0.85   0.49      7      7      1   
  0.96   0.30   0.88   0.11      2      2      1   
  0.29   0.20   0.37   0.90     10      7      1   
  0.33   0.55   0.26   0.17      4      4      1   
  0.99   0.22   0.05   0.32      8      8      1   
  0.19   0.20   0.05   0.32      2      2      1   
  0.64   0.96   0.25   0.17      8      8      1   
  0.08   0.04   0.56   0.51      6      6      1   
  0.17   0.38   0.78   0.04      6      6      1   
  0.11   0.35   0.17   0.05      3      3      1   
  0.73   0.67   0.61   0.52      2      2      1   
  0.22   0.90   0.17   0.49     25      7      1   
  0.89   0.98   0.73   0.49      5      5      1   
  0.93   0.10   0.18   0.25      7      7      1   
  0.09   0.08   0.95   0.00      8      8      1   
  0.49   0.68   0.24   0.55      3      3      1   
  0.94   0.39   0.48   0.36      4      4      1   
  0.89   0.08   0.38   0.37      5      5      1   
  0.61   0.90   0.78   0.87      2      2      1   
  0.19   0.20   0.52   0.04      4      4      1   
  0.85   0.49   0.33   0.55      5      5      1   
  0.69   0.31   0.73   0.25      1      1      1   
  0.09   0.22   0.97   0.89     10     10      1   
  0.57   0.62   0.73   0.67      2      2      1   
  0.61   0.56   0.27   0.19      5      5      1   
  0.22   0.90   0.06   0.99      2      2      1   
  0.06   0.14   0.69   0.31      6      6      1   
  0.59   0.05   0.41   0.55      5      5      1   
  0.44   0.54   0.23   0.06      5      5      1   
  0.58   0.12   0.89   0.35      4      4      1   
  0.70   0.44   0.07   0.87     58      7      1   
  0.90   0.35   0.44   0.91      7      7      1   
  0.28   0.80   0.69   0.61      4      4      1   
  0.28   0.35   0.71   0.34      4      4      1   
  0.86   0.44   0.74   0.68      3      3      1   
  0.24   0.00   0.73   0.49      6      6      1   
  0.89   0.98   0.08   0.81      7      7      1   
  0.45   0.27   0.18   0.44      3      3      1   
  0.53   0.20   0.27   0.05      3      3      1   
  0.76   0.74   0.81   0.18      5      5      1   
  0.89   0.45   0.85   0.02      4      4      1   
  0.71   0.76   0.76   0.66      1      1      1   
  0.34   0.39   0.82   0.14      5      5      1   
  0.05   0.98   0.06   0.17     34     11      1   
  0.51   0.83   0.45   0.27      5      5      1   
  0.63   0.20   0.05   0.19      5      5      1   
  0.99   0.80   0.55   0.48      5      5      1   
  0.40   0.45   0.60   0.12      4      4      1   
  0.59   0.94   0.86   0.49      5      5      1   
  0.97   0.77   0.59   0.42      5      5      1   
  0.79   0.31   0.01   0.57      7      7      1   
  0.61   0.85   0.30   1.00      4      4      1   
  0.83   0.15   0.08   0.35      7      7      1   
  0.66   0.05   0.30   1.00      9      9      1   
  0.44   0.95   0.93   0.06      9      9      1   
  0.46   0.89   0.92   0.74      4      4      1   
  0.28   0.80   0.86   0.41      7      7      1   
  0.86   0.07   0.33   0.84      8      8      1   
  0.54   0.10   0.63   0.03      1      1      1   
  0.26   0.32   0.27   0.08      2      2      1   
  0.83   0.09   0.46   0.73      7      7      1   
  0.79   0.52   0.04   0.20      7      7      1   
  0.67   0.37   0.90   0.35      2      2      1   
  0.50   0.93   0.23   0.30      7      7      1   
  0.82   0.48   0.17   0.98      8      7      1   
  0.87   0.93   0.33   0.84      5      5      1   
  0.83   0.09   0.86   0.84      7      7      1   
  0.88   0.11   0.56   0.44      4      4      1   
  0.12   0.04   0.57   0.10      4      4      1   
  0.65   0.67   0.88   0.63      2      2      1   
  0.99   0.95   0.03   0.12     11     11      1   
  0.79   0.17   0.20   0.17      5      5      1   
  0.65   0.55   0.88   0.56      2      2      1   
  0.19   0.20   0.69   0.82      7      7      1   
  0.05   0.11   0.47   0.98     10     10      1   
  0.44   0.94   0.82   0.37      7      6      1   
  0.54   0.09   0.73   0.49      4      4      1   
  0.51   0.96   0.39   0.35      6      6      1   
  0.52   0.47   0.96   0.26      5      5      1   
  0.35   0.92   0.53   0.33      6      6      1   
  0.04   0.83   0.31   0.37      9      8      1   
  0.13   0.52   0.01   0.57      2      2      1   
  0.31   0.26   0.55   0.44      3      3      1   
  0.79   0.56   0.14   0.33      6      6      1   
  0.54   0.96   0.22   0.07      8      8      1   
  0.55   0.41   0.58   0.85      4      4      1   
  0.49   0.81   0.37   0.82      1      1      1   
  0.04   0.43   0.56   0.65      5      5      1   
  0.24   0.07   0.75   0.67      7      7      1   
  0.05   0.34   0.77   0.26      6      6      1   
  0.30   0.10   0.48   0.74      7      6      1   
  0.78   0.87   0.68   0.84      1      1      1   
  0.28   0.30   0.18   0.85     43      7      1   
  0.51   0.03   0.43   0.13      1      1      1   
  0.53   0.20   0.94   0.47      5      5      1   
  0.95   0.75   0.27   0.09      8      8      1   
  0.61   0.23   0.80   0.20      2      2      1   
  0.65   0.28   0.83   0.92      6      6      1   
  0.20   0.32   0.10   0.22      2      2      1   
  0.75   0.95   0.48   0.74      3      3      1   
  0.70   0.72   0.59   0.68      1      1      1   
  0.43   0.07   0.79   0.17      4      4      1   
  0.86   0.41   0.69   0.28      2      2      1   
  0.30   0.33   0.24   0.89     18      7      1   
  0.08   0.23   0.66   0.30      5      5      1   
  0.58   0.18   0.62   0.17      1      1      1   
  0.04   0.83   0.93   0.23     10     10      1   
  0.76   0.51   0.74   0.09      4      4      1   
  0.51   0.10   0.18   0.57      5      5      1   
  0.86   0.07   0.56   0.90      8      8      1   
  0.44   0.01   0.94   0.65      7      7      1   
  0.36   0.78   0.50   0.61      2      2      1   
  0.39   0.37   0.53   0.47      2      2      1   
  0.54   0.09   0.16   0.28      4      4      1   
  0.59   0.38   0.47   0.81      4      4      1   
  0.11   0.06   0.29   0.79     10      9      1   
  0.51   0.21   0.51   0.82      6      6      1   
  0.25   0.32   0.82   0.87      8      7      1   
  0.15   0.39   0.16   0.04      3      3      1   
  0.86   0.89   0.12   0.34      8      8      1   
  0.10   0.46   0.03   0.84     55      9      1   
  0.50   0.42   0.55   0.03      4      4      1   
  0.12   0.42   0.11   0.55      2      2      1   
  0.85   0.28   0.29   0.37      5      5      1   
  0.02   0.54   0.60   0.59      5      5      1   
  0.01   0.08   0.31   0.45      4      4      1   
  0.80   0.24   0.06   0.82     59      9      1   
  0.18   0.79   0.99   0.95      8      8      1   
  0.54   0.76   0.85   0.28      5      5      1   
  0.73   0.13   0.50   0.61      5      5      1   
  0.53   0.48   0.29   0.37      3      3      1   
  0.24   0.89   0.58   0.20      8      8      1   
  0.10   0.46   0.70   0.63      6      6      1   
  0.69   0.19   0.83   0.15      2      2      1   
  0.60   0.32   0.65   0.97      6      6      1   
  0.06   0.93   0.08   0.56     75      9      1   
  0.94   0.39   0.20   0.01      7      7      1   
  0.30   0.33   0.13   0.18      2      2      1   
  0.95   0.65   0.66   0.64      3      3      1   
  0.18   0.34   0.23   0.18      2      2      1   
  0.58   0.26   0.27   0.10      3      3      1   
  0.88   0.69   0.51   0.03      7      7      1   
  0.85   0.49   0.78   0.97      5      5      1   
  0.48   0.09   0.27   0.08      2      2      1   
  0.59   0.44   0.10   0.01      6      6      1   
  0.40   0.25   0.79   0.03      4      4      1   
  0.14   0.01   0.83   0.23      7      7      1   
  0.69   0.82   0.78   0.93      2      2      1   
  0.20   0.01   0.24   0.89     24     10      1   
  0.31   0.86   0.30   0.38      6      6      1   
  0.59   0.75   0.03   0.14      8      8      1   
  0.75   0.95   0.68   0.84      1      1      1   
  0.25   0.04   0.74   0.68      7      7      1   
  0.33   0.00   0.24   0.13      2      2      1   
  0.74   0.68   0.97   0.05      6      6      1   
  0.08   0.10   0.97   0.51      9      9      1   
  0.53   0.97   0.59   0.94      1      1      1   
  0.90   0.46   0.12   0.94      8      8      1   
  0.63   1.00   0.87   0.26      7      7      1   
  0.39   0.01   0.05   0.32      4      4      1   
  0.10   0.33   0.59   0.03      5      5      1   
  0.86   0.72   0.92   0.10      6      6      1   
  0.87   0.09   0.51   0.83      7      7      1   
  0.56   0.87   0.31   0.03      8      8      1   
  0.03   0.84   0.23   0.79      2      2      1   
  0.22   0.16   0.97   0.05      7      7      1   
  0.80   0.53   0.72   0.44      1      1      1   
  0.48   0.35   0.49   0.68      3      3      1   
  0.03   0.14   0.34   0.44      4      4      1   
  0.57   0.62   0.63   0.09      5      5      1   
  0.21   0.48   0.34   0.16      3      3      1   
  0.89   0.19   0.71   0.76      5      5      1   
  0.44   0.84   0.25   0.04      8      8      1   
  0.73   0.46   0.58   0.26      3      3      1   
  0.47   0.57   0.86   0.83      4      4      1   
  0.24   0.89   0.14   0.01     26     10      1   
  0.40   0.90   0.85   0.86      4      4      1   
  0.64   0.40   0.61   0.32      1      1      1   
  0.91   0.50   0.63   0.48      3      3      1   
  0.94   0.43   0.23   0.24      7      7      1   
  0.79   0.31   0.19   0.11      6      6      1   
  0.49   0.81   0.94   0.39      6      6      1   
  0.89   0.26   0.88   0.10      2      2      1   
  0.67   0.37   0.64   0.40      1      1      1   
  0.65   0.23   0.22   0.52      5      5      1   
  0.56   0.24   0.07   0.25      4      4      1   
  0.55   0.44   0.37   0.95      6      6      1   
  0.54   0.85   0.85   0.70      3      3      1   
  0.79   0.24   0.05   0.19      7      7      1   
  0.20   0.50   0.85   0.49      6      6      1   
  0.74   0.82   0.55   0.03      7      7      1   
  0.01   0.82   0.30   0.10     14     10      1   
  0.36   0.86   0.82   0.48      6      6      1   
  0.65   0.19   0.70   0.63      4      4      1   
  0.41   0.82   0.18   0.85      2      2      1   
  0.41   0.10   0.08   0.56      5      5      1   
  0.99   0.22   0.59   0.35      4      4      1   
  0.73   0.49   0.01   0.57      7      7      1   
  0.23   0.46   0.82   0.09      6      6      1   
  0.55   0.23   0.48   0.49      3      3      1   
  0.65   0.28   0.46   0.76      5      5      1   
  0.21   0.91   0.51   0.21      8      8      1   
  0.94   0.65   0.55   0.41      4      4      1   
  0.20   0.50   0.55   0.06      5      5      1   
  0.26   0.17   0.20   0.01      2      2      1   
  0.54   0.80   0.08   0.23      7      7      1   
  0.30   0.09   0.80   0.20      5      5      1   
  0.05   0.40   0.63   0.97      8      8      1   
  0.84   0.41   0.86   0.07      3      3      1   
  0.94   0.65   0.48   0.49      5      5      1   
  0.54   0.74   0.99   0.42      5      5      1   
  0.59   0.42   0.37   0.90      5      5      1   
  0.72   0.20   0.53   0.60      4      4      1   
  0.15   0.25   0.10   0.35      1      1      1   
  0.38   0.37   0.54   0.30      2      2      1   
  0.93   0.07   0.92   0.61      5      5      1   
  0.82   0.14   0.58   0.43      4      4      1   
  0.16   0.04   0.58   0.26      4      4      1   
  0.82   0.22   0.23   0.44      6      6      1   
  0.81   0.05   0.58   0.22      3      3      1   
  0.59   0.42   0.78   0.97      5      5      1   
  0.26   0.34   0.08   0.17      2      2      1   
  0.18   0.25   0.61   0.10      4      4      1   
  0.25   1.00   0.63   0.57      5      5      1   
  0.25   1.00   0.26   0.89      1      1      1   
  0.27   0.23   0.82   0.80      7      7      1   
  0.29   0.79   0.30   0.39      6      6      1   
  0.59   0.68   0.94   0.96      4      4      1   
  1.00   0.47   0.97   0.43      1      1      1   
  0.12   0.10   0.61   0.16      4      4      1   
  0.16   0.28   0.02   0.00      3      3      1   
  0.89   0.98   0.96   0.30      6      6      1   
  0.55   0.48   0.48   0.11      4      4      1   
  0.98   0.51   0.23   0.11      7      7      1   
  0.38   0.02   0.89   0.76      8      8      1   
  0.26   0.96   0.81   0.19      8      8      1   
  0.84   0.38   0.05   0.28      7      7      1   
  0.14   0.11   0.89   0.48      8      8      1   
  0.44   0.01   0.07   0.25      4      4      1   
  0.86   0.72   0.92   0.10      6      6      1   
  0.05   0.32   0.33   0.34      3      3      1   
  0.06   0.87   0.31   0.04     15     10      1   
  0.19   0.11   0.27   0.15      1      1      1   
  0.33   0.31   0.55   0.95      6      6      1   
  0.94   0.03   0.86   0.09      1      1      1   
  0.48   0.15   0.39   0.36      2      2      1   
  0.56   0.65   0.83   0.34      4      4      1   
  0.93   0.06   0.49   0.62      6      6      1   
  0.57   0.31   0.24   0.89      7      7      1   
  0.17   0.78   0.28   0.30     11      7      1   
  0.28   0.17   0.23   0.09      1      1      1   
  0.13   0.36   0.25   1.00      9      8      1   
  0.17   0.49   0.79   0.17      6      6      1   
  0.16   0.34   0.14   0.33      1      1      1   
  0.01   0.94   0.57   0.16     10     10      1   
  0.82   0.09   0.64   0.41      3      3      1   
  0.75   0.65   0.09   0.79      7      7      1   
  0.36   0.46   0.16   0.44      2      2      1   
  0.78   0.61   0.86   0.72      2      2      1   
  0.55   0.95   0.95   0.56      5      5      1   
  0.38   0.93   0.67   0.15      7      7      1   
  0.29   0.42   0.65   0.41      3      3      1   
  0.51   0.09   0.76   0.51      4      4      1   
  0.12   0.94   0.28   0.35     13      8      1   
  0.55   0.03   0.42   0.33      3      3      1   
  0.34   0.16   0.55   0.84      7      7      1   
  0.55   0.41   0.12   0.32      4      4      1   
  0.26   0.89   0.19   0.06     21      9      1   
  0.58   0.07   0.52   0.47      4      4      1   
  0.56   0.51   0.89   0.76      4      4      1   
  0.37   0.16   0.07   0.87     58      9      1   
  0.19   0.85   0.88   0.56      7      7      1   
  0.20   0.02   0.44   0.91      9      9      1   
  0.81   0.39   0.91   0.00      4      4      1   
  0.94   0.45   0.05   0.98      9      9      1   
  0.03   0.84   0.98   0.96      9      9      1   
  0.72   0.20   0.81   0.22      1      1      1   
  0.70   0.50   0.50   0.88      4      4      1   
  0.88   0.12   0.79   0.24      2      2      1   
  0.10   0.55   0.51   0.16      5      5      1   
  0.91   0.00   0.51   0.25      4      4      1   
  0.52   0.49   0.46   0.41      1      1      1   
  0.50   0.42   0.72   0.98      5      5      1   
  0.26   0.17   0.57   0.95      7      7      1   
  0.56   0.46   0.97   0.32      4      4      1   
  0.80   0.24   0.97   0.43      2      2      1   
  0.57   0.95   0.89   0.76      4      4      1   
  0.32   0.48   0.79   0.24      5      5      1   
  0.50   0.61   0.39   0.35      3      3      1   
  0.59   0.42   0.51   0.31      2      2      1   
  0.23   0.24   0.73   0.67      6      6      1   
  0.10   0.55   0.57   0.66      5      5      1   
  0.10   0.19   0.42   0.06      3      3      1   
  0.29   0.54   0.73   0.46      5      4      1   
  0.78   0.93   0.82   0.16      7      7      1   
  0.81   0.61   0.54   0.21      5      5      1   
  0.05   0.79   0.71   0.00     11     11      1   
  0.38   0.18   0.86   0.44      5      5      1   
  0.81   0.39   0.79   0.10      3      3      1   
  0.46   0.79   0.22   0.28      6      6      1   
  0.33   0.26   0.49   0.46      3      3      1   
  0.33   0.84   0.81   0.76      5      5      1   
  0.22   0.15   0.04   0.01      2      2      1   
  0.69   0.19   0.21   0.94      8      8      1   
  0.28   0.09   0.22   0.28      2      2      1   
  0.83   0.35   0.45   0.05      4      4      1   
  0.40   0.81   0.12   0.32      6      6      1   
  0.95   0.00   0.58   0.85      8      8      1   
  0.12   0.30   0.30   1.00     10      8      1   
  0.67   0.74   0.48   0.80      2      2      1   
  0.76   0.14   0.57   0.94      8      7      1   
  0.51   0.25   0.20   0.54      4      4      1   
  0.47   0.08   0.61   0.32      3      3      1   
  0.03   0.46   0.24   0.07      4      4      1   
  0.60   0.12   0.20   0.89     30      8      1   
  0.24   0.50   0.61   0.93      5      5      1   
  0.08   0.56   0.79   0.56      7      7      1   
  0.29   0.34   0.10   0.55      3      3      1   
  0.09   0.34   0.22   0.52      2      2      1   
  0.95   0.48   0.63   0.03      5      5      1   
  0.48   0.09   0.70   0.79      7      7      1   
  0.33   0.55   0.07   0.25      4      4      1   
  0.74   0.05   0.54   0.96      8      8      1   
  0.70   0.64   0.73   0.25      4      4      1   
  0.89   0.45   0.14   0.39      7      7      1   
  0.61   0.90   0.31   0.03      8      8      1   
  0.34   0.50   0.34   0.39      1      1      1   
  0.89   0.08   0.01   0.21      8      8      1   
  0.23   0.37   0.27   0.11      3      3      1   
  0.27   0.11   0.55   0.44      4      4      1   
  0.65   0.23   0.18   0.25      5      5      1   
  0.19   0.00   0.46   0.76      8      8      1   
  0.86   0.41   0.12   0.56      7      7      1   
  0.90   0.13   0.07   0.87     60     10      1   
  0.51   0.31   0.56   0.51      2      2      1   
  0.36   0.94   0.69   0.31      7      7      1   
  0.17   0.38   0.43   0.13      3      3      1   
  0.23   0.24   0.94   0.45      7      7      1   
  0.61   0.32   0.18   0.46      4      4      1   
  0.67   0.15   0.69   0.82      6      6      1   
  0.60   0.91   0.05   0.34      8      7      1   
  0.40   0.45   0.56   1.00      6      6      1   
  0.51   0.31   0.09   0.18      4      4      1   
  0.58   0.26   0.59   0.18      1      1      1   
  0.87   0.45   0.59   0.38      3      3      1   
  0.55   0.23   0.34   0.55      4      4      1   
  0.34   0.29   0.72   0.47      4      4      1   
  0.62   0.50   0.56   0.46      1      1      1   
  0.71   0.76   0.25   0.05      8      8      1   
  0.97   0.43   0.13   0.18      8      8      1   
  0.10   0.22   0.09   0.86     54     10      1   
  0.50   0.52   0.82   0.80      4      4      1   
