  0.39   1.00   0.71   0.45      6      6      1   
  0.65   0.47   0.71   0.38      1      1      1   
  0.68   0.08   0.39   0.91      8      8      1   
  0.80   0.36   0.10   0.79     78      8      1   
  0.56   0.19   0.37   0.83      7      7      1   
  0.55   0.74   0.29   0.86      3      3      1   
  0.78   0.44   0.77   0.34      1      1      1   
  0.26   0.49   0.22   0.95     12      6      1   
  0.21   0.24   0.90   0.55      8      8      1   
  0.35   0.94   0.17   0.02     22     10      1   
  0.87   0.23   0.45   0.04      4      4      1   
  0.71   0.27   0.43   0.12      3      3      1   
  0.75   0.80   0.37   0.99      4      4      1   
  0.37   0.99   0.68   0.31      7      7      1   
  0.01   0.31   0.77   0.29     11      8      1   
  0.79   0.00   0.19   0.44      7      7      1   
  0.16   0.85   0.81   0.89      6      6      1   
  0.13   0.04   0.84   0.61      9      9      1   
  0.51   0.95   0.22   0.19     26      8      1   
  0.93   0.69   0.91   0.95      3      3      1   
  0.71   0.03   0.81   0.42      4      4      1   
  1.00   0.03   0.49   0.50      6      6      1   
  0.74   0.98   0.17   0.23      9      9      1   
  0.03   0.02   0.92   0.77     11     11      1   
  0.68   0.66   0.14   0.06     51      8      1   
  0.49   0.10   0.69   0.06      2      2      1   
  0.73   0.69   0.51   0.77      2      2      1   
  0.08   0.86   0.03   0.32     54     10      1   
  0.02   0.94   0.62   0.36      9      8      1   
  0.93   0.49   1.00   0.03      4      4      1   
  0.53   0.75   0.77   0.45      4      4      1   
  0.85   0.52   0.52   0.59      4      4      1   
  0.54   0.01   0.70   0.28      3      3      1   
  0.88   0.33   0.61   0.90      6      6      1   
  0.99   0.74   0.83   0.06      6      6      1   
  0.03   0.95   0.91   0.74      8      8      1   
  0.54   0.67   0.05   0.46      5      5      1   
  0.88   0.85   0.76   0.93      2      2      1   
  1.00   0.80   0.77   0.45      4      4      1   
  0.89   0.48   0.50   0.03      6      6      1   
  0.83   0.06   0.56   0.52      5      5      1   
  0.68   0.03   0.68   0.18      2      2      1   
  0.05   0.19   0.13   0.14      1      1      1   
  0.08   0.44   0.80   0.87      8      8      1   
  0.91   0.31   0.18   0.21     26      8      1   
  0.66   0.46   0.42   0.32      3      3      1   
  1.00   0.59   0.26   0.49      7      7      1   
  0.76   0.02   0.26   0.79     21      9      1   
  0.65   0.98   0.01   0.82      6      6      1   
  0.70   0.99   0.33   0.51      6      6      1   
  0.20   0.80   0.18   0.38     18      7      1   
  0.98   0.95   0.49   0.56      6      6      1   
  0.14   0.02   0.04   0.44      4      4      1   
  0.69   0.46   0.92   0.83      4      4      1   
  0.45   0.98   0.25   0.48      6      6      1   
  0.22   0.39   0.69   0.46      5      5      1   
  0.91   0.62   0.18   0.11     48      9      1   
  0.91   0.31   0.72   0.28      2      2      1   
  0.37   0.47   0.94   0.02      7      7      1   
  0.15   0.51   0.20   0.96     24      8      1   
  0.14   0.84   0.51   0.55      5      5      1   
  0.18   0.98   0.85   0.54      7      7      1   
  0.52   0.15   0.38   0.51      4      4      1   
  0.68   0.26   0.43   0.12      3      3      1   
  0.60   0.68   0.41   0.22      5      5      1   
  0.05   0.79   0.08   0.44     45      9      1   
  0.11   0.16   0.79   0.23     13      8      1   
  0.66   0.24   0.01   0.21     12      7      1   
  0.90   0.92   0.20   0.80      7      7      1   
  0.69   0.86   0.06   0.90      6      6      1   
  0.91   0.69   0.88   0.24      4      4      1   
  0.51   0.21   0.49   0.23      1      1      1   
  0.81   0.63   0.01   0.82      8      8      1   
  0.09   0.52   0.63   0.97      8      8      1   
  0.66   0.24   0.70   0.81      5      5      1   
  0.53   0.17   0.72   0.64      5      5      1   
  0.16   0.37   0.02   0.14      3      3      1   
  0.85   0.80   0.57   0.56      3      3      1   
  0.36   0.83   0.24   0.79      1      1      1   
  0.79   0.77   0.10   0.03     49      9      1   
  0.19   0.78   0.55   0.49      6      5      1   
  0.75   0.13   0.54   0.52      4      4      1   
  0.70   0.48   0.98   0.34      3      3      1   
  0.97   0.05   0.72   0.44      4      4      1   
  0.67   0.38   0.53   0.18      2      2      1   
  0.13   0.89   0.39   1.00      3      3      1   
  0.80   0.60   0.49   0.56      3      3      1   
  0.06   0.39   0.14   0.84     50      9      1   
  0.74   0.45   0.63   0.80      4      4      1   
  0.67   0.30   0.41   0.82      6      6      1   
  0.08   0.04   0.18   0.21      2      2      1   
  0.24   0.50   0.51   0.23      4      4      1   
  0.57   0.00   0.52   0.48      4      4      1   
  0.46   0.88   0.06   0.99      4      4      1   
  0.97   0.47   0.58   0.60      4      4      1   
  0.76   0.19   0.65   0.98      7      7      1   
  0.89   0.79   0.23   0.85      6      6      1   
  0.55   0.04   0.19   0.78     50      9      1   
  0.51   0.56   0.52   0.91      3      3      1   
  0.13   0.09   0.01   0.16      2      2      1   
  0.39   1.00   0.49   0.84      2      2      1   
  0.97   0.37   0.55   0.24      4      4      1   
  0.86   0.12   0.12   0.16     16      9      1   
  0.33   0.51   0.86   0.12      6      6      1   
  0.13   0.83   0.45   0.98      3      3      1   
  0.74   0.94   0.17   0.27      8      8      1   
  0.42   0.41   0.34   0.52      2      2      1   
  0.18   0.24   0.49   0.20     14      5      1   
  0.78   0.75   0.47   0.16      6      6      1   
  0.77   0.49   0.67   0.38      2      2      1   
  0.11   0.54   0.10   0.09      4      4      1   
  0.66   0.58   0.06   0.90      6      6      1   
  0.25   0.48   0.21   0.29      2      2      1   
  0.55   0.24   0.11   0.50      5      5      1   
  0.88   0.65   0.64   0.87      3      3      1   
  0.91   0.94   0.16   0.45      8      8      1   
  0.08   0.44   0.64   0.63      6      5      1   
  0.17   0.57   0.58   0.68      4      4      1   
  0.13   0.14   0.47   0.12     48      6      1   
  0.10   0.79   0.73   0.33      8      8      1   
  0.64   0.31   0.77   0.13      2      2      1   
  0.49   0.84   0.63   0.14      7      7      1   
  0.40   0.80   0.77   0.45      5      5      1   
  0.79   0.31   0.92   0.52      3      3      1   
  0.20   0.20   0.53   0.26      8      5      1   
  0.79   0.70   0.86   0.32      4      4      1   
  0.28   0.45   0.56   0.54      3      3      1   
  0.21   0.91   0.26   0.42     16      6      1   
  0.52   0.67   0.87   0.01      7      7      1   
  0.86   0.10   0.03   0.81     94     11      1   
  0.40   0.08   0.01   0.31      7      7      1   
  0.83   0.44   0.78   0.75      3      3      1   
  0.18   0.89   0.74   0.75      5      5      1   
  0.26   0.49   0.84   0.45      5      5      1   
  0.52   0.73   0.45   0.29      4      4      1   
  0.01   0.04   0.51   0.21     17      7      1   
  0.02   0.18   0.68   0.26     12      7      1   
  0.66   0.47   0.15   0.02     66      8      1   
  0.75   0.71   0.58   0.34      4      4      1   
  0.85   0.54   0.71   0.31      3      3      1   
  0.64   0.87   0.83   0.73      2      2      1   
  0.08   0.91   0.05   0.46     51      9      1   
  0.55   0.08   0.78   0.72      6      6      1   
  0.58   0.25   0.69   0.95      6      6      1   
  0.66   0.36   0.47   0.81      4      4      1   
  0.63   0.86   0.93   0.49      4      4      1   
  0.07   0.36   0.96   0.66      8      8      1   
  0.69   0.06   0.57   0.76      6      6      1   
  0.41   0.44   0.44   0.84      5      5      1   
  0.64   0.63   0.75   0.91      3      3      1   
  0.86   0.71   0.91   0.22      5      5      1   
  0.87   0.45   0.70   0.78      4      4      1   
  0.07   0.36   0.53   0.75      6      6      1   
  0.71   0.73   0.10   0.25      7      7      1   
  0.07   0.36   0.78   0.95      8      8      1   
  0.14   0.06   1.00   0.80     11     11      1   
  0.74   0.77   0.71   0.27      5      5      1   
  0.89   0.06   0.88   0.16      1      1      1   
  0.89   0.06   0.82   0.55      5      4      1   
  0.65   0.47   0.50   0.08      4      4      1   
  0.91   0.01   0.70   0.19      3      3      1   
  0.23   0.85   0.18   0.21     16      8      1   
  0.68   0.18   0.22   0.48      5      5      1   
  0.88   0.71   0.05   0.31      8      8      1   
  0.81   0.38   0.67   0.30      2      2      1   
  0.14   0.02   0.65   0.01     70      9      1   
  0.36   0.47   0.35   0.85      8      5      1   
  0.84   0.78   0.05   0.05     10     10      1   
  0.52   0.91   0.54   0.01      8      8      1   
  0.85   0.52   0.55   0.24      4      4      1   
  0.86   0.39   0.43   0.20      4      4      1   
  0.03   0.02   0.90   0.92     11     11      1   
  0.99   0.12   0.81   0.89      7      7      1   
  0.34   0.52   0.04   0.93     75      7      1   
  0.97   0.59   0.10   0.18     27      9      1   
  0.48   0.97   0.95   0.67      5      5      1   
  0.96   0.71   0.88   0.14      5      5      1   
  0.02   0.78   0.71   0.45      8      8      1   
  0.65   0.60   0.98   0.34      4      4      1   
  0.58   0.99   0.70   0.23      7      7      1   
  0.48   0.01   0.97   0.47      6      6      1   
  0.58   0.27   0.09   0.16     14      6      1   
  0.06   0.39   0.15   0.02      3      3      1   
  0.25   0.48   0.74   0.45      4      4      1   
  0.92   0.65   0.89   0.55      1      1      1   
  0.58   0.99   0.21   0.17      9      9      1   
  0.74   0.97   0.28   0.53      6      6      1   
  0.76   0.93   0.17   0.49      7      7      1   
  0.45   0.28   0.84   0.89      7      7      1   
  0.70   0.88   0.85   0.54      4      4      1   
  0.46   0.80   0.01   0.82      4      4      1   
  0.37   0.43   0.23   0.98      7      7      1   
  0.87   0.23   0.09   0.08     25      9      1   
  0.13   0.38   0.68   0.03     66      7      1   
  0.58   0.34   0.45   0.98      6      6      1   
  0.99   0.12   0.64   0.21      3      3      1   
  0.90   0.67   0.71   0.56      2      2      1   
  0.45   0.10   0.47   0.16      1      1      1   
  0.09   0.52   0.87   0.96      9      9      1   
  0.39   0.41   0.02   0.02     45      5      1   
  0.80   0.11   0.72   0.47      4      4      1   
  0.11   0.50   0.73   0.33      6      6      1   
  0.97   0.59   0.07   0.87      8      8      1   
  0.22   0.17   0.70   0.19     14      7      1   
  0.03   0.95   0.51   0.21     10      9      1   
  0.03   0.89   0.40   0.09     11     10      1   
  0.91   0.20   0.15   0.98     10     10      1   
  0.19   0.19   0.87   0.65      9      9      1   
  0.96   0.71   0.22   0.48      7      7      1   
  0.01   0.99   0.09   0.27     24     10      1   
  0.68   0.66   0.51   0.56      2      2      1   
  0.97   0.74   0.83   0.06      6      6      1   
  0.96   0.73   0.71   0.56      3      3      1   
  0.58   0.57   0.79   0.00      5      5      1   
  0.55   0.04   0.70   0.81      7      7      1   
  0.89   0.62   0.36   0.47      5      5      1   
  0.12   0.13   0.05   0.95     86     11      1   
  0.49   0.62   0.06   0.36      5      5      1   
  0.08   1.00   0.90   0.55      9      9      1   
  0.00   0.39   0.13   0.54      2      2      1   
  0.04   0.89   0.11   0.16     23     10      1   
  0.33   0.51   0.88   0.19      6      6      1   
  0.71   0.56   0.89   0.66      2      2      1   
  0.30   0.41   0.18   0.37      1      1      1   
  0.75   0.71   0.71   0.27      4      4      1   
  0.95   0.41   0.08   0.91      9      9      1   
  0.25   0.95   0.05   0.31     59      8      1   
  0.30   0.55   0.56   0.19      4      4      1   
  0.96   0.75   0.17   0.02     97     10      1   
  1.00   0.03   0.48   0.97     10     10      1   
  0.76   0.93   0.01   0.82      7      7      1   
  0.16   0.86   0.67   0.82      5      5      1   
  0.05   0.39   0.28   0.53      3      3      1   
  0.01   0.08   0.41   0.29      7      6      1   
  0.12   0.35   0.20   0.38      1      1      1   
  0.63   0.04   0.21   0.24     12      7      1   
  0.86   0.89   0.12   0.03     59     11      1   
  0.91   0.01   0.74   0.44      4      4      1   
  0.69   0.45   0.26   0.79      6      6      1   
  0.85   0.18   0.13   0.27      8      7      1   
  0.49   0.20   0.57   0.01      2      2      1   
  0.71   0.27   0.64   0.22      1      1      1   
  0.16   0.45   0.19   0.41      1      1      1   
  0.76   0.93   0.86   0.93      1      1      1   
  0.44   0.90   0.52   0.73      2      2      1   
  0.81   0.49   0.70   0.99      5      5      1   
  0.76   0.87   0.17   0.02     80     10      1   
  0.75   0.65   0.07   0.44      6      6      1   
  0.14   0.23   0.05   0.31      1      1      1   
  0.86   0.32   0.96   0.66      3      3      1   
  0.05   0.31   0.72   0.63      7      7      1   
  0.46   0.42   0.08   0.86     75      7      1   
  0.88   0.24   0.66   0.39      3      3      1   
  0.64   0.21   0.01   0.56      6      6      1   
  0.25   0.53   0.66   0.39      4      4      1   
  0.76   0.19   0.13   0.89      9      9      1   
  0.09   0.21   0.88   0.03     35      9      1   
  0.05   0.05   0.87   0.65     10     10      1   
  0.34   0.98   0.82   0.51      6      6      1   
  0.67   0.52   0.97   0.74      4      4      1   
  0.75   0.71   0.95   0.94      3      3      1   
  0.77   0.13   1.00   0.03      3      3      1   
  0.98   0.53   0.23   0.79      7      7      1   
  0.75   0.17   0.21   0.91      8      8      1   
  0.21   0.91   0.72   0.58      6      6      1   
  0.44   0.07   0.56   0.19      2      2      1   
  0.13   0.86   0.51   0.16     10      9      1   
  0.75   0.17   0.13   0.24     12      7      1   
  0.20   0.29   0.04   0.80     89     10      1   
  0.98   0.95   1.00   0.59      3      3      1   
  0.88   0.71   0.58   0.62      3      3      1   
  0.90   0.66   0.76   0.93      3      3      1   
  0.68   0.76   0.62   0.60      2      2      1   
  0.47   0.52   0.70   0.40      3      3      1   
  0.73   0.33   0.26   0.49      4      4      1   
  0.13   0.14   0.89   0.89     10     10      1   
  0.64   0.63   0.14   1.00      6      6      1   
  0.28   0.53   0.41   0.30      3      3      1   
  0.80   0.81   0.24   0.49      6      6      1   
  0.06   0.18   0.82   0.12     21      8      1   
  0.28   0.88   0.54   0.16     11      8      1   
  0.20   0.20   0.68   0.26     11      6      1   
  0.89   0.25   0.03   0.24      9      9      1   
  0.49   0.20   0.55   0.74      5      5      1   
  1.00   0.03   0.22   0.19     32      9      1   
  0.72   0.28   0.20   0.96      8      8      1   
  0.18   0.11   0.54   0.64      6      6      1   
  0.11   0.31   0.36   0.42      3      3      1   
  0.81   0.42   0.70   0.99      5      5      1   
  0.92   0.31   0.52   0.15      4      4      1   
  0.63   0.14   0.57   0.00      2      2      1   
  0.23   0.97   0.16   0.86      2      2      1   
  0.94   0.02   0.50   0.39      5      5      1   
  0.42   0.86   0.81   0.89      4      4      1   
  0.02   0.18   0.84   0.20     14      8      1   
  0.31   1.00   0.89   0.08      9      9      1   
  0.48   0.60   0.18   0.11     44      5      1   
  0.58   0.18   0.16   0.86     63      8      1   
  0.57   0.12   0.43   0.52      4      4      1   
  0.08   0.28   0.10   0.25      1      1      1   
  0.84   0.03   0.20   0.13     50      9      1   
  0.89   0.79   0.97   0.59      2      2      1   
  0.80   0.60   0.91   0.62      1      1      1   
  0.88   0.65   0.06   0.39      8      8      1   
  0.37   0.99   0.51   0.16      8      8      1   
  0.72   0.58   0.13   0.29      6      6      1   
  0.49   0.84   0.01   0.82      5      5      1   
  0.78   0.73   0.09   0.81      7      7      1   
  0.43   0.92   0.44   0.99      1      1      1   
  0.94   0.22   0.14   0.10     49      9      1   
  0.69   0.27   0.15   0.02     74      8      1   
  0.71   0.93   0.18   0.14     34      9      1   
  0.91   0.36   0.06   0.36      8      8      1   
  0.44   0.07   0.07   0.48      6      6      1   
  0.78   0.37   0.54   0.31      3      3      1   
  0.78   0.20   0.04   0.13     16      8      1   
  0.58   0.28   0.71   0.45      2      2      1   
  0.16   0.49   0.49   0.43      3      3      1   
  0.47   0.81   0.30   0.84      2      2      1   
  0.75   0.71   0.74   0.77      1      1      1   
  0.56   0.58   0.20   0.36      4      4      1   
  0.12   0.21   0.70   0.81      8      8      1   
  0.63   0.99   0.93   0.69      4      4      1   
  0.85   0.43   0.51   0.21      4      4      1   
  0.02   0.18   0.16   0.86     46      9      1   
  0.43   0.69   0.20   0.30      5      5      1   
  0.92   0.59   0.18   0.89      7      7      1   
  0.58   0.18   0.36   0.54      4      4      1   
  0.03   0.95   0.91   0.22     11     10      1   
  0.65   0.64   0.55   0.24      4      4      1   
  0.84   0.02   0.58   0.27      3      3      1   
  0.77   0.13   0.34   0.98      8      8      1   
  0.07   0.87   0.89   0.79      8      8      1   
  0.14   0.06   0.20   0.51      4      4      1   
  0.82   0.60   0.10   0.27      7      7      1   
  0.75   0.17   0.49   0.54      4      4      1   
  0.72   0.03   0.13   0.31      8      7      1   
  0.81   0.89   0.43   0.69      4      4      1   
  0.37   0.40   1.00   0.97      8      7      1   
  0.80   0.82   0.99   0.74      2      2      1   
  0.76   0.05   0.65   0.08      1      1      1   
  0.36   0.46   0.70   0.88      5      5      1   
  0.77   0.45   0.82   0.12      3      3      1   
  0.87   0.45   0.42   0.86      6      6      1   
  0.39   0.41   0.85   0.05      5      5      1   
  0.70   0.40   0.18   0.38      5      5      1   
  0.20   0.20   0.78   0.09     45      7      1   
  0.44   0.99   0.78   0.77      4      4      1   
  0.45   0.16   0.43   0.30      2      2      1   
  0.10   0.03   0.70   0.19     18      8      1   
  0.49   0.68   0.67   0.79      2      2      1   
  0.74   0.44   0.11   0.18     14      7      1   
  0.66   0.39   0.16   0.52      5      5      1   
  0.95   0.31   0.13   0.38      8      8      1   
  0.14   0.52   0.56   0.78      5      5      1   
  0.43   0.50   0.71   0.73      4      4      1   
  0.08   0.24   0.65   0.08     40      7      1   
  0.45   0.10   0.16   0.17     13      7      1   
  0.51   0.97   0.58   0.34      6      6      1   
  0.08   0.28   0.05   0.39      1      1      1   
  0.38   0.91   0.11   0.31     26      7      1   
  0.65   0.60   0.17   0.02     79      8      1   
  0.46   0.81   0.64   0.21      6      6      1   
  0.11   0.50   0.51   0.55      4      4      1   
  0.15   0.46   0.04   0.13      3      3      1   
  0.19   0.82   0.98   0.31      9      9      1   
  0.43   0.94   0.73   0.69      4      4      1   
  0.50   0.39   0.03   0.02     45      6      1   
  0.89   0.48   0.97   0.74      3      3      1   
  0.68   0.76   0.98   0.34      5      5      1   
  0.77   0.29   0.67   0.30      1      1      1   
  0.94   0.40   0.52   0.34      4      4      1   
  0.82   0.13   0.71   0.27      2      2      1   
  0.44   0.90   0.74   0.44      5      5      1   
  0.73   0.47   0.69   0.03      4      4      1   
  0.90   0.66   0.43   0.30      6      6      1   
  0.88   0.94   0.46   0.42      6      6      1   
  0.19   0.19   0.28   0.45      3      3      1   
  0.04   0.89   0.44   0.36      9      8      1   
  0.41   0.19   0.96   0.22      5      5      1   
  0.94   0.40   0.65   0.44      3      3      1   
  0.45   0.09   0.14   0.56      6      6      1   
  0.19   0.06   0.51   0.56      6      6      1   
  0.74   0.94   0.45   0.28      7      7      1   
  0.36   0.42   0.03   0.99     64      8      1   
  0.46   0.88   0.23   0.97      2      2      1   
  0.52   0.89   0.72   0.23      6      6      1   
  0.19   0.82   0.45   0.28      8      7      1   
  0.01   0.82   0.49   0.28     10      9      1   
  0.44   0.38   0.09   0.08     25      6      1   
  0.08   1.00   0.47   0.28     10      9      1   
  0.92   0.42   0.67   0.52      3      3      1   
  0.05   0.05   0.88   0.19     15     10      1   
  0.14   0.06   0.74   0.77      9      9      1   
  0.14   0.02   0.40   0.08    104      8      1   
  0.65   0.01   0.68   0.31      3      3      1   
  0.84   0.71   0.21   0.18     26      8      1   
  0.23   0.85   0.50   0.68      3      3      1   
  0.43   0.12   0.02   0.18     16      6      1   
  0.74   0.25   0.43   0.12      3      3      1   
  0.20   0.10   0.75   0.65      8      8      1   
  0.95   0.12   0.05   0.95     12     11      1   
  0.67   0.52   0.37   0.47      3      3      1   
  0.54   0.11   0.19   0.06     60      8      1   
  0.33   0.84   0.97   0.59      6      6      1   
  0.90   0.67   0.31   1.00      6      6      1   
  0.45   0.98   0.29   0.91      2      2      1   
  0.72   0.44   0.84   0.61      2      2      1   
  0.27   0.95   0.78   0.21      8      8      1   
  0.96   0.71   0.58   0.67      4      4      1   
  0.14   0.86   0.49   0.84      3      3      1   
  0.94   0.49   0.13   0.04     54     10      1   
  0.96   0.96   0.16   0.24     10     10      1   
  0.15   0.85   0.77   0.29      8      8      1   
  0.16   0.49   0.18   0.14      3      3      1   
  0.56   0.15   0.94   0.22      4      4      1   
  0.63   0.99   0.83   0.92      2      2      1   
  0.89   0.66   0.20   0.30      8      8      1   
  0.65   0.64   0.69   0.06      5      5      1   
  0.70   0.28   0.89   0.55      3      3      1   
  0.71   0.31   0.09   0.52      6      6      1   
  0.99   0.12   0.81   0.91      8      7      1   
  0.41   0.30   0.65   0.18      3      3      1   
  0.65   0.44   0.15   0.46      5      5      1   
  0.05   0.24   0.41   0.82      9      8      1   
  0.69   0.03   0.83   0.73      6      6      1   
  0.69   0.17   0.17   0.86     69      8      1   
  0.57   0.82   0.98   0.10      7      7      1   
  0.20   0.20   0.39   0.41      3      3      1   
  0.97   0.37   0.80   0.02      4      4      1   
  0.31   1.00   0.22   0.17     24      9      1   
  0.42   0.18   0.31   0.50      3      3      1   
  0.02   0.18   0.91   0.35     10      9      1   
  0.41   0.30   1.00   0.80      7      7      1   
  0.16   0.17   0.79   0.00     41      9      1   
  0.35   0.85   0.81   0.42      6      6      1   
  0.29   0.91   0.06   0.39     53      8      1   
  0.17   0.34   0.14   0.84     61      8      1   
  0.97   0.46   0.09   0.34      8      8      1   
  0.47   0.81   0.21   0.24      6      6      1   
  0.03   0.89   0.77   0.39      9      9      1   
  0.02   0.14   0.74   0.21     13      8      1   
  0.91   0.69   0.55   0.03      7      7      1   
  0.24   0.50   0.52   0.67      3      3      1   
  0.92   0.60   0.45   0.28      5      5      1   
  0.63   0.14   0.10   0.09     22      7      1   
  0.86   0.70   0.68   0.03      6      6      1   
  1.00   0.80   0.40   0.09      8      8      1   
  0.00   0.01   0.69   0.86     10     10      1   
  0.71   0.56   0.22   0.17     34      7      1   
  0.88   0.95   0.68   0.66      3      3      1   
  0.68   0.08   0.03   0.02     49      9      1   
  0.44   0.53   0.81   0.77      4      4      1   
  0.17   0.98   0.30   0.55     12      7      1   
  0.23   0.79   0.98   0.70      7      7      1   
  0.55   0.19   0.52   0.15      1      1      1   
  0.91   0.95   0.74   0.98      2      2      1   
  0.10   0.25   0.60   0.70      6      6      1   
  0.88   0.03   0.20   0.29      9      8      1   
  0.70   0.19   0.19   0.41      5      5      1   
  0.39   0.41   0.38   0.91      5      5      1   
  0.06   0.96   0.56   0.26      9      9      1   
  0.59   0.74   0.75   0.17      5      5      1   
  0.59   0.25   0.69   0.37      2      2      1   
  0.59   0.98   0.50   0.08      8      8      1   
  1.00   0.80   0.94   0.40      4      4      1   
  0.92   0.77   0.87   0.45      3      3      1   
  0.68   0.10   0.49   0.95      8      8      1   
  0.67   0.32   0.17   0.34      5      5      1   
  0.99   0.97   0.70   0.99      3      3      1   
  0.93   0.06   0.97   0.82      7      7      1   
  0.15   0.84   0.79   0.18      9      9      1   
  0.60   0.31   0.44   0.99      7      7      1   
  0.88   0.95   0.36   0.83      5      5      1   
  0.86   0.32   0.06   0.36      7      7      1   
  0.85   0.37   0.26   0.49      5      5      1   
  0.59   0.19   0.22   0.39      5      5      1   
  0.88   0.14   0.17   0.34      8      7      1   
  0.35   0.85   0.98   0.53      7      6      1   
  0.01   0.21   0.72   0.58      7      7      1   
  0.69   0.24   0.60   0.31      1      1      1   
  0.53   0.26   0.97   0.05      4      4      1   
  0.58   0.18   0.79   0.00      3      3      1   
  0.06   0.18   0.86   0.12     22      9      1   
  0.10   0.45   0.60   0.73      6      6      1   
  0.64   0.63   0.17   0.23      6      6      1   
  0.08   0.90   0.65   0.13     10      9      1   
  0.20   0.36   0.19   0.45      1      1      1   
  0.47   0.52   0.30   0.84      4      4      1   
  0.02   0.18   0.14   0.24      1      1      1   
  0.43   0.52   0.75   0.24      4      4      1   
  0.13   0.17   0.34   0.88     10      8      1   
  0.74   0.97   0.80   0.60      4      4      1   
  0.10   0.27   0.09   0.16      1      1      1   
  0.71   0.56   0.68   0.08      5      4      1   
  0.43   0.33   0.89   0.29      4      4      1   
  0.51   0.21   0.49   0.43      2      2      1   
  0.96   0.66   0.01   0.44      9      9      1   
  0.70   0.78   0.78   1.00      2      2      1   
  0.63   0.97   0.31   0.50      6      6      1   
  0.51   0.55   0.42   0.32      3      3      1   
  0.45   0.98   0.37   0.43      6      6      1   
  0.63   0.90   0.79   0.70      3      3      1   
  0.80   0.36   0.61   0.10      3      3      1   
  0.85   0.37   0.97   0.47      2      2      1   
  0.92   0.97   0.95   0.27      6      6      1   
  0.97   0.82   0.02   0.18     10     10      1   
  0.87   0.15   0.89   0.36      2      2      1   
  0.71   0.38   0.97   0.48      3      3      1   
  0.20   0.47   0.63   0.99      7      7      1   
  0.16   0.30   0.16   0.85     60      8      1   
  0.90   0.32   0.05   0.24     14      9      1   
  0.96   0.05   0.20   0.36      8      8      1   
  0.72   0.44   0.29   0.91      6      6      1   
  0.91   0.35   0.13   0.89      9      9      1   
  0.49   0.10   0.37   0.40      3      3      1   
  0.20   0.20   0.28   0.53      3      3      1   
  0.38   0.91   0.16   0.98      2      2      1   
  0.93   0.26   0.72   0.61      4      4      1   
  0.05   0.24   0.12   0.11      2      2      1   
  0.88   0.95   0.94   0.49      4      4      1   
  0.49   0.28   0.43   0.94      6      6      1   
  0.94   0.79   0.88   0.65      2      2      1   
  0.25   0.92   0.70   0.88      4      4      1   
  0.10   0.18   0.47   0.52      5      5      1   
  0.58   0.57   0.91   0.51      3      3      1   
  0.69   0.06   0.08   0.25      8      7      1   
  0.08   0.90   0.43   0.03     11     10      1   
  0.02   0.14   0.11   0.81     69     11      1   
  0.12   0.23   0.29   0.91     11      8      1   
  0.13   0.31   0.06   0.12      2      2      1   
  0.24   0.94   0.51   0.97      3      3      1   
  0.58   0.65   0.65   0.44      3      3      1   
  0.57   0.12   0.21   0.53      5      5      1   
  0.11   0.50   0.62   0.48      5      5      1   
  0.73   0.47   0.79   0.77      3      3      1   
  0.00   0.27   0.20   0.10      3      3      1   
  0.49   0.10   0.58   0.93      7      7      1   
  0.25   0.48   0.97   0.45      6      6      1   
  0.86   0.32   0.09   0.43      7      7      1   
  0.65   0.47   0.84   0.20      3      3      1   
  0.64   0.22   0.68   0.66      4      4      1   
  0.41   0.29   0.42   0.86      6      6      1   
  0.64   0.94   0.66   0.06      8      8      1   
  0.64   0.21   0.94   0.13      3      3      1   
  0.91   0.35   0.57   0.56      4      4      1   
  0.75   0.71   0.96   0.82      2      2      1   
  0.53   0.75   0.51   0.23      5      5      1   
  0.50   0.08   0.13   0.11     41      7      1   
  0.14   0.06   0.90   0.55     10     10      1   
  0.22   0.91   0.04   0.95      2      2      1   
  0.13   0.83   0.77   0.41      8      7      1   
  0.69   0.45   0.16   0.24     17      6      1   
  0.17   0.34   0.94   0.40      7      7      1   
  0.13   0.04   0.41   0.82     10      9      1   
  0.06   0.33   0.68   0.66      6      6      1   
  0.08   0.86   0.13   0.38     21      9      1   
  0.41   0.30   0.07   0.02     47      6      1   
  0.65   0.13   0.69   0.38      3      3      1   
  0.21   0.97   0.60   0.03     11     10      1   
  0.19   0.44   0.15   0.02      4      4      1   
  0.91   0.74   0.72   0.63      2      2      1   
  0.66   0.40   0.33   0.51      4      4      1   
  0.18   0.89   0.30   0.41      8      6      1   
  0.21   0.17   0.56   0.78      7      7      1   
  0.12   0.06   0.64   0.21     13      8      1   
  0.10   0.18   0.64   0.21     16      7      1   
  0.01   0.04   0.20   0.10      2      2      1   
  0.95   0.41   0.60   0.31      3      3      1   
  0.89   0.25   0.83   0.44      2      2      1   
  0.76   0.87   0.14   0.46      7      7      1   
  0.89   0.48   0.02   0.30      9      8      1   
  0.52   0.13   0.08   0.32      6      6      1   
  0.55   0.49   0.92   0.34      4      4      1   
  0.84   0.20   0.04   0.12     21      9      1   
  0.56   0.12   0.97   0.82      7      7      1   
  0.18   0.21   0.17   0.50      3      3      1   
  0.03   0.95   0.91   0.51      9      9      1   
  0.44   0.85   0.55   0.74      2      2      1   
  0.18   0.11   0.96   0.96     11     11      1   
  0.95   0.31   0.74   0.06      3      3      1   
  0.11   0.16   0.19   0.06      1      1      1   
  0.90   0.01   0.97   0.74      7      7      1   
  0.39   0.41   0.53   0.75      4      4      1   
  0.13   0.86   0.69   0.11      9      9      1   
  0.27   0.43   0.83   0.73      6      6      1   
  0.12   0.03   0.53   0.18     16      7      1   
  0.82   0.55   0.59   0.40      3      3      1   
  0.88   0.85   0.54   0.92      3      3      1   
  0.55   0.08   0.62   0.07      1      1      1   
  0.05   0.05   0.19   0.44      4      4      1   
  0.87   0.23   0.52   0.73      6      6      1   
  0.30   0.95   0.68   0.34      7      7      1   
  0.41   0.30   0.03   0.40      5      5      1   
  0.99   0.97   0.67   0.52      5      5      1   
  0.37   0.47   0.26   0.79     16      5      1   
  0.73   0.68   0.20   0.29      7      7      1   
  0.51   0.80   0.51   0.77      1      1      1   
  0.05   0.79   0.78   0.09     11     10      1   
  0.13   0.86   0.44   0.38      8      7      1   
  0.43   0.33   0.03   0.02     44      6      1   
  0.20   0.20   0.87   0.96      9      9      1   
  0.98   0.95   0.03   0.99      8      8      1   
  0.78   0.95   0.96   0.05      9      8      1   
  0.44   0.90   0.06   0.39     60      7      1   
  0.99   0.76   0.71   0.38      4      4      1   
  0.74   0.77   0.18   0.29      7      7      1   
  0.69   0.86   0.58   0.57      3      3      1   
  0.07   0.48   0.17   0.49      1      1      1   
  0.80   0.87   0.21   0.29      8      8      1   
  0.25   0.95   0.57   0.00      9      9      1   
  0.06   0.36   0.45   0.28      8      4      1   
  0.98   0.34   0.95   0.41      1      1      1   
  0.57   0.01   0.18   0.24      7      7      1   
  0.16   0.86   0.49   0.95      3      3      1   
  0.61   0.10   0.16   0.17     14      7      1   
  0.88   0.41   0.35   0.94      7      7      1   
  0.16   0.13   0.48   0.37      5      5      1   
  0.56   0.58   1.00   0.63      4      4      1   
  0.78   0.21   0.46   0.14      3      3      1   
  0.15   0.84   0.48   0.60      5      5      1   
  0.91   0.49   0.05   0.53      7      7      1   
  0.14   0.86   0.88   0.24      9      9      1   
  0.95   0.41   0.87   0.01      4      4      1   
  0.09   0.21   0.08   0.90     80     10      1   
  0.56   0.78   0.88   0.16      6      6      1   
  0.90   0.63   0.65   0.47      3      3      1   
  0.66   0.40   0.64   0.31      1      1      1   
  0.91   0.69   0.70   0.48      3      3      1   
  0.28   0.53   0.14   0.84     61      7      1   
  0.35   0.54   0.16   0.85     53      5      1   
  0.08   0.26   0.95   0.94     10     10      1   
  0.52   0.48   0.97   0.59      4      4      1   
  0.73   0.83   0.71   0.45      4      4      1   
  0.88   0.03   0.05   0.53      9      9      1   
  0.53   0.26   0.55   0.24      1      1      1   
  0.59   0.06   0.44   0.84      8      7      1   
  0.88   0.89   0.73   0.33      5      5      1   
  0.52   0.59   0.93   0.49      4      4      1   
  0.06   0.39   0.18   0.12      3      3      1   
  0.97   0.05   0.95   0.25      2      2      1   
  0.58   0.92   0.74   0.25      6      6      1   
  0.62   0.29   0.03   0.40      6      6      1   
  0.05   0.24   0.59   0.25     11      6      1   
  0.65   0.47   0.41   0.84      4      4      1   
  0.25   0.92   0.73   0.47      6      6      1   
  0.86   0.78   0.30   0.41      6      6      1   
  0.44   0.81   0.58   0.18      6      6      1   
  0.55   0.04   0.04   0.80     92     11      1   
  0.95   0.31   0.17   0.92      9      9      1   
  0.20   0.51   0.49   0.20      4      4      1   
  0.51   0.97   0.40   0.77      2      2      1   
  0.16   0.24   0.74   0.77      7      7      1   
  0.64   0.51   0.17   0.19     24      6      1   
  0.74   0.98   0.73   0.47      5      5      1   
  0.49   0.50   0.63   0.27      3      3      1   
  0.75   0.24   0.68   0.97      6      6      1   
  0.02   0.02   0.68   0.97     11     10      1   
  0.78   0.74   0.25   0.92      5      5      1   
  0.15   0.84   0.98   0.34      9      9      1   
  0.03   0.02   0.74   0.82     10     10      1   
  0.23   0.97   0.98   0.95      7      7      1   
  0.16   0.18   0.44   0.07     97      7      1   
  0.75   0.71   0.91   0.49      3      3      1   
  0.91   0.35   0.94   0.49      2      2      1   
  0.86   0.70   0.17   0.49      6      6      1   
  0.93   0.69   0.07   0.99      8      8      1   
  0.84   0.20   0.31   0.83      7      7      1   
  0.57   0.05   0.16   0.24      7      6      1   
  0.41   0.19   0.03   0.08     34      7      1   
  0.91   0.31   0.97   0.48      2      2      1   
  0.25   0.92   0.72   0.64      5      5      1   
  0.20   0.30   0.06   0.96     85     10      1   
  0.78   0.95   0.35   0.89      4      4      1   
  0.11   0.81   0.92   0.39      9      9      1   
  0.71   0.46   0.57   0.01      5      5      1   
  0.87   0.25   0.20   0.02     85      9      1   
  0.22   0.48   0.08   0.82     75      8      1   
  0.71   0.31   0.17   0.57      5      5      1   
  0.77   0.43   0.64   0.09      4      4      1   
  0.71   0.31   0.28   0.55      5      5      1   
  0.96   0.75   0.65   0.01      7      7      1   
  0.44   0.31   0.54   0.31      1      1      1   
  0.71   0.03   0.57   0.12      2      2      1   
  0.11   0.40   0.84   0.03     70      8      1   
  0.86   0.93   0.66   0.24      7      7      1   
  0.72   0.03   0.69   0.46      4      4      1   
  0.78   1.00   0.43   0.14      8      8      1   
  0.75   0.03   0.18   0.97     10     10      1   
  0.98   0.30   0.64   0.21      3      3      1   
  0.85   0.80   0.88   0.19      6      6      1   
  0.63   0.80   0.88   0.71      3      3      1   
  0.44   0.38   0.30   0.53      2      2      1   
  0.08   0.28   0.72   0.58      7      7      1   
  0.91   0.24   0.75   0.40      2      2      1   
  0.68   0.18   0.69   0.06      1      1      1   
  0.34   0.82   0.41   0.29      6      6      1   
  0.86   0.39   0.46   0.14      4      4      1   
  0.16   0.49   0.50   0.50      3      3      1   
  0.43   0.69   0.20   0.20      5      5      1   
  0.49   0.83   0.24   0.94      3      3      1   
  0.06   0.23   0.83   0.44      8      8      1   
  0.16   0.37   0.16   0.13      2      2      1   
  0.52   0.12   0.43   0.92      7      7      1   
  0.91   0.20   0.97   0.59      4      4      1   
  0.68   0.03   0.78   0.09      1      1      1   
  0.56   0.56   0.12   0.16      6      6      1   
  0.07   0.93   0.46   0.42      8      7      1   
  0.12   0.03   0.31   1.00     12     10      1   
  0.73   0.47   0.44   0.85      5      5      1   
  0.55   0.08   0.17   0.02     76      8      1   
  0.84   0.89   0.08   0.32      8      8      1   
  0.07   0.02   0.13   0.27      3      3      1   
  0.54   0.92   0.63   0.27      6      6      1   
  0.93   0.83   0.26   0.42      7      7      1   
  0.91   0.62   0.14   0.13     33      9      1   
  0.36   0.83   0.61   0.91      3      3      1   
  0.57   0.82   0.87   0.65      3      3      1   
  0.81   0.85   0.09   0.08     10     10      1   
  0.79   0.67   0.46   0.10      6      6      1   
  0.62   0.48   0.08   0.27      5      5      1   
  0.20   0.25   0.74   0.45      6      6      1   
  0.78   0.12   0.95   0.27      2      2      1   
  0.17   0.86   0.10   0.03     26     10      1   
  0.87   0.44   0.69   0.17      3      3      1   
  0.59   0.37   0.34   0.91      6      6      1   
  0.11   0.81   0.08   0.26     27      9      1   
  0.36   0.42   0.93   0.06      6      6      1   
  0.35   0.94   0.36   0.83      1      1      1   
  0.09   0.83   0.73   0.96      6      6      1   
  0.44   0.53   0.65   0.60      2      2      1   
  1.00   0.63   0.91   0.71      1      1      1   
  0.74   0.06   0.27   0.89      9      9      1   
  0.57   0.38   0.08   0.20     11      6      1   
  0.70   0.19   0.96   0.82      6      6      1   
  0.78   0.09   0.58   0.28      3      3      1   
  0.18   0.11   0.65   0.01     43      8      1   
  0.01   0.50   0.08   0.86     78      9      1   
  0.05   0.46   0.73   0.96      8      8      1   
  0.08   0.44   0.42   0.86      8      7      1   
  0.08   0.91   0.55   0.49      7      6      1   
  0.91   0.74   0.48   0.37      5      5      1   
  0.70   0.23   0.75   0.13      1      1      1   
  0.87   0.17   0.17   0.27      8      8      1   
  0.16   0.37   0.58   0.18     22      5      1   
  0.78   0.20   0.68   0.98      7      7      1   
  0.73   0.66   0.06   0.18      7      7      1   
  0.86   0.34   0.62   0.36      3      3      1   
  0.68   0.76   0.83   0.78      2      2      1   
  0.90   0.67   0.69   0.37      4      4      1   
  0.96   0.82   0.36   0.82      6      6      1   
  0.87   0.64   0.65   0.18      5      5      1   
  0.49   0.37   0.81   0.91      6      6      1   
  0.92   0.34   0.69   0.06      4      4      1   
  0.08   0.52   0.75   0.91      8      8      1   
  0.91   0.95   0.01   0.82      8      8      1   
  0.20   0.38   0.92   0.59      7      7      1   
  0.77   0.43   0.13   0.83      8      7      1   
  0.78   0.20   0.80   0.02      2      2      1   
  0.72   0.28   0.80   0.60      3      3      1   
  0.16   0.18   0.66   0.39      7      7      1   
  0.07   0.93   0.14   0.10     22     10      1   
  0.36   0.47   0.88   0.89      6      6      1   
  0.39   0.41   0.68   0.37      3      3      1   
  0.04   0.95   0.49   0.54      7      7      1   
  0.20   0.13   0.92   0.39      9      9      1   
  0.52   0.34   0.87   0.45      4      4      1   
  0.65   0.44   0.83   0.06      4      4      1   
  0.51   0.95   0.68   0.08      8      8      1   
  0.50   0.39   0.92   0.34      4      4      1   
  0.35   0.94   0.03   0.32     55      9      1   
  0.69   0.06   0.52   0.15      2      2      1   
  0.74   0.94   0.72   0.64      3      3      1   
  0.87   0.45   0.15   0.98      8      8      1   
  0.17   0.19   0.69   0.11     30      8      1   
  0.41   0.82   0.54   0.31      6      6      1   
  0.78   0.77   0.68   0.98      2      2      1   
  0.16   0.18   0.43   0.94      9      8      1   
  0.12   0.06   0.18   0.24      2      2      1   
  0.87   0.65   0.08   0.82      7      7      1   
  0.90   0.32   0.01   0.99     10     10      1   
  0.02   0.25   0.15   0.86     56     10      1   
  0.92   0.77   0.18   0.98      7      7      1   
  0.65   0.75   0.06   0.14      8      8      1   
  0.73   0.33   0.26   0.79      7      7      1   
  0.52   0.12   0.00   0.27      7      7      1   
  0.88   0.24   0.85   0.54      3      3      1   
  0.13   0.86   0.20   0.51     13      8      1   
  0.12   0.03   0.64   0.31      8      7      1   
  0.22   0.17   0.07   0.93     85     10      1   
  0.58   0.34   0.91   0.20      3      3      1   
  0.50   0.69   0.87   0.01      7      7      1   
  0.16   0.13   0.52   0.12     34      7      1   
  0.55   0.04   0.06   0.14     32      7      1   
  0.71   0.45   0.68   0.04      4      4      1   
  0.06   0.39   0.20   0.52      2      2      1   
  0.27   0.89   0.97   0.45      7      7      1   
  0.63   0.81   0.52   0.89      2      2      1   
  0.83   0.06   0.43   0.92      9      8      1   
  0.06   0.39   0.04   0.80     87     10      1   
  0.15   0.85   0.74   0.21      9      9      1   
  0.14   0.24   0.30   0.40      2      2      1   
  0.89   0.62   0.39   0.91      5      5      1   
  0.52   0.15   0.35   0.94      8      8      1   
  0.44   0.38   0.01   0.40      5      5      1   
  0.81   0.89   0.64   0.63      3      3      1   
  0.58   0.62   0.28   0.45      3      3      1   
  1.00   0.63   0.09   0.16     38      9      1   
  0.16   0.49   0.44   0.12      5      5      1   
  0.05   0.90   0.21   0.24     15      9      1   
  0.79   0.98   0.67   0.52      4      4      1   
  0.74   0.21   0.65   0.47      3      3      1   
  0.62   0.48   0.20   0.36      4      4      1   
  0.60   0.70   0.81   0.38      4      4      1   
  0.64   0.63   0.74   0.08      5      5      1   
  0.79   0.67   0.58   0.68      2      2      1   
  0.07   0.36   0.50   0.68      5      5      1   
  0.46   0.42   0.94   0.79      6      5      1   
  0.26   0.42   0.78   0.09      6      6      1   
  0.85   0.80   0.00   0.01     10     10      1   
  0.91   0.36   0.44   0.85      6      6      1   
  0.20   0.20   0.01   0.56      4      4      1   
  0.51   0.77   0.90   0.66      4      4      1   
  0.49   0.23   0.71   0.51      4      4      1   
  0.22   0.17   0.47   0.81      8      7      1   
  0.73   0.47   0.89   0.55      2      2      1   
  0.99   0.76   0.58   0.57      4      4      1   
  0.58   0.93   0.01   0.50     89      7      1   
  0.13   0.86   0.75   0.91      6      6      1   
  0.04   0.44   0.65   0.91      7      7      1   
  0.96   0.96   0.12   0.11     51     11      1   
  0.43   0.14   0.84   0.03      4      4      1   
  0.69   0.97   0.13   0.89      5      5      1   
  0.51   0.23   0.17   0.21      9      5      1   
  0.68   0.97   0.08   0.20      9      9      1   
  0.66   0.40   0.98   0.70      4      4      1   
  0.84   0.61   0.60   0.70      3      3      1   
  0.63   0.14   0.65   0.47      3      3      1   
  0.25   0.48   0.05   0.05      4      4      1   
  0.84   0.71   0.20   0.20     24      8      1   
  0.80   0.87   0.44   0.12      8      7      1   
  0.28   0.45   0.70   0.75      5      5      1   
  0.20   0.30   0.60   0.31      8      5      1   
  0.74   0.97   0.13   0.54      8      7      1   
  0.96   0.71   0.37   0.47      6      6      1   
  0.44   0.38   0.03   0.99     90      8      1   
  0.13   0.27   0.24   0.94     15      8      1   
  0.14   0.06   0.10   0.25      2      2      1   
  0.01   0.21   0.63   0.27      7      6      1   
  0.22   0.48   0.86   0.39      6      6      1   
  0.69   0.46   0.22   0.48      5      5      1   
  0.21   0.24   0.88   0.29     11      8      1   
  0.01   0.42   0.67   0.01     79      8      1   
  0.20   0.47   0.09   0.21      3      3      1   
  0.51   0.16   0.98   0.30      5      5      1   
  0.79   0.23   0.48   0.97      7      7      1   
  0.08   0.52   0.82   0.12      7      7      1   
  0.38   0.91   0.14   0.23     20      7      1   
  0.16   0.85   0.71   0.51      7      6      1   
  0.87   0.45   0.64   0.22      3      3      1   
  0.20   0.30   0.20   0.52      2      2      1   
  0.86   0.12   0.05   0.95     11     11      1   
  0.06   0.90   0.71   0.31      9      8      1   
  0.75   0.13   0.77   0.34      2      2      1   
  0.03   0.84   0.30   0.84      3      3      1   
  0.49   0.83   0.20   0.36      5      5      1   
  0.51   0.23   0.62   0.44      3      3      1   
  0.84   0.03   0.95   0.94      8      8      1   
  0.74   0.77   0.88   0.33      4      4      1   
  0.48   0.77   0.68   0.08      7      7      1   
  0.64   0.21   0.58   0.93      7      7      1   
  0.08   0.11   0.94   0.58     10      9      1   
  0.45   0.29   0.11   0.81     79      8      1   
  0.00   0.01   0.80   0.81     11     10      1   
  0.53   0.26   0.66   0.06      3      3      1   
  0.29   0.86   0.50   0.69      3      3      1   
  0.34   0.82   0.20   0.96      2      2      1   
  0.71   0.46   0.72   0.64      2      2      1   
  0.44   0.36   0.20   0.32      3      3      1   
  0.75   0.24   0.04   0.44      7      7      1   
  0.45   0.09   0.30   0.56      5      5      1   
  0.66   0.92   0.60   0.73      2      2      1   
  0.09   0.43   0.91   0.01      9      9      1   
  0.91   0.81   0.15   0.51      8      7      1   
  0.81   0.77   0.09   0.08     50     10      1   
  0.58   0.46   0.20   0.47      4      4      1   
  0.57   0.76   0.65   0.13      6      6      1   
  0.78   0.20   0.88   0.41      2      2      1   
  0.78   0.95   0.09   0.27      9      9      1   
  0.69   0.17   0.49   0.95      7      7      1   
  0.66   0.36   0.70   0.88      5      5      1   
  0.62   0.02   0.89   0.29      4      4      1   
  0.01   0.94   0.46   0.88      5      5      1   
  0.13   0.89   0.61   0.10     10      9      1   
  0.06   0.90   0.21   0.24     15      9      1   
  0.74   0.77   0.18   0.37      6      6      1   
  0.08   0.52   0.95   0.67      8      8      1   
  0.11   0.40   0.08   0.28      1      1      1   
  0.49   0.71   0.11   0.40      5      5      1   
  0.58   0.34   0.70   0.75      4      4      1   
  0.22   0.56   0.72   0.39      5      5      1   
  0.97   0.30   0.75   0.03      3      3      1   
  0.58   0.67   0.17   0.92      5      5      1   
  0.96   0.75   0.05   0.46      8      8      1   
  0.52   0.12   0.01   0.99     78     10      1   
  0.72   0.44   0.15   0.86      7      7      1   
  0.45   0.85   0.15   0.85      3      3      1   
  0.72   0.63   0.94   0.40      3      3      1   
  0.44   0.07   0.76   0.19      3      3      1   
  0.90   0.92   0.98   0.34      5      5      1   
  0.92   0.97   0.67   0.30      7      7      1   
  0.56   0.78   0.80   0.59      3      3      1   
  0.14   0.06   0.88   0.14     20     10      1   
  0.96   0.82   0.58   0.47      5      5      1   
  0.77   0.41   0.58   0.92      5      5      1   
  0.95   0.41   0.56   0.56      4      4      1   
  0.85   0.37   0.03   0.80     94      9      1   
  0.06   0.14   0.55   0.19     15      6      1   
  0.64   0.51   0.15   0.98      6      6      1   
  0.65   0.44   0.39   1.00      6      6      1   
  0.56   0.12   0.54   0.01      1      1      1   
  0.14   0.23   0.75   0.17     24      7      1   
  0.12   0.18   0.86   0.70      9      9      1   
  0.43   0.69   0.41   0.84      2      2      1   
  0.86   0.78   0.81   0.49      3      3      1   
  0.06   0.96   0.02   0.78      2      2      1   
  0.78   0.09   0.85   0.37      3      3      1   
  0.69   0.27   0.16   0.52      5      5      1   
  0.05   0.90   0.43   0.94      4      4      1   
  0.16   0.52   0.03   0.80     88      9      1   
  0.74   0.97   0.56   0.19      7      7      1   
  0.82   0.51   0.08   0.25      7      7      1   
  0.13   0.27   0.81   0.91      8      8      1   
  0.08   0.90   0.50   0.03     11     10      1   
  0.21   0.17   0.69   0.24     12      7      1   
  0.12   0.13   0.36   0.54      4      4      1   
  0.87   0.01   0.66   0.40      4      4      1   
  0.79   0.70   0.14   0.23      7      7      1   
  0.14   0.23   0.92   0.97     10     10      1   
  0.05   0.24   0.85   0.05     36      9      1   
  0.51   0.77   0.74   0.06      7      7      1   
  0.17   0.02   0.07   0.02      1      1      1   
  0.66   0.36   0.13   0.27      6      6      1   
  0.02   0.30   0.04   0.44      2      2      1   
  0.55   0.56   0.88   0.89      4      4      1   
  0.60   0.70   0.20   0.36      5      5      1   
  0.94   0.02   0.51   0.21      5      4      1   
  0.81   0.42   0.22   0.56      5      5      1   
  0.18   0.37   0.96   0.73      7      7      1   
  0.54   0.16   0.52   0.13      1      1      1   
  0.14   1.00   0.00   0.01     28     11      1   
  0.08   0.28   0.80   0.36      8      7      1   
  0.06   0.90   0.49   0.50      7      6      1   
  0.14   0.84   0.46   0.14      9      9      1   
  0.03   0.02   0.88   0.29     12     10      1   
  0.71   0.93   0.49   0.71      3      3      1   
  0.13   0.17   0.83   0.52      8      8      1   
  0.99   0.97   0.06   0.04     53     12      1   
  0.34   0.88   0.41   0.44      5      5      1   
  0.59   0.98   0.06   0.23      9      9      1   
  0.51   0.56   0.21   0.27      4      4      1   
  0.43   0.14   0.97   0.45      6      6      1   
  0.69   0.03   0.50   0.50      5      5      1   
  0.10   0.09   0.15   0.84     81     10      1   
  0.56   0.12   0.83   0.73      6      6      1   
  0.74   0.98   0.89   0.79      2      2      1   
  0.83   0.92   0.18   0.97      6      6      1   
  0.86   0.78   0.71   0.56      3      3      1   
  0.57   0.38   0.64   0.84      4      4      1   
  0.94   0.49   0.20   0.20     25      8      1   
  0.64   0.94   0.56   0.78      2      2      1   
  0.86   0.93   0.89   0.62      3      3      1   
  0.30   0.56   0.18   0.38      2      2      1   
  0.96   0.82   0.59   0.98      4      4      1   
  0.09   0.52   0.12   0.21      3      3      1   
  0.77   0.43   0.95   0.12      3      3      1   
  0.89   0.62   0.19   0.06     60     10      1   
  0.66   0.46   0.42   0.32      3      3      1   
  0.21   0.18   0.14   0.52      3      3      1   
  1.00   0.37   0.10   0.27      9      8      1   
  0.37   0.99   0.68   0.18      8      8      1   
  0.31   0.50   0.53   0.18      4      4      1   
  0.40   0.77   0.50   0.50      3      3      1   
  0.92   0.31   0.80   0.36      1      1      1   
  0.03   0.24   0.43   0.16     46      6      1   
  0.74   0.45   0.19   0.87      6      6      1   
  0.88   0.95   0.26   0.79      6      6      1   
  0.71   0.46   0.79   0.23      2      2      1   
  0.80   0.59   0.99   0.97      4      4      1   
  0.74   0.21   0.58   0.93      7      7      1   
  0.51   0.77   0.14   0.24      6      6      1   
  0.64   0.95   0.17   0.02     72      9      1   
  0.45   0.29   0.70   0.88      6      6      1   
  0.10   0.03   0.57   0.85      9      8      1   
  0.42   0.18   0.69   0.11      3      3      1   
  0.16   0.13   0.92   0.60      9      9      1   
  0.39   0.41   0.73   0.68      4      4      1   
  0.03   0.47   0.43   0.30      4      4      1   
  0.06   0.04   0.17   0.86     43     10      1   
  0.47   0.12   0.71   0.03      3      3      1   
