  0.57   0.76   0.38   0.91      3      3      1   
Routing Failed to deliver
  0.22   0.91   0.38   0.12     22     13      1   
Routing Failed to deliver
  0.23   0.85   0.41   1.00      3      3      1   
  0.03   0.89   0.91   0.01     24     16      1   
  0.57   0.76   0.22   0.95      5      5      1   
  0.12   0.18   0.37   0.40      3      3      1   
  0.74   0.08   0.35   0.54      7      7      1   
  0.04   0.80   0.73   0.83      8      7      1   
  0.31   1.00   0.88   0.85      7      7      1   
  0.22   0.39   0.95   0.82     11      9      1   
  0.31   0.55   0.86   0.89      9      9      1   
  0.78   0.95   0.75   0.63      4      4      1   
  0.39   0.52   0.55   0.56      3      3      1   
  0.41   1.00   0.69   0.11     10     10      1   
  0.33   0.51   0.81   0.42      6      6      1   
  0.24   0.23   0.81   0.42      6      6      1   
  0.25   0.53   0.58   0.39      4      4      1   
Routing Failed to deliver
  0.16   0.52   0.06   0.04      5      5      1   
  0.17   0.27   0.26   0.25      1      1      1   
  0.89   0.06   0.02   0.14      8      8      1   
  0.10   0.25   0.85   0.43      8      8      1   
  0.34   0.08   0.25   0.05      1      1      1   
  0.09   0.08   0.28   0.51      5      5      1   
  0.70   0.23   0.30   0.18      4      4      1   
  0.46   0.10   0.03   0.31      5      5      1   
  0.57   0.00   0.45   0.28      3      3      1   
  0.03   0.02   0.04   0.12      1      1      1   
  0.74   0.08   0.25   0.05      5      5      1   
  0.74   0.44   0.95   0.94      6      6      1   
  0.60   0.31   0.72   0.63      8      5      1   
  0.01   0.94   0.41   0.35     15     14      1   
  0.81   0.00   0.34   0.52      8      7      1   
Routing Failed to deliver
Routing Failed to deliver
  0.34   0.52   0.67   0.30      5      5      1   
  0.57   0.76   0.85   0.70      3      3      1   
  0.03   0.89   0.29   0.91      3      3      1   
  0.73   0.90   0.31   1.00      5      5      1   
  0.67   0.30   0.17   0.50      5      5      1   
  0.65   0.08   0.74   0.44      4      4      1   
  0.56   0.26   0.57   0.76      6      6      1   
  0.60   0.03   0.96   0.36      6      6      1   
  0.20   0.47   0.13   0.05      4      4      1   
  0.01   0.99   0.49   0.23     16     15      1   
  0.06   0.36   0.12   0.18      2      2      1   
Routing Failed to deliver
  0.09   0.43   0.85   0.43      8      8      1   
  0.41   0.04   0.30   0.40      4      4      1   
  0.13   0.05   0.95   0.25     11     10      1   
  0.65   0.44   0.81   0.42      2      2      1   
  0.65   0.13   0.39   0.52      6      5      1   
  0.13   0.05   0.16   0.17      1      1      1   
  0.28   0.51   0.67   0.30      6      5      1   
  0.73   0.83   0.67   0.30      7      6      1   
  0.92   0.83   0.89   0.06     15     10      1   
  0.12   0.18   0.08   0.44      3      3      1   
  0.24   0.14   0.27   0.24      1      1      1   
  0.43   0.92   0.66   0.24     14      9      1   
Routing Failed to deliver
  0.45   0.29   0.58   0.65      5      5      1   
  0.03   0.02   0.94   0.79     11     11      1   
  0.17   0.02   0.37   0.40      5      5      1   
  0.28   0.17   0.03   0.02      3      3      1   
  0.66   0.24   0.01   0.44      7      7      1   
  0.57   0.00   0.16   0.17      4      4      1   
  0.65   0.44   0.57   0.82      5      5      1   
  0.03   0.40   0.77   0.45      7      7      1   
  0.10   0.25   0.95   0.94     13     12      1   
Routing Failed to deliver
Routing Failed to deliver
  0.09   0.16   0.66   0.24      6      6      1   
  0.77   0.45   0.13   0.11      7      7      1   
  0.35   0.23   0.23   0.31      2      2      1   
  0.70   0.19   0.45   0.38      4      4      1   
  0.17   0.34   0.79   0.70     10      8      1   
  0.33   0.51   0.30   0.53      1      1      1   
  0.03   0.31   0.50   0.39      5      5      1   
  0.56   0.56   0.23   0.31      5      5      1   
  0.39   0.52   0.55   0.08      5      5      1   
  0.04   0.80   0.95   0.94     11     10      1   
  0.95   0.82   0.02   0.14     13     11      1   
  0.39   0.17   0.58   0.39      3      3      1   
  0.09   0.08   0.81   0.63     10      9      1   
  0.27   0.24   0.26   0.42      2      2      1   
  0.34   0.52   0.91   0.74      8      8      1   
  0.03   0.32   0.43   0.69     20     10      1   
  0.28   0.53   0.38   0.91     19      9      1   
  0.56   0.56   0.30   0.40      4      4      1   
  0.14   0.84   0.64   0.84      6      5      1   
  0.17   0.34   0.38   0.91     28     10      1   
  0.58   0.65   0.86   0.89      5      5      1   
  0.79   0.70   0.04   0.12     11     10      1   
Routing Failed to deliver
Routing Failed to deliver
  0.95   0.82   0.52   0.89      4      4      1   
  0.56   0.12   0.74   0.77      8      8      1   
  0.67   0.30   0.41   0.29      3      3      1   
  0.26   0.42   0.78   0.95      9      9      1   
  0.92   0.83   0.56   0.39      8      6      1   
  0.29   0.12   0.96   0.37      8      7      1   
  0.47   0.12   0.01   0.44      6      6      1   
  0.17   0.27   0.26   0.42      2      2      1   
  0.26   0.25   0.31   0.55      3      3      1   
  0.12   0.24   0.56   0.56      6      6      1   
  0.56   0.12   0.39   0.52      4      4      1   
Routing Failed to deliver
  0.08   0.44   0.32   0.98     47     12      1   
  0.73   0.83   0.09   0.08     12     11      1   
  0.26   0.25   0.91   0.62      8      7      1   
Routing Failed to deliver
  0.46   0.10   0.64   0.84      9      9      1   
  0.95   0.82   0.81   0.49      4      4      1   
  0.85   0.43   0.66   0.24      3      3      1   
  0.32   0.98   0.74   0.77      4      4      1   
  0.43   0.50   0.41   0.35      2      2      1   
  0.86   0.89   0.77   0.34      6      6      1   
  0.44   0.85   0.49   0.10     22     10      1   
  0.24   0.26   0.06   0.04      3      3      1   
  0.01   0.99   0.44   0.38     14     13      1   
  0.31   1.00   0.50   0.69      6      5      1   
Routing Failed to deliver
  0.01   0.24   0.17   0.34      2      2      1   
  0.09   0.16   0.65   0.44      6      6      1   
  0.91   0.62   0.44   0.85      6      5      1   
  0.81   0.42   0.20   0.51      7      7      1   
  0.05   0.79   0.73   0.90      8      7      1   
  0.04   0.80   0.45   0.38     13     12      1   
  0.95   0.82   0.60   0.31      8      7      1   
  0.91   0.36   0.57   0.82      7      7      1   
  0.08   0.26   0.77   0.45      7      7      1   
  0.54   0.52   0.33   0.32      3      3      1   
  0.58   0.65   0.87   0.65      6      5      1   
  0.90   0.63   0.70   0.23      5      5      1   
Routing Failed to deliver
  0.36   0.37   0.46   0.88     15      8      1   
  0.20   0.96   0.78   0.95      6      6      1   
Routing Failed to deliver
  0.16   0.17   0.22   0.39      2      2      1   
Routing Failed to deliver
  0.69   0.11   0.90   0.01      2      2      1   
Routing Failed to deliver
  0.95   0.67   0.64   0.22      6      6      1   
  0.73   0.90   0.38   0.91      4      4      1   
  0.12   0.24   0.55   0.56      6      6      1   
  0.69   0.45   0.45   0.28      3      3      1   
  0.43   0.69   0.39   0.52      6      6      1   
  0.80   0.60   0.81   0.63      1      1      1   
  0.85   0.43   0.57   0.82      6      6      1   
  0.03   0.40   0.06   0.36      1      1      1   
  0.45   0.38   0.30   0.53      3      3      1   
  0.56   0.26   0.84   0.53      4      4      1   
  0.17   0.02   0.03   0.32      3      3      1   
  0.81   0.89   0.74   0.77      2      2      1   
  0.30   0.40   0.37   0.40      1      1      1   
  0.28   0.17   0.03   0.31      3      3      1   
  0.17   0.19   0.88   0.94     12     11      1   
  0.80   0.05   0.74   0.44      5      5      1   
  0.81   0.63   0.42   0.86      6      5      1   
  0.05   0.29   0.03   0.40      1      1      1   
  0.66   0.24   0.67   0.82      8      7      1   
  0.01   0.24   0.06   0.36      2      2      1   
  0.14   0.84   0.86   0.89      9      8      1   
Routing Failed to deliver
  0.10   0.25   0.84   0.45      8      8      1   
  0.03   0.40   0.44   0.38      4      4      1   
  0.26   0.25   0.39   0.52      3      3      1   
  0.20   0.51   0.51   0.23      4      4      1   
  0.17   0.50   0.42   0.86     14     10      1   
  0.81   0.89   0.26   0.32     10      9      1   
  0.12   0.35   0.36   0.00      4      4      1   
  0.69   0.45   0.06   0.39      6      6      1   
  0.17   0.02   0.83   0.73     11     11      1   
  0.17   0.02   0.12   0.35      3      3      1   
Routing Failed to deliver
  0.95   0.82   0.46   0.88      5      5      1   
  0.22   0.95   0.56   0.39     14      9      1   
  0.81   0.49   0.04   0.12      8      8      1   
  0.35   0.54   0.86   0.34      6      6      1   
  0.27   0.24   0.39   0.17      2      2      1   
  0.95   0.25   0.17   0.27      9      9      1   
Routing Failed to deliver
Routing Failed to deliver
  0.05   0.29   0.77   0.45      7      7      1   
  0.86   0.34   0.57   0.00      5      5      1   
  0.90   0.63   0.32   0.98      7      6      1   
  0.28   0.25   0.88   0.94     11     10      1   
Routing Failed to deliver
  0.81   0.49   0.28   0.51      6      6      1   
Routing Failed to deliver
  0.49   0.23   0.06   0.04      5      5      1   
  0.02   0.14   0.31   0.55      5      5      1   
  0.31   0.55   0.38   0.12      5      5      1   
  0.13   0.05   0.16   0.52      5      5      1   
Routing Failed to deliver
  0.09   0.08   0.34   0.22      3      3      1   
  0.05   0.29   0.09   0.16      2      2      1   
  0.57   0.82   0.60   0.52      4      4      1   
  0.20   0.96   0.56   0.12     20     12      1   
Routing Failed to deliver
Routing Failed to deliver
  0.34   0.08   0.41   0.35      3      3      1   
  0.45   0.28   0.05   0.29      4      4      1   
  0.24   0.26   0.57   0.00      4      4      1   
  0.01   0.94   0.79   0.70     10      9      1   
  0.81   0.42   0.88   0.94      5      5      1   
  0.37   0.83   0.77   0.45      8      8      1   
  0.55   0.08   0.36   0.00      3      3      1   
Routing Failed to deliver
  0.25   0.53   0.33   0.51      1      1      1   
  0.70   0.19   0.77   0.34      2      2      1   
  0.12   0.35   0.84   0.45      7      7      1   
  0.91   0.36   0.14   0.23      8      8      1   
  0.16   0.17   0.17   0.19      1      1      1   
Routing Failed to deliver
  0.28   0.53   0.35   0.23      3      3      1   
  0.80   0.05   0.95   0.25     12      7      1   
  0.91   0.62   0.57   0.82      4      4      1   
Routing Failed to deliver
  0.38   0.12   0.01   0.24      4      4      1   
  0.51   0.23   0.66   0.24      2      2      1   
  0.90   0.01   0.28   0.51      8      8      1   
  0.17   0.50   0.80   0.60      8      7      1   
  0.02   0.14   0.23   0.21      2      2      1   
Routing Failed to deliver
  0.29   0.12   0.86   0.89     12     10      1   
  0.42   0.86   0.84   0.45      7      7      1   
  0.47   0.12   0.94   0.49      6      6      1   
  0.74   0.44   0.17   0.27      6      6      1   
  0.86   0.89   0.23   0.31     10      9      1   
  0.16   0.86   0.95   0.67      9      8      1   
  0.17   0.34   0.92   0.83     11     10      1   
  0.69   0.45   0.04   0.12      7      7      1   
  0.65   0.13   0.38   0.24      3      3      1   
Routing Failed to deliver
  0.17   0.02   0.20   0.51      5      5      1   
  0.06   0.36   0.36   0.00      5      5      1   
  0.12   0.24   0.12   0.35      1      1      1   
  0.85   0.43   0.37   0.40      5      5      1   
Routing Failed to deliver
  0.95   0.82   0.41   1.00      7      6      1   
  0.86   0.89   0.39   0.52     15      9      1   
  0.08   0.26   0.22   0.39      2      2      1   
  0.05   0.29   0.85   0.70      9      9      1   
  0.65   0.44   0.56   0.26      3      3      1   
  0.95   0.82   0.06   0.04     13     12      1   
  0.65   0.13   0.26   0.32      5      5      1   
  0.57   0.82   0.86   0.89      4      4      1   
  0.75   0.63   0.71   0.73      1      1      1   
  0.33   0.37   0.95   0.94     11      9      1   
  0.80   0.05   0.70   0.23      2      2      1   
Routing Failed to deliver
  0.37   0.83   0.38   0.12     12     11      1   
  0.65   0.13   0.56   0.26      2      2      1   
  0.02   0.14   0.08   0.26      2      2      1   
Routing Failed to deliver
  0.23   0.31   0.22   0.39      1      1      1   
  0.81   0.89   0.90   0.01     16     11      1   
  0.02   0.14   0.28   0.51      5      5      1   
  0.80   0.60   0.96   0.36      3      3      1   
  0.34   0.52   0.12   0.18      4      4      1   
  0.46   0.10   0.97   0.74      9      9      1   
  0.52   0.89   0.36   0.00     11     11      1   
Routing Failed to deliver
  0.35   0.54   0.56   0.26      4      4      1   
Routing Failed to deliver
  0.95   0.25   0.45   0.38      6      6      1   
  0.79   0.70   0.73   0.90      2      2      1   
  0.41   0.35   0.50   0.39      1      1      1   
  0.95   0.82   0.78   0.72      2      2      1   
Routing Failed to deliver
  0.04   0.95   0.04   0.80      2      2      1   
  0.01   0.99   0.91   0.01     25     17      1   
  0.81   0.49   0.96   0.36      2      2      1   
  0.41   0.29   0.43   0.69     11      7      1   
  0.28   0.25   0.54   0.52      4      4      1   
  0.71   0.91   0.59   0.19      9      8      1   
  0.51   0.23   0.69   0.06      3      3      1   
  0.89   0.06   0.57   0.82     10     10      1   
  0.81   0.42   0.30   0.53      7      7      1   
  0.24   0.23   0.39   0.52      3      3      1   
  0.41   1.00   0.80   0.05     11     11      1   
  0.56   0.56   0.28   0.55      4      4      1   
  0.22   0.91   0.88   0.85      7      7      1   
  0.33   0.32   0.81   0.63      7      6      1   
  0.81   0.00   0.67   0.82     10     10      1   
  0.08   0.26   0.38   0.24      3      3      1   
  0.18   0.11   0.94   0.79     10     10      1   
  0.03   0.31   0.03   0.32      1      1      1   
  0.45   0.28   0.97   0.74      7      7      1   
  0.71   0.73   0.57   0.00      9      9      1   
  0.60   0.31   0.23   0.31      4      4      1   
  0.54   0.52   0.72   0.63      5      5      1   
  0.80   0.05   0.74   0.08      1      1      1   
  0.16   0.17   0.95   0.67     10      9      1   
  0.58   0.39   0.49   0.23      3      3      1   
  0.55   0.08   0.27   0.24      4      4      1   
  0.17   0.27   0.26   0.42      2      2      1   
  0.71   0.91   0.57   0.00     11     10      1   
Routing Failed to deliver
  0.56   0.26   0.30   0.53      4      4      1   
  0.90   0.63   0.32   0.98      7      6      1   
  0.51   0.23   0.25   0.05      4      3      1   
  0.28   0.17   0.33   0.51      4      4      1   
  0.05   0.79   0.58   0.39     12     11      1   
Routing Failed to deliver
  0.42   0.86   0.80   0.05     12     11      1   
  0.33   0.37   0.60   0.52      3      3      1   
  0.41   0.35   0.06   0.04      5      5      1   
  0.74   0.77   0.91   0.01     15     10      1   
  0.17   0.27   0.41   0.04      4      4      1   
  0.81   0.49   0.20   0.51      6      6      1   
  0.30   0.18   0.56   0.39      4      4      1   
  0.56   0.12   0.57   0.76      7      7      1   
  0.72   0.63   0.25   0.05      9      9      1   
  0.90   0.01   0.33   0.32      6      6      1   
  0.32   0.98   0.18   0.97      2      2      1   
  0.67   0.82   0.58   0.65      2      2      1   
Routing Failed to deliver
  0.05   0.19   0.26   0.49      4      4      1   
  0.60   0.03   0.26   0.25      4      4      1   
  0.95   0.25   0.33   0.37      7      7      1   
  0.91   0.36   0.45   0.38      5      5      1   
  0.95   0.94   0.38   0.91      7      7      1   
  0.08   0.26   0.78   0.95     11     11      1   
  0.17   0.50   0.36   0.00      5      5      1   
  0.67   0.30   0.17   0.19      5      5      1   
  0.49   0.10   0.10   0.25      4      4      1   
  0.13   0.11   0.01   0.24      2      2      1   
  0.92   0.83   0.84   0.78      1      1      1   
  0.35   0.54   0.88   0.85      9      9      1   
  0.91   0.36   0.17   0.34      8      8      1   
  0.60   0.31   0.80   0.05      3      3      1   
  0.01   0.44   0.73   0.83     11     11      1   
  0.60   0.31   0.30   0.40      4      4      1   
  0.39   0.52   0.12   0.35      4      4      1   
  0.03   0.02   0.84   0.53     10      9      1   
  0.60   0.31   0.03   0.02      6      6      1   
  0.02   0.14   0.37   0.40      4      4      1   
  0.80   0.60   0.05   0.19     13      8      1   
  0.28   0.51   0.20   0.51      1      1      1   
  0.75   0.63   0.85   0.43      3      3      1   
  0.60   0.31   0.06   0.36      5      5      1   
  0.06   0.36   0.59   0.19      5      5      1   
  0.55   0.56   0.69   0.45      2      2      1   
  0.54   0.52   0.94   0.49      4      4      1   
  0.86   0.89   0.85   0.43      5      5      1   
  0.73   0.83   0.36   0.37      8      7      1   
  0.91   0.62   0.29   0.91      7      7      1   
  0.72   0.63   0.23   0.85      7      7      1   
  0.18   0.97   0.75   0.63      7      7      1   
  0.46   0.10   0.65   0.13      2      2      1   
  0.70   0.19   0.31   1.00     11     11      1   
  0.31   0.55   0.52   0.89      9      7      1   
  0.90   0.01   0.67   0.30      4      4      1   
  0.06   0.04   0.28   0.17      3      3      1   
  0.94   0.79   0.04   0.80     10      9      1   
  0.23   0.21   0.41   0.29      2      2      1   
  0.35   0.54   0.57   0.00      6      6      1   
  0.34   0.22   0.59   0.19      3      3      1   
  0.37   0.40   0.16   0.17      3      3      1   
  0.26   0.49   0.26   0.42      1      1      1   
Routing Failed to deliver
  0.57   0.82   0.80   0.60      4      4      1   
  0.71   0.73   0.13   0.05     11     11      1   
  0.28   0.51   0.91   0.36      8      8      1   
  0.22   0.95   0.44   0.38     18     10      1   
  0.60   0.03   0.31   1.00     25     12      1   
  0.18   0.97   0.86   0.89      8      8      1   
  0.24   0.26   0.77   0.41      5      5      1   
  0.81   0.42   0.06   0.39      8      8      1   
  0.13   0.11   0.24   0.26      2      2      1   
  0.73   0.83   0.85   0.43      4      4      1   
  0.06   0.36   0.30   0.18      3      3      1   
  0.39   0.52   0.56   0.12      4      4      1   
  0.81   0.89   0.08   0.26     16     11      1   
  0.91   0.74   0.29   0.91      7      7      1   
  0.23   0.21   0.84   0.45      6      6      1   
  0.26   0.25   0.34   0.22      1      1      1   
  0.88   0.94   0.05   0.29     17     12      1   
  0.38   0.24   0.10   0.09      3      3      1   
Routing Failed to deliver
  0.57   0.76   0.65   0.44      4      4      1   
  0.88   0.85   0.46   0.88      5      5      1   
  0.71   0.73   0.94   0.79      2      2      1   
  0.22   0.39   0.50   0.69      8      7      1   
  0.06   0.39   0.49   0.10      5      5      1   
  0.24   0.49   0.69   0.45      5      5      1   
Routing Failed to deliver
  0.28   0.51   0.72   0.63      8      8      1   
  0.27   0.24   0.56   0.56      5      5      1   
Routing Failed to deliver
  0.67   0.30   0.65   0.13      2      2      1   
  0.81   0.42   0.01   0.24      8      8      1   
  0.13   0.11   0.17   0.21      1      1      1   
  0.71   0.91   0.52   0.89      2      2      1   
  0.80   0.60   0.24   0.23     11      7      1   
Routing Failed to deliver
Routing Failed to deliver
  0.81   0.89   0.43   0.69      5      5      1   
  0.33   0.37   0.08   0.26      3      3      1   
  0.17   0.19   0.85   0.43      7      7      1   
  0.28   0.55   0.73   0.83      8      8      1   
  0.03   0.40   0.65   0.08      7      7      1   
  0.28   0.55   0.79   0.70      9      8      1   
  0.58   0.65   0.86   0.34      5      5      1   
  0.89   0.06   0.91   0.36      8      7      1   
  0.65   0.13   0.13   0.05      5      5      1   
  0.65   0.13   0.20   0.47      6      6      1   
  0.25   0.53   0.03   0.40      3      3      1   
  0.64   0.22   0.75   0.63      6      6      1   
  0.91   0.36   0.45   0.28      5      5      1   
  0.65   0.44   0.65   0.08      4      4      1   
  0.24   0.26   0.12   0.18      2      2      1   
  0.33   0.51   0.38   0.12      4      4      1   
  0.66   0.24   0.17   0.50      5      5      1   
  0.95   0.67   0.71   0.91      4      4      1   
  0.26   0.25   0.69   0.45      5      5      1   
  0.90   0.01   0.65   0.13      3      3      1   
  0.78   0.72   0.44   0.85      4      4      1   
  0.89   0.06   0.23   0.31      7      7      1   
Routing Failed to deliver
  0.97   0.74   0.69   0.06      8      8      1   
Routing Failed to deliver
  0.14   0.23   0.97   0.74      9      9      1   
  0.91   0.36   0.43   0.92      8      8      1   
Routing Failed to deliver
  0.84   0.78   0.56   0.39      7      6      1   
  0.20   0.96   0.69   0.45     13      9      1   
  0.44   0.38   0.89   0.06      6      6      1   
  0.34   0.08   0.59   0.19      3      3      1   
  0.81   0.42   0.72   0.63      3      3      1   
  0.85   0.43   0.06   0.39      8      8      1   
  0.08   0.26   0.97   0.74     11     10      1   
  0.41   0.04   0.30   0.53      5      5      1   
  0.72   0.63   0.91   0.62      2      2      1   
Routing Failed to deliver
  0.23   0.21   0.28   0.55      4      4      1   
  0.28   0.55   0.81   0.00      8      8      1   
  0.46   0.88   0.31   1.00      2      2      1   
  0.36   0.37   0.71   0.73      8      7      1   
Routing Failed to deliver
  0.45   0.29   0.85   0.70      6      6      1   
  0.33   0.32   0.55   0.08      4      4      1   
  0.28   0.17   0.43   0.69     13      9      1   
  0.95   0.82   0.03   0.32     17     11      1   
  0.51   0.23   0.45   0.29      1      1      1   
Routing Failed to deliver
  0.26   0.37   0.24   0.49      1      1      1   
  0.80   0.60   0.17   0.02      9      9      1   
  0.30   0.18   0.06   0.36      3      3      1   
  0.64   0.84   0.78   0.95      2      2      1   
Routing Failed to deliver
  0.23   0.31   0.71   0.73      9      8      1   
  0.89   0.06   0.45   0.38      6      6      1   
  0.95   0.67   0.34   0.22     13      8      1   
  0.01   0.24   0.74   0.77     11     10      1   
  0.13   0.11   0.43   0.69     34     10      1   
Routing Failed to deliver
  0.94   0.79   0.56   0.56      8      6      1   
  0.06   0.36   0.47   0.12      5      5      1   
  0.45   0.29   0.43   0.50      2      2      1   
  0.38   0.24   0.26   0.49      3      3      1   
Routing Failed to deliver
  0.12   0.35   0.28   0.55      3      3      1   
  0.03   0.02   0.73   0.83     12     11      1   
  0.86   0.34   0.26   0.25      6      6      1   
Routing Failed to deliver
Routing Failed to deliver
  0.28   0.51   0.84   0.45      7      7      1   
  0.06   0.04   0.04   0.12      1      1      1   
  0.71   0.73   0.02   0.14     11     11      1   
  0.10   0.25   0.43   0.69     32      9      1   
  0.69   0.11   0.69   0.06      1      1      1   
  0.84   0.53   0.39   0.52      6      6      1   
  0.17   0.27   0.04   0.12      2      2      1   
Routing Failed to deliver
  0.39   0.52   0.69   0.45      4      4      1   
  0.25   0.53   0.36   0.00      5      5      1   
  0.86   0.89   0.18   0.11     12     11      1   
  0.03   0.40   0.57   0.76      9      9      1   
Routing Failed to deliver
  0.06   0.04   0.81   0.89     13     12      1   
Routing Failed to deliver
  0.28   0.51   0.17   0.34      2      2      1   
Routing Failed to deliver
  0.78   0.95   0.46   0.10     12     11      1   
Routing Failed to deliver
  0.03   0.02   0.57   0.00      6      6      1   
  0.01   0.99   0.84   0.53     12     11      1   
  0.08   0.44   0.25   0.53      2      2      1   
  0.16   0.52   0.64   0.84      8      8      1   
  0.28   0.17   0.91   0.74      9      9      1   
  0.41   0.04   0.55   0.56      6      6      1   
  0.25   0.53   0.70   0.19      7      6      1   
  0.09   0.43   0.81   0.63     10      9      1   
  0.41   1.00   0.60   0.52      6      6      1   
  0.24   0.26   0.35   0.23      1      1      1   
Routing Failed to deliver
  0.81   0.00   0.13   0.05      7      7      1   
  0.04   0.80   0.42   0.86      5      5      1   
  0.17   0.02   0.73   0.83     12     11      1   
  0.77   0.34   0.44   0.38      4      4      1   
  0.05   0.29   0.88   0.94     13     12      1   
Routing Failed to deliver
  0.55   0.56   0.28   0.53      4      4      1   
  0.86   0.34   0.41   0.04      6      6      1   
  0.56   0.39   0.83   0.73      6      5      1   
  0.28   0.53   0.25   0.53      1      1      1   
  0.77   0.34   0.03   0.02      8      8      1   
  0.50   0.69   0.74   0.08      8      8      1   
  0.29   0.12   0.12   0.35      3      3      1   
  0.16   0.17   0.38   0.12      2      2      1   
  0.91   0.74   0.67   0.30      5      5      1   
  0.28   0.25   0.17   0.21      1      1      1   
  0.77   0.45   0.17   0.21      6      6      1   
  0.96   0.37   0.33   0.51      7      7      1   
Routing Failed to deliver
  0.05   0.29   0.95   0.82     13     11      1   
  0.03   0.02   0.55   0.08      6      5      1   
  0.04   0.95   0.80   0.60     11     10      1   
  0.43   0.69   0.17   0.50      8      8      1   
  0.23   0.31   0.73   0.90      9      9      1   
  0.43   0.92   0.81   0.42      7      7      1   
  0.05   0.19   0.73   0.90     11     11      1   
  0.88   0.85   0.05   0.29     17     11      1   
  0.41   0.29   0.10   0.09      4      4      1   
  0.65   0.08   0.33   0.51      5      5      1   
  0.57   0.82   0.44   0.38      6      6      1   
  0.03   0.40   0.30   0.40      3      3      1   
  0.77   0.45   0.41   0.35      4      4      1   
  0.96   0.37   0.86   0.89      6      6      1   
  0.95   0.82   0.05   0.19     12     11      1   
  0.85   0.43   0.41   0.04      6      6      1   
  0.34   0.22   0.89   0.06      7      6      1   
  0.13   0.05   0.30   0.18      3      3      1   
  0.37   0.40   0.55   0.08      4      4      1   
  0.12   0.35   0.06   0.04      3      3      1   
  0.03   0.02   0.89   0.06      9      8      1   
  0.67   0.82   0.92   0.83      3      3      1   
  0.08   0.44   0.35   0.54      3      3      1   
Routing Failed to deliver
  0.45   0.29   0.81   0.63      6      6      1   
  0.86   0.34   0.54   0.01      5      5      1   
  0.25   0.53   0.13   0.05      5      5      1   
  0.20   0.51   0.77   0.34      7      6      1   
  0.71   0.91   0.32   0.98      4      4      1   
  0.95   0.25   0.91   0.36      1      1      1   
  0.78   0.95   0.59   0.19     10      9      1   
  0.06   0.04   0.44   0.85     18     13      1   
  0.35   0.23   0.33   0.32      1      1      1   
  0.69   0.06   0.44   0.99     11     11      1   
Routing Failed to deliver
  0.95   0.25   0.42   0.86     11      9      1   
Routing Failed to deliver
  0.01   0.44   0.01   0.24      2      2      1   
  0.30   0.18   0.38   0.24      1      1      1   
  0.45   0.28   0.02   0.14      4      4      1   
  0.81   0.49   0.26   0.32      5      5      1   
  0.17   0.02   0.57   0.82     11     11      1   
  0.24   0.49   0.23   0.21      3      3      1   
Routing Failed to deliver
Routing Failed to deliver
  0.95   0.94   0.22   0.95      9      8      1   
  0.73   0.90   0.77   0.41      5      5      1   
  0.10   0.09   0.77   0.34      7      7      1   
  0.86   0.34   0.34   0.22      5      5      1   
  0.16   0.52   0.96   0.36      9      9      1   
  0.95   0.25   0.86   0.89      7      7      1   
  0.75   0.63   0.44   0.38      9      6      1   
  0.38   0.12   0.29   0.12      1      1      1   
  0.46   0.88   0.75   0.63      4      4      1   
  0.50   0.39   0.18   0.11      4      4      1   
  0.77   0.45   0.05   0.19      7      7      1   
  0.96   0.36   0.24   0.14      7      7      1   
Routing Failed to deliver
  0.09   0.16   0.74   0.77     11     10      1   
  0.09   0.08   0.71   0.91     11     11      1   
  0.04   0.95   0.91   0.01     25     17      1   
  0.30   0.18   0.28   0.25      1      1      1   
  0.30   0.18   0.09   0.16      2      2      1   
  0.81   0.00   0.17   0.21      6      6      1   
  0.33   0.51   0.01   0.44      4      4      1   
  0.29   0.12   0.20   0.47      3      3      1   
  0.03   0.31   0.30   0.40      3      3      1   
  0.32   0.98   0.69   0.11     16     11      1   
  0.43   0.92   0.95   0.25      9      9      1   
  0.80   0.05   0.45   0.29      4      4      1   
  0.38   0.24   0.28   0.17      1      1      1   
  0.35   0.54   0.81   0.63      7      7      1   
  0.05   0.79   0.43   0.92      5      4      1   
  0.06   0.36   0.81   0.00      8      8      1   
  0.38   0.24   0.01   0.44      4      4      1   
  0.84   0.45   0.45   0.28      4      4      1   
  0.28   0.55   0.81   0.89      9      9      1   
  0.38   0.91   0.35   0.23     14     10      1   
  0.10   0.25   0.44   0.85     16     11      1   
  0.54   0.01   0.27   0.24      4      4      1   
  0.95   0.94   0.12   0.18     13     11      1   
  0.45   0.29   0.34   0.22      2      2      1   
  0.35   0.23   0.52   0.89      9      9      1   
  0.78   0.72   0.60   0.03      8      8      1   
Routing Failed to deliver
  0.45   0.38   0.31   0.55      2      2      1   
  0.97   0.74   0.38   0.24     13      8      1   
Routing Failed to deliver
  0.45   0.38   0.33   0.37      1      1      1   
  0.04   0.80   0.56   0.12     15     14      1   
  0.55   0.56   0.57   0.00      6      6      1   
  0.09   0.16   0.30   0.18      2      2      1   
Routing Failed to deliver
  0.89   0.06   0.34   0.22      6      6      1   
  0.28   0.55   0.13   0.05      5      5      1   
Routing Failed to deliver
  0.22   0.39   0.17   0.34      1      1      1   
  0.65   0.08   0.36   0.37      4      4      1   
  0.81   0.63   0.45   0.29      9      6      1   
  0.43   0.50   0.33   0.32      2      2      1   
  0.12   0.35   0.91   0.62      8      8      1   
  0.34   0.08   0.41   0.04      1      1      1   
  0.09   0.08   0.16   0.52      5      5      1   
  0.13   0.11   0.81   0.63      9      9      1   
  0.57   0.82   0.81   0.42      7      6      1   
  0.05   0.19   0.28   0.53      4      4      1   
  0.70   0.23   0.74   0.44      3      3      1   
  0.20   0.47   0.56   0.12      5      5      1   
  0.95   0.82   0.56   0.39      8      6      1   
Routing Failed to deliver
  0.74   0.08   0.77   0.41      4      4      1   
  0.46   0.88   0.56   0.56      4      4      1   
  0.41   0.35   0.65   0.08      4      4      1   
Routing Failed to deliver
  0.78   0.95   0.44   0.38     10      8      1   
  0.54   0.52   0.46   0.88      5      5      1   
Routing Failed to deliver
  0.91   0.36   0.27   0.24      7      7      1   
  0.80   0.05   0.54   0.01      3      3      1   
  0.94   0.49   0.49   0.23      5      5      1   
  0.60   0.52   0.69   0.45      1      1      1   
  0.91   0.74   0.14   0.23     10      9      1   
  0.09   0.16   0.50   0.69     10      9      1   
  0.60   0.52   0.84   0.53      3      3      1   
Routing Failed to deliver
  0.29   0.12   0.34   0.22      1      1      1   
  0.67   0.82   0.46   0.88      2      2      1   
Routing Failed to deliver
  0.66   0.24   0.95   0.67      6      6      1   
  0.54   0.52   0.20   0.47      4      4      1   
  0.91   0.36   0.81   0.89      6      6      1   
  0.89   0.06   0.03   0.02      9      8      1   
  0.09   0.43   0.25   0.05      4      4      1   
  0.03   0.32   0.23   0.31      2      2      1   
  0.79   0.70   0.54   0.52      9      5      1   
  0.44   0.99   0.16   0.86      3      3      1   
  0.74   0.44   0.12   0.24      6      6      1   
  0.51   0.23   0.41   0.04      2      2      1   
Routing Failed to deliver
  0.80   0.60   0.20   0.96      8      7      1   
  0.28   0.53   0.85   0.70      8      8      1   
  0.17   0.27   0.30   0.53      3      3      1   
  0.96   0.36   0.12   0.18      8      8      1   
Routing Failed to deliver
  0.71   0.73   0.91   0.62      2      2      1   
  0.56   0.12   0.45   0.38      3      3      1   
  0.41   0.35   0.31   1.00     49     10      1   
  0.30   0.18   0.39   0.17      1      1      1   
  0.89   0.06   0.55   0.56      7      7      1   
  0.86   0.34   0.58   0.65      5      5      1   
  0.17   0.02   0.26   0.25      3      3      1   
Routing Failed to deliver
  0.69   0.45   0.17   0.19      5      5      1   
  0.29   0.12   0.73   0.90     10     10      1   
  0.95   0.82   0.73   0.83      2      2      1   
  0.57   0.82   0.87   0.65      4      4      1   
  0.39   0.52   0.90   0.01      8      7      1   
  0.26   0.32   0.44   0.99     14     10      1   
  0.06   0.39   0.91   0.74     11     10      1   
  0.57   0.82   0.58   0.65      2      2      1   
  0.36   0.37   0.26   0.42      1      1      1   
  0.54   0.01   0.43   0.69     31      9      1   
  0.55   0.56   0.20   0.51      4      4      1   
  0.91   0.62   0.38   0.12      8      8      1   
  0.59   0.19   0.29   0.12      3      3      1   
  0.44   0.85   0.91   0.36      8      8      1   
Routing Failed to deliver
  0.04   0.95   0.66   0.24     15     14      1   
  0.23   0.21   0.09   0.43      3      3      1   
  0.86   0.89   0.06   0.39     17     11      1   
  0.46   0.88   0.32   0.98      2      2      1   
Routing Failed to deliver
Routing Failed to deliver
  0.31   0.55   0.72   0.63      7      7      1   
  0.95   0.25   0.41   0.29      7      7      1   
  0.26   0.37   0.45   0.28      2      2      1   
Routing Failed to deliver
  0.85   0.43   0.91   0.01      7      6      1   
  0.22   0.95   0.43   0.92      2      2      1   
  0.09   0.16   0.18   0.11      1      1      1   
  0.22   0.95   0.56   0.56     11      7      1   
  0.22   0.91   0.58   0.65      7      6      1   
  0.96   0.36   0.74   0.08      7      5      1   
  0.32   0.98   0.44   0.85      2      2      1   
  0.52   0.89   0.36   0.00     11     11      1   
  0.60   0.31   0.37   0.40      3      3      1   
  0.79   0.70   0.57   0.76      3      3      1   
  0.39   0.17   0.73   0.83      9      8      1   
  0.04   0.95   0.58   0.39     13     12      1   
  0.64   0.22   0.69   0.06      2      2      1   
  0.81   0.00   0.33   0.37      6      6      1   
  0.96   0.36   0.30   0.53      8      8      1   
Routing Failed to deliver
  0.86   0.34   0.27   0.24      6      6      1   
  0.22   0.39   0.42   0.86     16     10      1   
  0.29   0.12   0.26   0.25      2      2      1   
  0.65   0.13   0.65   0.08      1      1      1   
  0.20   0.51   0.28   0.25      3      3      1   
  0.05   0.79   0.94   0.49     12     11      1   
  0.77   0.41   0.77   0.34      1      1      1   
  0.79   0.70   0.96   0.37      4      4      1   
  0.81   0.89   0.14   0.23     11     10      1   
Routing Failed to deliver
  0.51   0.23   0.78   0.72      9      6      1   
  0.45   0.28   0.56   0.56      4      4      1   
  0.81   0.00   0.84   0.78      9      9      1   
  0.69   0.45   0.28   0.17      5      5      1   
Routing Failed to deliver
  0.13   0.05   0.36   0.37      4      4      1   
  0.78   0.72   0.04   0.12     11     10      1   
  0.49   0.10   0.77   0.41      5      5      1   
  0.43   0.92   0.18   0.97      3      3      1   
  0.86   0.34   0.49   0.23      4      4      1   
  0.22   0.39   0.66   0.24      5      5      1   
  0.78   0.95   0.44   0.38     10      8      1   
  0.30   0.18   0.06   0.39      3      3      1   
  0.39   0.52   0.72   0.63      7      7      1   
  0.29   0.12   0.03   0.32      3      3      1   
Routing Failed to deliver
  0.81   0.63   0.57   0.76      4      4      1   
  0.58   0.39   0.43   0.92      7      7      1   
  0.74   0.77   0.74   0.08      8      8      1   
  0.89   0.06   0.91   0.36      8      7      1   
  0.29   0.12   0.13   0.05      2      2      1   
  0.24   0.49   0.55   0.56      4      4      1   
Routing Failed to deliver
  0.23   0.21   0.39   0.17      2      2      1   
  0.18   0.11   0.60   0.03      4      4      1   
Routing Failed to deliver
Routing Failed to deliver
  0.81   0.49   0.20   0.47      6      6      1   
Routing Failed to deliver
  0.38   0.91   0.39   0.17     12     10      1   
  0.95   0.82   0.88   0.85      1      1      1   
  0.38   0.91   0.64   0.84      3      3      1   
  0.43   0.50   0.45   0.38      1      1      1   
  0.26   0.32   0.50   0.39      3      3      1   
  0.09   0.08   0.66   0.24      6      6      1   
  0.38   0.12   0.70   0.23      4      4      1   
  0.79   0.70   0.09   0.16     10      9      1   
Routing Failed to deliver
  0.17   0.21   0.75   0.63      8      8      1   
  0.01   0.94   0.71   0.91      9      8      1   
  0.90   0.63   0.83   0.73      1      1      1   
  0.38   0.91   0.60   0.52      7      6      1   
  0.31   1.00   0.49   0.23     13     11      1   
  0.81   0.63   0.95   0.67      2      2      1   
  0.22   0.91   0.29   0.12     23     13      1   
  0.26   0.49   0.73   0.90      8      8      1   
  0.24   0.23   0.26   0.32      1      1      1   
  0.37   0.40   0.86   0.89      9      8      1   
  0.24   0.49   0.28   0.55      1      1      1   
  0.81   0.42   0.16   0.17      7      7      1   
  0.43   0.69   0.04   0.12     10     10      1   
  0.31   0.55   0.67   0.82      6      6      1   
  0.01   0.24   0.41   0.29      4      4      1   
  0.56   0.39   0.85   0.43      3      3      1   
Routing Failed to deliver
  0.60   0.03   0.45   0.28      3      3      1   
  0.43   0.69   0.24   0.14      9      9      1   
  0.91   0.36   0.12   0.24      8      8      1   
  0.41   0.04   0.84   0.45      6      6      1   
  0.29   0.12   0.50   0.39      3      3      1   
Routing Failed to deliver
  0.29   0.12   0.51   0.23      3      3      1   
  0.78   0.72   0.59   0.19      7      6      1   
  0.20   0.47   0.33   0.51      2      2      1   
  0.74   0.77   0.24   0.49     14      8      1   
  0.84   0.45   0.24   0.49      7      7      1   
  0.66   0.24   0.12   0.18      5      5      1   
  0.26   0.25   0.24   0.14      1      1      1   
  0.73   0.83   0.57   0.82      2      2      1   
Routing Failed to deliver
Routing Failed to deliver
  0.54   0.52   0.12   0.35      5      5      1   
  0.18   0.97   0.81   0.49      9      9      1   
Routing Failed to deliver
  0.10   0.09   0.57   0.76      9      9      1   
  0.43   0.50   0.44   0.38      1      1      1   
  0.81   0.89   0.12   0.18     12     11      1   
  0.18   0.97   0.64   0.84      5      5      1   
  0.28   0.55   0.59   0.19      5      5      1   
Routing Failed to deliver
  0.26   0.37   0.60   0.31      4      4      1   
  0.28   0.17   0.91   0.01      6      6      1   
  0.95   0.25   0.33   0.37      7      7      1   
  0.89   0.06   0.02   0.14      8      8      1   
Routing Failed to deliver
  0.56   0.56   0.22   0.39      5      5      1   
  0.33   0.37   0.01   0.44      4      4      1   
  0.25   0.53   0.89   0.06      9      8      1   
  0.65   0.08   0.13   0.11      5      5      1   
  0.77   0.45   0.43   0.92      8      7      1   
  0.12   0.24   0.75   0.63      8      8      1   
Routing Failed to deliver
  0.45   0.29   0.65   0.44      3      3      1   
  0.72   0.63   0.45   0.29      6      6      1   
Routing Failed to deliver
Routing Failed to deliver
  0.37   0.83   0.71   0.91      4      4      1   
  0.09   0.43   0.56   0.26      5      5      1   
  0.41   0.29   0.39   0.52      2      2      1   
  0.37   0.40   0.33   0.37      1      1      1   
  0.17   0.34   0.43   0.50      3      3      1   
  0.28   0.25   0.03   0.40      3      3      1   
  0.31   1.00   0.36   0.00     15     13      1   
  0.81   0.00   0.30   0.53      8      8      1   
  0.16   0.17   0.39   0.17      2      2      1   
  0.73   0.90   0.96   0.36      6      6      1   
  0.04   0.12   0.94   0.79     11     11      1   
  0.39   0.17   0.28   0.53      4      4      1   
  0.50   0.69   0.95   0.25      8      8      1   
  0.09   0.08   0.55   0.56      7      7      1   
  0.60   0.03   0.95   0.94     10     10      1   
  0.03   0.02   0.18   0.11      2      2      1   
  0.71   0.73   0.65   0.44      5      5      1   
  0.17   0.21   0.34   0.52      3      3      1   
  0.81   0.00   0.43   0.50      7      7      1   
  0.23   0.21   0.75   0.63      8      8      1   
  0.31   1.00   0.29   0.12     16     12      1   
Routing Failed to deliver
  0.12   0.35   0.54   0.01      6      6      1   
  0.38   0.24   0.10   0.09      3      3      1   
Routing Failed to deliver
  0.17   0.02   0.28   0.17      2      2      1   
Routing Failed to deliver
  0.16   0.86   0.49   0.23     14     13      1   
  0.74   0.77   0.95   0.67      2      2      1   
  0.89   0.06   0.84   0.78     11     10      1   
  0.34   0.22   0.77   0.45      5      5      1   
  0.49   0.10   0.31   0.55      5      5      1   
  0.31   0.55   0.30   0.53      1      1      1   
  0.51   0.23   0.30   0.18      2      2      1   
  0.65   0.44   0.74   0.44      1      1      1   
Routing Failed to deliver
Routing Failed to deliver
  0.60   0.52   0.89   0.06     13      6      1   
  0.59   0.19   0.38   0.12      3      3      1   
  0.96   0.36   0.75   0.63      4      4      1   
  0.13   0.11   0.78   0.72     12      9      1   
  0.06   0.04   0.37   0.40      5      5      1   
  0.78   0.72   0.95   0.25      5      5      1   
  0.08   0.26   0.42   0.86     16     11      1   
  0.14   0.23   0.69   0.11      5      5      1   
  0.81   0.89   0.12   0.35     15     10      1   
  0.70   0.19   0.06   0.36      6      6      1   
  0.31   0.55   0.57   0.00      6      6      1   
  0.44   0.38   0.79   0.70      8      6      1   
  0.13   0.05   0.23   0.21      2      2      1   
  0.10   0.09   0.34   0.08      3      3      1   
Routing Failed to deliver
  0.41   0.35   0.39   0.52      2      2      1   
  0.70   0.19   0.03   0.02      7      7      1   
  0.65   0.08   0.96   0.36      6      5      1   
  0.69   0.11   0.32   0.98     11     11      1   
  0.17   0.50   0.09   0.43      1      1      1   
  0.80   0.05   0.90   0.63      7      7      1   
  0.20   0.51   0.44   0.38      3      3      1   
  0.13   0.05   0.41   0.29      4      4      1   
  0.60   0.52   0.96   0.36      4      4      1   
  0.84   0.53   0.41   1.00      7      7      1   
  0.28   0.17   0.90   0.63      8      8      1   
Routing Failed to deliver
  0.08   0.26   0.78   0.95     11     11      1   
  0.30   0.18   0.43   0.92     18     11      1   
  0.01   0.24   0.73   0.83     11     10      1   
  0.44   0.38   0.69   0.11      4      4      1   
  0.73   0.83   0.59   0.19      8      7      1   
  0.65   0.08   0.20   0.47      6      6      1   
Routing Failed to deliver
  0.50   0.39   0.25   0.53      3      3      1   
  0.38   0.91   0.44   0.99      1      1      1   
  0.57   0.00   0.17   0.21      4      4      1   
  0.41   0.35   0.77   0.45      4      4      1   
  0.41   0.29   0.31   1.00     22     10      1   
  0.32   0.98   0.01   0.99      6      4      1   
  0.74   0.44   0.49   0.10      5      5      1   
  0.77   0.34   0.80   0.05      4      4      1   
  0.77   0.41   0.16   0.17      6      6      1   
Routing Failed to deliver
  0.66   0.24   0.95   0.67      6      6      1   
  0.22   0.91   0.44   0.85      3      3      1   
  0.02   0.14   0.28   0.25      3      3      1   
  0.84   0.45   0.86   0.89      5      5      1   
  0.02   0.14   0.26   0.42      4      4      1   
Routing Failed to deliver
  0.56   0.56   0.39   0.52      3      3      1   
  0.87   0.65   0.74   0.44      3      3      1   
  0.17   0.27   0.71   0.91     10     10      1   
  0.29   0.91   0.90   0.01     21     13      1   
  0.85   0.43   0.10   0.25      8      8      1   
  0.17   0.02   0.01   0.44      4      4      1   
  0.09   0.16   0.41   0.04      4      4      1   
Routing Failed to deliver
  0.12   0.35   0.49   0.10      5      5      1   
  0.23   0.85   0.69   0.11     19     12      1   
  0.43   0.50   0.37   0.40      1      1      1   
  0.28   0.25   0.05   0.19      2      2      1   
  0.69   0.11   0.38   0.12      3      3      1   
  0.22   0.91   0.70   0.19     20     12      1   
  0.81   0.00   0.90   0.01      1      1      1   
  0.86   0.34   0.28   0.53      7      7      1   
  0.92   0.83   0.24   0.14     11     10      1   
  0.02   0.14   0.66   0.24      6      6      1   
  0.80   0.60   0.41   0.35     10      5      1   
Routing Failed to deliver
Routing Failed to deliver
  0.45   0.28   0.65   0.08      3      3      1   
  0.17   0.27   0.41   0.29      3      3      1   
  0.81   0.49   0.95   0.82      4      4      1   
Routing Failed to deliver
Routing Failed to deliver
  0.03   0.89   0.38   0.91      4      4      1   
  0.80   0.05   0.17   0.21      6      6      1   
  0.81   0.89   0.26   0.25     11     10      1   
The path lengh exceeds the maximal!
The path lengh exceeds the maximal!
Routing Failed to deliver
  0.25   0.05   0.33   0.32      3      3      1   
  0.33   0.37   0.77   0.45      4      4      1   
  0.89   0.06   0.17   0.27      8      7      1   
  0.69   0.11   0.73   0.83      8      8      1   
Routing Failed to deliver
  0.08   0.86   0.65   0.13     15     14      1   
  0.35   0.54   0.29   0.12      4      4      1   
Routing Failed to deliver
  0.34   0.08   0.45   0.29      3      3      1   
  0.70   0.23   0.16   0.17      5      5      1   
  0.32   0.98   0.81   0.89      5      5      1   
Routing Failed to deliver
  0.91   0.74   0.65   0.08      7      7      1   
  0.73   0.83   0.17   0.27     10      9      1   
  0.09   0.08   0.20   0.47      4      4      1   
Routing Failed to deliver
  0.30   0.18   0.12   0.24      2      2      1   
  0.70   0.23   0.70   0.19      1      1      1   
  0.77   0.45   0.34   0.52      5      5      1   
  0.90   0.63   0.88   0.85      2      2      1   
  0.92   0.83   0.32   0.98      6      6      1   
  0.25   0.53   0.45   0.29      3      3      1   
  0.17   0.27   0.96   0.36     10      8      1   
  0.94   0.79   0.22   0.95      8      7      1   
  0.72   0.63   0.20   0.96      7      7      1   
  0.52   0.89   0.80   0.05     10     10      1   
  0.92   0.83   0.41   0.04     11     10      1   
  0.78   0.72   0.94   0.49      3      3      1   
  0.51   0.23   0.56   0.39      2      2      1   
  0.69   0.45   0.57   0.00      5      5      1   
  0.43   0.69   0.12   0.18     10      9      1   
  0.36   0.00   0.65   0.13      4      4      1   
  0.56   0.12   0.17   0.34      4      4      1   
  0.44   0.38   0.56   0.12      3      3      1   
  0.25   0.53   0.17   0.50      1      1      1   
  0.04   0.12   0.79   0.70     12     10      1   
  0.58   0.65   0.34   0.52      4      4      1   
  0.58   0.65   0.03   0.40      8      8      1   
Routing Failed to deliver
  0.26   0.42   0.50   0.69      7      6      1   
  0.50   0.69   0.44   0.99      4      4      1   
  0.36   0.00   0.69   0.06      4      4      1   
  0.23   0.21   0.71   0.91     10     10      1   
  0.37   0.40   0.31   0.55      2      2      1   
  0.91   0.01   0.84   0.53      8      7      1   
  0.10   0.09   0.97   0.74     10     10      1   
  0.84   0.78   0.39   0.17      9      8      1   
  0.90   0.01   0.66   0.24      4      4      1   
  0.12   0.24   0.54   0.52      5      5      1   
  0.17   0.27   0.55   0.08      5      5      1   
  0.78   0.95   0.34   0.22     11     10      1   
  0.31   0.55   0.73   0.83      7      7      1   
  0.45   0.28   0.03   0.02      5      5      1   
Routing Failed to deliver
Routing Failed to deliver
Routing Failed to deliver
  0.28   0.25   0.34   0.52      3      3      1   
Routing Failed to deliver
  0.58   0.39   0.24   0.23      4      4      1   
Routing Failed to deliver
  0.38   0.12   0.13   0.11      3      3      1   
  0.41   0.29   0.90   0.63      6      6      1   
  0.10   0.25   0.45   0.38      4      4      1   
  0.45   0.38   0.13   0.05      5      5      1   
