  0.44   0.25   0.54   0.09      2      2      1   
  0.34   0.50   0.50   0.75      8      6      1   
  0.44   0.14   0.89   0.08      5      5      1   
  0.21   0.91   0.48   0.71      4      4      1   
  0.97   0.32   0.36   0.94     11     10      1   
  0.12   0.32   0.65   0.55      7      7      1   
  0.75   0.30   0.59   0.42      2      2      1   
Routing Failed to deliver
  0.79   0.24   0.23   0.44      7      7      1   
  0.75   0.26   0.67   0.37      2      2      1   
  0.27   0.54   0.74   0.97     17      9      1   
  0.60   0.32   0.80   0.30      2      2      1   
Routing Failed to deliver
  0.76   0.14   0.74   0.82     12     10      1   
  0.46   0.72   0.59   0.18      5      5      1   
  0.68   0.82   0.34   0.50      8      8      1   
  0.73   0.97   0.65   0.13     12      9      1   
  0.99   0.21   0.59   0.42      5      5      1   
  0.65   0.19   0.13   0.37     16      8      1   
  0.69   0.82   0.59   0.38      6      6      1   
  0.34   0.50   0.45   0.02     50      7      1   
  0.09   0.93   0.01   0.87      1      1      1   
  0.31   0.86   0.75   0.28      7      7      1   
  0.13   0.07   0.55   0.41      9      8      1   
  0.19   0.06   0.54   0.60     11      9      1   
Routing Failed to deliver
  0.36   0.94   0.19   0.06     13     13      1   
Routing Failed to deliver
  0.91   0.25   0.83   0.23      1      1      1   
  0.50   0.11   0.18   0.25     24      9      1   
  0.12   0.32   0.09   0.18      2      2      1   
  0.74   0.97   0.74   0.82      2      2      1   
  0.65   0.13   0.51   0.83      7      7      1   
  0.78   0.97   0.93   0.10     20     11      1   
  0.14   0.39   0.09   0.18      2      2      1   
  0.18   0.77   0.12   0.30     20     11      1   
  0.78   0.93   0.15   0.18     14     13      1   
Routing Failed to deliver
  0.36   0.53   0.63   0.03      6      6      1   
  0.24   0.89   0.06   0.99      3      3      1   
  0.18   0.37   0.92   0.10     18     10      1   
  0.55   0.03   0.64   0.40      4      4      1   
  0.03   0.46   0.61   0.56      6      6      1   
  0.07   0.20   0.62   0.26     15      9      1   
  0.94   0.03   0.92   0.10      1      1      1   
  0.63   0.20   0.61   0.32      1      1      1   
  0.03   0.46   0.53   0.06     44      8      1   
  0.44   0.95   0.48   0.09     10      9      1   
  0.21   0.91   0.89   0.08     10     10      1   
  0.51   0.31   0.71   0.00      4      4      1   
  0.55   0.03   0.57   0.86      8      8      1   
  0.14   0.33   0.53   0.33      9      7      1   
  0.69   0.47   0.59   0.15      3      3      1   
  0.45   0.02   0.79   0.93     14     11      1   
  0.13   0.07   0.61   0.56      9      9      1   
Routing Failed to deliver
  0.94   0.03   0.86   1.00     18     13      1   
  0.48   0.47   0.91   0.25      5      5      1   
  0.15   0.07   0.57   0.95     15     13      1   
  0.60   0.37   0.79   0.93     15      8      1   
  0.15   0.25   0.19   0.13      2      2      1   
  0.02   0.45   0.63   0.20     24      7      1   
  0.10   0.19   0.15   0.18      1      1      1   
  0.15   0.18   0.02   0.51      4      4      1   
  0.12   0.82   0.89   0.98      9      9      1   
  0.83   0.15   0.13   0.18     29     11      1   
  0.79   0.10   0.11   0.55     16      9      1   
  0.05   0.07   0.63   0.20     18     10      1   
  0.63   0.03   0.63   0.20      2      2      1   
  0.54   0.85   0.12   0.32     10     10      1   
  0.71   0.94   0.89   0.98      2      2      1   
  0.54   0.82   0.20   0.01     49     11      1   
  0.71   0.00   0.74   0.82     13     11      1   
  0.65   0.19   0.55   0.95      7      7      1   
  0.08   0.38   0.65   0.55      7      7      1   
  0.06   0.03   0.94   0.26     15     13      1   
  0.67   0.37   0.55   0.03      3      3      1   
  0.05   0.98   0.05   0.07     25     15      1   
Routing Failed to deliver
  0.78   0.97   0.86   1.00      1      1      1   
  0.65   0.13   0.50   0.93      8      8      1   
  0.36   0.78   0.13   0.18     10     10      1   
  0.18   0.77   0.75   0.80      7      7      1   
  0.20   0.50   0.75   0.28      6      6      1   
  0.58   0.83   0.19   0.13     11     11      1   
  0.20   0.32   0.66   0.64     10      8      1   
  0.79   0.10   0.26   0.49      7      7      1   
  0.58   0.83   0.69   0.24      7      7      1   
  0.17   0.78   0.19   0.06     20     13      1   
  0.89   0.98   0.66   0.64      9      7      1   
  0.78   0.93   0.75   0.26     14      9      1   
  0.65   0.23   0.22   0.52      6      6      1   
  0.53   0.02   0.78   0.93     14     11      1   
  0.16   0.28   0.20   0.50      3      3      1   
  0.24   0.89   0.50   0.11      9      9      1   
  0.01   0.08   0.44   0.14     42     11      1   
  0.22   0.52   0.08   0.10      5      5      1   
  0.69   0.82   0.78   0.91      1      1      1   
  0.09   0.93   0.26   0.93      2      2      1   
  0.46   0.72   0.14   0.39      7      7      1   
Routing Failed to deliver
  0.23   0.44   0.18   0.37      1      1      1   
  0.22   0.49   0.92   0.01      9      9      1   
  0.01   0.94   0.10   0.19     24     14      1   
  0.10   0.46   0.03   0.46      1      1      1   
  0.55   0.41   0.13   0.52      4      4      1   
Routing Failed to deliver
  0.14   0.77   0.59   0.79      6      6      1   
  0.67   0.62   0.92   0.10      7      7      1   
  0.59   0.15   0.77   0.79     17      9      1   
  0.53   0.02   0.69   0.18      3      3      1   
  0.06   0.17   0.91   0.25     17     11      1   
  0.50   0.11   0.10   0.46     10      8      1   
  0.48   0.47   0.65   0.13      4      4      1   
  0.14   0.39   0.99   0.21     10     10      1   
  0.60   0.37   0.32   0.48      4      4      1   
  0.19   0.85   0.26   0.49     11      8      1   
  0.05   0.98   0.97   0.32     13     12      1   
Routing Failed to deliver
  0.04   0.43   0.13   0.32      2      2      1   
  0.12   0.30   0.83   0.15     18     10      1   
  0.55   0.03   0.53   0.06      1      1      1   
  0.58   0.51   0.59   0.38      1      1      1   
  0.54   0.09   0.77   0.79     18     10      1   
  0.97   0.32   0.46   0.72      7      7      1   
  0.55   0.41   0.03   0.46      5      5      1   
  0.18   0.25   0.69   0.82     18     11      1   
  0.13   0.52   0.78   0.93     14     10      1   
  0.78   0.97   0.36   0.90      5      5      1   
  0.36   0.94   0.16   0.04     28     13      1   
  0.92   0.01   0.79   0.10      2      2      1   
  0.36   0.90   0.60   0.37      6      6      1   
  0.67   0.62   0.32   0.48      5      5      1   
Routing Failed to deliver
  0.61   0.56   0.64   0.40      2      2      1   
  0.13   0.07   0.27   0.54      5      5      1   
  0.17   0.78   0.18   0.37     17     10      1   
  0.57   0.86   0.15   0.07     12     12      1   
  0.93   0.10   0.60   0.37      4      4      1   
  0.26   0.93   0.91   0.25      9      9      1   
  0.58   0.85   0.78   0.97      3      3      1   
  0.53   0.06   0.68   0.82     14      9      1   
  0.54   0.60   0.59   0.42      2      2      1   
  0.51   0.31   0.50   0.75      5      5      1   
  0.86   1.00   0.50   0.61      6      6      1   
  0.18   0.79   0.76   0.14      9      9      1   
  0.94   0.26   0.54   0.60      6      6      1   
  0.52   0.47   0.93   0.10      5      5      1   
  0.99   0.21   0.78   0.97     15     11      1   
  0.44   0.95   0.69   0.18      8      8      1   
  0.46   0.72   0.23   0.44      6      6      1   
  0.55   0.95   0.22   0.49      8      8      1   
  0.61   0.56   0.10   0.19      8      8      1   
  0.71   0.00   0.51   0.31      4      4      1   
  0.75   0.30   0.61   0.32      2      2      1   
  0.67   0.37   0.22   0.52      5      5      1   
  0.04   0.81   0.20   0.54     19     11      1   
  0.66   0.64   0.06   0.17      9      9      1   
  0.44   0.91   0.59   0.03      8      8      1   
  0.68   0.82   0.21   0.12     12     12      1   
  0.18   0.77   0.48   0.47      6      6      1   
Routing Failed to deliver
  0.79   0.10   0.26   0.93     10      9      1   
  0.57   0.94   0.11   0.55     31      9      1   
  0.50   0.11   0.92   0.10      4      4      1   
  0.99   0.22   0.71   0.94     17     10      1   
  0.77   0.14   0.54   0.60      5      5      1   
  0.77   0.79   0.67   0.37      8      8      1   
  0.52   0.91   0.01   0.87      6      6      1   
  0.14   0.77   0.53   0.06     10     10      1   
  0.07   0.20   0.58   0.51      7      7      1   
Routing Failed to deliver
Routing Failed to deliver
  0.63   0.35   0.22   0.49      5      5      1   
  0.01   0.23   0.89   0.98     19     14      1   
  0.41   0.10   0.13   0.32     28     10      1   
  0.54   0.96   0.28   0.80      4      4      1   
  0.26   0.49   0.82   0.14      8      7      1   
  0.52   0.47   0.59   0.38      1      1      1   
  0.53   0.33   0.20   0.50     12      5      1   
  0.54   0.60   0.93   0.10      7      6      1   
  0.54   0.82   0.78   0.93      3      3      1   
  0.05   0.98   0.78   0.97     10      9      1   
  0.80   0.30   0.74   0.82     11      9      1   
  0.97   0.22   0.13   0.37     19     10      1   
  0.66   0.64   0.99   0.22      7      7      1   
  0.74   0.82   0.20   0.17     13     13      1   
  0.57   0.59   0.20   0.54     33      5      1   
  0.51   0.83   0.25   0.87      3      3      1   
  0.79   0.24   0.77   0.79     17      9      1   
  0.69   0.31   0.13   0.52      6      6      1   
Routing Failed to deliver
  0.28   0.80   0.46   0.72      2      2      1   
  0.09   0.97   0.61   0.56      7      7      1   
  0.50   0.75   0.54   0.60      2      2      1   
Routing Failed to deliver
  0.76   0.14   0.89   0.98     20     11      1   
  0.36   0.94   0.15   0.25     23     11      1   
  0.26   0.49   0.17   0.06      5      5      1   
Routing Failed to deliver
  0.54   0.82   0.66   0.64     15      4      1   
  0.91   0.25   0.55   0.95      8      8      1   
  0.18   0.25   0.11   0.55      3      3      1   
  0.69   0.47   0.09   0.18     31      8      1   
  0.06   0.17   0.99   0.21     18     12      1   
  0.26   0.93   0.01   0.87      3      3      1   
  0.63   0.03   0.46   0.72      6      6      1   
Routing Failed to deliver
  0.57   0.94   0.69   0.47      6      5      1   
  0.01   0.08   0.50   0.75     13     11      1   
  0.06   0.17   0.94   0.26     17     11      1   
  0.06   0.99   0.32   0.48     10     10      1   
  0.61   0.56   0.18   0.25      7      7      1   
  0.65   0.55   0.59   0.15      4      4      1   
  0.65   0.19   0.16   0.28     16      9      1   
  0.06   0.99   0.69   0.47      8      8      1   
  0.51   0.16   0.83   0.23      4      4      1   
  0.59   0.42   0.18   0.25     17      6      1   
  0.69   0.82   0.18   0.37     10     10      1   
  0.22   0.52   0.02   0.45      2      2      1   
  0.78   0.97   0.77   0.79      2      2      1   
  0.92   0.10   0.71   0.00      2      2      1   
  0.07   0.20   0.10   0.46      3      3      1   
  0.65   0.13   0.58   0.85      8      8      1   
  0.50   0.93   0.26   0.49      7      7      1   
  0.12   0.30   0.83   0.23     10      9      1   
  0.32   0.48   0.79   0.24      6      6      1   
  0.79   0.93   0.34   0.50     10      9      1   
  0.20   0.81   0.16   0.28     21     11      1   
  0.59   0.03   0.03   0.46     11      9      1   
  0.54   0.96   0.20   0.32     11     11      1   
  0.26   0.49   0.59   0.03      9      7      1   
  0.69   0.24   0.46   0.72      5      5      1   
  0.78   0.97   0.54   0.85      3      3      1   
Routing Failed to deliver
  0.60   0.37   0.04   0.08     27      9      1   
  0.12   0.30   0.53   0.33      8      7      1   
  0.51   0.31   0.01   0.08     26      9      1   
  0.17   0.78   0.51   0.31      7      7      1   
  0.36   0.90   0.54   0.82      3      3      1   
  0.73   0.97   0.89   0.08     18     10      1   
  0.05   0.31   0.04   0.04      3      3      1   
  0.58   0.85   0.10   0.19     11     11      1   
  0.06   0.99   0.75   0.30     10     10      1   
Routing Failed to deliver
  0.53   0.02   0.18   0.25     25     10      1   
  0.22   0.49   0.69   0.47      5      5      1   
  0.69   0.47   0.61   0.56      1      1      1   
  0.86   1.00   0.13   0.18     14     14      1   
  0.78   0.91   0.94   0.26     17     11      1   
  0.44   0.25   0.00   0.51     14      8      1   
  0.92   0.01   0.20   0.17     35     12      1   
  0.18   0.25   0.46   0.72     10      8      1   
  0.52   0.91   0.18   0.79      4      4      1   
  0.13   0.07   0.83   0.09     29     12      1   
  0.26   0.49   0.68   0.82     14      8      1   
  0.74   0.82   0.53   0.48      7      6      1   
  0.18   0.77   0.77   0.14      9      9      1   
Routing Failed to deliver
  0.19   0.13   0.59   0.15     34     10      1   
  0.82   0.14   0.04   0.08     32     12      1   
  0.20   0.81   0.20   0.17     22     12      1   
  0.17   0.02   0.83   0.09     32     12      1   
  0.44   0.95   0.58   0.85      2      2      1   
  0.45   0.69   0.53   0.06      6      6      1   
  0.69   0.31   0.32   0.48      5      5      1   
  0.41   0.10   0.01   0.08     32     12      1   
  0.77   0.14   0.60   0.37      3      3      1   
  0.06   0.99   0.04   0.47     24     12      1   
  0.20   0.54   0.19   0.06      5      5      1   
  0.46   0.72   0.26   0.49      5      5      1   
  0.19   0.85   0.36   0.53      7      7      1   
  0.68   0.55   0.69   0.24      4      4      1   
  0.65   0.13   0.78   0.93     13     10      1   
  0.57   0.95   0.78   0.93      3      3      1   
  0.54   0.82   0.69   0.24      6      6      1   
  0.09   0.93   0.55   0.41      7      7      1   
  0.54   0.96   0.57   0.94      1      1      1   
  0.59   0.42   0.15   0.25     17      6      1   
  0.31   0.86   0.32   0.48      7      7      1   
  0.20   0.81   0.01   0.21     23     12      1   
  0.97   0.22   0.28   0.80     10      9      1   
  0.68   0.82   0.44   0.91      3      3      1   
  0.19   0.06   0.51   0.83     13     11      1   
  0.69   0.24   0.79   0.93     12      9      1   
  0.60   0.37   0.27   0.54      4      4      1   
  0.55   0.95   0.17   0.06     12     12      1   
  0.58   0.51   0.69   0.47      1      1      1   
Routing Failed to deliver
  0.51   0.31   0.76   0.14      3      3      1   
  0.44   0.91   0.15   0.07     12     12      1   
  0.17   0.02   0.01   0.21      2      2      1   
  0.01   0.94   0.20   0.81      3      3      1   
Routing Failed to deliver
  0.59   0.42   0.17   0.49      4      4      1   
  0.13   0.07   0.69   0.82     20     13      1   
  0.83   0.15   0.51   0.31      4      4      1   
  0.54   0.96   0.05   0.07     13     13      1   
  0.05   0.31   0.89   0.08     31     11      1   
  0.18   0.37   0.01   0.08      3      3      1   
  0.61   0.32   0.26   0.49      4      4      1   
  0.62   0.26   0.67   0.37      1      1      1   
  0.04   0.04   0.58   0.85     15     13      1   
  0.85   0.86   0.18   0.77      8      8      1   
  0.06   0.99   0.62   0.26      9      9      1   
  0.86   1.00   0.82   0.14     18     11      1   
  0.63   0.35   0.58   0.51      2      2      1   
  0.06   0.99   0.79   0.10     12     11      1   
  0.21   0.91   0.73   0.97      6      6      1   
  0.75   0.26   0.99   0.21      3      3      1   
  0.17   0.49   0.02   0.45      2      2      1   
  0.07   0.20   0.02   0.51      3      3      1   
  0.13   0.18   0.01   0.08      2      2      1   
Routing Failed to deliver
  0.15   0.18   0.48   0.71     11      9      1   
  0.21   0.12   0.14   0.33      2      2      1   
  0.21   0.12   0.15   0.38      3      3      1   
  0.71   0.94   0.08   0.10     14     13      1   
Routing Failed to deliver
  1.00   0.89   0.99   0.21     20     13      1   
  0.11   0.55   0.50   0.75     10      8      1   
  0.01   0.23   0.36   0.53      5      5      1   
  0.17   0.49   0.69   0.31      6      6      1   
  0.06   0.99   0.44   0.14     12     11      1   
  0.17   0.06   0.65   0.23     19     10      1   
  0.01   0.94   0.99   0.22     13     12      1   
  0.12   0.32   0.18   0.25      1      1      1   
  0.59   0.38   0.71   0.00      4      4      1   
  0.75   0.30   0.18   0.37     16      7      1   
  0.48   0.47   0.78   0.97     10      7      1   
  0.20   0.32   0.58   0.51      6      6      1   
Routing Failed to deliver
Routing Failed to deliver
  0.12   0.82   0.54   0.82      5      5      1   
  0.14   0.39   0.10   0.19      2      2      1   
  0.20   0.81   0.89   0.90      8      8      1   
Routing Failed to deliver
  0.26   0.49   0.69   0.31      5      5      1   
  0.31   0.86   0.21   0.91      1      1      1   
Routing Failed to deliver
  0.89   0.98   0.25   0.87      7      7      1   
  0.59   0.03   0.21   0.12     39     11      1   
  0.75   0.80   0.74   0.97      2      2      1   
Routing Failed to deliver
  0.50   0.61   0.69   0.82      4      4      1   
  0.41   0.10   0.75   0.30      4      4      1   
  0.07   0.20   0.68   0.55      8      8      1   
  0.54   0.82   0.20   0.01     49     11      1   
  0.92   0.01   0.04   0.08     33     13      1   
Routing Failed to deliver
Routing Failed to deliver
  0.06   0.99   0.01   0.94      1      1      1   
  0.53   0.48   0.93   0.10      5      5      1   
  0.05   0.07   0.10   0.55      5      4      1   
  0.44   0.25   0.83   0.23      4      4      1   
Routing Failed to deliver
  0.08   0.38   0.92   0.01     32     11      1   
  0.63   0.03   0.02   0.51     11      9      1   
  0.20   0.17   0.16   0.28      1      1      1   
  0.59   0.03   0.54   0.96      9      9      1   
  0.59   0.42   0.54   0.85      5      5      1   
  0.99   0.21   0.51   0.31      5      5      1   
  0.86   1.00   0.15   0.07     15     15      1   
  0.44   0.25   0.67   0.62      5      5      1   
  0.71   0.94   0.53   0.06     10      9      1   
  0.36   0.78   0.55   0.41      4      4      1   
  0.57   0.86   0.57   0.95      1      1      1   
  0.04   0.08   0.69   0.31     12     10      1   
  0.13   0.32   0.99   0.21     18     11      1   
Routing Failed to deliver
Routing Failed to deliver
  0.12   0.30   0.13   0.52      3      3      1   
  0.89   0.98   0.54   0.28     10      9      1   
  0.78   0.97   0.83   0.15     18     10      1   
  0.89   0.98   0.19   0.13     14     14      1   
Routing Failed to deliver
  0.21   0.91   0.76   0.14      9      9      1   
  0.99   0.21   0.20   0.50      9      9      1   
  0.54   0.28   0.61   0.93      7      6      1   
  0.57   0.59   0.19   0.85      5      5      1   
  0.75   0.28   0.20   0.54      6      6      1   
  0.92   0.10   0.50   0.11      4      4      1   
Routing Failed to deliver
  0.07   0.20   0.53   0.33      9      8      1   
  0.54   0.28   0.97   0.22      5      5      1   
Routing Failed to deliver
  0.61   0.93   0.01   0.08     12     12      1   
  0.41   0.10   0.01   0.21     32     11      1   
  0.13   0.37   0.48   0.47      4      4      1   
  0.55   0.03   0.13   0.32     29     10      1   
  0.13   0.32   0.16   0.28      1      1      1   
  0.89   0.08   0.68   0.55      6      6      1   
  0.26   0.49   0.67   0.37      4      4      1   
  0.01   0.94   0.57   0.86      7      7      1   
  0.18   0.37   0.10   0.46      1      1      1   
  0.58   0.83   0.75   0.30      7      7      1   
  0.51   0.16   0.60   0.37      3      3      1   
  0.18   0.79   0.15   0.07     19     13      1   
  0.18   0.37   0.54   0.85     11      9      1   
  0.92   0.10   0.20   0.54      9      9      1   
  0.82   0.14   0.04   0.47     17      9      1   
  0.94   0.03   0.54   0.96     11     11      1   
  0.64   0.40   0.92   0.10      4      4      1   
  0.59   0.42   0.20   0.54      4      4      1   
  0.02   0.51   0.79   0.93     15     11      1   
  0.89   0.08   0.73   0.97     17     10      1   
  0.69   0.47   0.12   0.32      7      7      1   
  0.06   0.99   0.74   0.82      9      9      1   
  0.31   0.86   0.94   0.26      9      9      1   
  0.59   0.79   0.06   0.99      7      7      1   
  0.19   0.13   0.89   0.98     19     14      1   
  0.53   0.48   0.36   0.90      5      5      1   
  0.75   0.26   0.00   0.51     16      9      1   
  0.41   0.10   0.77   0.79     19     11      1   
  0.53   0.02   0.14   0.33     29     10      1   
  0.54   0.96   0.71   0.00     10     10      1   
  0.89   0.90   0.36   0.78      6      6      1   
  0.09   0.93   0.21   0.91      1      1      1   
  0.36   0.78   0.54   0.28      5      5      1   
  0.20   0.50   0.20   0.54      1      1      1   
  0.20   0.54   0.69   0.82     15      9      1   
  0.52   0.91   0.22   0.49      8      8      1   
  0.61   0.32   0.97   0.22      4      4      1   
Routing Failed to deliver
  0.86   1.00   0.83   0.09     19     12      1   
  0.86   1.00   0.06   0.99     10     10      1   
  0.45   0.69   0.65   0.23      5      5      1   
  0.23   0.44   0.04   0.04      5      5      1   
  0.69   0.18   0.18   0.79      9      8      1   
  0.06   0.03   0.79   0.24     14     12      1   
  0.97   0.22   0.05   0.98     14     12      1   
  0.25   1.00   0.65   0.23      9      9      1   
  0.57   0.94   0.21   0.91      5      5      1   
  0.06   0.03   0.22   0.52      6      6      1   
  1.00   0.89   0.25   1.00      8      8      1   
  0.94   0.26   0.53   0.33      5      4      1   
Routing Failed to deliver
  0.52   0.47   0.59   0.38      1      1      1   
  0.14   0.77   0.01   0.23     25     13      1   
Routing Failed to deliver
  0.78   0.97   0.69   0.18     15      9      1   
  0.45   0.69   0.18   0.25      8      8      1   
  0.55   0.95   0.01   0.21     11     11      1   
  0.05   0.31   0.75   0.30     10      8      1   
  0.05   0.98   0.25   1.00      4      3      1   
  0.21   0.12   0.10   0.19      2      2      1   
  0.77   0.14   0.83   0.23      1      1      1   
  0.69   0.82   0.32   0.48      8      8      1   
  0.04   0.08   0.10   0.55      5      4      1   
  0.57   0.59   0.36   0.78      3      3      1   
  0.04   0.47   0.18   0.25      3      3      1   
  0.15   0.25   0.41   0.10     40     10      1   
  0.59   0.79   0.79   0.24      8      7      1   
  0.69   0.18   0.91   0.25      2      2      1   
  0.83   0.15   0.69   0.24      2      2      1   
Routing Failed to deliver
  0.71   0.00   0.20   0.17     31     12      1   
Routing Failed to deliver
  0.22   0.49   0.83   0.23      7      7      1   
  0.31   0.86   0.60   0.32      6      6      1   
  0.71   0.00   0.78   0.97     14     11      1   
  0.04   0.04   0.27   0.54      6      6      1   
Routing Failed to deliver
  0.83   0.23   0.41   0.10      5      5      1   
  0.01   0.08   0.55   0.03     43     12      1   
  0.59   0.79   0.73   0.97      3      3      1   
  0.36   0.94   0.54   0.82      3      3      1   
  0.53   0.02   0.80   0.30      5      5      1   
  0.99   0.22   0.45   0.69      7      7      1   
  0.51   0.31   0.82   0.14      4      4      1   
  0.20   0.81   0.59   0.03      9      9      1   
  0.63   0.35   0.51   0.16      3      3      1   
  0.31   0.86   0.18   0.77      2      2      1   
Routing Failed to deliver
  0.63   0.03   0.94   0.26      4      4      1   
  0.10   0.19   0.78   0.93     18     13      1   
  0.53   0.33   0.59   0.38      1      1      1   
  0.45   0.69   0.69   0.24      5      5      1   
Routing Failed to deliver
  0.15   0.25   0.19   0.06      2      2      1   
  0.71   0.00   0.14   0.39     12     10      1   
  0.04   0.81   0.65   0.13     11     11      1   
  0.15   0.38   0.63   0.03     33      9      1   
  0.10   0.46   0.51   0.31      7      6      1   
  0.94   0.26   0.77   0.79     21     11      1   
  0.20   0.81   0.48   0.71      4      4      1   
  0.44   0.25   0.44   0.14      1      1      1   
  0.57   0.59   0.12   0.30      7      7      1   
  0.69   0.47   0.13   0.07     43      9      1   
  0.20   0.32   0.89   0.19     16     10      1   
  0.09   0.18   0.13   0.52      4      4      1   
  0.25   0.87   0.36   0.78      2      2      1   
  0.91   0.25   0.68   0.82     14      9      1   
Routing Failed to deliver
  0.97   0.32   0.02   0.45     10     10      1   
Routing Failed to deliver
  0.92   0.10   0.12   0.32     18     11      1   
  0.59   0.18   0.44   0.25      2      2      1   
  0.83   0.23   0.45   0.02      4      4      1   
  0.44   0.25   0.65   0.13      3      3      1   
  0.03   0.47   0.66   0.64      8      7      1   
  0.50   0.61   0.79   0.24      4      4      1   
  0.60   0.32   0.83   0.15      3      3      1   
Routing Failed to deliver
  0.18   0.25   0.68   0.55      7      7      1   
  0.14   0.77   0.57   0.94      6      6      1   
  0.48   0.71   0.01   0.08     10     10      1   
  0.48   0.71   0.15   0.07     10     10      1   
  0.59   0.79   0.82   0.14      9      8      1   
  0.18   0.79   0.25   0.87      1      1      1   
  0.63   0.03   0.24   0.89     10      9      1   
  0.11   0.55   0.55   0.03     10      9      1   
  0.92   0.01   0.97   0.22      2      2      1   
  0.75   0.26   0.69   0.24      1      1      1   
  0.45   0.02   0.67   0.62      7      7      1   
  0.69   0.24   0.63   0.03      2      2      1   
  0.74   0.82   0.85   0.86      1      1      1   
Routing Failed to deliver
  0.58   0.85   0.68   0.55      6      5      1   
  0.73   0.97   0.36   0.78      4      4      1   
  0.44   0.91   0.58   0.51      4      4      1   
  0.74   0.82   0.55   0.03     13     10      1   
  0.01   0.94   0.23   0.44     22     11      1   
  0.54   0.60   0.57   0.94      3      3      1   
  0.68   0.55   0.69   0.47      1      1      1   
  0.06   0.99   0.69   0.31      9      9      1   
Routing Failed to deliver
  0.89   0.08   0.18   0.77     11     10      1   
Routing Failed to deliver
  0.86   1.00   0.69   0.47     13      8      1   
  0.06   0.99   0.04   0.47     24     12      1   
  0.53   0.33   0.01   0.21     21      8      1   
Routing Failed to deliver
  0.17   0.49   0.48   0.47      3      3      1   
  0.78   0.97   0.36   0.53      9      8      1   
  0.83   0.09   0.51   0.31      4      4      1   
  0.28   0.80   0.09   0.93      2      2      1   
Routing Failed to deliver
  0.66   0.64   0.59   0.79      7      4      1   
  0.68   0.82   0.17   0.78      6      6      1   
  0.10   0.55   0.19   0.13      5      4      1   
  0.26   0.49   0.74   0.97     17      9      1   
  0.07   0.20   0.19   0.06      2      2      1   
  0.41   0.10   0.89   0.98     15     12      1   
  0.05   0.07   0.71   0.94     21     13      1   
  0.75   0.26   0.91   0.25      2      2      1   
  0.54   0.85   0.76   0.14      8      8      1   
  0.54   0.60   0.44   0.25      4      4      1   
  0.51   0.83   0.85   0.86      4      4      1   
  0.67   0.37   0.58   0.85     10      6      1   
  0.24   0.89   0.74   0.97      6      6      1   
  0.69   0.18   0.75   0.80     17      9      1   
  0.01   0.08   0.61   0.32     11      9      1   
  0.75   0.26   0.05   0.98     12     10      1   
  0.61   0.32   0.58   0.85      6      6      1   
  0.13   0.18   0.02   0.51      4      4      1   
Routing Failed to deliver
  0.14   0.33   0.91   0.25     17     10      1   
  0.89   0.19   0.61   0.93      9      8      1   
  0.55   0.41   0.77   0.14      3      3      1   
  0.27   0.54   0.22   0.49      1      1      1   
  0.00   0.51   0.44   0.25     23      8      1   
  0.36   0.53   0.16   0.28      4      4      1   
  0.54   0.28   0.05   0.31     16      7      1   
  0.52   0.91   0.36   0.55      7      7      1   
  0.01   0.94   0.60   0.32      9      9      1   
  0.06   0.03   0.45   0.02     45     13      1   
  0.74   0.82   0.52   0.47      7      7      1   
  0.18   0.79   0.05   0.98      3      3      1   
  0.16   0.04   0.03   0.47      5      5      1   
  0.58   0.85   0.04   0.81      7      7      1   
  0.24   0.89   0.92   0.10     10     10      1   
  0.21   0.91   0.10   0.19     22     12      1   
  0.82   0.14   0.27   0.54      7      7      1   
  0.26   0.93   0.48   0.09     10      9      1   
  0.44   0.95   0.04   0.81      5      5      1   
  0.17   0.78   0.20   0.01     58     13      1   
  0.57   0.59   0.26   0.93      5      5      1   
  0.36   0.90   0.89   0.90      6      6      1   
  0.19   0.06   0.13   0.18      2      2      1   
  0.60   0.32   0.27   0.54      4      4      1   
  0.17   0.02   0.20   0.32      3      3      1   
Routing Failed to deliver
  0.85   0.86   0.63   0.20     10     10      1   
  0.44   0.14   0.54   0.96      9      9      1   
Routing Failed to deliver
  0.44   0.95   0.82   0.14     11      9      1   
  0.25   1.00   0.18   0.25     21     12      1   
  0.59   0.79   0.55   0.41      5      5      1   
  0.36   0.90   0.48   0.71      3      3      1   
  0.66   0.64   0.51   0.16      6      6      1   
  0.79   0.10   0.04   0.43     17      9      1   
  1.00   0.89   0.50   0.11     13     12      1   
  0.63   0.20   0.22   0.52      6      6      1   
  0.21   0.12   0.11   0.55      4      4      1   
  0.22   0.52   0.78   0.97     15     10      1   
  1.00   0.89   0.89   0.98      2      2      1   
  0.32   0.48   0.08   0.10      5      5      1   
  0.04   0.47   0.69   0.82     16     10      1   
  0.14   0.39   0.68   0.82     17     10      1   
  0.52   0.91   0.65   0.13      8      8      1   
  0.59   0.79   0.17   0.02     12     12      1   
  0.65   0.55   0.79   0.10      5      5      1   
  0.01   0.87   0.12   0.32     22     13      1   
  0.74   0.82   0.45   0.02     11     11      1   
  0.01   0.23   0.17   0.06      3      3      1   
  0.18   0.25   0.50   0.61      9      7      1   
  0.26   0.93   0.65   0.23      8      8      1   
  0.15   0.38   0.16   0.28      1      1      1   
  0.24   0.89   0.20   0.81      1      1      1   
  0.78   0.91   0.53   0.02     12     11      1   
  0.83   0.09   0.50   0.75      8      8      1   
  0.97   0.32   0.55   0.95     10      9      1   
  0.36   0.78   0.54   0.60      3      3      1   
  0.60   0.37   0.79   0.10      3      3      1   
  0.57   0.95   0.50   0.93      1      1      1   
  0.12   0.30   0.48   0.47      5      5      1   
  0.20   0.54   0.17   0.02      5      5      1   
  0.68   0.82   0.74   0.82      1      1      1   
  0.12   0.82   0.50   0.61      5      5      1   
  0.77   0.14   0.53   0.48      4      4      1   
  0.01   0.08   0.19   0.06      2      2      1   
  0.79   0.93   0.51   0.83      4      4      1   
Routing Failed to deliver
  0.79   0.24   0.62   0.26      2      2      1   
  0.01   0.21   0.16   0.04      2      2      1   
  0.59   0.42   0.17   0.06     42      8      1   
  0.05   0.07   0.67   0.62     12     10      1   
  0.55   0.95   0.21   0.12     11     11      1   
  0.59   0.38   0.69   0.24      2      2      1   
  0.51   0.83   0.07   0.20     10     10      1   
  0.69   0.18   0.53   0.02      3      3      1   
  0.48   0.71   0.59   0.42      3      3      1   
  0.65   0.23   0.89   0.08      3      3      1   
  0.21   0.12   0.59   0.42      8      7      1   
  0.58   0.83   0.63   0.20      7      7      1   
  0.57   0.86   0.57   0.59      4      4      1   
  0.58   0.51   0.82   0.14      4      4      1   
  0.83   0.15   0.36   0.53      6      6      1   
  0.55   0.03   0.57   0.94      8      8      1   
  0.80   0.30   0.13   0.37     17      8      1   
Routing Failed to deliver
  0.48   0.47   0.13   0.18      6      6      1   
  0.54   0.82   0.58   0.85      1      1      1   
Routing Failed to deliver
Routing Failed to deliver
  0.36   0.94   0.59   0.79      3      3      1   
  0.13   0.32   0.07   0.20      2      2      1   
  0.44   0.14   0.41   0.10      1      1      1   
  0.06   0.03   0.20   0.01      2      2      1   
  0.57   0.95   0.34   0.50      8      8      1   
Routing Failed to deliver
  0.57   0.95   0.06   0.17     12     12      1   
  0.50   0.11   0.08   0.38     11      9      1   
  0.12   0.82   0.83   0.15     10     10      1   
  0.65   0.13   0.68   0.55      5      5      1   
  0.69   0.31   0.26   0.93      8      7      1   
  0.26   0.93   0.13   0.32     22     11      1   
  0.06   0.99   0.61   0.93      8      7      1   
  0.97   0.22   0.63   0.03      4      4      1   
  0.97   0.32   0.71   0.94     17     10      1   
  0.54   0.09   0.17   0.02     40     11      1   
Routing Failed to deliver
Routing Failed to deliver
Routing Failed to deliver
  0.89   0.19   0.78   0.91     16     10      1   
  0.15   0.07   0.79   0.24     13     11      1   
  0.20   0.32   0.89   0.19     16     10      1   
  0.54   0.60   0.67   0.37      3      3      1   
  0.04   0.81   0.17   0.02     23     15      1   
  0.44   0.14   0.06   0.03     32     12      1   
  0.51   0.83   0.21   0.91      4      4      1   
Routing Failed to deliver
  0.53   0.48   0.22   0.49      4      4      1   
  0.51   0.83   0.21   0.12     10     10      1   
  0.12   0.32   0.89   0.98     18     13      1   
  0.05   0.31   0.63   0.03     33     10      1   
  0.24   0.89   0.79   0.10     10      9      1   
  0.19   0.06   0.59   0.38     10      9      1   
  0.45   0.69   0.60   0.32      4      4      1   
  0.60   0.37   0.97   0.22      4      4      1   
  0.55   0.41   0.54   0.96      6      6      1   
  0.91   0.25   0.78   0.91     12     10      1   
Routing Failed to deliver
  0.50   0.11   0.60   0.32      3      3      1   
  0.18   0.37   0.65   0.23     15      7      1   
Routing Failed to deliver
  0.45   0.69   0.36   0.53      4      4      1   
  0.18   0.77   0.92   0.10     10     10      1   
  0.78   0.97   0.59   0.42      9      7      1   
  0.57   0.95   0.36   0.53      7      7      1   
  0.77   0.79   0.69   0.82      1      1      1   
  0.16   0.04   0.18   0.25      2      2      1   
  0.78   0.93   0.36   0.90      5      5      1   
  0.99   0.21   0.03   0.47     10     10      1   
  0.74   0.82   0.46   0.72      4      4      1   
  0.91   0.25   0.54   0.85      8      8      1   
Routing Failed to deliver
  0.31   0.86   0.77   0.14      8      8      1   
Routing Failed to deliver
Routing Failed to deliver
  0.69   0.24   0.18   0.25     32      8      1   
  0.14   0.77   0.00   0.51     24     12      1   
Routing Failed to deliver
  0.50   0.11   0.57   0.94      8      8      1   
  0.67   0.37   0.59   0.42      1      1      1   
  0.57   0.95   0.65   0.55      5      5      1   
  0.46   0.72   0.18   0.37      7      7      1   
  0.15   0.25   0.55   0.41      7      6      1   
  0.34   0.50   0.57   0.94      9      7      1   
  0.58   0.85   0.10   0.46     32      9      1   
Routing Failed to deliver
  0.59   0.38   0.09   0.18     26      8      1   
  0.55   0.41   0.60   0.37      1      1      1   
  0.04   0.08   0.53   0.02     47     12      1   
  0.05   0.31   0.20   0.54      3      3      1   
  0.75   0.80   0.86   1.00      2      2      1   
  0.69   0.24   0.10   0.19     32      9      1   
  0.58   0.85   0.57   0.95      1      1      1   
  0.25   1.00   0.03   0.46     21     11      1   
  0.86   1.00   0.61   0.56      8      7      1   
  0.05   0.31   0.79   0.93     17     12      1   
  0.75   0.26   0.05   0.98     12     10      1   
  0.69   0.18   0.59   0.79      7      7      1   
  0.59   0.03   0.85   0.86     19     11      1   
  0.62   0.26   0.54   0.82      5      5      1   
Routing Failed to deliver
  0.14   0.33   0.02   0.45      2      2      1   
  0.59   0.18   0.41   0.10      2      2      1   
  0.71   0.00   0.12   0.32     29     11      1   
  0.36   0.94   0.45   0.69      3      3      1   
  0.69   0.82   0.05   0.98      8      8      1   
  0.53   0.06   0.80   0.30      4      4      1   
  0.54   0.28   0.58   0.85      6      6      1   
  0.20   0.32   0.55   0.03     44     10      1   
  0.69   0.47   0.20   0.32      7      7      1   
  0.75   0.30   0.36   0.53      4      4      1   
  0.45   0.02   0.53   0.02      1      1      1   
Routing Failed to deliver
  0.48   0.47   0.61   0.56      2      2      1   
  0.48   0.09   0.57   0.59      6      5      1   
  0.65   0.23   0.75   0.30      1      1      1   
  0.48   0.71   0.06   0.17      9      9      1   
  0.99   0.22   0.63   0.03      5      5      1   
  0.76   0.14   0.44   0.91      8      8      1   
  0.46   0.72   0.06   0.99      5      5      1   
  0.74   0.82   0.65   0.23     12      9      1   
  0.10   0.19   0.34   0.50      4      4      1   
  0.13   0.32   0.97   0.32     18     11      1   
  0.83   0.23   0.75   0.28      1      1      1   
  0.59   0.18   0.59   0.03      2      2      1   
  0.15   0.07   0.36   0.53      6      6      1   
Routing Failed to deliver
  0.77   0.79   0.16   0.04     15     14      1   
  0.18   0.25   0.65   0.23     14      8      1   
  0.14   0.33   0.16   0.04      3      3      1   
  0.16   0.28   0.20   0.01      3      3      1   
  0.52   0.91   0.01   0.94      6      6      1   
  0.91   0.25   0.48   0.09      4      4      1   
  0.83   0.23   0.12   0.30     19      9      1   
  0.25   0.87   0.51   0.31      7      7      1   
Routing Failed to deliver
Routing Failed to deliver
Routing Failed to deliver
  0.69   0.82   0.65   0.23      8      8      1   
  0.14   0.39   0.65   0.23     15      7      1   
  0.53   0.33   0.83   0.23      3      3      1   
  0.06   0.99   0.69   0.82      8      8      1   
  0.89   0.98   0.36   0.94      6      6      1   
  0.69   0.82   0.78   0.97      2      2      1   
  0.57   0.86   0.58   0.83      1      1      1   
  0.61   0.32   0.36   0.90      6      6      1   
  0.05   0.07   0.54   0.82     13     11      1   
  0.52   0.47   0.92   0.10      5      5      1   
  0.19   0.06   0.21   0.12      1      1      1   
  0.16   0.28   0.67   0.37      8      7      1   
  0.15   0.25   0.76   0.14     28      9      1   
  0.62   0.26   0.11   0.55     14      7      1   
  0.22   0.49   0.66   0.64      8      6      1   
  0.10   0.19   0.65   0.13     33     10      1   
  0.97   0.32   0.24   0.89     11     10      1   
  0.20   0.32   0.64   0.40      8      7      1   
  0.64   0.40   0.34   0.50      4      4      1   
  0.45   0.69   0.69   0.31      4      4      1   
Routing Failed to deliver
  0.18   0.25   0.83   0.15     16     10      1   
Routing Failed to deliver
  0.19   0.06   0.71   0.94     21     13      1   
  0.80   0.30   0.51   0.16      3      3      1   
  0.36   0.90   0.04   0.08     12     12      1   
  0.18   0.37   0.71   0.94     18     10      1   
  0.59   0.38   0.53   0.33      1      1      1   
  0.83   0.23   0.85   0.86     19     11      1   
  0.77   0.14   0.08   0.10     31     11      1   
  0.11   0.55   0.20   0.54      1      1      1   
  0.89   0.98   0.50   0.61      6      6      1   
  0.69   0.24   0.12   0.30     18      8      1   
  0.07   0.20   0.51   0.83     12     10      1   
  0.55   0.95   0.19   0.06     12     12      1   
  0.44   0.91   0.16   0.04     13     12      1   
Routing Failed to deliver
  0.17   0.02   0.17   0.49      4      4      1   
  0.01   0.23   0.12   0.32      2      2      1   
  0.92   0.10   0.59   0.15      3      3      1   
  0.05   0.07   0.69   0.24     13     10      1   
  0.15   0.25   0.07   0.20      1      1      1   
Routing Failed to deliver
Routing Failed to deliver
  0.14   0.77   0.50   0.61      5      5      1   
Routing Failed to deliver
  0.14   0.33   0.59   0.15     30      9      1   
  0.59   0.42   0.03   0.46      5      5      1   
  0.13   0.52   0.20   0.17      4      4      1   
  0.59   0.18   0.15   0.38     15      7      1   
  0.14   0.33   0.75   0.26     16      9      1   
  0.19   0.06   0.80   0.30     13     11      1   
  0.67   0.37   0.15   0.25     18      7      1   
  0.60   0.37   0.99   0.22      4      4      1   
  0.75   0.28   0.08   0.38     17      8      1   
  0.03   0.47   0.55   0.03     44      9      1   
  0.00   0.51   0.59   0.79     12     10      1   
  0.14   0.77   0.53   0.48      7      7      1   
  0.26   0.49   0.82   0.14      8      7      1   
  0.22   0.49   0.54   0.28      5      5      1   
  0.80   0.30   0.62   0.26      2      2      1   
  0.20   0.17   0.13   0.32      2      2      1   
  0.08   0.10   0.73   0.97     22     13      1   
Routing Failed to deliver
  0.53   0.06   0.60   0.37      3      3      1   
  0.16   0.28   0.92   0.10     31     11      1   
  0.27   0.54   0.67   0.37      4      4      1   
  0.53   0.48   0.64   0.40      2      2      1   
Routing Failed to deliver
Routing Failed to deliver
  0.93   0.10   0.21   0.91     12     10      1   
  0.69   0.24   0.79   0.24      1      1      1   
  0.69   0.82   0.53   0.02     10     10      1   
  0.99   0.22   0.57   0.86     10      9      1   
  0.15   0.07   0.97   0.22     15     13      1   
  0.48   0.71   0.04   0.04     11     11      1   
  0.61   0.32   0.61   0.93      7      6      1   
  0.79   0.24   0.22   0.49      7      7      1   
  0.28   0.80   0.24   0.89      1      1      1   
  0.65   0.13   0.78   0.93     13     10      1   
  0.46   0.72   0.92   0.10      7      7      1   
  0.59   0.03   0.53   0.33      3      3      1   
  0.59   0.15   0.55   0.95      7      7      1   
  0.32   0.48   0.01   0.23      4      4      1   
Routing Failed to deliver
  0.92   0.10   0.67   0.62      7      7      1   
  0.52   0.91   0.01   0.21     11     11      1   
Routing Failed to deliver
  0.67   0.37   0.59   0.79     10      6      1   
  0.17   0.06   0.12   0.32      3      3      1   
  0.50   0.61   0.54   0.09      5      5      1   
Routing Failed to deliver
  0.24   0.89   0.57   0.59      5      5      1   
  0.19   0.85   0.73   0.97      6      6      1   
  0.36   0.90   0.12   0.32     10     10      1   
  0.09   0.93   0.79   0.24      9      9      1   
Routing Failed to deliver
  0.04   0.08   0.13   0.18      2      2      1   
  0.89   0.98   0.51   0.83      4      4      1   
  0.97   0.22   0.44   0.95     11     10      1   
  0.01   0.23   0.17   0.49      3      3      1   
  0.08   0.10   0.59   0.38     10      9      1   
  0.89   0.19   0.51   0.31      4      4      1   
  0.59   0.42   0.02   0.45      5      5      1   
  0.52   0.91   0.82   0.14     10      8      1   
  0.65   0.13   0.58   0.83      8      8      1   
  0.14   0.33   0.76   0.14     16      9      1   
  0.10   0.55   0.45   0.02     50      9      1   
  0.12   0.32   0.12   0.30      1      1      1   
  0.58   0.51   0.44   0.25      3      3      1   
  0.57   0.95   0.18   0.77      5      5      1   
  0.25   0.87   0.55   0.03      9      9      1   
  0.13   0.37   0.53   0.33      6      6      1   
  0.54   0.85   0.26   0.49      7      7      1   
  0.85   0.86   0.54   0.60      6      6      1   
  0.71   0.00   0.16   0.28     29     11      1   
  0.54   0.82   0.20   0.54      8      7      1   
  0.61   0.32   0.18   0.25     17      7      1   
  0.21   0.91   0.53   0.06     10      9      1   
  0.45   0.02   0.78   0.93     14     11      1   
  0.26   0.93   0.15   0.07     24     13      1   
  0.26   0.49   0.94   0.03     10      8      1   
  0.22   0.49   0.75   0.28      6      6      1   
Routing Failed to deliver
  0.68   0.82   0.57   0.86      1      1      1   
Routing Failed to deliver
  0.01   0.08   0.36   0.55      6      6      1   
  0.22   0.49   0.92   0.01      9      9      1   
  0.54   0.96   0.45   0.69      3      3      1   
  0.59   0.42   0.67   0.37      1      1      1   
  0.89   0.19   0.74   0.97     21     10      1   
  0.54   0.28   0.27   0.54      4      4      1   
  0.28   0.80   0.66   0.64      5      5      1   
  0.82   0.14   0.57   0.59      5      5      1   
Routing Failed to deliver
  0.18   0.25   0.65   0.55      7      7      1   
Routing Failed to deliver
  0.31   0.86   0.16   0.04     27     12      1   
  0.64   0.40   0.78   0.93     10      7      1   
  0.97   0.22   0.20   0.17     37     12      1   
  0.10   0.19   0.74   0.97     22     13      1   
Routing Failed to deliver
  0.13   0.07   0.51   0.83     13     11      1   
  0.19   0.85   0.79   0.10     10      9      1   
  0.68   0.82   0.59   0.79      1      1      1   
Routing Failed to deliver
  0.89   0.08   0.00   0.51     18     11      1   
  0.55   0.03   0.65   0.19      2      2      1   
  0.36   0.90   0.86   1.00      6      6      1   
  0.51   0.83   0.32   0.48      6      6      1   
  0.18   0.79   0.60   0.37      7      7      1   
  0.53   0.48   0.09   0.97      9      8      1   
  0.89   0.19   0.44   0.14      5      5      1   
  0.69   0.24   0.79   0.24      1      1      1   
  0.34   0.50   0.23   0.44      1      1      1   
  0.89   0.98   0.01   0.23     14     14      1   
Routing Failed to deliver
  0.01   0.87   0.75   0.26     10     10      1   
  0.69   0.24   0.92   0.01      3      3      1   
  0.34   0.50   0.44   0.25     22      5      1   
  0.89   0.90   0.61   0.32     10      9      1   
  0.58   0.83   0.16   0.04     13     12      1   
  0.26   0.93   0.21   0.12     22     12      1   
  0.71   0.00   0.31   0.86     11      9      1   
  0.20   0.81   0.61   0.56      5      5      1   
  0.13   0.32   0.53   0.33      9      7      1   
Routing Failed to deliver
  0.36   0.55   0.16   0.28      4      4      1   
  0.18   0.77   0.69   0.47      6      6      1   
  0.08   0.38   0.59   0.79     12     10      1   
  0.89   0.90   0.16   0.04     16     15      1   
  0.36   0.94   0.59   0.03      9      9      1   
  0.05   0.98   0.20   0.01     64     15      1   
  0.65   0.23   0.19   0.06     46     10      1   
  0.94   0.03   0.50   0.93     10     10      1   
  0.63   0.03   0.53   0.33      3      3      1   
Routing Failed to deliver
  0.06   0.17   0.82   0.14     27     11      1   
  0.25   1.00   0.13   0.37     21     11      1   
  0.52   0.47   0.44   0.14      4      4      1   
Routing Failed to deliver
Routing Failed to deliver
  0.79   0.24   0.55   0.41      3      3      1   
  0.20   0.81   0.54   0.96      4      4      1   
  0.79   0.10   0.63   0.03      2      2      1   
  0.97   0.32   0.89   0.90     22     12      1   
  0.51   0.16   0.75   0.28      3      3      1   
  0.86   1.00   0.71   0.94      2      2      1   
  0.85   0.86   0.89   0.98      1      1      1   
  0.78   0.97   0.01   0.87      9      9      1   
  0.45   0.02   0.78   0.97     14     11      1   
  0.15   0.18   0.79   0.93     18     13      1   
  0.13   0.37   0.58   0.51      5      5      1   
  0.97   0.32   0.65   0.13      4      4      1   
  0.36   0.55   0.53   0.33      8      4      1   
  0.26   0.49   0.69   0.24      6      5      1   
  0.50   0.93   0.55   0.03      8      8      1   
  0.92   0.01   0.20   0.17     35     12      1   
  0.04   0.43   0.41   0.10     42      9      1   
  0.10   0.19   0.89   0.19     16     11      1   
  0.78   0.97   0.17   0.06     15     14      1   
  0.97   0.32   0.24   0.89     11     10      1   
  0.18   0.77   0.92   0.10     10     10      1   
  0.97   0.22   0.36   0.78      9      8      1   
  0.52   0.91   0.01   0.08     12     12      1   
Routing Failed to deliver
  0.13   0.18   0.03   0.46      3      3      1   
  0.16   0.28   0.20   0.54      3      3      1   
  0.20   0.17   0.53   0.48      7      7      1   
  0.60   0.32   0.54   0.82      5      5      1   
  0.69   0.31   0.17   0.49      6      6      1   
Routing Failed to deliver
  0.01   0.23   0.16   0.28      2      2      1   
Routing Failed to deliver
  0.65   0.13   0.59   0.42      3      3      1   
  0.68   0.82   0.01   0.87      8      8      1   
  0.08   0.38   0.14   0.39      1      1      1   
  0.01   0.87   0.53   0.33      9      9      1   
Routing Failed to deliver
  0.04   0.08   0.75   0.30     12     10      1   
  0.19   0.85   0.01   0.23     23     12      1   
  0.13   0.37   0.10   0.19      2      2      1   
  0.01   0.23   0.94   0.03     38     12      1   
  0.01   0.87   0.91   0.25     11     11      1   
  0.06   0.99   0.71   0.00     12     12      1   
Routing Failed to deliver
  0.55   0.95   0.01   0.21     11     11      1   
  0.67   0.37   0.22   0.49      5      5      1   
  0.61   0.56   0.26   0.93      5      5      1   
  0.75   0.26   0.05   0.31     18      9      1   
  0.14   0.77   0.20   0.54     18     10      1   
  0.61   0.32   0.48   0.09      3      3      1   
  0.89   0.98   0.78   0.97      1      1      1   
  0.57   0.86   0.15   0.18     11     11      1   
  0.13   0.52   0.20   0.54      1      1      1   
  0.83   0.15   0.06   0.99     13     11      1   
