  0.54   0.01   0.10   0.09     11      9      1   
  0.98   0.27   0.74   0.94     10     10      1   
  0.41   1.00   0.58   0.93      3      3      1   
  0.17   0.02   0.65   0.08     14      9      1   
Routing Failed to deliver
  0.71   0.91   0.28   0.55     10      8      1   
  0.03   0.02   0.45   0.29      7      7      1   
  0.58   0.93   0.62   0.36      6      6      1   
  0.78   0.95   0.20   0.47     12     10      1   
  0.86   0.89   0.95   0.82      1      1      1   
  0.52   0.15   0.73   0.90      8      8      1   
  0.39   0.52   0.64   0.84      6      6      1   
  0.43   0.50   0.13   0.05     18      6      1   
  0.46   0.14   0.20   0.47      5      5      1   
  0.57   0.82   0.01   0.94      6      6      1   
  0.12   0.24   0.65   0.08      8      7      1   
  0.43   0.92   0.33   0.51     30      7      1   
  0.35   0.54   0.67   0.82      6      6      1   
  0.29   0.91   0.17   0.27     35     12      1   
  0.20   0.51   0.08   0.86     43     12      1   
  0.49   0.10   0.67   0.01      2      2      1   
  0.08   0.26   0.28   0.51      3      3      1   
  0.16   0.45   0.06   0.04      4      4      1   
  0.46   0.14   0.70   0.23      3      3      1   
  0.65   0.13   0.57   0.76      6      6      1   
  0.52   0.15   0.06   0.04     11      8      1   
Routing Failed to deliver
  0.73   0.90   0.07   0.93      7      7      1   
  0.26   0.42   0.55   0.24      4      4      1   
  0.05   0.19   0.05   0.29      1      1      1   
  0.43   0.92   0.69   0.86      3      3      1   
  0.10   0.79   0.58   0.28     13     11      1   
  0.17   0.19   0.80   0.05     13      9      1   
Routing Failed to deliver
  0.94   0.79   0.91   0.24     19     12      1   
  0.91   0.74   0.18   0.11     23     13      1   
  0.18   0.97   0.52   0.89      4      4      1   
  0.05   0.24   0.08   0.86     47     15      1   
  0.89   0.25   0.50   0.39      4      4      1   
  0.95   0.94   0.46   0.14     12     12      1   
  0.10   0.79   0.57   0.82      6      6      1   
Routing Failed to deliver
  0.60   0.03   0.18   0.38      6      6      1   
Routing Failed to deliver
  0.89   0.25   0.06   0.39      8      8      1   
Routing Failed to deliver
  0.74   0.77   0.57   0.76      2      2      1   
  0.43   0.92   0.99   0.76      6      6      1   
  0.13   0.83   0.45   0.29     11     10      1   
  0.18   0.38   0.58   0.28      5      5      1   
  0.10   0.17   0.78   0.20     12      8      1   
  0.03   0.40   0.46   0.88     12     10      1   
  0.59   0.19   0.69   0.45      3      3      1   
  0.38   0.91   0.08   0.44     35     11      1   
  0.54   0.67   0.13   0.04     22      9      1   
  0.26   0.42   0.44   0.38      2      2      1   
  0.63   0.90   0.20   0.96      4      4      1   
  0.69   0.11   0.52   0.15      2      2      1   
  0.03   0.02   0.98   0.27     14     12      1   
  0.06   0.39   0.59   0.19     14      6      1   
  0.92   0.83   0.88   0.03     15     12      1   
  0.41   0.35   0.12   0.18      4      4      1   
  0.12   0.24   0.95   0.82     17     12      1   
  0.43   0.92   0.56   0.39      9      6      1   
  0.55   0.56   0.74   0.94      4      4      1   
  0.91   0.01   0.58   0.93     10     10      1   
  0.65   0.47   0.01   0.24      7      7      1   
  0.14   0.86   0.23   0.85      1      1      1   
  0.41   0.30   0.54   0.52      3      3      1   
  0.54   0.67   0.70   0.23      5      5      1   
  0.81   0.00   0.74   0.08      1      1      1   
  0.66   0.06   0.03   0.32      9      8      1   
  0.09   0.43   0.16   0.86     32     13      1   
  0.10   0.09   0.65   0.18      9      8      1   
  0.88   0.03   0.67   0.30      4      4      1   
  0.49   0.23   0.70   0.19      2      2      1   
  0.17   0.21   0.20   0.96     30     13      1   
  0.28   0.53   0.31   1.00     35     10      1   
  0.12   0.18   0.06   0.04      2      2      1   
  0.95   0.94   0.34   0.52     12     10      1   
  0.17   0.50   0.47   0.12      5      5      1   
  0.28   0.51   0.57   0.82      7      7      1   
Routing Failed to deliver
  0.13   0.83   0.74   0.94      6      6      1   
  0.41   1.00   0.25   0.53     33      9      1   
  0.95   0.82   0.64   0.84      3      3      1   
  0.63   0.90   0.09   0.16     25     11      1   
  0.28   0.55   0.08   0.26      3      3      1   
  0.56   0.26   0.58   0.28      1      1      1   
  0.70   0.23   0.16   0.86     51     11      1   
  0.69   0.06   0.43   0.50      5      5      1   
  0.44   0.85   0.51   0.23     28      8      1   
  0.06   0.36   0.64   0.22      7      6      1   
Routing Failed to deliver
Routing Failed to deliver
Routing Failed to deliver
  0.69   0.11   0.25   0.53      6      6      1   
  0.65   0.13   0.03   0.40      8      8      1   
  0.59   0.19   0.38   0.91      9      9      1   
  0.17   0.02   0.56   0.56      9      8      1   
  0.41   1.00   0.13   0.04     51     13      1   
  0.89   0.25   0.57   0.82      8      8      1   
  0.88   0.03   0.84   0.78     13     11      1   
Routing Failed to deliver
Routing Failed to deliver
  0.45   0.28   0.04   0.12     12      6      1   
  0.17   0.50   0.17   0.34      2      2      1   
  0.28   0.55   0.30   0.53      1      1      1   
  0.28   0.55   0.45   0.28      4      4      1   
  0.45   0.29   0.67   0.30      2      2      1   
  0.43   0.92   0.74   0.08     13      9      1   
  0.01   0.44   0.91   0.24     11     10      1   
  0.99   0.76   0.07   0.93     10      9      1   
  0.32   0.98   0.64   0.87      3      3      1   
  0.20   0.51   0.35   0.54      2      2      1   
  0.21   0.53   0.05   0.24      4      4      1   
Routing Failed to deliver
  0.76   0.03   0.24   0.49      7      7      1   
  0.21   0.29   0.58   0.93     11     10      1   
  0.64   0.87   0.54   0.01      9      9      1   
  0.41   0.30   0.18   0.38      3      3      1   
  0.08   0.82   0.51   0.23     14     12      1   
  0.03   0.31   0.70   0.23      9      8      1   
  0.99   0.76   0.58   0.65      6      6      1   
  0.22   0.39   0.44   0.99     15      9      1   
  0.65   0.98   0.08   0.44     13     10      1   
  0.33   0.51   0.50   0.39      2      2      1   
  0.50   0.39   0.26   0.49      3      3      1   
  0.41   0.29   0.05   0.19      7      5      1   
  0.13   0.04   0.13   0.11      1      1      1   
  0.29   0.91   0.75   0.17     10     10      1   
  0.21   0.29   0.03   0.02      3      3      1   
  0.74   0.94   0.07   0.02     26     12      1   
Routing Failed to deliver
  0.50   0.69   0.03   0.02     24     11      1   
  0.50   0.39   0.20   0.96     44      8      1   
  0.89   0.06   0.78   0.20      3      3      1   
  0.47   0.12   0.21   0.29      6      6      1   
  0.38   0.91   0.54   0.01     26     11      1   
  0.09   0.43   0.73   0.90     10     10      1   
  0.92   0.83   0.51   0.23     10     10      1   
  0.67   0.30   0.58   0.93      7      7      1   
Routing Failed to deliver
  0.74   0.08   0.64   0.84      8      8      1   
  0.14   0.84   0.39   0.52     13     10      1   
  0.86   0.89   0.46   0.88      4      4      1   
  0.45   0.28   0.56   0.56      3      3      1   
  0.55   0.56   0.88   0.85      6      6      1   
  0.10   0.09   0.44   0.85     18     12      1   
  0.60   0.52   0.10   0.25      9      6      1   
  0.16   0.45   0.78   0.95     10     10      1   
  0.06   0.36   0.21   0.53      3      3      1   
  0.06   0.39   0.74   0.94     10     10      1   
  0.10   0.17   0.66   0.06     15      8      1   
  0.26   0.49   0.69   0.11      6      6      1   
  0.84   0.78   0.45   0.29      8      8      1   
  0.70   0.19   0.58   0.65      5      5      1   
  0.10   0.25   0.07   0.99     41     13      1   
  0.33   0.51   0.95   0.25     12      7      1   
  0.56   0.39   0.24   0.49      4      4      1   
  0.91   0.74   0.03   0.40     14     12      1   
  0.05   0.79   0.56   0.56      8      8      1   
Routing Failed to deliver
  0.64   0.22   0.05   0.24      8      7      1   
  0.03   0.40   0.20   0.47      2      2      1   
  0.24   0.49   0.28   0.53      1      1      1   
  0.52   0.15   0.94   0.79     15     10      1   
  0.17   0.50   0.07   0.93     40     13      1   
  0.90   0.01   0.43   0.20      5      5      1   
  0.22   0.95   0.81   0.00     13     12      1   
  0.28   0.55   0.88   0.03      8      8      1   
  0.25   0.53   0.04   0.12      5      5      1   
  0.95   0.94   0.45   0.28     10     10      1   
  0.13   0.83   0.16   0.86      1      1      1   
Routing Failed to deliver
  0.43   0.92   0.57   0.00     23     10      1   
  0.03   0.40   0.57   0.82      9      9      1   
  0.91   0.01   0.65   0.18      3      3      1   
  0.21   0.29   0.60   0.52      6      6      1   
  0.98   0.27   0.63   0.90     10     10      1   
Routing Failed to deliver
  0.90   0.01   0.04   0.80     55     14      1   
  0.74   0.94   0.03   0.40     12     10      1   
  0.03   0.31   0.13   0.29      1      1      1   
  0.37   0.83   0.65   0.08     11     10      1   
  0.06   0.36   0.54   0.52      5      5      1   
  0.57   0.76   0.28   0.55      8      6      1   
  0.67   0.30   0.26   0.49      5      5      1   
  0.90   0.01   0.63   0.90     10     10      1   
  0.33   0.51   0.91   0.01      7      7      1   
  0.06   0.04   0.01   0.24      2      2      1   
  0.20   0.47   0.65   0.18      5      5      1   
  0.56   0.26   0.70   0.19      2      2      1   
  0.33   0.51   0.58   0.65      4      4      1   
  0.07   0.99   0.55   0.49      9      8      1   
Routing Failed to deliver
  0.74   0.77   0.37   0.40      7      7      1   
  0.69   0.86   0.04   0.12     21     12      1   
  0.20   0.47   0.65   0.13      6      6      1   
  0.32   0.98   0.63   0.90      3      3      1   
  0.06   0.39   0.03   0.02      4      4      1   
  0.21   0.53   0.95   0.82     15     10      1   
  0.73   0.90   0.12   0.18     21     11      1   
  0.78   0.20   0.13   0.05     22      9      1   
  0.43   0.92   0.70   0.81      3      3      1   
  0.94   0.79   0.16   0.86      8      8      1   
  0.05   0.29   0.12   0.24      1      1      1   
  0.54   0.67   0.65   0.44      3      3      1   
  0.99   0.76   0.55   0.49      8      8      1   
  0.80   0.05   0.28   0.51      7      7      1   
  0.08   0.82   0.65   0.47      9      9      1   
  0.50   0.69   0.31   0.55      6      5      1   
  0.84   0.78   0.46   0.10     10     10      1   
  0.02   0.14   0.74   0.94     12     12      1   
  0.92   0.83   0.64   0.84      3      3      1   
  0.34   0.82   0.57   0.82      3      3      1   
  0.57   0.00   0.06   0.36      7      7      1   
  0.46   0.14   0.03   0.02     12      9      1   
Routing Failed to deliver
  0.01   0.24   0.17   0.27      2      2      1   
  0.55   0.08   0.03   0.81     53     13      1   
  0.91   0.01   0.43   0.20      5      5      1   
Routing Failed to deliver
  0.43   0.50   0.08   0.26      4      4      1   
  0.47   0.12   0.37   0.40      3      3      1   
  0.13   0.29   0.54   0.01     30      7      1   
  0.56   0.39   0.20   0.47      4      4      1   
  0.65   0.47   0.09   0.08     20      8      1   
  0.06   0.36   0.17   0.21      2      2      1   
  0.10   0.09   0.28   0.53      5      5      1   
  0.67   0.82   0.65   0.98      2      2      1   
Routing Failed to deliver
  0.05   0.24   0.08   0.86     47     15      1   
  0.50   0.69   0.54   0.01      8      8      1   
  0.90   0.01   0.65   0.13      3      3      1   
  0.63   0.90   0.64   0.84      1      1      1   
  0.41   0.30   0.18   0.38      3      3      1   
  0.84   0.78   0.54   0.11     10     10      1   
  0.69   0.06   0.39   0.52      6      6      1   
  0.41   0.35   0.67   0.82      6      6      1   
Routing Failed to deliver
Routing Failed to deliver
  0.37   0.83   0.07   0.02     47     13      1   
  0.78   0.20   0.08   0.44      7      7      1   
  0.58   0.28   0.65   0.44      2      2      1   
  0.05   0.24   0.69   0.97     11     11      1   
  0.99   0.76   0.88   0.03     14     13      1   
  0.12   0.35   0.91   0.24     14      9      1   
Routing Failed to deliver
  0.09   0.08   0.54   0.11     14      8      1   
  0.70   0.19   0.01   0.24      8      8      1   
  0.18   0.38   0.71   0.91      9      9      1   
  0.03   0.81   0.14   0.86      1      1      1   
  0.41   0.35   0.60   0.31      3      3      1   
  0.14   0.23   0.76   0.03     16      8      1   
  0.22   0.91   0.89   0.25     14     11      1   
  0.21   0.53   0.37   0.83     23      9      1   
  0.55   0.56   0.95   0.82      6      6      1   
  0.65   0.08   0.06   0.04     12      9      1   
  0.91   0.01   0.03   0.32     11     10      1   
  0.10   0.25   0.04   0.12      2      2      1   
  0.17   0.19   0.44   0.85     17     11      1   
  0.69   0.45   0.17   0.02     22      8      1   
  0.62   0.36   0.69   0.11      3      3      1   
  0.94   0.79   0.56   0.12     12     11      1   
  0.32   0.98   0.03   0.89      3      3      1   
  0.55   0.56   0.52   0.15      5      5      1   
  0.56   0.39   0.06   0.36      5      5      1   
  0.52   0.89   0.45   0.38      6      6      1   
  0.56   0.39   0.70   0.23      2      2      1   
  0.57   0.82   0.45   0.28      6      6      1   
  0.43   0.69   0.09   0.16     21      9      1   
  0.56   0.39   0.43   0.69      4      4      1   
Routing Failed to deliver
Routing Failed to deliver
  0.58   0.65   0.88   0.03      7      7      1   
  0.03   0.31   0.13   0.83     33     14      1   
  0.56   0.39   0.25   0.53      4      4      1   
  0.25   0.53   0.31   0.55      1      1      1   
  0.34   0.52   0.17   0.50      2      2      1   
  0.65   0.47   0.05   0.31      7      7      1   
  0.03   0.40   0.13   0.83     39     13      1   
  0.45   0.38   0.81   0.00      5      5      1   
  0.06   0.39   0.41   0.04     39      7      1   
  0.09   0.08   0.44   0.99     18     12      1   
  0.71   0.91   0.03   0.31     13     11      1   
  0.74   0.77   0.90   0.01     22     10      1   
  0.86   0.89   0.26   0.42     12     10      1   
  0.50   0.39   0.69   0.86      6      6      1   
  0.70   0.19   0.17   0.19      8      8      1   
  0.08   0.44   0.69   0.06      7      7      1   
Routing Failed to deliver
  0.95   0.25   0.80   0.05      4      4      1   
Routing Failed to deliver
  0.75   0.17   0.31   0.55      5      5      1   
Routing Failed to deliver
Routing Failed to deliver
  0.13   0.05   0.44   0.99     18     12      1   
  0.74   0.94   0.07   0.99      7      6      1   
  0.13   0.29   0.41   0.29      5      4      1   
  0.58   0.65   0.55   0.56      1      1      1   
  0.01   0.44   0.13   0.04      4      4      1   
  0.22   0.91   0.26   0.42     34     10      1   
  0.71   0.91   0.03   0.40     12     10      1   
  0.38   0.91   0.18   0.11     47     13      1   
  0.92   0.83   0.17   0.34     13     11      1   
  0.62   0.36   0.38   0.91      7      7      1   
Routing Failed to deliver
  0.25   0.53   0.12   0.35      2      2      1   
  0.57   0.82   0.10   0.79      6      6      1   
  0.56   0.26   0.91   0.01      4      4      1   
  0.67   0.01   0.41   0.04      3      3      1   
  0.95   0.25   0.56   0.56      6      6      1   
  0.89   0.25   0.75   0.17      2      2      1   
  0.51   0.23   0.21   0.29      5      5      1   
  0.43   0.20   0.60   0.31      2      2      1   
  0.16   0.17   0.54   0.67      8      8      1   
  0.10   0.45   0.98   0.27     10      9      1   
  0.03   0.89   0.74   0.08     14     13      1   
Routing Failed to deliver
  0.65   0.18   0.44   0.38      3      3      1   
  0.17   0.34   0.69   0.45      5      5      1   
  0.55   0.24   0.17   0.50      5      5      1   
  0.58   0.39   0.44   0.99      6      6      1   
  0.58   0.65   0.09   0.08     16      9      1   
  0.20   0.51   0.46   0.14      5      5      1   
  0.76   0.03   0.05   0.29      9      9      1   
  0.17   0.19   0.90   0.01     16     10      1   
  0.92   0.83   0.69   0.11     14     11      1   
  0.62   0.36   0.88   0.94      8      8      1   
  0.50   0.69   0.69   0.86      3      3      1   
  0.07   0.99   0.34   0.82      3      3      1   
  0.05   0.29   0.08   0.44      2      2      1   
  0.74   0.94   0.37   0.83      4      4      1   
  0.56   0.26   0.28   0.51      5      4      1   
  0.37   0.83   0.91   0.01     11     11      1   
  0.44   0.85   0.13   0.83      3      3      1   
  0.03   0.02   0.45   0.38      7      7      1   
  0.41   1.00   0.73   0.83      4      4      1   
  0.03   0.02   0.73   0.90     13     13      1   
  0.14   0.86   0.64   0.87      5      5      1   
  0.02   0.14   0.55   0.56      8      8      1   
  0.90   0.01   0.41   0.29      5      5      1   
  0.90   0.01   0.30   0.40      7      7      1   
  0.14   0.84   0.41   1.00      3      3      1   
Routing Failed to deliver
  0.55   0.56   0.47   0.12      5      5      1   
  0.98   0.27   0.73   0.83     10     10      1   
  0.38   0.91   0.04   0.95      4      4      1   
  0.39   0.52   0.26   0.49      2      2      1   
  0.45   0.29   0.10   0.25      5      5      1   
  0.28   0.53   0.50   0.69      6      6      1   
  0.89   0.25   0.17   0.50      8      7      1   
  0.70   0.19   0.90   0.01      3      3      1   
  0.70   0.81   0.59   0.19     20      8      1   
  0.02   0.14   0.20   0.47      4      4      1   
Routing Failed to deliver
  0.37   0.40   0.46   0.10      3      3      1   
  0.39   0.52   0.67   0.30      4      4      1   
  0.88   0.85   0.37   0.40      9      9      1   
  0.55   0.56   0.81   0.89      5      5      1   
  0.06   0.04   0.44   0.85     18     12      1   
  0.56   0.12   0.91   0.24      5      5      1   
  0.66   0.06   0.17   0.50      6      6      1   
  0.13   0.04   0.02   0.14      2      2      1   
  0.89   0.06   0.31   0.55      8      7      1   
  0.92   0.83   0.09   0.08     23     14      1   
Routing Failed to deliver
  0.91   0.01   0.37   0.40      6      6      1   
  0.69   0.97   0.64   0.84      2      2      1   
  0.09   0.08   0.06   0.39      3      3      1   
Routing Failed to deliver
  0.95   0.25   0.03   0.02     22     12      1   
  0.03   0.02   0.55   0.08     16     10      1   
  0.74   0.08   0.26   0.42      6      6      1   
  0.81   0.00   0.13   0.29      9      8      1   
Routing Failed to deliver
  0.42   0.86   0.60   0.52      6      5      1   
  0.01   0.24   0.01   0.94     47     15      1   
  0.69   0.06   0.28   0.51      7      6      1   
Routing Failed to deliver
  0.84   0.78   0.42   0.86      4      4      1   
  0.13   0.11   0.34   0.82     34     12      1   
  0.16   0.17   0.55   0.24      6      6      1   
  0.07   0.99   0.28   0.55     37     11      1   
  0.12   0.35   0.25   0.53      2      2      1   
  0.57   0.76   0.03   0.32     11      9      1   
  0.18   0.97   0.41   0.35     12     10      1   
  0.20   0.47   0.13   0.29      2      2      1   
  0.02   0.14   0.95   0.82     19     14      1   
  0.28   0.53   0.75   0.17      6      6      1   
  0.69   0.11   0.58   0.28      2      2      1   
  0.62   0.36   0.28   0.51      4      4      1   
  0.67   0.30   0.62   0.36      1      1      1   
  0.22   0.95   0.46   0.14     13     11      1   
Routing Failed to deliver
  0.42   0.86   0.10   0.17     41     11      1   
  0.43   0.20   0.76   0.03      4      4      1   
  0.81   0.00   0.09   0.43      8      8      1   
  0.45   0.28   0.03   0.02     18      7      1   
  0.11   0.40   0.45   0.38      4      4      1   
  0.64   0.87   0.89   0.25     24      8      1   
  0.28   0.53   0.95   0.94     11     11      1   
  0.03   0.81   0.25   0.53     34     12      1   
  0.58   0.65   0.56   0.56      1      1      1   
  0.08   0.44   0.07   0.93     40     14      1   
  0.13   0.29   0.33   0.51      3      3      1   
  0.17   0.02   0.28   0.51      5      5      1   
  0.49   0.23   0.46   0.10      2      2      1   
  0.09   0.16   0.57   0.82     10     10      1   
  0.05   0.24   0.07   0.93     47     15      1   
  0.10   0.45   0.60   0.03     24      7      1   
  0.57   0.82   0.17   0.50     10      8      1   
Routing Failed to deliver
  0.03   0.40   0.22   0.39      2      2      1   
  0.41   1.00   0.10   0.45     35     10      1   
  0.24   0.49   0.41   0.29      3      3      1   
  0.08   0.44   0.56   0.26      5      5      1   
  0.75   0.17   0.05   0.29      9      8      1   
  0.58   0.65   0.52   0.15      6      5      1   
  0.67   0.01   0.91   0.01      3      3      1   
  0.03   0.32   0.74   0.77     11     11      1   
  0.09   0.43   0.52   0.89     10      9      1   
  0.43   0.69   0.54   0.01      8      8      1   
  0.54   0.67   0.09   0.16     20      8      1   
Routing Failed to deliver
  0.05   0.19   0.57   0.76      9      9      1   
  0.69   0.06   0.67   0.01      1      1      1   
  0.69   0.97   0.34   0.52      9      7      1   
  0.14   0.84   0.86   0.89      8      8      1   
  0.58   0.39   0.17   0.27      8      5      1   
  0.57   0.00   0.07   0.02     22      9      1   
  0.38   0.91   0.78   0.95      4      4      1   
  0.05   0.29   0.16   0.45      2      2      1   
  0.55   0.08   0.41   0.29      3      3      1   
Routing Failed to deliver
  0.28   0.55   0.45   0.38      3      3      1   
  0.46   0.88   0.13   0.04     49     12      1   
  0.21   0.29   0.51   0.23      8      5      1   
  0.59   0.19   0.50   0.39      3      3      1   
  0.34   0.52   0.16   0.45      2      2      1   
  0.64   0.87   0.69   0.97      1      1      1   
  0.91   0.24   0.30   0.53      8      8      1   
  0.16   0.45   0.14   0.84     39     12      1   
  0.46   0.88   0.43   0.69      7      4      1   
  0.44   0.38   0.17   0.21      8      5      1   
  0.91   0.74   0.45   0.28      9      9      1   
  0.10   0.09   0.26   0.49      4      4      1   
  0.67   0.01   0.17   0.19      9      9      1   
  0.08   0.82   0.88   0.94      9      9      1   
  0.58   0.93   0.88   0.94      3      3      1   
  0.18   0.11   0.39   0.52      6      5      1   
  0.12   0.24   0.12   0.35      1      1      1   
  0.21   0.29   0.43   0.92     16     10      1   
  0.11   0.40   0.01   0.94     49     14      1   
  0.05   0.29   0.07   0.99     34     14      1   
  0.28   0.51   0.10   0.25      3      3      1   
  0.20   0.47   0.12   0.18      3      3      1   
  0.81   0.89   0.92   0.83      1      1      1   
  0.14   0.23   0.12   0.18      1      1      1   
Routing Failed to deliver
  0.80   0.05   0.60   0.31      3      3      1   
  0.73   0.83   0.39   0.52      9      7      1   
  0.74   0.94   0.13   0.04     27     12      1   
  0.41   1.00   0.70   0.23      9      9      1   
  0.58   0.93   0.78   0.20      8      8      1   
  0.18   0.11   0.03   0.40      3      3      1   
  0.43   0.92   0.14   0.23     34     10      1   
  0.13   0.83   0.69   0.97      6      6      1   
  0.75   0.17   0.02   0.14     13      9      1   
  0.41   0.29   0.12   0.35      4      4      1   
  0.16   0.86   0.01   0.94      2      2      1   
  0.45   0.28   0.08   0.44      4      4      1   
  0.11   0.40   0.02   0.14      3      3      1   
  0.03   0.81   0.94   0.79      9      9      1   
Routing Failed to deliver
  0.10   0.09   0.13   0.11      1      1      1   
  0.42   0.86   0.17   0.27     32     10      1   
  0.64   0.87   0.56   0.78      1      1      1   
  0.14   0.84   0.41   0.29     12     11      1   
  0.88   0.03   0.46   0.88     10     10      1   
  0.50   0.69   0.18   0.38      8      7      1   
  0.21   0.53   0.55   0.56      4      4      1   
  0.03   0.32   0.31   0.55      4      4      1   
  0.08   0.44   0.59   0.19      6      6      1   
  0.78   0.95   0.01   0.24     14     12      1   
  0.46   0.10   0.66   0.24      3      3      1   
  0.24   0.49   0.76   0.03      7      7      1   
  0.21   0.53   0.05   0.79     44     12      1   
  0.29   0.91   0.20   0.96      1      1      1   
  0.52   0.89   0.69   0.11      8      8      1   
  0.12   0.35   0.43   0.20      9      5      1   
  0.47   0.12   0.33   0.51      4      4      1   
  0.99   0.76   0.04   0.80     10     10      1   
  0.28   0.55   0.74   0.94      8      8      1   
  0.55   0.24   0.95   0.25      4      4      1   
  0.41   0.29   0.24   0.49      3      3      1   
  0.94   0.79   0.37   0.83      6      6      1   
  0.65   0.08   0.01   0.44      8      8      1   
  0.12   0.18   0.18   0.11      1      1      1   
  0.60   0.31   0.46   0.88      7      7      1   
  0.64   0.87   0.75   0.17      7      7      1   
  0.05   0.19   0.55   0.49      6      6      1   
  0.21   0.53   0.03   0.40      3      3      1   
  0.03   0.31   0.13   0.04      3      3      1   
  0.26   0.49   0.91   0.74     15     10      1   
  0.74   0.08   0.03   0.31      9      9      1   
  0.13   0.05   0.22   0.39      3      3      1   
  0.58   0.93   0.14   0.23     12     10      1   
  0.55   0.49   0.16   0.52      4      4      1   
  0.98   0.27   0.66   0.06      4      4      1   
  0.03   0.02   0.58   0.28     10      9      1   
  0.29   0.91   0.50   0.69      5      5      1   
  0.05   0.29   0.65   0.44      7      7      1   
  0.12   0.35   0.08   0.82     44     14      1   
  0.12   0.35   0.03   0.02      4      4      1   
  0.55   0.08   0.88   0.94     11     11      1   
  0.39   0.52   0.52   0.89      8      6      1   
  0.91   0.74   0.30   0.40     12     10      1   
  0.43   0.50   0.70   0.23      4      4      1   
  0.18   0.38   0.49   0.23      4      4      1   
  0.81   0.89   0.21   0.53     11      9      1   
  0.06   0.36   0.42   0.86     16     10      1   
  0.43   0.20   0.69   0.06      3      3      1   
  0.32   0.98   0.17   0.27     35     11      1   
  0.41   0.35   0.81   0.89      8      8      1   
  0.25   0.53   0.55   0.08      6      6      1   
  0.43   0.20   0.52   0.89      7      7      1   
  0.56   0.56   0.47   0.12      5      5      1   
  0.03   0.02   0.56   0.26      9      8      1   
  0.06   0.04   0.78   0.95     14     13      1   
  0.17   0.02   0.59   0.19      9      8      1   
  0.56   0.78   0.20   0.51      8      6      1   
Routing Failed to deliver
  0.42   0.86   0.75   0.17      9      8      1   
  0.78   0.95   0.69   0.86      1      1      1   
  0.70   0.81   0.22   0.91      6      5      1   
  0.73   0.90   0.60   0.03     23      9      1   
  0.95   0.82   0.50   0.39      8      8      1   
  0.37   0.40   0.43   0.20      2      2      1   
  0.69   0.97   0.09   0.43     12     10      1   
  0.95   0.82   0.37   0.83      6      6      1   
  0.12   0.24   0.10   0.79     45     14      1   
  0.34   0.52   0.54   0.01      5      5      1   
  0.03   0.02   0.12   0.35      4      4      1   
  0.57   0.00   0.81   0.00      3      3      1   
  0.02   0.14   0.75   0.17     13      9      1   
  0.03   0.02   0.41   0.29      7      7      1   
Routing Failed to deliver
  0.65   0.18   0.52   0.15      1      1      1   
  0.73   0.83   0.81   0.00     23     10      1   
  0.17   0.27   0.42   0.86     16     10      1   
  0.10   0.17   0.01   0.24      1      1      1   
  0.45   0.28   0.06   0.39      4      4      1   
  0.89   0.06   0.69   0.97     10     10      1   
Routing Failed to deliver
  0.62   0.36   0.17   0.27      5      5      1   
  0.74   0.94   0.92   0.83      2      2      1   
  0.14   0.23   0.16   0.45      2      2      1   
  0.54   0.52   0.64   0.22      3      3      1   
Routing Failed to deliver
  0.43   0.92   0.91   0.24     12     10      1   
  0.95   0.25   0.44   0.99     10     10      1   
  0.17   0.21   0.18   0.11      1      1      1   
  0.74   0.08   0.46   0.14      3      3      1   
  0.78   0.20   0.73   0.83      8      8      1   
  0.44   0.38   0.76   0.03      5      5      1   
  0.03   0.32   0.13   0.04      3      3      1   
  0.65   0.47   0.74   0.08      4      4      1   
  0.60   0.52   0.08   0.86     12      9      1   
  0.55   0.56   0.20   0.51      4      4      1   
  0.06   0.36   0.56   0.78      8      8      1   
  0.05   0.31   0.65   0.98     11     11      1   
  0.07   0.02   0.17   0.50      5      5      1   
  0.67   0.01   0.88   0.85     13     11      1   
  0.03   0.02   0.44   0.38      7      7      1   
  0.07   0.02   0.09   0.16      2      2      1   
  0.57   0.00   0.76   0.03      2      2      1   
  0.91   0.74   0.75   0.17     12     10      1   
  0.03   0.81   0.74   0.08     14     13      1   
  0.44   0.85   0.67   0.30     10      7      1   
  0.45   0.29   0.28   0.53      4      3      1   
  0.65   0.47   0.30   0.40      4      4      1   
  0.55   0.56   0.56   0.26      4      4      1   
  0.02   0.14   0.11   0.40      3      3      1   
  0.58   0.39   0.54   0.11      3      3      1   
  0.08   0.26   0.20   0.47      2      2      1   
  0.73   0.90   0.65   0.47     15      5      1   
  0.66   0.24   0.24   0.49      5      5      1   
  0.64   0.22   0.95   0.94     12     11      1   
  0.84   0.78   0.69   0.97      3      3      1   
  0.98   0.27   0.12   0.24     10      9      1   
  0.07   0.99   0.66   0.06     17     12      1   
  0.16   0.45   0.60   0.52      5      5      1   
  0.05   0.24   0.64   0.84     10     10      1   
  0.55   0.49   0.04   0.95     63      9      1   
  0.65   0.18   0.41   0.04      3      3      1   
  0.13   0.29   0.06   0.39      1      1      1   
  0.10   0.79   0.95   0.82      9      9      1   
  0.78   0.20   0.26   0.42      6      5      1   
  0.12   0.35   0.35   0.54      3      3      1   
  0.02   0.14   0.34   0.52      5      5      1   
  0.64   0.87   0.14   0.86      5      5      1   
  0.28   0.55   0.89   0.25      8      7      1   
  0.01   0.99   0.81   0.00     16     14      1   
  0.17   0.50   0.44   0.85     14      9      1   
  0.91   0.74   0.12   0.18     23     13      1   
  0.43   0.92   0.45   0.38     27      7      1   
  0.74   0.94   0.23   0.85      5      5      1   
  0.57   0.82   0.70   0.19      7      7      1   
  0.04   0.80   0.66   0.24     12     11      1   
  0.17   0.34   0.67   0.01     32      7      1   
  0.74   0.94   0.14   0.86      6      6      1   
  0.81   0.00   0.08   0.86     55     14      1   
  0.56   0.78   0.28   0.51      8      6      1   
  0.34   0.52   0.88   0.03      7      7      1   
  0.06   0.39   0.26   0.49      2      2      1   
  0.31   0.55   0.91   0.74     14      9      1   
  0.59   0.19   0.55   0.56      4      4      1   
  0.55   0.24   0.54   0.67      5      5      1   
  0.05   0.29   0.45   0.29      6      5      1   
  0.95   0.25   0.58   0.39      5      5      1   
  0.03   0.40   0.17   0.34      2      2      1   
  0.74   0.08   0.18   0.38      7      7      1   
  0.46   0.14   0.05   0.29      7      7      1   
  0.03   0.31   0.60   0.03     24      8      1   
  0.50   0.39   0.09   0.08     13      6      1   
  0.21   0.53   0.80   0.05      7      7      1   
  0.16   0.17   0.47   0.12     17      7      1   
  0.81   0.89   0.41   1.00      5      4      1   
  0.13   0.83   0.65   0.44      9      9      1   
  0.01   0.44   0.81   0.89     11     11      1   
  0.03   0.02   0.22   0.39      4      4      1   
  0.01   0.44   0.46   0.14     20      7      1   
  0.13   0.11   0.14   0.86     41     14      1   
  0.55   0.49   0.17   0.21     14      6      1   
  0.18   0.38   0.59   0.19      5      5      1   
  0.69   0.86   0.04   0.12     21     12      1   
  0.56   0.39   0.16   0.86     49      9      1   
  0.73   0.90   0.10   0.45     11      9      1   
  0.35   0.54   0.45   0.38      2      2      1   
  0.05   0.29   0.67   0.82     10     10      1   
  0.31   1.00   0.46   0.10     28     11      1   
  0.55   0.08   0.37   0.83     13     10      1   
  0.55   0.49   0.64   0.84      4      4      1   
  0.41   1.00   0.71   0.91      4      4      1   
  0.64   0.87   0.20   0.51      9      7      1   
Routing Failed to deliver
  0.91   0.74   0.89   0.25     25     11      1   
  0.90   0.01   0.73   0.83     10     10      1   
Routing Failed to deliver
  0.41   0.35   0.05   0.31      4      4      1   
  0.18   0.11   0.46   0.88     18     12      1   
  0.73   0.90   0.18   0.11     21     11      1   
  0.56   0.26   0.88   0.85     10      9      1   
  0.57   0.00   0.69   0.11      2      2      1   
  0.84   0.78   0.70   0.81      2      2      1   
  0.47   0.12   0.46   0.14      1      1      1   
  0.55   0.08   0.56   0.12      1      1      1   
  0.17   0.50   0.69   0.06      7      7      1   
  0.06   0.39   0.52   0.89     10      9      1   
  0.41   0.29   0.81   0.00      5      5      1   
  0.70   0.81   0.07   0.93      7      7      1   
  0.69   0.45   0.18   0.11     20      8      1   
  0.81   0.89   0.71   0.91      1      1      1   
  0.64   0.87   0.65   0.98      1      1      1   
  0.65   0.18   0.45   0.29      2      2      1   
  0.03   0.32   0.13   0.04      3      3      1   
  0.12   0.35   0.17   0.34      1      1      1   
  0.57   0.82   0.09   0.08     20     11      1   
  0.91   0.74   0.08   0.26     14     12      1   
  0.18   0.38   0.17   0.34      1      1      1   
  0.17   0.27   0.10   0.45      2      2      1   
  0.67   0.82   0.81   0.89      2      2      1   
  0.58   0.28   0.17   0.21      7      7      1   
  0.02   0.14   0.55   0.56      8      8      1   
  0.91   0.74   0.41   0.29     10     10      1   
  0.55   0.24   0.34   0.52      4      4      1   
  0.44   0.38   0.88   0.85      9      9      1   
  0.95   0.25   0.35   0.54      7      7      1   
Routing Failed to deliver
  0.54   0.67   0.62   0.36      3      3      1   
Routing Failed to deliver
  0.99   0.76   0.30   0.40     13     11      1   
Routing Failed to deliver
  0.06   0.04   0.35   0.54      6      6      1   
  0.43   0.92   0.03   0.89      4      4      1   
  0.06   0.04   0.57   0.76     10     10      1   
  0.10   0.17   0.95   0.82     18     13      1   
Routing Failed to deliver
  0.29   0.91   0.45   0.29     29      9      1   
  0.26   0.49   0.54   0.52      3      3      1   
  0.73   0.90   0.03   0.02     27     13      1   
  0.95   0.94   0.24   0.49     13     11      1   
  0.88   0.94   0.03   0.31     15     13      1   
  0.09   0.43   0.50   0.69      8      8      1   
  0.41   0.30   0.30   0.53      3      3      1   
  0.06   0.04   0.07   0.02      1      1      1   
  0.26   0.42   0.65   0.98      8      8      1   
  0.17   0.27   0.28   0.53      3      3      1   
  0.13   0.11   0.91   0.74     19     13      1   
  0.76   0.03   0.12   0.18     10      9      1   
  0.34   0.82   0.04   0.80      3      3      1   
Routing Failed to deliver
  0.55   0.24   0.03   0.02     18      8      1   
  0.92   0.83   0.10   0.09     23     14      1   
Routing Failed to deliver
Routing Failed to deliver
  0.69   0.11   0.80   0.05      1      1      1   
Routing Failed to deliver
  0.70   0.23   0.20   0.96     47     10      1   
  0.22   0.91   0.47   0.12     13     11      1   
  0.28   0.51   0.16   0.52      1      1      1   
  0.55   0.56   0.95   0.94      7      7      1   
  0.69   0.97   0.56   0.56      4      4      1   
  0.91   0.74   0.13   0.05     27     14      1   
  0.07   0.02   0.20   0.96     32     14      1   
  0.91   0.74   0.84   0.78      1      1      1   
  0.70   0.81   0.31   0.55      9      7      1   
  0.30   0.40   0.39   0.52      2      2      1   
  0.58   0.28   0.55   0.24      1      1      1   
  0.56   0.56   0.55   0.24      4      4      1   
  0.45   0.29   0.04   0.95     53     11      1   
  0.89   0.25   0.16   0.52      8      8      1   
  0.45   0.38   0.74   0.94      7      7      1   
Routing Failed to deliver
  0.37   0.40   0.28   0.55      2      2      1   
  0.65   0.47   0.45   0.28      3      3      1   
  0.71   0.91   0.99   0.76      3      3      1   
  0.37   0.40   0.45   0.28      2      2      1   
  0.60   0.31   0.10   0.45      6      6      1   
  0.10   0.17   0.13   0.04      2      2      1   
  0.56   0.26   0.04   0.95     54     11      1   
  0.71   0.91   0.57   0.76      2      2      1   
  0.03   0.02   0.31   0.55      6      6      1   
  0.16   0.52   0.71   0.91      9      9      1   
  0.16   0.17   0.56   0.39      6      6      1   
  0.69   0.06   0.65   0.44      4      4      1   
  0.21   0.53   0.37   0.83     23      9      1   
  0.02   0.14   0.33   0.51      5      5      1   
  0.73   0.83   0.67   0.30     20      7      1   
  0.46   0.14   0.65   0.18      2      2      1   
  0.37   0.83   0.52   0.89      2      2      1   
Routing Failed to deliver
  0.73   0.83   0.62   0.36     16      6      1   
  0.58   0.93   0.81   0.89      2      2      1   
  0.95   0.94   0.03   0.31     16     14      1   
  0.01   0.99   0.45   0.28     14     11      1   
  0.42   0.86   0.98   0.27     12     10      1   
  0.09   0.08   0.42   0.86     18     12      1   
  0.64   0.87   0.01   0.44     11      9      1   
  0.26   0.42   0.64   0.84      7      7      1   
  0.67   0.30   0.50   0.69      5      5      1   
  0.58   0.39   0.63   0.90      6      6      1   
  0.80   0.05   0.57   0.82      8      8      1   
  0.16   0.86   0.37   0.83      3      3      1   
  0.52   0.15   0.10   0.17      7      7      1   
  0.08   0.82   0.41   1.00      4      4      1   
  0.26   0.42   0.04   0.12      4      4      1   
  0.55   0.08   0.64   0.84      8      8      1   
  0.10   0.09   0.35   0.54      5      5      1   
  0.12   0.18   0.55   0.49      6      6      1   
  0.07   0.93   0.22   0.95      2      2      1   
  0.35   0.54   0.16   0.45      2      2      1   
  0.44   0.38   0.21   0.53      3      3      1   
  0.29   0.91   0.34   0.52     15      9      1   
  0.22   0.91   0.65   0.08     13     11      1   
  0.11   0.40   0.22   0.39      1      1      1   
  0.13   0.29   0.98   0.27     11      9      1   
  0.88   0.94   0.49   0.10     12     11      1   
  0.55   0.08   0.10   0.17      8      8      1   
  0.95   0.25   0.03   0.31     11     10      1   
  0.26   0.42   0.91   0.74     15     10      1   
  0.45   0.29   0.12   0.24      5      5      1   
  0.45   0.28   0.56   0.78      5      5      1   
  0.43   0.20   0.60   0.31      2      2      1   
  0.71   0.91   0.60   0.03     23      9      1   
  0.28   0.55   0.69   0.06      7      7      1   
  0.06   0.36   0.05   0.29      1      1      1   
  0.24   0.49   0.65   0.98      8      8      1   
  0.58   0.28   0.28   0.53      5      5      1   
  0.02   0.14   0.56   0.12     12      8      1   
  0.75   0.17   0.58   0.93      8      8      1   
  0.69   0.45   0.50   0.39      2      2      1   
  0.50   0.39   0.64   0.84      5      5      1   
  0.84   0.78   0.12   0.35     13     11      1   
  0.98   0.27   0.64   0.22      4      4      1   
  0.41   1.00   0.71   0.91      4      4      1   
  0.05   0.31   0.13   0.11      2      2      1   
  0.07   0.02   0.02   0.14      1      1      1   
  0.31   0.55   0.26   0.49      1      1      1   
  0.55   0.49   0.03   0.31      6      6      1   
  0.62   0.36   0.70   0.81      6      6      1   
  0.08   0.44   0.16   0.86     32     13      1   
  0.70   0.81   0.21   0.53     10      8      1   
  0.91   0.01   0.05   0.79     46     14      1   
  0.88   0.85   0.49   0.23     10     10      1   
  0.56   0.26   0.45   0.28      1      1      1   
  0.86   0.89   0.25   0.53     12     10      1   
  0.50   0.39   0.54   0.01      4      4      1   
  0.13   0.04   0.73   0.90     13     12      1   
  0.41   0.29   0.95   0.25      6      6      1   
  0.60   0.31   0.89   0.06      5      4      1   
Routing Failed to deliver
  0.78   0.20   0.57   0.82      7      7      1   
  0.86   0.89   0.11   0.40     14     12      1   
  0.73   0.83   0.55   0.49     13      5      1   
  0.49   0.23   0.18   0.38      4      4      1   
  0.10   0.25   0.58   0.39      6      5      1   
  0.06   0.36   0.41   0.30      4      4      1   
  0.88   0.03   0.13   0.04     26     11      1   
  0.41   0.29   0.80   0.05      4      4      1   
  0.07   0.02   0.55   0.49      8      7      1   
  0.09   0.16   0.57   0.00     20      8      1   
  0.69   0.06   0.41   0.30      4      4      1   
  0.09   0.43   0.95   0.25     10      9      1   
  0.91   0.01   0.03   0.32     11     10      1   
  0.12   0.35   0.81   0.89     11     11      1   
  0.69   0.11   0.45   0.38      4      4      1   
  0.13   0.04   0.49   0.23      8      7      1   
  0.45   0.38   0.31   0.55      2      2      1   
  0.73   0.83   0.30   0.40     10      8      1   
  0.18   0.38   0.60   0.03     23      6      1   
  0.13   0.05   0.14   0.84     35     15      1   
  0.06   0.04   0.66   0.24     10      8      1   
  0.54   0.01   0.88   0.94     12     12      1   
  0.78   0.20   0.58   0.93      8      8      1   
  0.80   0.05   0.26   0.42      6      6      1   
  0.18   0.38   0.54   0.67      6      6      1   
  0.64   0.22   0.69   0.45      3      3      1   
  0.46   0.88   0.06   0.36     34     10      1   
  0.18   0.11   0.10   0.09      1      1      1   
Routing Failed to deliver
  0.45   0.29   0.28   0.53      4      3      1   
  0.13   0.11   0.59   0.19     11      7      1   
  0.33   0.51   0.08   0.82     41     11      1   
  0.56   0.56   0.03   0.40      6      6      1   
  0.33   0.51   0.08   0.86     41     11      1   
Routing Failed to deliver
  0.46   0.14   0.57   0.82      8      8      1   
  0.23   0.85   0.64   0.22     10     10      1   
  0.05   0.24   0.50   0.69     10      9      1   
  0.41   0.04   0.70   0.19      4      4      1   
Routing Failed to deliver
  0.28   0.55   0.52   0.89      8      7      1   
  0.03   0.02   0.69   0.97     13     13      1   
  0.52   0.89   0.20   0.96      3      3      1   
  0.45   0.28   0.69   0.45      3      3      1   
  0.44   0.99   0.49   0.23      9      8      1   
  0.10   0.17   0.16   0.86     34     14      1   
Routing Failed to deliver
  0.49   0.23   0.26   0.49      4      4      1   
  0.13   0.11   0.86   0.89     14     13      1   
  0.55   0.08   0.70   0.19      2      2      1   
  0.64   0.87   0.16   0.45     10      8      1   
  0.94   0.79   0.16   0.52     13     11      1   
  0.33   0.51   0.45   0.29      3      3      1   
  0.07   0.99   0.78   0.20     12     11      1   
  0.06   0.36   0.20   0.96     29     12      1   
  0.57   0.00   0.28   0.55      6      6      1   
  0.47   0.12   0.73   0.83      9      9      1   
  0.05   0.24   0.80   0.05     14      9      1   
  0.99   0.76   0.43   0.92      6      6      1   
  0.41   0.04   0.11   0.40      7      7      1   
  0.25   0.53   0.54   0.67      5      5      1   
Routing Failed to deliver
  0.06   0.36   0.88   0.94     12     12      1   
  0.56   0.26   0.89   0.25      4      3      1   
  0.65   0.44   0.24   0.49      4      4      1   
  0.54   0.11   0.01   0.24      8      7      1   
  0.37   0.83   0.58   0.93      3      3      1   
  0.02   0.14   0.05   0.24      1      1      1   
  0.49   0.23   0.45   0.38      2      2      1   
  0.64   0.22   0.67   0.30      1      1      1   
  0.01   0.99   0.90   0.01     16     14      1   
  0.32   0.98   0.91   0.74      6      6      1   
  0.57   0.00   0.16   0.45      6      6      1   
  0.89   0.06   0.42   0.86     10     10      1   
  0.54   0.52   0.10   0.09     20      7      1   
  0.18   0.38   0.56   0.26      4      4      1   
  0.69   0.86   0.25   0.53     10      8      1   
  0.67   0.01   0.73   0.83      9      9      1   
  0.45   0.38   0.05   0.24      8      5      1   
  0.29   0.91   0.30   0.40     16     10      1   
Routing Failed to deliver
  0.12   0.35   0.95   0.94     13     13      1   
  0.54   0.52   0.86   0.89      7      7      1   
  0.58   0.93   0.49   0.10      9      9      1   
Routing Failed to deliver
  0.94   0.79   0.18   0.38     13     11      1   
  0.14   0.84   0.42   0.86      3      3      1   
  0.05   0.24   0.55   0.49      6      6      1   
Routing Failed to deliver
  0.09   0.08   0.66   0.06     16      9      1   
  0.69   0.86   0.06   0.36     12     10      1   
  0.94   0.79   0.69   0.97      3      3      1   
  0.70   0.81   0.05   0.31     13     11      1   
  0.84   0.78   0.91   0.24     26     11      1   
  0.17   0.50   0.54   0.01      6      6      1   
Routing Failed to deliver
  0.04   0.12   0.90   0.01     17     11      1   
  0.10   0.79   0.52   0.15     15     12      1   
  0.13   0.04   0.10   0.79     47     16      1   
Routing Failed to deliver
  0.07   0.93   0.73   0.90      7      7      1   
  0.14   0.86   0.49   0.10     13     12      1   
  0.14   0.86   0.41   1.00      3      3      1   
  0.56   0.26   0.05   0.19      7      6      1   
  0.08   0.86   0.44   0.38     14     11      1   
  0.44   0.38   0.66   0.24      3      3      1   
  0.04   0.12   0.46   0.10     18      8      1   
  0.95   0.25   0.50   0.69      8      8      1   
  0.16   0.86   0.50   0.39     10      9      1   
  0.65   0.44   0.09   0.16     14      7      1   
  0.60   0.31   0.37   0.40      3      3      1   
  0.56   0.12   0.35   0.54      5      5      1   
  0.70   0.19   0.45   0.29      3      3      1   
  0.95   0.94   0.65   0.47      8      8      1   
Routing Failed to deliver
  0.03   0.32   0.75   0.17      9      8      1   
  0.50   0.39   0.45   0.38      1      1      1   
  0.47   0.12   0.11   0.40      6      6      1   
  0.81   0.89   0.41   0.29     22      9      1   
  0.94   0.79   0.37   0.83      6      6      1   
  0.24   0.49   0.16   0.45      1      1      1   
  0.08   0.82   0.49   0.10     15     13      1   
  0.13   0.11   0.16   0.86     34     14      1   
  0.67   0.82   0.34   0.82      4      4      1   
  0.65   0.13   0.60   0.03      1      1      1   
  0.26   0.49   0.62   0.36      4      4      1   
  0.80   0.05   0.41   0.30      4      4      1   
  0.17   0.02   0.95   0.82     20     14      1   
  0.95   0.82   0.41   0.29     10     10      1   
  0.65   0.18   0.54   0.52      3      3      1   
Routing Failed to deliver
  0.04   0.95   0.32   0.98      3      3      1   
  0.64   0.22   0.64   0.87      7      7      1   
  0.56   0.39   0.17   0.02     21      7      1   
  0.13   0.29   0.52   0.89     10      9      1   
  0.05   0.79   0.86   0.89      9      9      1   
  0.17   0.21   0.31   1.00     35     13      1   
  0.70   0.81   0.42   0.86      3      3      1   
  0.44   0.38   0.08   0.44      4      4      1   
  0.92   0.83   0.54   0.11     14     11      1   
  0.12   0.35   0.29   0.91     35     12      1   
  0.63   0.90   0.65   0.47     15      5      1   
  0.56   0.56   0.18   0.97     10      7      1   
  0.81   0.89   0.14   0.84      7      7      1   
  0.62   0.36   0.17   0.21     14      6      1   
  0.10   0.25   0.17   0.27      1      1      1   
  0.58   0.39   0.05   0.24      9      6      1   
  0.13   0.11   0.20   0.47      3      3      1   
  0.78   0.20   0.37   0.83     12      9      1   
  0.16   0.52   0.91   0.01      9      9      1   
  0.28   0.55   0.04   0.12      5      5      1   
  0.49   0.10   0.14   0.86     36     12      1   
  0.43   0.92   0.54   0.11     29      9      1   
  0.56   0.78   0.17   0.27     10      8      1   
  0.13   0.11   0.67   0.01     18      9      1   
  0.91   0.01   0.60   0.03      3      3      1   
  0.69   0.97   0.08   0.82      7      7      1   
  0.64   0.22   0.88   0.94     10     10      1   
  0.09   0.08   0.10   0.09      1      1      1   
  0.21   0.53   0.44   0.85     14      8      1   
  0.07   0.99   0.67   0.01     17     12      1   
  0.18   0.11   0.13   0.11      1      1      1   
  0.03   0.02   0.13   0.83     42     16      1   
  0.05   0.31   0.67   0.01     25      9      1   
  0.43   0.50   0.26   0.42      2      2      1   
  0.52   0.89   0.44   0.85      1      1      1   
  0.58   0.93   0.58   0.65      3      3      1   
  0.13   0.83   0.76   0.03     13     13      1   
  0.18   0.38   0.10   0.25      2      2      1   
  0.34   0.82   0.49   0.23     10      9      1   
  0.10   0.17   0.18   0.38      2      2      1   
Routing Failed to deliver
  0.21   0.53   0.09   0.08      5      5      1   
  0.12   0.24   0.69   0.45      7      6      1   
  0.18   0.97   0.49   0.10     14     12      1   
  0.55   0.56   0.46   0.10      5      5      1   
  0.54   0.01   0.55   0.24      2      2      1   
Routing Failed to deliver
  0.67   0.82   0.41   0.30      6      6      1   
  0.05   0.79   0.41   1.00      4      4      1   
  0.54   0.01   0.09   0.08     11      9      1   
  0.01   0.44   0.73   0.90     10     10      1   
  0.45   0.38   0.56   0.12      3      3      1   
  0.65   0.47   0.52   0.89      4      4      1   
  0.12   0.24   0.45   0.29      5      5      1   
  0.08   0.44   0.49   0.23      5      5      1   
  0.03   0.40   0.57   0.76      8      8      1   
  0.65   0.44   0.67   0.01      4      4      1   
  0.06   0.39   0.98   0.27     10      9      1   
  0.45   0.38   0.21   0.29      7      4      1   
  0.78   0.20   0.55   0.56      5      5      1   
  0.22   0.91   0.31   1.00      1      1      1   
  0.46   0.14   0.35   0.54      5      5      1   
  0.81   0.00   0.43   0.50      6      6      1   
  0.58   0.93   0.56   0.56      4      4      1   
  0.21   0.29   0.45   0.28      6      4      1   
