  0.09   0.18   0.44   0.14      3      3      1   
  0.75   0.80   0.44   0.25     10      9      1   
  0.07   0.20   0.74   0.97     19     13      1   
  0.78   0.91   0.54   0.60      5      5      1   
  0.89   0.08   0.01   0.94     13     13      1   
  0.83   0.09   0.60   0.32      3      3      1   
  0.50   0.11   0.61   0.56      5      5      1   
  0.34   0.16   0.83   0.23      5      5      1   
  0.79   0.24   0.36   0.90      8      8      1   
  0.54   0.82   0.01   0.23     12     11      1   
  0.54   0.82   0.37   0.30     10      8      1   
  0.69   0.47   0.05   0.98      8      8      1   
  0.53   0.06   0.53   0.48      4      4      1   
  0.44   0.91   0.19   0.06     12     10      1   
  0.78   0.97   0.71   0.94      1      1      1   
  0.01   0.94   0.14   0.33     23     13      1   
  0.53   0.06   0.78   0.93     16     11      1   
  0.97   0.32   0.58   0.85     14      9      1   
  0.09   0.97   0.36   0.78      4      4      1   
  0.69   0.31   0.09   0.93      9      9      1   
  0.69   0.18   0.75   0.30      2      2      1   
  0.83   0.23   0.63   0.35      3      3      1   
  0.65   0.19   0.69   0.24      1      1      1   
  0.15   0.07   0.59   0.18      5      5      1   
  0.19   0.85   0.23   0.44     21     10      1   
  0.69   0.31   0.09   0.93      9      9      1   
  0.97   0.32   0.04   0.04      9      9      1   
  0.51   0.16   0.55   0.95     13      8      1   
  0.59   0.38   0.44   0.91      5      5      1   
  0.50   0.93   0.69   0.47      6      5      1   
  0.89   0.90   0.78   0.97      1      1      1   
  0.48   0.47   0.16   0.04      7      6      1   
  0.73   0.97   0.69   0.82      2      2      1   
  0.54   0.96   0.13   0.32     12     10      1   
  0.37   0.30   0.55   0.41      6      3      1   
  0.63   0.35   0.59   0.15      2      2      1   
  0.53   0.48   0.13   0.32      5      5      1   
  0.32   0.48   0.23   0.44      1      1      1   
  0.75   0.26   0.50   0.11      3      3      1   
  0.78   0.97   0.22   0.49     12     11      1   
Routing Failed to deliver
  0.00   0.51   0.83   0.09     10     10      1   
  0.14   0.33   0.60   0.32      5      5      1   
  0.53   0.02   0.01   0.23      6      6      1   
Routing Failed to deliver
  0.80   0.30   0.53   0.06      4      4      1   
  0.13   0.18   0.59   0.15      5      5      1   
  0.36   0.78   0.08   0.38     10     10      1   
Routing Failed to deliver
  0.89   0.90   0.09   0.97     10     10      1   
  0.03   0.46   0.01   0.87     80     13      1   
  0.00   0.51   0.52   0.91     40     10      1   
  0.53   0.48   0.48   0.71      2      2      1   
  0.20   0.54   0.11   0.55      1      1      1   
  0.12   0.30   0.20   0.32      1      1      1   
  0.13   0.32   0.20   0.54      3      3      1   
  0.12   0.30   0.51   0.83     34      8      1   
Routing Failed to deliver
  0.94   0.03   0.78   0.93     18     13      1   
  0.37   0.30   0.92   0.10      6      6      1   
  0.22   0.49   0.60   0.32      5      5      1   
  0.53   0.06   0.51   0.83      7      7      1   
  0.17   0.49   0.63   0.03      7      7      1   
  0.01   0.08   0.92   0.10      9      9      1   
  0.27   0.54   0.26   0.17      4      4      1   
  0.97   0.32   0.89   0.98     21     12      1   
  0.54   0.85   0.24   0.89      3      3      1   
  0.89   0.08   0.14   0.77     12     12      1   
  0.79   0.10   0.58   0.83     13      9      1   
  0.25   1.00   0.22   0.52     24     10      1   
  0.02   0.45   0.74   0.82     17     11      1   
  0.67   0.37   0.38   0.02      6      5      1   
  0.76   0.14   0.53   0.33      3      3      1   
  0.99   0.22   0.71   0.94     16     11      1   
  0.55   0.95   0.67   0.62      7      5      1   
  0.67   0.37   0.59   0.42      1      1      1   
  0.19   0.85   0.15   0.38     20     11      1   
  0.73   0.97   0.16   0.04     15     12      1   
  0.31   0.03   0.26   0.16      2      2      1   
Routing Failed to deliver
Routing Failed to deliver
  0.54   0.82   0.69   0.24      7      7      1   
Routing Failed to deliver
  0.53   0.48   0.38   0.02      6      6      1   
  0.71   0.94   0.26   0.93      5      5      1   
  0.99   0.22   0.65   0.19      4      4      1   
  0.65   0.13   0.26   0.49      6      6      1   
Routing Failed to deliver
  0.15   0.25   0.05   0.31      1      1      1   
  0.39   0.35   0.26   0.93     44     10      1   
  0.97   0.22   0.55   0.95     11      9      1   
Routing Failed to deliver
  0.89   0.98   0.29   0.37     12     11      1   
  0.25   0.10   0.20   0.32      3      3      1   
  0.15   0.18   0.28   0.02      2      2      1   
  0.29   0.10   0.50   0.61     12      7      1   
  0.12   0.32   0.55   0.95     35      9      1   
  0.14   0.77   0.55   0.95      5      5      1   
  0.10   0.55   0.37   0.30      4      4      1   
  0.04   0.08   0.20   0.32      3      3      1   
  0.24   0.89   0.20   0.01     22     12      1   
  0.26   0.16   0.60   0.32      4      4      1   
  0.36   0.78   0.13   0.37      9      9      1   
  0.61   0.93   0.55   0.41      7      6      1   
  0.04   0.81   0.74   0.97      9      9      1   
  0.50   0.11   0.02   0.45      6      6      1   
  0.82   0.14   0.12   0.32      9      8      1   
  0.97   0.22   0.61   0.32      4      4      1   
  0.18   0.79   0.65   0.19     13     10      1   
  0.53   0.06   0.55   0.03      1      1      1   
  0.83   0.15   0.28   0.02      6      6      1   
  0.27   0.54   0.69   0.31      5      5      1   
  0.45   0.69   0.52   0.91      3      3      1   
Routing Failed to deliver
  0.23   0.37   0.40   0.36      2      2      1   
  0.29   0.10   0.36   0.94     33     10      1   
  0.26   0.11   0.54   0.60     11      6      1   
Routing Failed to deliver
  0.20   0.32   0.40   0.36      2      2      1   
  0.97   0.32   0.75   0.26      3      3      1   
  0.60   0.37   0.78   0.91     15      8      1   
  0.20   0.81   0.97   0.32     11     11      1   
  0.09   0.18   0.45   0.69     35      9      1   
  0.79   0.10   0.94   0.03      2      2      1   
  0.36   0.55   0.48   0.47      2      2      1   
  0.78   0.91   0.44   0.25     11      9      1   
  0.59   0.18   0.18   0.25      5      5      1   
  0.03   0.46   0.26   0.34      3      3      1   
  0.53   0.02   0.01   0.08      6      6      1   
Routing Failed to deliver
Routing Failed to deliver
  0.06   0.99   0.44   0.95      6      5      1   
  0.54   0.09   0.17   0.02      4      4      1   
  0.26   0.32   0.67   0.37      5      5      1   
  0.48   0.71   0.54   0.85      2      2      1   
  1.00   0.89   0.26   0.34     14     13      1   
  0.79   0.24   0.92   0.10      2      2      1   
  0.34   0.50   0.71   0.94     15      9      1   
  0.69   0.24   0.15   0.07      6      6      1   
  0.20   0.81   0.25   0.05     24     12      1   
  0.33   0.18   0.26   0.49      3      3      1   
  0.94   0.03   0.26   0.32      8      8      1   
  0.65   0.13   0.53   0.06      2      2      1   
  0.01   0.08   0.13   0.18      2      2      1   
  0.15   0.25   0.71   0.00      6      6      1   
  0.61   0.32   0.36   0.94      7      7      1   
  0.82   0.14   0.54   0.96     10      9      1   
  0.12   0.30   0.18   0.25      1      1      1   
  0.04   0.43   0.34   0.16      5      4      1   
  0.26   0.17   0.15   0.18      1      1      1   
  0.02   0.45   0.59   0.42      5      5      1   
  0.68   0.55   0.12   0.82      7      7      1   
  0.69   0.47   0.15   0.07      6      6      1   
  0.54   0.96   0.53   0.02     11     10      1   
  0.48   0.71   0.67   0.37      4      4      1   
  0.54   0.28   0.59   0.18      1      1      1   
Routing Failed to deliver
  0.17   0.49   0.18   0.25      2      2      1   
  0.13   0.32   0.57   0.86     24      9      1   
  0.44   0.95   0.29   0.10     11     10      1   
  0.18   0.25   0.15   0.25      1      1      1   
  0.34   0.50   0.71   0.00      8      8      1   
  0.55   0.03   0.17   0.06      4      4      1   
  0.38   0.02   0.74   0.82     15     12      1   
  0.53   0.48   0.78   0.97     12      7      1   
  0.09   0.93   0.25   1.00      2      2      1   
  0.05   0.98   0.92   0.01     14     14      1   
  0.63   0.03   0.15   0.25      5      5      1   
  0.26   0.34   0.26   0.49      2      2      1   
  0.85   0.86   0.17   0.49     12     11      1   
  0.59   0.42   0.01   0.21      7      6      1   
  0.11   0.55   0.59   0.15      7      7      1   
  0.31   0.03   0.78   0.97     23     13      1   
  0.65   0.19   0.75   0.80     15      9      1   
  0.07   0.20   0.14   0.33      2      2      1   
Routing Failed to deliver
  0.59   0.79   0.63   0.03     10      9      1   
Routing Failed to deliver
  0.19   0.85   0.25   0.05     23     12      1   
  0.53   0.02   0.23   0.44      6      6      1   
  0.13   0.37   0.06   0.99     72     13      1   
  0.38   0.02   0.17   0.02      2      2      1   
  0.26   0.16   0.31   0.03      2      2      1   
  0.63   0.35   0.67   0.62      4      4      1   
  0.50   0.11   0.78   0.91     15     10      1   
  0.57   0.59   0.45   0.02      6      6      1   
  0.40   0.36   0.33   0.18      2      2      1   
  0.59   0.38   0.13   0.52      5      5      1   
  0.01   0.21   0.21   0.12      2      2      1   
  0.27   0.54   0.65   0.13      7      6      1   
  0.36   0.53   0.03   0.46      3      3      1   
  0.29   0.10   0.26   0.34      3      3      1   
  0.27   0.11   0.50   0.61     12      7      1   
  0.94   0.03   0.71   0.94     18     12      1   
  0.64   0.40   0.04   0.08      7      7      1   
  0.77   0.14   0.11   0.55      9      8      1   
  0.15   0.07   0.50   0.11      4      4      1   
Routing Failed to deliver
  0.79   0.24   0.59   0.42      3      3      1   
  0.76   0.14   0.68   0.55      5      5      1   
  0.17   0.78   0.09   0.97      3      3      1   
  0.67   0.37   0.07   0.20      7      7      1   
Routing Failed to deliver
  0.83   0.09   0.20   0.32      8      8      1   
  0.50   0.75   0.34   0.16      9      8      1   
  0.75   0.30   0.36   0.90      8      7      1   
Routing Failed to deliver
  0.59   0.79   0.12   0.82      6      6      1   
  0.04   0.47   0.45   0.69     33      8      1   
  0.11   0.55   0.63   0.03      8      8      1   
  0.24   0.89   0.97   0.32     11     11      1   
  0.82   0.14   0.17   0.49      8      8      1   
  0.31   0.86   0.60   0.32      7      7      1   
  0.83   0.23   0.08   0.38      8      8      1   
  0.40   0.36   0.64   0.40      4      4      1   
  0.60   0.32   0.59   0.42      1      1      1   
  0.91   0.25   0.45   0.02      5      5      1   
  0.51   0.83   0.06   0.03     12     10      1   
  0.32   0.48   0.15   0.07      5      5      1   
  0.44   0.91   0.54   0.85      1      1      1   
  0.10   0.46   0.03   0.46      1      1      1   
  0.36   0.90   0.53   0.02     10     10      1   
  0.93   0.10   0.38   0.02      6      6      1   
Routing Failed to deliver
  0.10   0.55   0.54   0.96     39     10      1   
  0.14   0.33   0.20   0.32      1      1      1   
  0.13   0.32   0.39   0.35      3      3      1   
Routing Failed to deliver
  0.97   0.22   0.16   0.28      9      9      1   
  0.24   0.89   0.40   0.36     19     10      1   
  0.26   0.49   0.13   0.37      2      2      1   
  0.78   0.93   0.50   0.61      6      6      1   
Routing Failed to deliver
  0.33   0.18   0.13   0.18      2      2      1   
Routing Failed to deliver
  0.14   0.77   0.53   0.02     18     12      1   
  0.04   0.43   0.83   0.15      9      9      1   
  0.27   0.11   0.54   0.82     14      9      1   
  0.36   0.55   0.78   0.97     15     10      1   
  0.33   0.18   0.74   0.97     21     11      1   
  0.58   0.83   0.71   0.00     11     10      1   
  0.38   0.02   0.54   0.28      4      4      1   
  0.55   0.41   0.69   0.24      2      2      1   
  0.36   0.78   0.09   0.18     10     10      1   
  0.58   0.83   0.54   0.82      1      1      1   
Routing Failed to deliver
  0.29   0.00   0.78   0.93     23     13      1   
  0.59   0.18   0.25   1.00     76      9      1   
  0.78   0.91   0.97   0.22     18     11      1   
  0.17   0.49   0.15   0.07      4      4      1   
  0.71   0.94   0.26   0.16     14     11      1   
  0.76   0.14   0.26   0.32      6      6      1   
  0.53   0.06   0.85   0.86     18     11      1   
  0.55   0.03   0.36   0.94     10     10      1   
Routing Failed to deliver
  0.71   0.00   0.32   0.48      7      7      1   
Routing Failed to deliver
  0.61   0.56   0.09   0.18      7      7      1   
  0.13   0.52   0.67   0.37      5      5      1   
  0.75   0.30   0.23   0.37      6      6      1   
Routing Failed to deliver
  0.54   0.60   0.53   0.02      6      6      1   
  0.18   0.79   0.10   0.55     20     12      1   
  0.13   0.37   0.64   0.40      7      6      1   
  0.15   0.25   0.44   0.14      3      3      1   
  0.26   0.17   0.04   0.47      4      4      1   
  0.31   0.03   0.36   0.55      6      6      1   
Routing Failed to deliver
  0.18   0.25   0.24   0.89     68     12      1   
  0.80   0.30   0.16   0.04      7      7      1   
Routing Failed to deliver
  0.85   0.86   0.17   0.02     16     13      1   
  0.58   0.83   0.63   0.35      6      6      1   
  0.09   0.18   0.57   0.59      9      7      1   
  0.20   0.81   0.54   0.28     13      8      1   
  0.06   0.99   0.54   0.82      7      7      1   
  0.54   0.82   0.38   0.02     11     10      1   
  0.65   0.19   0.28   0.02      4      4      1   
  0.18   0.25   0.74   0.97     17     13      1   
  0.50   0.93   0.17   0.06     12     10      1   
  0.44   0.95   0.59   0.42      7      6      1   
  0.78   0.93   0.53   0.02     16     12      1   
  0.20   0.17   0.07   0.20      2      2      1   
  0.53   0.48   0.36   0.53      2      2      1   
Routing Failed to deliver
  0.60   0.32   0.77   0.79     14      8      1   
  0.27   0.54   0.77   0.14      7      6      1   
  0.04   0.08   0.04   0.43      3      3      1   
  0.26   0.93   0.69   0.24      9      9      1   
  0.04   0.04   0.44   0.14      4      4      1   
  0.61   0.56   0.59   0.42      2      2      1   
  0.58   0.85   0.36   0.53      7      6      1   
  0.19   0.85   0.85   0.86      8      8      1   
  0.57   0.94   0.59   0.42      6      5      1   
  0.44   0.91   0.71   0.00     10     10      1   
  0.50   0.75   0.36   0.55      7      6      1   
  0.77   0.14   0.15   0.25      7      6      1   
  0.58   0.83   0.17   0.78      6      5      1   
  0.45   0.02   0.20   0.54      6      6      1   
  0.53   0.02   0.36   0.94     10     10      1   
  0.61   0.32   0.89   0.08      4      4      1   
  0.13   0.07   0.54   0.60     12      7      1   
  0.53   0.06   0.97   0.32      5      5      1   
Routing Failed to deliver
  0.24   0.89   0.54   0.60      5      5      1   
  0.03   0.46   0.48   0.71     34      7      1   
  0.75   0.30   0.27   0.11      6      5      1   
  0.59   0.15   0.39   0.35      3      3      1   
  0.00   0.51   0.71   0.00      9      9      1   
  0.61   0.56   0.19   0.06      8      7      1   
  0.83   0.23   0.36   0.90      9      8      1   
  0.01   0.21   0.59   0.38      8      6      1   
  0.20   0.54   0.51   0.83     31      7      1   
  0.54   0.60   0.05   0.31      7      7      1   
  0.15   0.25   0.78   0.97     20     13      1   
  0.13   0.37   0.10   0.46      1      1      1   
  0.68   0.55   0.54   0.82      5      5      1   
  0.13   0.32   0.92   0.10      9      9      1   
  0.31   0.03   0.14   0.33      4      4      1   
  0.59   0.38   0.92   0.01      5      5      1   
  0.58   0.85   0.19   0.06     12     10      1   
  0.54   0.09   0.61   0.56      5      5      1   
  0.77   0.14   0.10   0.46      8      8      1   
  0.59   0.15   0.18   0.37      5      5      1   
  0.53   0.48   0.59   0.18      3      3      1   
  0.15   0.18   0.31   0.03      2      2      1   
  0.75   0.30   0.12   0.32      7      7      1   
  0.52   0.47   0.16   0.04      8      6      1   
  0.25   1.00   0.36   0.55     16      9      1   
  0.67   0.62   0.36   0.94      6      6      1   
  0.53   0.33   0.50   0.11      3      3      1   
  0.25   0.87   0.85   0.86      7      7      1   
  0.68   0.82   0.27   0.54      9      8      1   
  0.58   0.83   0.53   0.33      7      6      1   
  0.65   0.19   0.04   0.04      6      6      1   
  0.10   0.19   0.68   0.55      9      7      1   
  0.58   0.83   0.29   0.10     10      9      1   
  0.73   0.97   0.80   0.30     17      9      1   
  0.75   0.26   0.13   0.18      6      6      1   
  0.18   0.37   0.97   0.22      9      9      1   
  0.76   0.14   0.29   0.37      6      6      1   
  0.28   0.02   0.36   0.55      6      6      1   
  0.59   0.18   0.65   0.23      1      1      1   
  0.89   0.98   0.69   0.82      2      2      1   
  0.21   0.12   1.00   0.89     19     13      1   
  0.21   0.12   0.69   0.18      5      5      1   
  0.04   0.08   0.44   0.25      4      4      1   
  0.14   0.33   0.25   0.10      3      3      1   
  0.16   0.28   0.13   0.18      1      1      1   
  0.50   0.61   0.78   0.97      6      6      1   
  0.83   0.09   0.89   0.08      1      1      1   
  0.18   0.37   0.44   0.91     31      9      1   
  0.58   0.83   0.48   0.47      6      5      1   
  0.10   0.46   0.60   0.37      6      6      1   
  0.54   0.09   0.64   0.40      4      4      1   
  0.37   0.30   0.78   0.93     20     11      1   
  0.12   0.82   0.26   0.16     25     12      1   
  0.63   0.35   0.25   1.00     74      8      1   
  0.65   0.13   0.18   0.79     97     11      1   
  0.23   0.37   0.68   0.55      6      6      1   
  0.54   0.96   0.69   0.31      7      7      1   
  0.82   0.14   0.17   0.78     11     11      1   
Routing Failed to deliver
  0.01   0.08   0.17   0.02      2      2      1   
  0.61   0.56   0.28   0.12      6      6      1   
  0.12   0.30   0.36   0.90     40     10      1   
  0.36   0.94   0.44   0.91      1      1      1   
  0.00   0.51   0.73   0.97     19     12      1   
  0.78   0.93   0.16   0.28     13     12      1   
  0.20   0.32   0.06   0.03      4      4      1   
  0.13   0.52   0.21   0.12      4      4      1   
  0.69   0.31   0.22   0.49      6      6      1   
  0.31   0.03   0.03   0.46      5      5      1   
  0.75   0.80   0.59   0.18     13      9      1   
  0.50   0.75   0.63   0.35      5      5      1   
  0.76   0.14   0.13   0.07      6      6      1   
  0.24   0.89   0.20   0.01     22     12      1   
  0.44   0.95   0.44   0.14     10      9      1   
  0.92   0.01   0.61   0.32      4      4      1   
  0.97   0.22   0.54   0.09      5      5      1   
  0.58   0.83   0.54   0.09      9      8      1   
  0.77   0.79   0.63   0.03     12     11      1   
  0.12   0.32   0.48   0.09      5      5      1   
  0.50   0.93   0.21   0.91      4      4      1   
  0.25   0.87   0.57   0.59      5      5      1   
  0.61   0.93   0.44   0.95      2      2      1   
  0.14   0.77   0.29   0.37     17     11      1   
  0.59   0.42   0.09   0.18      5      5      1   
  0.13   0.52   0.75   0.30      6      6      1   
  0.59   0.15   0.10   0.55      7      7      1   
  0.13   0.18   0.31   0.03      3      3      1   
  0.65   0.19   0.92   0.01      3      3      1   
  0.50   0.93   0.34   0.50      8      7      1   
  0.04   0.08   0.59   0.42      8      6      1   
  0.83   0.15   0.48   0.71      6      6      1   
Routing Failed to deliver
  0.44   0.14   0.44   0.91     13      8      1   
  0.34   0.16   0.13   0.18      2      2      1   
  0.59   0.79   0.09   0.93      6      6      1   
  0.78   0.93   0.16   0.28     13     12      1   
  0.26   0.17   0.54   0.85     14      9      1   
  0.20   0.32   0.08   0.10      3      3      1   
  0.17   0.49   0.15   0.18      3      3      1   
Routing Failed to deliver
  0.37   0.30   0.20   0.17      2      2      1   
  0.73   0.97   0.14   0.33     12     11      1   
  0.13   0.18   0.45   0.69     35      9      1   
  0.08   0.10   0.18   0.77     92     14      1   
  0.91   0.25   0.61   0.32      3      3      1   
  0.52   0.91   0.45   0.02     11      9      1   
Routing Failed to deliver
  0.02   0.45   0.01   0.87     33     13      1   
  0.76   0.14   0.04   0.47      9      8      1   
  0.08   0.10   0.83   0.23      8      8      1   
  0.26   0.93   0.09   0.93      2      2      1   
  0.18   0.77   0.36   0.55     16     10      1   
  0.50   0.75   0.19   0.06     11      9      1   
  0.08   0.38   0.65   0.13      7      6      1   
  0.02   0.45   0.34   0.16      5      5      1   
  0.34   0.16   0.09   0.18      3      3      1   
  0.16   0.04   0.13   0.07      1      1      1   
  0.36   0.94   0.50   0.11     10      9      1   
Routing Failed to deliver
  0.25   1.00   0.26   0.32     25     11      1   
  0.26   0.11   0.63   0.35      4      4      1   
  0.94   0.26   0.15   0.25      8      8      1   
  0.07   0.20   0.92   0.01     10      9      1   
  0.25   1.00   0.10   0.55     24     11      1   
  0.22   0.52   0.45   0.02      6      6      1   
Routing Failed to deliver
  0.99   0.22   0.75   0.30      3      3      1   
  0.74   0.82   0.22   0.52     11     10      1   
  0.29   0.00   0.45   0.02      2      2      1   
  0.29   0.37   0.05   0.31      3      3      1   
  0.16   0.04   0.80   0.30      8      7      1   
  0.54   0.82   0.37   0.30     10      8      1   
  0.58   0.83   0.60   0.32      7      6      1   
  0.00   0.51   0.74   0.97     20     13      1   
  0.92   0.10   0.58   0.83     13      9      1   
  0.26   0.93   0.20   0.32     21     11      1   
  0.77   0.79   0.18   0.25     13     12      1   
  0.75   0.26   0.17   0.06      6      6      1   
  0.50   0.75   0.15   0.07     11      9      1   
  0.20   0.81   1.00   0.89      9      9      1   
  0.75   0.30   0.26   0.16      5      5      1   
  0.28   0.12   0.83   0.15      6      6      1   
  0.03   0.46   0.73   0.97     19     11      1   
  0.83   0.15   0.08   0.10      8      8      1   
  0.45   0.69   0.45   0.02      8      8      1   
  0.45   0.02   0.59   0.18      2      2      1   
Routing Failed to deliver
  0.67   0.62   0.83   0.23      5      5      1   
  0.71   0.94   0.54   0.28      9      8      1   
  0.65   0.19   0.36   0.53      5      5      1   
  0.65   0.19   0.58   0.83     11      7      1   
  0.57   0.94   0.60   0.37      7      6      1   
Routing Failed to deliver
  0.25   0.05   0.07   0.20      3      3      1   
  0.04   0.81   0.32   0.48     17     11      1   
  0.83   0.23   0.82   0.14      1      1      1   
  0.01   0.94   0.60   0.37      9      9      1   
  0.27   0.11   0.73   0.97     21     11      1   
  0.04   0.81   0.78   0.91      9      9      1   
Routing Failed to deliver
Routing Failed to deliver
  0.31   0.03   0.69   0.31      5      5      1   
  0.59   0.79   0.12   0.82      6      6      1   
  0.79   0.24   0.83   0.09      2      2      1   
  0.25   1.00   0.59   0.42      8      7      1   
  0.17   0.49   0.25   0.05      4      4      1   
  0.57   0.94   0.54   0.28      8      6      1   
  0.13   0.37   0.19   0.06      3      3      1   
  0.52   0.47   0.63   0.35      2      2      1   
  0.82   0.14   0.01   0.94     12     12      1   
  0.21   0.12   0.17   0.02      1      1      1   
Routing Failed to deliver
  0.59   0.18   0.71   0.00      3      3      1   
  0.44   0.14   0.48   0.09      1      1      1   
  0.91   0.25   0.83   0.15      1      1      1   
  0.17   0.78   0.54   0.28     10      9      1   
  0.39   0.35   0.50   0.75      8      7      1   
  0.92   0.10   0.32   0.48      8      8      1   
  0.25   0.05   0.26   0.49      5      4      1   
  0.15   0.18   0.54   0.60      9      7      1   
  0.20   0.54   0.59   0.38      5      5      1   
  0.26   0.16   0.59   0.42      4      4      1   
  0.08   0.10   0.06   0.03      1      1      1   
  0.06   0.99   0.21   0.91      2      2      1   
  0.00   0.51   0.51   0.16      6      6      1   
  0.26   0.16   0.17   0.49      3      3      1   
  0.25   0.87   0.78   0.97      6      6      1   
  0.50   0.61   0.27   0.54     26      5      1   
  0.21   0.91   0.50   0.75      4      4      1   
  0.36   0.55   0.02   0.45      3      3      1   
  0.92   0.10   0.80   0.30      3      3      1   
Routing Failed to deliver
  0.20   0.81   0.31   0.86      1      1      1   
  0.64   0.40   0.57   0.94      9      6      1   
  0.31   0.03   0.04   0.04      3      3      1   
Routing Failed to deliver
  0.10   0.19   0.94   0.26      8      8      1   
  0.00   0.51   0.27   0.54      3      3      1   
  0.55   0.95   0.12   0.30     10      9      1   
  0.14   0.77   0.74   0.97      8      8      1   
  0.17   0.02   0.97   0.32      9      8      1   
  0.04   0.47   0.12   0.82     25     12      1   
  0.57   0.94   0.54   0.60      4      3      1   
  0.99   0.22   0.06   0.03      9      9      1   
  0.39   0.35   0.20   0.54      3      3      1   
  0.26   0.16   0.01   0.08      3      3      1   
  0.57   0.59   0.53   0.06      5      5      1   
Routing Failed to deliver
  0.26   0.32   0.31   0.03      4      4      1   
  0.74   0.97   0.15   0.07     15     13      1   
  0.61   0.56   0.69   0.82      8      5      1   
  0.50   0.93   0.48   0.47      7      5      1   
  0.91   0.25   0.26   0.17      7      7      1   
  0.54   0.82   0.53   0.48      5      4      1   
  0.23   0.37   0.65   0.23      5      5      1   
  0.92   0.10   0.54   0.85     10      9      1   
  0.06   0.03   0.83   0.15      8      8      1   
  0.26   0.49   0.01   0.21      4      4      1   
  0.26   0.93   0.79   0.10     11     11      1   
Routing Failed to deliver
  0.04   0.08   0.64   0.40      9      7      1   
  0.71   0.94   0.37   0.30     12     10      1   
  0.01   0.23   0.50   0.93     46     11      1   
  0.21   0.91   0.09   0.97      2      2      1   
  0.50   0.93   0.53   0.06     10      8      1   
  0.05   0.07   0.40   0.36      5      5      1   
  0.75   0.80   0.32   0.48     10      9      1   
  0.51   0.16   0.15   0.18      4      4      1   
  0.26   0.93   0.36   0.90      1      1      1   
  0.78   0.93   0.13   0.07     15     13      1   
  0.79   0.24   0.27   0.11      6      6      1   
  0.69   0.82   0.36   0.55      9      8      1   
Routing Failed to deliver
  0.92   0.10   0.04   0.04      9      9      1   
  0.07   0.20   0.06   0.03      2      2      1   
  0.14   0.77   0.79   0.10     13     12      1   
Routing Failed to deliver
Routing Failed to deliver
  0.75   0.26   0.54   0.60      5      4      1   
Routing Failed to deliver
  0.54   0.60   0.14   0.77      6      6      1   
  0.60   0.32   0.68   0.82     11      7      1   
  0.52   0.47   0.20   0.17      6      5      1   
  0.85   0.86   0.13   0.07     15     13      1   
  0.80   0.30   0.83   0.15      2      2      1   
  0.59   0.38   0.68   0.55      3      3      1   
  0.60   0.32   0.02   0.45      7      6      1   
  0.54   0.09   0.23   0.44      5      5      1   
  0.11   0.55   0.27   0.11      5      5      1   
  0.13   0.07   0.54   0.82     26     10      1   
  0.58   0.83   0.44   0.91      2      2      1   
  0.23   0.44   0.69   0.31      6      6      1   
  0.16   0.04   0.27   0.54      5      5      1   
  0.29   0.37   0.69   0.47      5      5      1   
  0.65   0.19   0.54   0.82      8      7      1   
  0.58   0.83   0.17   0.78      6      5      1   
  0.04   0.47   0.19   0.06      4      4      1   
  0.58   0.83   0.25   1.00      4      4      1   
  0.18   0.37   0.65   0.13      6      6      1   
  0.18   0.79   0.89   0.08     15     12      1   
  0.36   0.53   0.31   0.03      6      6      1   
  0.36   0.90   0.03   0.46     10     10      1   
  0.10   0.46   0.79   0.24      8      8      1   
  0.40   0.36   0.92   0.10      7      7      1   
Routing Failed to deliver
Routing Failed to deliver
  0.36   0.94   0.22   0.49     25      9      1   
  0.76   0.14   0.20   0.54      7      7      1   
  0.50   0.75   0.20   0.32      9      8      1   
  0.12   0.32   0.04   0.08      2      2      1   
  0.75   0.26   0.26   0.49      6      6      1   
  0.10   0.55   0.14   0.33      3      3      1   
  0.11   0.55   0.50   0.93     38      9      1   
  0.51   0.83   0.68   0.82      2      2      1   
  0.50   0.11   0.85   0.86     18     11      1   
  0.79   0.10   0.22   0.49      8      8      1   
  0.25   0.05   0.69   0.31      6      6      1   
  0.36   0.55   0.67   0.62      5      5      1   
  0.75   0.26   0.82   0.14      2      2      1   
  0.67   0.62   0.85   0.86     11      8      1   
  0.28   0.02   0.29   0.37      4      4      1   
  0.25   0.87   0.93   0.10     11     11      1   
  1.00   0.89   0.26   0.49     12     11      1   
  0.65   0.23   0.18   0.77     96     10      1   
  0.48   0.71   0.77   0.14      6      6      1   
  0.78   0.97   0.06   0.99      9      9      1   
  0.17   0.06   0.50   0.93     33     10      1   
  0.89   0.08   0.09   0.18      8      8      1   
  0.08   0.10   0.52   0.47     11      7      1   
  0.20   0.17   0.79   0.93     22     12      1   
  0.54   0.09   0.51   0.16      1      1      1   
  0.04   0.81   0.09   0.97      2      2      1   
  0.60   0.32   0.59   0.79      6      6      1   
  0.07   0.20   0.82   0.14      8      8      1   
  0.57   0.86   0.05   0.07     12     11      1   
  0.85   0.86   0.57   0.59      7      7      1   
  0.79   0.10   0.22   0.52      8      8      1   
  0.73   0.97   0.17   0.02     15     12      1   
  0.04   0.04   0.78   0.97     24     14      1   
  0.26   0.34   0.15   0.38      1      1      1   
  0.19   0.85   0.57   0.59      5      5      1   
Routing Failed to deliver
  0.91   0.25   0.26   0.34      7      7      1   
  0.18   0.25   0.28   0.12      2      2      1   
  0.20   0.54   0.28   0.02      5      5      1   
  0.51   0.16   0.78   0.97     14     11      1   
  0.58   0.85   0.23   0.37      9      8      1   
  0.03   0.46   0.23   0.37      3      3      1   
  0.68   0.82   0.55   0.95      2      2      1   
  0.48   0.47   0.75   0.30      3      3      1   
  0.63   0.35   0.16   0.28      5      5      1   
  0.19   0.85   0.04   0.04     24     13      1   
  0.01   0.94   0.78   0.93     10      9      1   
  0.92   0.10   0.48   0.71      7      7      1   
  0.18   0.25   0.69   0.82     16     11      1   
  0.40   0.36   0.94   0.26      6      6      1   
  0.29   0.10   0.04   0.43      4      4      1   
  0.16   0.28   0.94   0.03      9      8      1   
  0.55   0.95   0.78   0.91      3      3      1   
  0.21   0.12   0.50   0.61     12      7      1   
  0.78   0.91   0.17   0.49     11     10      1   
  0.16   0.28   0.20   0.32      1      1      1   
  0.71   0.00   0.44   0.25      4      4      1   
  0.17   0.78   0.59   0.18     16     10      1   
  0.01   0.08   0.01   0.21      2      2      1   
  0.20   0.17   0.53   0.06      3      3      1   
  0.92   0.10   0.58   0.85     13      9      1   
  0.55   0.41   0.29   0.10      4      4      1   
  0.01   0.87   0.37   0.30     22     12      1   
Routing Failed to deliver
  0.83   0.09   0.10   0.46      9      9      1   
  0.78   0.93   0.75   0.80      2      2      1   
  0.26   0.34   0.60   0.37      5      4      1   
  0.69   0.18   0.09   0.18      6      6      1   
  0.79   0.10   0.61   0.56      6      6      1   
  0.18   0.25   0.20   0.81     90     12      1   
  0.36   0.53   0.78   0.97     14      9      1   
  0.54   0.96   0.13   0.37     12     10      1   
  0.83   0.15   0.11   0.55      9      9      1   
  0.15   0.25   0.29   0.10      2      2      1   
Routing Failed to deliver
  0.26   0.17   0.65   0.13      4      4      1   
  0.45   0.02   0.58   0.85     14      9      1   
  0.01   0.21   0.60   0.32      6      6      1   
Routing Failed to deliver
  0.77   0.14   0.77   0.79     16     10      1   
  0.36   0.55   0.20   0.54      2      2      1   
  0.05   0.31   0.51   0.83     11      9      1   
  0.18   0.37   0.09   0.93     69     12      1   
  0.32   0.48   0.53   0.33      4      4      1   
  0.19   0.06   0.57   0.86     15     10      1   
  0.59   0.15   0.10   0.46      6      6      1   
  0.12   0.32   0.34   0.50      3      3      1   
  0.13   0.37   0.21   0.12      3      3      1   
  0.12   0.82   0.54   0.60      7      6      1   
  0.51   0.83   0.76   0.14      7      7      1   
Routing Failed to deliver
  0.69   0.82   0.59   0.15     10      9      1   
  0.60   0.37   0.16   0.04      5      5      1   
  0.21   0.12   0.29   0.00      2      2      1   
  0.26   0.11   0.55   0.95     14      9      1   
  0.05   0.98   0.91   0.25     12     12      1   
  0.68   0.55   0.04   0.04     10      8      1   
  0.15   0.18   0.89   0.08      8      8      1   
  0.02   0.45   0.27   0.11      4      4      1   
Routing Failed to deliver
  0.63   0.35   0.06   0.03      6      6      1   
  0.65   0.13   0.28   0.02      4      4      1   
  0.24   0.89   0.85   0.86      7      7      1   
  0.44   0.14   0.68   0.82     13      9      1   
  0.10   0.55   0.13   0.18      4      4      1   
  0.13   0.32   0.92   0.10     10      9      1   
  0.34   0.16   0.76   0.14      4      4      1   
  0.48   0.47   0.50   0.75     30      4      1   
Routing Failed to deliver
Routing Failed to deliver
  0.89   0.08   0.24   0.89     11     11      1   
Routing Failed to deliver
  0.94   0.03   0.61   0.93     15     11      1   
  0.25   0.10   0.15   0.18      2      2      1   
  0.53   0.06   0.13   0.07      4      4      1   
  0.44   0.91   0.26   0.34     10      9      1   
  0.26   0.34   0.34   0.16      3      3      1   
  0.58   0.83   0.18   0.77      6      5      1   
Routing Failed to deliver
  0.54   0.96   0.04   0.08     14     12      1   
  0.69   0.47   0.58   0.85      8      5      1   
  0.89   0.98   0.20   0.81      8      8      1   
  0.04   0.43   0.57   0.59      7      6      1   
  0.01   0.08   0.55   0.03      6      6      1   
  0.65   0.23   0.18   0.25      5      5      1   
  0.92   0.01   0.32   0.48      8      8      1   
  0.23   0.37   0.65   0.23      5      5      1   
  0.11   0.55   0.50   0.11      7      7      1   
  0.57   0.59   0.58   0.85      7      4      1   
  0.48   0.47   0.04   0.81     77      9      1   
  0.51   0.83   0.73   0.97      3      3      1   
  0.22   0.52   0.69   0.31      6      6      1   
  0.77   0.79   0.06   0.99      9      9      1   
  0.51   0.83   0.21   0.12     11      8      1   
  0.37   0.30   0.20   0.32      2      2      1   
Routing Failed to deliver
  0.79   0.10   0.29   0.10      5      5      1   
  0.20   0.54   0.12   0.82     31     11      1   
  0.57   0.94   0.51   0.16     10      8      1   
  0.15   0.25   0.83   0.23      7      7      1   
  0.48   0.71   0.75   0.30      5      5      1   
  0.26   0.49   0.18   0.25      3      3      1   
  0.20   0.54   0.15   0.07      5      5      1   
  0.94   0.03   0.51   0.16      5      5      1   
  0.25   1.00   0.60   0.37      8      8      1   
  0.61   0.93   0.83   0.15      9      9      1   
Routing Failed to deliver
  0.27   0.54   0.71   0.94     14      9      1   
  0.17   0.49   0.29   0.00      5      5      1   
Routing Failed to deliver
  0.15   0.07   0.59   0.18      5      5      1   
  0.57   0.86   0.54   0.28      7      6      1   
  0.97   0.32   0.18   0.25      9      9      1   
  0.13   0.18   0.05   0.07      2      2      1   
  0.60   0.32   0.53   0.02      4      4      1   
  0.26   0.49   0.10   0.55      2      2      1   
  0.10   0.46   0.59   0.42      5      5      1   
  0.00   0.51   0.77   0.14      9      9      1   
  0.12   0.30   0.02   0.45      2      2      1   
  0.78   0.97   0.29   0.37     12     11      1   
  0.54   0.60   0.78   0.93      6      6      1   
  0.79   0.24   0.17   0.06      6      6      1   
  0.18   0.37   0.61   0.56      7      6      1   
  0.94   0.03   0.27   0.11      7      7      1   
  0.50   0.11   0.29   0.00      3      3      1   
Routing Failed to deliver
Routing Failed to deliver
  0.39   0.35   0.48   0.71      7      6      1   
  0.89   0.90   0.27   0.11     14     12      1   
  0.85   0.86   0.26   0.32     13     12      1   
  0.21   0.91   0.20   0.54     21     10      1   
  0.12   0.82   0.92   0.10     13     12      1   
  0.48   0.71   0.15   0.25      9      8      1   
Routing Failed to deliver
  0.52   0.47   0.45   0.02      5      5      1   
  0.69   0.31   0.65   0.19      1      1      1   
  0.54   0.60   0.17   0.02      9      7      1   
Routing Failed to deliver
  0.01   0.94   0.67   0.37      9      9      1   
  0.65   0.19   0.38   0.02      3      3      1   
  0.52   0.47   0.05   0.31      6      6      1   
  0.75   0.26   0.82   0.14      2      2      1   
  0.25   0.05   0.92   0.10      8      8      1   
  0.13   0.52   0.68   0.82     14      9      1   
Routing Failed to deliver
  0.33   0.18   0.01   0.94     46     12      1   
  1.00   0.89   0.97   0.22     20     13      1   
  0.01   0.23   0.50   0.75     12     10      1   
  0.26   0.16   0.37   0.30      2      2      1   
  0.13   0.32   0.57   0.94     26      9      1   
  0.59   0.18   0.82   0.14      3      3      1   
Routing Failed to deliver
  0.08   0.10   0.85   0.86     22     14      1   
  0.23   0.37   0.02   0.45      3      3      1   
  0.54   0.82   0.23   0.37      9      8      1   
  0.63   0.35   0.89   0.08      4      4      1   
  0.09   0.97   0.20   0.81      3      3      1   
  0.89   0.98   0.27   0.54     11     10      1   
  0.65   0.13   0.38   0.02      3      3      1   
  0.15   0.38   0.91   0.25      8      8      1   
  0.60   0.37   0.63   0.35      1      1      1   
  0.69   0.82   0.33   0.18     10      9      1   
Routing Failed to deliver
  0.14   0.33   0.59   0.38      6      5      1   
  0.53   0.02   0.58   0.83      9      9      1   
  0.60   0.32   0.60   0.37      1      1      1   
Routing Failed to deliver
  0.34   0.16   0.54   0.96     15     10      1   
  0.21   0.91   0.52   0.91      4      4      1   
  0.01   0.23   0.13   0.52      3      3      1   
  0.92   0.01   0.89   0.08      1      1      1   
  0.25   1.00   0.58   0.83      4      4      1   
  0.15   0.07   0.57   0.86     26     10      1   
  0.78   0.93   0.60   0.37     14      9      1   
  1.00   0.89   0.57   0.86      4      4      1   
  0.09   0.18   0.20   0.01      2      2      1   
  0.20   0.17   0.54   0.09      3      3      1   
  0.26   0.49   0.15   0.38      2      2      1   
  0.21   0.91   0.26   0.17     24     11      1   
  0.06   0.03   0.31   0.03      3      3      1   
  0.69   0.18   0.55   0.03      2      2      1   
Routing Failed to deliver
  0.67   0.62   0.79   0.10      7      7      1   
  0.59   0.18   0.60   0.37      2      2      1   
  0.01   0.08   0.60   0.37      6      6      1   
  0.04   0.47   0.21   0.91     74     11      1   
  0.58   0.83   0.59   0.18      8      7      1   
  0.20   0.32   0.13   0.32      1      1      1   
  0.59   0.18   0.18   0.79     96     10      1   
  0.05   0.98   0.26   0.11     23     13      1   
  0.67   0.62   0.18   0.25      8      8      1   
Routing Failed to deliver
  0.59   0.79   0.22   0.52      9      8      1   
  0.20   0.54   0.21   0.12      4      4      1   
  0.09   0.18   0.50   0.11      4      4      1   
  0.39   0.35   0.14   0.33      2      2      1   
  0.53   0.33   0.50   0.61      4      4      1   
Routing Failed to deliver
  0.17   0.02   0.53   0.06      4      4      1   
  0.54   0.96   0.79   0.10     10     10      1   
  0.23   0.37   0.74   0.82     16     10      1   
  0.74   0.82   0.89   0.90      2      2      1   
  0.57   0.94   0.44   0.91      2      2      1   
  0.17   0.78   0.61   0.56      6      6      1   
  0.54   0.28   0.15   0.18      4      4      1   
  0.12   0.30   0.10   0.46      2      2      1   
  0.20   0.54   0.04   0.08      5      5      1   
  0.31   0.86   0.94   0.26      9      9      1   
  0.18   0.25   0.44   0.14      3      3      1   
  0.25   1.00   0.04   0.08     26     13      1   
Routing Failed to deliver
  0.21   0.91   0.68   0.82      6      6      1   
  0.77   0.14   0.44   0.25      4      4      1   
  0.50   0.61   0.45   0.02      7      7      1   
Routing Failed to deliver
  0.54   0.60   0.26   0.17      8      6      1   
  0.76   0.14   0.51   0.83      8      7      1   
  0.13   0.37   0.20   0.54      2      2      1   
  0.59   0.38   0.57   0.86      5      5      1   
Routing Failed to deliver
  0.58   0.85   0.18   0.37     10      9      1   
  0.83   0.09   0.37   0.30      6      6      1   
  0.71   0.94   0.69   0.24     13      9      1   
  0.12   0.32   0.54   0.60      7      6      1   
  0.39   0.35   0.76   0.14      5      5      1   
  0.48   0.47   0.00   0.51      5      5      1   
  0.12   0.30   0.31   0.86     67     10      1   
  0.79   0.24   0.75   0.80     15      9      1   
  0.06   0.99   0.68   0.82      8      8      1   
  1.00   0.89   0.69   0.24     16     11      1   
  0.59   0.15   0.67   0.37      3      3      1   
  0.54   0.85   0.59   0.42      5      5      1   
  0.01   0.23   0.69   0.18      7      7      1   
  1.00   0.89   0.75   0.26     16     11      1   
Routing Failed to deliver
  0.50   0.11   0.39   0.35      3      3      1   
  0.15   0.25   0.64   0.40      9      6      1   
  0.52   0.91   0.61   0.93      1      1      1   
  0.05   0.07   0.02   0.45      4      4      1   
  0.17   0.06   0.92   0.10      8      8      1   
  0.79   0.24   0.77   0.79     15      9      1   
Routing Failed to deliver
  0.06   0.99   0.08   0.10     25     15      1   
  0.31   0.86   0.53   0.33      7      7      1   
  0.59   0.42   0.34   0.16      4      4      1   
  0.44   0.25   0.80   0.30      4      4      1   
  0.80   0.30   0.05   0.07      8      8      1   
  0.59   0.42   0.15   0.25      5      5      1   
  0.09   0.18   0.22   0.52      4      4      1   
  0.78   0.97   0.50   0.11     13     11      1   
  0.77   0.79   0.74   0.82      1      1      1   
Routing Failed to deliver
  0.40   0.36   0.12   0.30      3      3      1   
  0.63   0.03   0.73   0.97     14     11      1   
  0.54   0.60   0.32   0.48      4      4      1   
Routing Failed to deliver
Routing Failed to deliver
  0.92   0.01   0.83   0.23      3      3      1   
  0.69   0.82   0.25   0.87      5      5      1   
  0.67   0.62   0.18   0.77      7      7      1   
  0.32   0.48   0.06   0.99     94     11      1   
  0.36   0.90   0.79   0.10     10     10      1   
  0.53   0.06   0.97   0.32      5      5      1   
  0.53   0.02   0.71   0.94     15     11      1   
  0.13   0.52   0.04   0.47      1      1      1   
  0.69   0.24   0.13   0.37      7      7      1   
  0.71   0.00   0.83   0.09      2      2      1   
  0.45   0.69   0.12   0.30      8      8      1   
  0.22   0.52   0.34   0.50      1      1      1   
  0.20   0.17   0.19   0.06      1      1      1   
  0.61   0.93   0.18   0.25     12     11      1   
  0.50   0.11   0.92   0.10      5      5      1   
  0.10   0.46   0.37   0.30      3      3      1   
  0.75   0.80   0.69   0.47     10      7      1   
  0.26   0.16   0.01   0.87     39     13      1   
  0.79   0.10   0.91   0.25      2      2      1   
  0.61   0.32   0.80   0.30      2      2      1   
  0.18   0.25   0.37   0.30      2      2      1   
  0.03   0.46   0.32   0.48      3      3      1   
  0.60   0.32   0.16   0.04      5      5      1   
  0.44   0.14   0.28   0.02      3      3      1   
  0.20   0.32   0.51   0.83     10      8      1   
  0.83   0.23   0.19   0.85     95      9      1   
  0.83   0.09   0.18   0.37      8      8      1   
Routing Failed to deliver
  0.65   0.23   0.31   0.03      4      4      1   
  0.29   0.00   0.97   0.22      7      7      1   
  0.20   0.17   0.04   0.04      2      2      1   
  0.53   0.06   0.26   0.11      3      3      1   
  1.00   0.89   0.14   0.33     14     13      1   
Routing Failed to deliver
  0.37   0.30   0.26   0.17      2      2      1   
  0.68   0.55   0.50   0.93      5      5      1   
Routing Failed to deliver
  0.06   0.03   0.02   0.45      5      5      1   
  0.08   0.38   0.04   0.47      1      1      1   
  0.10   0.55   0.36   0.94     31     10      1   
Routing Failed to deliver
  0.26   0.16   0.09   0.18      2      2      1   
  0.24   0.89   0.45   0.02     22     11      1   
  0.67   0.62   0.54   0.28      4      4      1   
  0.73   0.97   0.59   0.42      7      7      1   
  0.09   0.97   0.97   0.32     13     13      1   
  0.26   0.34   0.92   0.01      8      8      1   
Routing Failed to deliver
  0.06   0.99   0.52   0.91      6      6      1   
  0.79   0.93   0.59   0.42      8      8      1   
Routing Failed to deliver
  0.12   0.32   0.83   0.15      9      8      1   
  0.36   0.55   0.79   0.93     15     10      1   
  0.06   0.99   0.44   0.95      6      5      1   
  0.75   0.30   0.57   0.94     10      7      1   
  0.29   0.00   0.50   0.11      3      3      1   
  0.65   0.23   0.22   0.49      6      6      1   
  0.08   0.10   0.78   0.97     19     14      1   
  0.36   0.90   0.40   0.36     10      9      1   
  0.04   0.04   0.91   0.25      9      8      1   
  0.79   0.93   0.55   0.03     16     12      1   
  0.54   0.28   0.55   0.41      1      1      1   
  0.48   0.47   0.69   0.31      3      3      1   
  0.00   0.51   0.57   0.86     12     10      1   
Routing Failed to deliver
  0.83   0.23   0.59   0.42      3      3      1   
  0.17   0.02   0.22   0.49      4      4      1   
  0.50   0.11   0.21   0.12      3      3      1   
  0.53   0.48   0.51   0.83      3      3      1   
  0.61   0.32   0.29   0.10      4      4      1   
  0.01   0.21   0.92   0.10      9      9      1   
  0.59   0.18   0.05   0.07      6      6      1   
  0.16   0.04   0.17   0.06      1      1      1   
Routing Failed to deliver
  0.18   0.25   0.65   0.19      6      6      1   
  0.51   0.83   0.71   0.00      9      9      1   
  0.07   0.20   0.15   0.25      1      1      1   
  0.77   0.79   0.93   0.10     16     11      1   
  0.65   0.23   0.48   0.47      3      3      1   
  0.54   0.60   0.32   0.48      4      4      1   
  0.89   0.90   0.23   0.44     12     11      1   
  0.20   0.32   0.83   0.09      8      8      1   
  0.17   0.02   0.15   0.38      4      4      1   
  0.01   0.87   0.75   0.26     12     11      1   
  0.54   0.60   0.44   0.95      4      4      1   
  0.89   0.90   0.50   0.93      4      4      1   
  0.28   0.12   0.67   0.62     12      7      1   
  0.26   0.11   0.57   0.86     14      9      1   
  0.26   0.34   0.21   0.12      2      2      1   
  0.26   0.16   0.00   0.51      4      4      1   
  0.61   0.56   0.38   0.02      7      7      1   
  0.34   0.16   0.04   0.47      5      5      1   
  0.17   0.78   0.05   0.98      3      3      1   
  0.79   0.93   0.09   0.18     14     13      1   
  0.27   0.54   0.54   0.82     21      7      1   
Routing Failed to deliver
  0.28   0.12   0.57   0.86     14      9      1   
  0.13   0.32   0.13   0.52      3      3      1   
  0.82   0.14   0.20   0.01      7      7      1   
  0.60   0.37   0.20   0.54      5      5      1   
  0.99   0.22   0.55   0.03      6      5      1   
  0.14   0.77   0.04   0.47     26     12      1   
  0.17   0.78   0.20   0.17     19     12      1   
  0.33   0.18   0.04   0.04      3      3      1   
  0.01   0.94   0.08   0.38     25     14      1   
  0.59   0.79   0.48   0.47      6      5      1   
  0.04   0.08   0.64   0.40      9      7      1   
  0.20   0.17   0.44   0.95     32     10      1   
  0.32   0.48   0.48   0.71      7      5      1   
  0.61   0.56   0.75   0.30      3      3      1   
  0.29   0.10   0.14   0.77     33     12      1   
  0.54   0.96   0.28   0.12     11     10      1   
  0.94   0.26   0.52   0.91     12      9      1   
  0.65   0.19   0.04   0.08      6      6      1   
  0.68   0.82   0.20   0.32     11     10      1   
  0.18   0.79   0.01   0.87      2      2      1   
  0.09   0.97   0.17   0.49     22     12      1   
  0.89   0.98   0.05   0.31     14     13      1   
  0.08   0.38   0.68   0.55      8      8      1   
  0.54   0.96   0.53   0.06     10      9      1   
Routing Failed to deliver
  0.36   0.94   0.54   0.60      4      4      1   
  0.55   0.03   0.02   0.45      7      7      1   
  0.44   0.95   0.59   0.42      7      6      1   
  0.04   0.43   0.50   0.75     32      8      1   
  0.17   0.02   0.65   0.23      6      5      1   
  0.17   0.49   0.10   0.46      1      1      1   
  0.54   0.96   0.79   0.10     10     10      1   
  0.27   0.54   0.71   0.94     14      9      1   
  0.83   0.23   0.83   0.15      1      1      1   
  0.20   0.17   0.36   0.55      4      4      1   
  0.18   0.37   0.24   0.89     68     11      1   
  0.28   0.02   0.67   0.37      6      6      1   
