  0.34   0.22   0.88   0.94     11     11      1   
Routing Failed to deliver
  0.34   0.08   0.30   0.18      1      1      1   
  0.03   0.32   0.43   0.50      5      5      1   
  0.49   0.23   0.12   0.18      4      4      1   
  0.30   0.18   0.67   0.30      4      4      1   
  0.65   0.98   0.36   0.00     11     11      1   
  0.64   0.84   0.04   0.95      7      7      1   
  0.09   0.43   0.08   0.26      2      2      1   
  0.67   0.30   0.17   0.21      5      5      1   
  0.69   0.45   0.78   0.95      7      7      1   
  0.67   0.01   0.65   0.98     10     10      1   
  0.29   0.91   0.65   0.18     11     11      1   
  0.16   0.17   0.13   0.05      1      1      1   
Routing Failed to deliver
  0.06   0.36   0.58   0.39      5      5      1   
  0.64   0.22   0.28   0.55      6      6      1   
  0.42   0.86   0.56   0.78      2      2      1   
  0.05   0.29   0.28   0.51      3      3      1   
Routing Failed to deliver
  0.26   0.49   0.86   0.89     10     10      1   
  0.34   0.52   0.50   0.69      6      5      1   
  0.13   0.05   0.33   0.51      5      5      1   
  0.03   0.89   0.67   0.30     12     12      1   
  0.89   0.06   0.67   0.30      4      4      1   
  0.03   0.40   0.92   0.83     13     13      1   
  0.58   0.39   0.09   0.08      6      6      1   
  0.24   0.26   0.57   0.82      9      8      1   
  0.18   0.11   0.26   0.37      3      3      1   
  0.03   0.89   0.14   0.86      1      1      1   
  0.95   0.82   0.38   0.24     11     11      1   
  0.14   0.23   0.17   0.02      2      2      1   
  0.69   0.06   0.60   0.03      1      1      1   
Routing Failed to deliver
  0.26   0.37   0.28   0.53      2      2      1   
Routing Failed to deliver
Routing Failed to deliver
  0.45   0.29   0.56   0.12      2      2      1   
  0.73   0.90   0.49   0.10     21      9      1   
  0.55   0.56   0.25   0.53      4      4      1   
  0.37   0.40   0.69   0.06      5      5      1   
  0.05   0.19   0.26   0.37      3      3      1   
  0.56   0.12   0.54   0.11      1      1      1   
  0.74   0.08   0.64   0.22      2      2      1   
  0.16   0.52   0.33   0.32      3      3      1   
  0.28   0.33   0.03   0.02      4      4      1   
  0.71   0.91   0.29   0.12     10     10      1   
  0.35   0.54   0.50   0.39      2      2      1   
  0.56   0.39   0.64   0.22      2      2      1   
Routing Failed to deliver
  0.14   0.84   0.49   0.10     13     12      1   
  0.88   0.85   0.94   0.79      1      1      1   
  0.43   0.92   0.05   0.79      5      4      1   
  0.12   0.18   0.25   0.05      2      2      1   
  0.57   0.82   0.91   0.01     11     10      1   
  0.30   0.18   0.26   0.25      1      1      1   
  0.08   0.44   0.39   0.17      4      4      1   
  0.13   0.11   0.55   0.08      4      4      1   
  0.56   0.39   0.28   0.51      4      4      1   
  0.55   0.56   0.49   0.23      5      5      1   
  0.28   0.33   0.55   0.08      4      4      1   
  0.38   0.24   0.66   0.24      3      3      1   
  0.03   0.02   0.18   0.38      4      4      1   
  0.08   0.26   0.52   0.89     11      9      1   
  0.45   0.28   0.67   0.82      7      7      1   
Routing Failed to deliver
  0.64   0.87   0.69   0.97      1      1      1   
  0.67   0.30   0.41   0.29      3      3      1   
  0.91   0.01   0.06   0.04      8      8      1   
  0.03   0.40   0.74   0.94     11     11      1   
  0.27   0.24   0.10   0.09      2      2      1   
  0.10   0.25   0.28   0.53      3      3      1   
  0.16   0.45   0.91   0.01      8      8      1   
  0.75   0.17   0.31   0.55      6      6      1   
  0.65   0.13   0.56   0.39      3      3      1   
  0.64   0.87   0.50   0.69      2      2      1   
  0.64   0.84   0.18   0.97      5      5      1   
  0.09   0.08   0.10   0.17      1      1      1   
  0.89   0.06   0.12   0.18      8      7      1   
  0.75   0.17   0.39   0.52      6      6      1   
  0.46   0.10   0.12   0.18      3      3      1   
  0.54   0.01   0.49   0.23      2      2      1   
  0.88   0.85   0.66   0.06     13     12      1   
Routing Failed to deliver
  0.10   0.17   0.69   0.97     11     10      1   
Routing Failed to deliver
  0.66   0.24   0.36   0.37      3      3      1   
  0.44   0.85   0.46   0.88      1      1      1   
Routing Failed to deliver
Routing Failed to deliver
  0.08   0.26   0.24   0.49      3      3      1   
  0.67   0.01   0.64   0.84      9      9      1   
  0.26   0.42   0.28   0.33      1      1      1   
  0.05   0.19   0.26   0.49      4      4      1   
  0.39   0.52   0.44   0.85     13      7      1   
Routing Failed to deliver
  0.43   0.50   0.09   0.43      4      4      1   
Routing Failed to deliver
  0.88   0.85   0.34   0.22     11     11      1   
  0.04   0.80   0.01   0.99      2      2      1   
  0.22   0.95   0.56   0.12     13     11      1   
  0.70   0.81   0.18   0.97      6      6      1   
  0.38   0.24   0.95   0.94     12     12      1   
  0.57   0.76   0.58   0.65      1      1      1   
Routing Failed to deliver
  0.24   0.14   0.65   0.08      4      4      1   
Routing Failed to deliver
  0.20   0.47   0.60   0.03      6      6      1   
  0.33   0.51   0.04   0.12      5      5      1   
Routing Failed to deliver
  0.08   0.86   0.23   0.85      2      2      1   
  0.09   0.16   0.64   0.84     10     10      1   
  0.46   0.10   0.03   0.32      5      5      1   
  0.09   0.43   0.55   0.08      6      6      1   
  0.65   0.13   0.12   0.24      6      6      1   
Routing Failed to deliver
  0.39   0.17   0.50   0.69      7      7      1   
  0.46   0.14   0.25   0.05      3      3      1   
  0.56   0.78   0.01   0.99      7      7      1   
  0.45   0.29   0.06   0.36      4      4      1   
  0.33   0.32   0.29   0.12      2      2      1   
  0.67   0.01   0.35   0.23      4      4      1   
  0.69   0.06   0.08   0.44      7      7      1   
  0.56   0.56   0.69   0.97      4      4      1   
  0.28   0.51   0.60   0.03      6      6      1   
Routing Failed to deliver
  0.17   0.19   0.43   0.69     13      9      1   
  0.80   0.05   0.78   0.95     12     11      1   
  0.25   0.05   0.03   0.31      4      4      1   
  0.58   0.93   0.45   0.29      8      8      1   
  0.26   0.37   0.60   0.52      4      4      1   
  0.26   0.42   0.06   0.36      2      2      1   
  0.55   0.56   0.66   0.24      4      4      1   
  0.44   0.85   0.81   0.00     14     11      1   
Routing Failed to deliver
Routing Failed to deliver
  0.75   0.17   0.50   0.69      7      7      1   
  0.18   0.11   0.23   0.21      1      1      1   
  0.17   0.21   0.03   0.31      2      2      1   
  0.56   0.56   0.26   0.32      5      5      1   
  0.70   0.19   0.91   0.74     12     11      1   
  0.44   0.99   0.65   0.44      6      6      1   
  0.69   0.06   0.01   0.24      7      7      1   
  0.69   0.06   0.70   0.19      1      1      1   
Routing Failed to deliver
  0.88   0.85   0.65   0.08     12     11      1   
  0.28   0.55   0.74   0.94      8      8      1   
  0.66   0.06   0.18   0.38      6      6      1   
Routing Failed to deliver
  0.57   0.82   0.43   0.92      2      2      1   
Routing Failed to deliver
  0.28   0.25   0.41   0.04      3      3      1   
  0.55   0.24   0.01   0.44      6      6      1   
  0.58   0.93   0.56   0.12      9      9      1   
  0.54   0.52   0.84   0.78      6      6      1   
Routing Failed to deliver
  0.33   0.23   0.43   0.69     12      8      1   
  0.30   0.40   0.28   0.51      1      1      1   
Routing Failed to deliver
  0.60   0.31   0.12   0.35      5      5      1   
Routing Failed to deliver
Routing Failed to deliver
  0.31   0.55   0.03   0.02      6      6      1   
  0.13   0.05   0.45   0.28      4      4      1   
  0.34   0.82   0.41   0.04     12     11      1   
  0.12   0.18   0.17   0.34      2      2      1   
Routing Failed to deliver
Routing Failed to deliver
  0.14   0.86   0.64   0.87      5      5      1   
  0.16   0.86   0.22   0.91      1      1      1   
  0.31   0.55   0.64   0.84      6      6      1   
  0.38   0.91   0.03   0.81      4      4      1   
  0.17   0.50   0.58   0.93      9      9      1   
  0.81   0.00   0.84   0.78     12     12      1   
  0.20   0.47   0.03   0.02      5      5      1   
  0.86   0.89   0.43   0.69      6      6      1   
  0.37   0.83   0.56   0.12     23     10      1   
  0.23   0.31   0.91   0.74     12     11      1   
  0.65   0.08   0.29   0.12      4      4      1   
  0.25   0.53   0.71   0.91      8      8      1   
  0.16   0.52   0.36   0.37      3      3      1   
  0.70   0.19   0.06   0.39      6      6      1   
  0.04   0.80   0.31   1.00      3      3      1   
  0.33   0.51   0.17   0.19      4      4      1   
  0.36   0.00   0.17   0.21      3      3      1   
  0.13   0.11   0.74   0.08      6      6      1   
Routing Failed to deliver
Routing Failed to deliver
Routing Failed to deliver
  0.03   0.02   0.26   0.42      5      5      1   
  0.23   0.21   0.26   0.37      2      2      1   
  0.23   0.85   0.03   0.89      2      2      1   
  0.17   0.21   0.46   0.14      3      3      1   
  0.94   0.79   0.70   0.23     11     10      1   
  0.34   0.22   0.01   0.44      4      4      1   
  0.27   0.24   0.66   0.24      4      4      1   
  0.03   0.31   0.06   0.39      1      1      1   
  0.10   0.25   0.43   0.20      4      4      1   
Routing Failed to deliver
  0.66   0.24   0.64   0.22      1      1      1   
  0.01   0.44   0.46   0.10      6      6      1   
  0.28   0.33   0.03   0.40      3      3      1   
Routing Failed to deliver
  0.34   0.52   0.56   0.26      4      4      1   
  0.17   0.02   0.24   0.14      2      2      1   
  0.69   0.06   0.18   0.11      5      5      1   
Routing Failed to deliver
  0.65   0.13   0.70   0.19      1      1      1   
  0.56   0.78   0.60   0.03      8      8      1   
  0.28   0.17   0.33   0.23      1      1      1   
  0.88   0.85   0.51   0.23     10     10      1   
  0.66   0.24   0.50   0.69      6      6      1   
Routing Failed to deliver
  0.58   0.93   0.36   0.00     11     11      1   
  0.26   0.49   0.67   0.01      7      7      1   
  0.88   0.85   0.01   0.94     10     10      1   
  0.34   0.52   0.26   0.32      2      2      1   
  0.01   0.99   0.66   0.24     13     13      1   
  0.30   0.40   0.41   0.30      2      2      1   
  0.33   0.37   0.49   0.10      3      3      1   
  0.80   0.05   0.58   0.65      7      7      1   
  0.49   0.23   0.69   0.06      3      3      1   
Routing Failed to deliver
  0.34   0.52   0.67   0.01      6      6      1   
  0.94   0.79   0.22   0.95      8      7      1   
Routing Failed to deliver
  0.64   0.22   0.04   0.12      6      6      1   
Routing Failed to deliver
  0.94   0.79   0.03   0.89      9      9      1   
  0.46   0.14   0.65   0.18      2      2      1   
  0.30   0.18   0.58   0.39      4      4      1   
  0.54   0.01   0.28   0.17      3      3      1   
Routing Failed to deliver
  0.64   0.22   0.55   0.56      4      4      1   
  0.81   0.89   0.67   0.01     12     11      1   
Routing Failed to deliver
Routing Failed to deliver
  0.03   0.02   0.09   0.43      4      4      1   
  0.03   0.81   0.50   0.39     12     11      1   
  0.88   0.85   0.32   0.98      7      6      1   
  0.03   0.40   0.60   0.03      6      6      1   
  0.67   0.82   0.14   0.84      6      6      1   
Routing Failed to deliver
  0.66   0.06   0.65   0.18      1      1      1   
  0.41   0.29   0.39   0.17      1      1      1   
  0.33   0.23   0.70   0.81      9      9      1   
  0.16   0.86   0.59   0.19     12     11      1   
  0.23   0.21   0.57   0.00      4      4      1   
  0.92   0.83   0.01   0.99     11     10      1   
  0.86   0.89   0.29   0.12     12     12      1   
  0.28   0.25   0.50   0.69      7      7      1   
  0.51   0.23   0.80   0.05      3      3      1   
Routing Failed to deliver
  0.41   0.04   0.30   0.53      5      5      1   
  0.18   0.97   0.25   0.05     25     14      1   
  0.34   0.08   0.60   0.52      5      5      1   
  0.22   0.95   0.56   0.26     12     10      1   
  0.60   0.31   0.17   0.02      5      5      1   
  0.35   0.54   0.08   0.44      3      3      1   
  0.17   0.50   0.28   0.17      4      4      1   
  0.41   0.30   0.84   0.78      9      9      1   
  0.34   0.22   0.64   0.22      3      3      1   
  0.70   0.81   0.88   0.94      3      3      1   
  0.80   0.05   0.09   0.16      7      7      1   
  0.33   0.51   0.46   0.10      4      4      1   
Routing Failed to deliver
  0.23   0.31   0.57   0.82      8      8      1   
  0.16   0.45   0.91   0.01      8      8      1   
  0.16   0.86   0.84   0.78      7      7      1   
  0.34   0.52   0.55   0.56      3      3      1   
  0.67   0.01   0.29   0.12      4      4      1   
Routing Failed to deliver
  0.23   0.21   0.74   0.77      9      9      1   
  0.41   1.00   0.71   0.91      4      4      1   
Routing Failed to deliver
  0.26   0.37   0.24   0.23      2      2      1   
  0.03   0.31   0.80   0.05      8      8      1   
  0.33   0.37   0.21   0.53      2      2      1   
  0.03   0.81   0.01   0.94      2      2      1   
  0.69   0.97   0.38   0.12     10     10      1   
  0.16   0.45   0.05   0.29      2      2      1   
  0.66   0.06   0.18   0.11      5      5      1   
  0.90   0.01   0.74   0.94     13     11      1   
  0.64   0.87   0.65   0.98      1      1      1   
  0.88   0.94   0.74   0.77      3      3      1   
  0.23   0.85   0.18   0.97      2      2      1   
  0.10   0.17   0.37   0.40      3      3      1   
  0.60   0.52   0.38   0.24      4      4      1   
  0.43   0.50   0.69   0.11      5      5      1   
  0.47   0.12   0.55   0.24      2      2      1   
  0.29   0.91   0.75   0.17     11     11      1   
Routing Failed to deliver
Routing Failed to deliver
  0.49   0.10   0.55   0.08      1      1      1   
Routing Failed to deliver
  0.17   0.21   0.91   0.74     13     12      1   
  0.67   0.30   0.17   0.19      5      5      1   
  0.46   0.88   0.73   0.90      3      3      1   
  0.54   0.11   0.26   0.42      4      4      1   
Routing Failed to deliver
Routing Failed to deliver
Routing Failed to deliver
  0.34   0.22   0.80   0.05      5      5      1   
  0.28   0.53   0.89   0.06      9      8      1   
  0.34   0.22   0.28   0.51      3      3      1   
  0.50   0.69   0.70   0.19      7      7      1   
  0.14   0.23   0.35   0.23      2      2      1   
  0.34   0.22   0.14   0.23      2      2      1   
  0.94   0.79   0.60   0.03     13     12      1   
  0.46   0.14   0.47   0.12      1      1      1   
Routing Failed to deliver
  0.30   0.40   0.56   0.78      6      6      1   
  0.34   0.22   0.06   0.36      3      3      1   
  0.06   0.36   0.59   0.19      5      5      1   
  0.12   0.24   0.44   0.99     33     10      1   
  0.70   0.81   0.43   0.20     12      9      1   
  0.66   0.24   0.56   0.78      6      6      1   
  0.89   0.06   0.24   0.14      7      6      1   
Routing Failed to deliver
Routing Failed to deliver
  0.37   0.40   0.30   0.40      1      1      1   
  0.54   0.01   0.34   0.52      5      5      1   
  0.16   0.52   0.08   0.26      3      3      1   
  0.31   0.55   0.11   0.40      3      3      1   
  0.23   0.85   0.67   0.30     10     10      1   
  0.01   0.94   0.41   1.00      5      5      1   
Routing Failed to deliver
  0.70   0.23   0.41   0.29      3      3      1   
  0.81   0.89   0.84   0.78      1      1      1   
  0.17   0.34   0.59   0.19      4      4      1   
  0.60   0.03   0.33   0.51      5      5      1   
  0.55   0.24   0.91   0.01      4      4      1   
  0.50   0.39   0.12   0.35      4      4      1   
  0.01   0.99   0.46   0.14     15     14      1   
  0.41   0.30   0.13   0.05      4      4      1   
  0.03   0.89   0.04   0.80      1      1      1   
Routing Failed to deliver
Routing Failed to deliver
  0.37   0.40   0.66   0.24      4      4      1   
  0.81   0.00   0.44   0.38      5      5      1   
  0.86   0.89   0.65   0.44      8      8      1   
  0.54   0.11   0.81   0.00      3      3      1   
  0.89   0.06   0.56   0.78      9      9      1   
  0.06   0.36   0.90   0.01      8      8      1   
  0.50   0.69   0.64   0.87      2      2      1   
Routing Failed to deliver
Routing Failed to deliver
  0.70   0.23   0.06   0.39      6      6      1   
  0.75   0.17   0.17   0.34      6      6      1   
  0.43   0.69   0.58   0.93      4      4      1   
  0.56   0.26   0.69   0.11      2      2      1   
Routing Failed to deliver
Routing Failed to deliver
  0.30   0.53   0.65   0.08      6      6      1   
  0.41   0.30   0.17   0.02      4      4      1   
  0.04   0.12   0.24   0.49      4      4      1   
  0.65   0.44   0.46   0.88      6      6      1   
  0.52   0.89   0.44   0.99      1      1      1   
Routing Failed to deliver
  0.03   0.89   0.88   0.94      9      9      1   
  0.57   0.82   0.56   0.39      5      5      1   
  0.55   0.24   0.67   0.82      7      7      1   
  0.67   0.30   0.34   0.52      5      5      1   
Routing Failed to deliver
  0.54   0.11   0.45   0.38      3      3      1   
Routing Failed to deliver
  0.46   0.14   0.28   0.25      3      3      1   
  0.67   0.82   0.01   0.94      8      8      1   
Routing Failed to deliver
  0.56   0.56   0.39   0.17      5      5      1   
Routing Failed to deliver
  0.17   0.19   0.56   0.78      8      8      1   
  0.22   0.91   0.89   0.06     15     13      1   
  0.45   0.29   0.69   0.45      3      3      1   
Routing Failed to deliver
  0.38   0.24   0.54   0.52      4      4      1   
  0.92   0.83   0.04   0.80      9      9      1   
  0.34   0.52   0.13   0.05      5      5      1   
  0.34   0.52   0.16   0.17      4      4      1   
  0.25   0.53   0.45   0.29      3      3      1   
  0.03   0.32   0.30   0.40      3      3      1   
Routing Failed to deliver
  0.26   0.49   0.69   0.45      5      5      1   
  0.81   0.00   0.58   0.39      5      5      1   
Routing Failed to deliver
  0.26   0.37   0.17   0.21      2      2      1   
Routing Failed to deliver
  0.75   0.17   0.44   0.99      9      9      1   
Routing Failed to deliver
  0.32   0.98   0.44   0.85      2      2      1   
  0.92   0.83   0.64   0.22     11     10      1   
  0.03   0.31   0.22   0.39      2      2      1   
  0.28   0.17   0.57   0.00      3      3      1   
  0.71   0.91   0.37   0.83      4      4      1   
Routing Failed to deliver
Routing Failed to deliver
  0.55   0.08   0.17   0.19      4      4      1   
Routing Failed to deliver
  0.14   0.86   0.44   0.99      3      3      1   
  0.34   0.82   0.92   0.83      6      6      1   
  0.38   0.91   0.59   0.19     11      9      1   
  0.86   0.89   0.88   0.94      1      1      1   
  0.56   0.78   0.65   0.44      4      4      1   
Routing Failed to deliver
  0.05   0.29   0.29   0.12      3      3      1   
Routing Failed to deliver
  0.65   0.08   0.25   0.53      6      6      1   
Routing Failed to deliver
  0.22   0.91   0.34   0.08     14     12      1   
  0.65   0.08   0.08   0.26      6      6      1   
  0.24   0.14   0.41   0.30      2      2      1   
  0.67   0.82   0.81   0.00     21     10      1   
  0.95   0.82   0.36   0.00     13     13      1   
Routing Failed to deliver
  0.41   1.00   0.39   0.17     22     10      1   
Routing Failed to deliver
  0.23   0.21   0.95   0.82     11     11      1   
  0.41   0.04   0.28   0.25      3      3      1   
  0.02   0.14   0.52   0.89     12     10      1   
  0.46   0.14   0.69   0.06      3      3      1   
  0.90   0.01   0.06   0.36      9      8      1   
  0.49   0.23   0.06   0.04      5      5      1   
  0.10   0.25   0.43   0.50      4      4      1   
  0.64   0.22   0.41   0.30      3      3      1   
Routing Failed to deliver
  0.46   0.10   0.17   0.34      4      4      1   
  0.26   0.42   0.69   0.97      8      8      1   
  0.54   0.11   0.39   0.17      2      2      1   
  0.37   0.83   0.54   0.11     23     10      1   
  0.17   0.02   0.56   0.39      6      6      1   
  0.06   0.36   0.10   0.25      1      1      1   
Routing Failed to deliver
  0.56   0.26   0.55   0.24      1      1      1   
  0.24   0.14   0.20   0.47      3      3      1   
Routing Failed to deliver
  0.17   0.27   0.89   0.06      7      7      1   
  0.54   0.52   0.75   0.17      4      4      1   
  0.46   0.10   0.65   0.13      2      2      1   
  0.60   0.52   0.06   0.36      6      6      1   
Routing Failed to deliver
Routing Failed to deliver
  0.41   0.30   0.94   0.79     11     10      1   
  0.73   0.90   0.39   0.17     12      9      1   
  0.08   0.86   0.57   0.00     15     14      1   
  0.35   0.23   0.50   0.69      7      7      1   
  0.16   0.45   0.18   0.38      1      1      1   
Routing Failed to deliver
  0.50   0.69   0.44   0.99      3      3      1   
Routing Failed to deliver
  0.66   0.24   0.60   0.31      1      1      1   
  0.45   0.29   0.65   0.98      8      8      1   
  0.01   0.44   0.13   0.05      4      4      1   
  0.01   0.94   0.56   0.56      9      9      1   
  0.17   0.34   0.67   0.82      8      8      1   
Routing Failed to deliver
Routing Failed to deliver
  0.06   0.04   0.54   0.01      6      5      1   
  0.20   0.47   0.28   0.53      1      1      1   
  0.14   0.23   0.84   0.78     11     11      1   
Routing Failed to deliver
  0.09   0.08   0.25   0.53      5      5      1   
  0.45   0.28   0.49   0.23      1      1      1   
Routing Failed to deliver
  0.05   0.29   0.12   0.24      1      1      1   
  0.25   0.53   0.16   0.52      1      1      1   
  0.42   0.86   0.25   0.05     25     11      1   
  0.51   0.23   0.21   0.53      4      4      1   
  0.81   0.00   0.74   0.08      1      1      1   
Routing Failed to deliver
  0.34   0.08   0.13   0.05      2      2      1   
Routing Failed to deliver
  0.69   0.06   0.89   0.06      2      2      1   
Routing Failed to deliver
  0.58   0.93   0.43   0.69      4      4      1   
Routing Failed to deliver
  0.12   0.24   0.13   0.11      1      1      1   
  0.54   0.52   0.05   0.29      6      5      1   
Routing Failed to deliver
  0.13   0.11   0.25   0.53      4      4      1   
  0.36   0.37   0.14   0.23      3      3      1   
  0.24   0.49   0.09   0.16      4      4      1   
  0.27   0.24   0.70   0.19      4      4      1   
  0.33   0.51   0.03   0.02      6      6      1   
  0.26   0.25   0.67   0.30      4      4      1   
  0.33   0.23   0.45   0.38      2      2      1   
  0.56   0.12   0.45   0.38      3      3      1   
  0.10   0.09   0.71   0.91     11     11      1   
  0.14   0.84   0.90   0.01     15     14      1   
  0.58   0.93   0.88   0.85      4      4      1   
  0.17   0.27   0.23   0.31      1      1      1   
  0.67   0.82   0.46   0.14      8      8      1   
  0.39   0.17   0.17   0.21      2      2      1   
  0.64   0.22   0.09   0.43      6      6      1   
  0.18   0.11   0.86   0.89     13     12      1   
  0.47   0.12   0.09   0.43      5      5      1   
  0.30   0.53   0.58   0.93      8      8      1   
  0.41   0.29   0.69   0.11      3      3      1   
  0.69   0.45   0.71   0.91      6      6      1   
  0.01   0.99   0.34   0.82      4      4      1   
  0.45   0.29   0.28   0.51      3      3      1   
Routing Failed to deliver
  0.10   0.09   0.66   0.24      6      6      1   
  0.88   0.85   0.47   0.12     11     11      1   
Routing Failed to deliver
  0.17   0.34   0.92   0.83     11     11      1   
  0.13   0.05   0.90   0.01      8      7      1   
  0.60   0.03   0.23   0.31      4      4      1   
Routing Failed to deliver
  0.17   0.27   0.92   0.83     11     11      1   
  0.60   0.52   0.03   0.40      7      6      1   
  0.09   0.08   0.81   0.89     12     12      1   
  0.33   0.51   0.41   0.04      4      4      1   
  0.95   0.82   0.25   0.05     13     13      1   
  0.54   0.52   0.41   0.35      3      3      1   
  0.25   0.53   0.13   0.05      5      5      1   
  0.18   0.11   0.36   0.37      3      3      1   
Routing Failed to deliver
  0.20   0.96   0.04   0.80      2      2      1   
  0.06   0.04   0.59   0.19      6      6      1   
  0.01   0.94   0.44   0.85      5      5      1   
Routing Failed to deliver
  0.57   0.00   0.73   0.83     10     10      1   
  0.01   0.44   0.55   0.24      6      6      1   
Routing Failed to deliver
  0.12   0.18   0.64   0.84      9      9      1   
  0.28   0.53   0.26   0.42      1      1      1   
  0.90   0.01   0.56   0.26      4      4      1   
Routing Failed to deliver
  0.66   0.06   0.26   0.32      5      5      1   
Routing Failed to deliver
  0.52   0.89   0.70   0.23      7      7      1   
  0.13   0.05   0.01   0.44      4      4      1   
  0.03   0.40   0.33   0.37      3      3      1   
  0.49   0.10   0.28   0.55      5      5      1   
  0.09   0.43   0.44   0.38      4      4      1   
  0.69   0.11   0.36   0.37      4      4      1   
  0.54   0.52   0.17   0.34      4      4      1   
  0.45   0.28   0.65   0.18      2      2      1   
  0.20   0.96   0.66   0.24     11     10      1   
Routing Failed to deliver
  0.03   0.02   0.27   0.24      3      3      1   
  0.65   0.08   0.30   0.40      5      5      1   
  0.50   0.39   0.60   0.31      2      2      1   
  0.56   0.12   0.47   0.12      1      1      1   
  0.65   0.18   0.24   0.26      4      4      1   
Routing Failed to deliver
  0.05   0.19   0.69   0.97     11     11      1   
Routing Failed to deliver
  0.67   0.82   0.38   0.12      9      9      1   
  0.90   0.01   0.33   0.23      6      6      1   
  0.90   0.01   0.05   0.19      8      8      1   
  0.34   0.08   0.45   0.38      3      3      1   
Routing Failed to deliver
  0.27   0.24   0.16   0.17      2      2      1   
  0.35   0.54   0.28   0.51      1      1      1   
Routing Failed to deliver
Routing Failed to deliver
  0.80   0.05   0.95   0.82     14     12      1   
  0.56   0.26   0.41   1.00     36      9      1   
  0.81   0.89   0.25   0.05     23     12      1   
  0.43   0.50   0.18   0.11      4      4      1   
  0.06   0.36   0.34   0.08      4      4      1   
  0.56   0.26   0.28   0.53      4      4      1   
  0.06   0.39   0.17   0.50      2      2      1   
  0.22   0.91   0.56   0.56      7      6      1   
  0.55   0.08   0.74   0.08      2      2      1   
  0.73   0.90   0.44   0.85      3      3      1   
  0.41   0.35   0.57   0.82      7      7      1   
  0.49   0.10   0.58   0.39      3      3      1   
Routing Failed to deliver
  0.74   0.08   0.11   0.40      7      7      1   
  0.32   0.98   0.29   0.91      1      1      1   
  0.03   0.02   0.09   0.08      1      1      1   
  0.33   0.32   0.31   0.55      3      3      1   
  0.28   0.17   0.56   0.26      3      3      1   
  0.05   0.29   0.20   0.47      2      2      1   
  0.33   0.32   0.33   0.37      1      1      1   
  0.14   0.84   0.64   0.87      5      5      1   
  0.12   0.24   0.84   0.78     11     11      1   
  0.05   0.19   0.90   0.01      8      8      1   
  0.51   0.23   0.24   0.14      3      3      1   
Routing Failed to deliver
Routing Failed to deliver
  0.17   0.19   0.67   0.82      9      9      1   
  0.04   0.12   0.28   0.33      3      3      1   
  0.69   0.45   0.24   0.14      5      5      1   
  0.25   0.05   0.95   0.82     14     13      1   
Routing Failed to deliver
  0.70   0.19   0.39   0.52      6      5      1   
Routing Failed to deliver
  0.12   0.18   0.45   0.28      3      3      1   
  0.54   0.11   0.25   0.05      3      3      1   
  0.01   0.99   0.86   0.89     11     10      1   
  0.47   0.12   0.13   0.11      4      4      1   
  0.58   0.65   0.78   0.95      4      4      1   
  0.16   0.17   0.64   0.87      9      9      1   
  0.88   0.85   0.74   0.94      2      2      1   
  0.70   0.23   0.12   0.35      6      6      1   
  0.09   0.16   0.44   0.38      4      4      1   
  0.65   0.08   0.56   0.39      3      3      1   
  0.03   0.81   0.69   0.45     10     10      1   
  0.24   0.49   0.55   0.24      4      4      1   
Routing Failed to deliver
  0.70   0.81   0.65   0.08     17      9      1   
  0.36   0.00   0.91   0.01      6      6      1   
  0.04   0.80   0.57   0.82      6      6      1   
  0.80   0.05   0.41   0.35      5      5      1   
  0.43   0.20   0.20   0.51      4      4      1   
  0.21   0.53   0.44   0.99     14      8      1   
  0.26   0.25   0.31   1.00     52     11      1   
  0.05   0.19   0.24   0.49      4      4      1   
  0.21   0.53   0.35   0.23      3      3      1   
  0.51   0.23   0.55   0.24      1      1      1   
  0.27   0.24   0.17   0.34      2      2      1   
  0.60   0.52   0.65   0.08      4      4      1   
Routing Failed to deliver
  0.26   0.37   0.46   0.10      4      4      1   
Routing Failed to deliver
  0.04   0.80   0.56   0.56      8      8      1   
Routing Failed to deliver
  0.42   0.86   0.74   0.77      3      3      1   
  0.08   0.44   0.64   0.22      6      6      1   
  0.03   0.02   0.70   0.81     12     12      1   
Routing Failed to deliver
  0.78   0.95   0.65   0.13     19     10      1   
  0.23   0.21   0.05   0.29      2      2      1   
Routing Failed to deliver
Routing Failed to deliver
  0.13   0.11   0.36   0.00      3      3      1   
  0.16   0.45   0.29   0.12      4      3      1   
  0.65   0.18   0.58   0.39      3      3      1   
Routing Failed to deliver
  0.41   0.30   0.39   0.52      2      2      1   
Routing Failed to deliver
Routing Failed to deliver
  0.90   0.01   0.43   0.92     11     11      1   
Routing Failed to deliver
  0.54   0.52   0.38   0.24      4      4      1   
  0.69   0.06   0.75   0.17      1      1      1   
  0.24   0.23   0.24   0.14      1      1      1   
Routing Failed to deliver
  0.27   0.24   0.09   0.43      3      3      1   
  0.88   0.85   0.89   0.06     16     13      1   
  0.01   0.99   0.95   0.94     12     11      1   
Routing Failed to deliver
  0.26   0.32   0.73   0.83      9      9      1   
  0.65   0.44   0.26   0.25      4      4      1   
  0.01   0.99   0.38   0.24     15     14      1   
  0.24   0.14   0.91   0.01      6      6      1   
  0.41   0.35   0.39   0.17      2      2      1   
  0.12   0.24   0.18   0.11      2      2      1   
  0.39   0.52   0.03   0.02      6      6      1   
  0.59   0.19   0.27   0.24      3      3      1   
  0.44   0.85   0.04   0.80      4      4      1   
Routing Failed to deliver
Routing Failed to deliver
  0.70   0.23   0.42   0.86      8      8      1   
  0.66   0.24   0.65   0.44      4      3      1   
  0.65   0.08   0.10   0.17      6      6      1   
  0.56   0.39   0.67   0.82      5      5      1   
  0.30   0.40   0.09   0.08      4      4      1   
  0.31   0.55   0.88   0.94      9      9      1   
  0.20   0.96   0.41   0.29     12     10      1   
  0.02   0.14   0.17   0.50      4      4      1   
  0.18   0.11   0.45   0.29      3      3      1   
  0.56   0.78   0.38   0.12      8      8      1   
  0.28   0.55   0.18   0.11      4      4      1   
  0.05   0.19   0.60   0.31      5      5      1   
  0.28   0.55   0.56   0.39      4      4      1   
  0.41   0.04   0.38   0.24      2      2      1   
  0.65   0.18   0.09   0.16      6      6      1   
  0.10   0.17   0.44   0.85     17     10      1   
Routing Failed to deliver
  0.34   0.22   0.60   0.03      3      3      1   
  0.03   0.02   0.65   0.98     12     12      1   
  0.43   0.92   0.89   0.06     12     11      1   
Routing Failed to deliver
  0.03   0.32   0.57   0.00      6      6      1   
  0.34   0.08   0.33   0.37      3      3      1   
  0.65   0.18   0.29   0.12      4      4      1   
  0.45   0.29   0.37   0.40      2      2      1   
  0.54   0.52   0.57   0.82      4      4      1   
  0.04   0.12   0.03   0.31      2      2      1   
  0.27   0.24   0.75   0.17      5      5      1   
  0.34   0.52   0.69   0.45      4      4      1   
  0.18   0.11   0.33   0.23      2      2      1   
  0.43   0.50   0.43   0.20      3      3      1   
  0.44   0.38   0.36   0.37      1      1      1   
  0.03   0.02   0.10   0.09      1      1      1   
  0.56   0.56   0.31   1.00      6      6      1   
  0.51   0.23   0.26   0.42      3      3      1   
  0.23   0.21   0.32   0.98     52     10      1   
  0.17   0.50   0.56   0.39      4      4      1   
Routing Failed to deliver
  0.44   0.99   0.41   1.00      1      1      1   
  0.39   0.52   0.28   0.53      1      1      1   
  0.13   0.05   0.24   0.14      2      2      1   
Routing Failed to deliver
  0.46   0.88   0.44   0.38     22      7      1   
  0.18   0.11   0.37   0.40      3      3      1   
  0.54   0.52   0.20   0.51      3      3      1   
  0.04   0.12   0.26   0.37      3      3      1   
Routing Failed to deliver
  0.90   0.01   0.65   0.44      7      6      1   
  0.50   0.69   0.88   0.94      5      5      1   
  0.27   0.24   0.08   0.44      3      3      1   
  0.10   0.17   0.65   0.44      6      6      1   
  0.25   0.05   0.65   0.98     11     11      1   
Routing Failed to deliver
Routing Failed to deliver
  0.92   0.83   0.04   0.80      9      9      1   
  0.27   0.24   0.13   0.05      3      3      1   
Routing Failed to deliver
  0.24   0.49   0.31   1.00     50     10      1   
  0.70   0.23   0.43   0.92      8      8      1   
  0.60   0.31   0.29   0.91     50      9      1   
Routing Failed to deliver
  0.51   0.23   0.73   0.90      8      8      1   
  0.66   0.06   0.16   0.17      5      5      1   
  0.60   0.52   0.17   0.21      5      5      1   
  0.55   0.08   0.43   0.92      9      9      1   
Routing Failed to deliver
  0.55   0.08   0.49   0.23      2      2      1   
  0.22   0.39   0.33   0.32      2      2      1   
  0.26   0.32   0.50   0.39      3      3      1   
  0.12   0.18   0.26   0.37      3      3      1   
  0.03   0.02   0.58   0.65      9      9      1   
  0.03   0.02   0.05   0.19      2      2      1   
  0.65   0.13   0.01   0.44      7      7      1   
  0.45   0.38   0.30   0.40      2      2      1   
Routing Failed to deliver
Routing Failed to deliver
  0.55   0.08   0.21   0.53      6      6      1   
  0.08   0.26   0.20   0.51      3      3      1   
  0.25   0.05   0.46   0.10      2      2      1   
  0.41   0.04   0.27   0.24      3      3      1   
  0.55   0.24   0.09   0.43      5      5      1   
  0.28   0.25   0.26   0.32      1      1      1   
  0.60   0.03   0.66   0.24      2      2      1   
  0.52   0.89   0.22   0.91      4      3      1   
Routing Failed to deliver
  0.39   0.17   0.18   0.38      3      3      1   
  0.31   0.55   0.60   0.52      3      3      1   
  0.26   0.42   0.41   0.29      2      2      1   
  0.74   0.94   0.56   0.78      2      2      1   
  0.28   0.51   0.64   0.84      7      7      1   
Routing Failed to deliver
  0.39   0.17   0.24   0.26      2      2      1   
  0.04   0.80   0.65   0.13     14     13      1   
  0.05   0.29   0.06   0.39      1      1      1   
  0.27   0.24   0.50   0.39      3      3      1   
  0.21   0.53   0.64   0.84      7      7      1   
  0.27   0.24   0.23   0.21      1      1      1   
  0.32   0.98   0.59   0.19     12      9      1   
  0.16   0.17   0.71   0.91     10     10      1   
  0.69   0.97   0.52   0.89      2      2      1   
  0.06   0.39   0.52   0.89     10      9      1   
  0.26   0.37   0.58   0.39      3      3      1   
  0.75   0.17   0.24   0.26      5      5      1   
Routing Failed to deliver
  0.36   0.37   0.28   0.55      3      3      1   
  0.28   0.17   0.69   0.06      4      4      1   
  0.70   0.81   0.70   0.19     17      9      1   
  0.37   0.40   0.66   0.06      4      4      1   
  0.28   0.17   0.70   0.19      4      4      1   
  0.69   0.11   0.65   0.98      9      9      1   
Routing Failed to deliver
  0.56   0.56   0.58   0.39      2      2      1   
  0.37   0.40   0.49   0.23      2      2      1   
  0.22   0.91   0.59   0.19     12     10      1   
  0.24   0.26   0.37   0.40      2      2      1   
  0.02   0.14   0.34   0.22      3      3      1   
  0.41   1.00   0.38   0.12     23     11      1   
Routing Failed to deliver
  0.92   0.83   0.94   0.79      1      1      1   
Routing Failed to deliver
  0.56   0.39   0.04   0.12      5      5      1   
  0.33   0.37   0.28   0.53      2      2      1   
  0.25   0.53   0.92   0.83     10     10      1   
  0.69   0.45   0.54   0.11      4      4      1   
  0.56   0.12   0.18   0.11      4      4      1   
  0.65   0.13   0.30   0.40      5      5      1   
  0.24   0.23   0.70   0.19      5      5      1   
Routing Failed to deliver
  0.88   0.94   0.95   0.82      1      1      1   
  0.54   0.52   0.28   0.55      3      3      1   
  0.08   0.26   0.29   0.12      3      3      1   
  0.37   0.83   0.16   0.86      3      3      1   
  0.42   0.86   0.67   0.01     13     10      1   
  0.41   0.29   0.50   0.69      6      6      1   
  0.60   0.03   0.33   0.37      4      4      1   
  0.28   0.33   0.22   0.39      1      1      1   
  0.33   0.23   0.45   0.29      2      2      1   
Routing Failed to deliver
  0.34   0.08   0.29   0.12      1      1      1   
  0.33   0.51   0.43   0.92     14      7      1   
  0.09   0.43   0.65   0.18      6      6      1   
  0.18   0.38   0.17   0.02      4      4      1   
Routing Failed to deliver
Routing Failed to deliver
  0.12   0.18   0.12   0.24      1      1      1   
  0.29   0.91   0.49   0.10     25     11      1   
  0.17   0.27   0.60   0.31      5      4      1   
  0.41   0.30   0.26   0.49      3      3      1   
  0.45   0.38   0.30   0.18      3      3      1   
  0.34   0.08   0.22   0.39      4      4      1   
  0.70   0.23   0.30   0.40      5      5      1   
  0.08   0.26   0.27   0.24      2      2      1   
Routing Failed to deliver
  0.70   0.19   0.41   0.35      4      4      1   
  0.56   0.26   0.69   0.11      2      2      1   
  0.37   0.40   0.09   0.08      4      4      1   
  0.69   0.06   0.41   1.00     11     11      1   
  0.80   0.05   0.67   0.82     10      9      1   
  0.01   0.44   0.20   0.51      3      3      1   
  0.69   0.97   0.46   0.10     10     10      1   
Routing Failed to deliver
  0.17   0.34   0.56   0.12      4      4      1   
Routing Failed to deliver
  0.31   0.55   0.29   0.12      4      4      1   
  0.23   0.21   0.90   0.01      7      7      1   
  0.26   0.49   0.78   0.95      9      9      1   
  0.45   0.29   0.37   0.40      2      2      1   
  0.43   0.20   0.41   0.04      2      2      1   
  0.21   0.53   0.92   0.83     10     10      1   
  0.59   0.19   0.03   0.02      6      6      1   
  0.65   0.18   0.30   0.40      4      4      1   
  0.54   0.11   0.32   0.98     35     10      1   
  0.01   0.94   0.60   0.03     16     15      1   
  0.32   0.98   0.20   0.96      1      1      1   
Routing Failed to deliver
  0.31   1.00   0.08   0.86      3      3      1   
  0.56   0.56   0.70   0.19      5      5      1   
  0.16   0.52   0.06   0.36      2      2      1   
  0.31   0.55   0.84   0.78      8      8      1   
Routing Failed to deliver
  0.13   0.05   0.70   0.23      6      6      1   
  0.69   0.11   0.38   0.91     10     10      1   
  0.03   0.31   0.47   0.12      5      5      1   
  0.03   0.81   0.50   0.69      7      7      1   
  0.16   0.52   0.17   0.27      3      3      1   
  0.69   0.45   0.65   0.18      4      4      1   
Routing Failed to deliver
  0.17   0.21   0.42   0.86     18     10      1   
  0.80   0.05   0.57   0.76      8      8      1   
Routing Failed to deliver
  0.13   0.05   0.41   0.29      4      4      1   
  0.21   0.53   0.65   0.18      5      5      1   
  0.35   0.23   0.51   0.23      2      2      1   
  0.41   1.00   0.57   0.76      3      3      1   
  0.20   0.47   0.70   0.23      6      6      1   
Routing Failed to deliver
  0.90   0.01   0.18   0.11      7      7      1   
  0.26   0.42   0.89   0.06      7      7      1   
  0.34   0.82   0.08   0.86      3      3      1   
  0.89   0.06   0.59   0.19      3      3      1   
  0.69   0.45   0.16   0.17      6      6      1   
  0.10   0.17   0.09   0.08      1      1      1   
  0.50   0.39   0.25   0.53      3      3      1   
  0.55   0.08   0.73   0.83      9      9      1   
  0.84   0.78   0.45   0.38      8      8      1   
  0.03   0.81   0.56   0.12     14     13      1   
  0.41   0.29   0.08   0.26      4      4      1   
Routing Failed to deliver
  0.78   0.95   0.46   0.88      4      4      1   
  0.36   0.37   0.80   0.05      5      5      1   
  0.44   0.38   0.33   0.51      2      2      1   
Routing Failed to deliver
  0.26   0.37   0.46   0.10      4      4      1   
  0.41   0.04   0.44   0.85     17     10      1   
Routing Failed to deliver
  0.06   0.39   0.66   0.24      6      6      1   
  0.94   0.79   0.91   0.01     16     13      1   
  0.28   0.17   0.25   0.53      4      4      1   
  0.56   0.39   0.50   0.69      4      4      1   
  0.95   0.94   0.78   0.95      2      2      1   
Routing Failed to deliver
  0.04   0.95   0.23   0.85      3      3      1   
  0.56   0.78   0.73   0.90      2      2      1   
  0.69   0.06   0.28   0.53      6      6      1   
  0.05   0.19   0.05   0.29      1      1      1   
  0.28   0.53   0.64   0.84      7      7      1   
  0.70   0.19   0.46   0.88      9      9      1   
Routing Failed to deliver
  0.22   0.39   0.60   0.03      5      5      1   
  0.33   0.23   0.47   0.12      2      2      1   
Routing Failed to deliver
  0.41   0.04   0.16   0.52      6      6      1   
Routing Failed to deliver
  0.54   0.52   0.13   0.11      6      6      1   
  0.03   0.40   0.24   0.26      3      3      1   
Routing Failed to deliver
Routing Failed to deliver
  0.80   0.05   0.64   0.84      9      9      1   
  0.51   0.23   0.69   0.06      3      3      1   
  0.17   0.50   0.69   0.45      6      5      1   
  0.16   0.45   0.41   0.29      3      3      1   
  0.66   0.06   0.88   0.85     12     12      1   
Routing Failed to deliver
Routing Failed to deliver
  0.64   0.84   0.55   0.08      8      8      1   
  0.80   0.05   0.45   0.38      5      5      1   
  0.56   0.56   0.75   0.17      5      5      1   
  0.38   0.12   0.01   0.44      5      5      1   
  0.74   0.77   0.18   0.97      6      6      1   
  0.33   0.37   0.56   0.12      3      3      1   
Routing Failed to deliver
  0.08   0.86   0.89   0.06     16     15      1   
  0.78   0.95   0.37   0.83      5      5      1   
  0.24   0.23   0.34   0.52      3      3      1   
Routing Failed to deliver
  0.51   0.23   0.13   0.11      4      4      1   
  0.38   0.91   0.95   0.82      6      6      1   
  0.58   0.65   0.33   0.51      4      4      1   
  0.10   0.17   0.56   0.56      6      6      1   
  0.11   0.40   0.06   0.36      1      1      1   
  0.26   0.25   0.69   0.45      5      5      1   
  0.89   0.06   0.16   0.45      8      8      1   
  0.12   0.18   0.16   0.17      1      1      1   
  0.16   0.17   0.64   0.84      9      9      1   
  0.90   0.01   0.65   0.13      3      3      1   
Routing Failed to deliver
  0.56   0.12   0.30   0.18      3      3      1   
Routing Failed to deliver
  0.03   0.40   0.10   0.17      3      3      1   
  0.25   0.53   0.95   0.82     10     10      1   
  0.16   0.45   0.65   0.18      5      5      1   
  0.17   0.02   0.28   0.55      6      5      1   
  0.88   0.94   0.14   0.86      8      8      1   
  0.11   0.40   0.80   0.05      7      7      1   
  0.03   0.40   0.05   0.29      1      1      1   
  0.32   0.98   0.43   0.20     24     10      1   
  0.23   0.21   0.74   0.94      9      9      1   
  0.44   0.99   0.84   0.78      4      4      1   
  0.39   0.17   0.58   0.39      3      3      1   
Routing Failed to deliver
Routing Failed to deliver
  0.34   0.82   0.64   0.87      3      3      1   
  0.25   0.53   0.17   0.21      3      3      1   
  0.18   0.38   0.03   0.02      4      4      1   
  0.38   0.24   0.30   0.18      1      1      1   
  0.38   0.24   0.45   0.29      1      1      1   
  0.56   0.56   0.45   0.28      4      4      1   
  0.91   0.01   0.24   0.49      8      8      1   
  0.24   0.49   0.73   0.83      8      8      1   
  0.91   0.74   0.57   0.00     12     12      1   
Routing Failed to deliver
  0.60   0.03   0.31   0.55      6      6      1   
  0.38   0.12   0.35   0.23      1      1      1   
  0.69   0.11   0.28   0.17      4      4      1   
Routing Failed to deliver
Routing Failed to deliver
  0.65   0.13   0.70   0.81     10      9      1   
  0.16   0.45   0.23   0.31      2      2      1   
  0.06   0.04   0.17   0.34      3      3      1   
  0.31   0.55   0.89   0.06      8      8      1   
  0.17   0.50   0.17   0.27      2      2      1   
  0.18   0.11   0.13   0.05      1      1      1   
  0.03   0.40   0.33   0.37      3      3      1   
  0.01   0.44   0.13   0.11      3      3      1   
  0.33   0.23   0.30   0.18      1      1      1   
  0.41   0.04   0.60   0.03      2      2      1   
Routing Failed to deliver
  0.55   0.56   0.09   0.08      7      7      1   
  0.03   0.02   0.54   0.11      5      5      1   
  0.41   0.29   0.57   0.76      6      6      1   
Routing Failed to deliver
  0.33   0.32   0.13   0.05      3      3      1   
  0.04   0.12   0.58   0.65      8      8      1   
  0.95   0.94   0.44   0.99      6      6      1   
  0.58   0.39   0.81   0.89      7      7      1   
  0.78   0.95   0.54   0.52      9      6      1   
  0.34   0.22   0.73   0.90      9      9      1   
  0.41   0.30   0.28   0.53      3      3      1   
  0.03   0.31   0.16   0.52      2      2      1   
  0.09   0.16   0.03   0.32      2      2      1   
  0.32   0.98   0.95   0.82      6      6      1   
Routing Failed to deliver
  0.86   0.89   0.74   0.77      2      2      1   
  0.90   0.01   0.12   0.18      8      7      1   
  0.67   0.01   0.70   0.81     11     10      1   
  0.06   0.39   0.10   0.25      2      2      1   
  0.18   0.11   0.25   0.53      4      4      1   
  0.54   0.11   0.09   0.16      5      5      1   
  0.17   0.21   0.25   0.05      2      2      1   
Routing Failed to deliver
  0.41   0.04   0.64   0.22      3      3      1   
Routing Failed to deliver
Routing Failed to deliver
  0.69   0.06   0.91   0.74     13     12      1   
  0.30   0.18   0.38   0.24      1      1      1   
  0.88   0.85   0.74   0.77      2      2      1   
  0.41   0.35   0.25   0.05      3      3      1   
  0.41   0.04   0.26   0.25      3      3      1   
Routing Failed to deliver
  0.05   0.29   0.33   0.23      3      3      1   
  0.78   0.95   0.45   0.38     11      8      1   
Routing Failed to deliver
Routing Failed to deliver
  0.46   0.14   0.26   0.25      3      3      1   
