  0.75   0.83   0.58   0.26      9      7      1   
  0.11   0.02   0.96   0.08     34     13      1   
  0.65   0.44   0.75   0.30      2      2      1   
  0.97   0.45   0.43   0.92      9      8      1   
  0.51   0.65   0.37   0.49      2      2      1   
  0.13   0.03   0.42   0.86     11     10      1   
  0.00   0.57   0.18   0.09      6      6      1   
  0.00   0.85   0.43   0.66      8      7      1   
  0.55   0.23   0.50   0.06      2      2      1   
  0.74   0.87   0.71   0.22      6      6      1   
  0.02   0.36   0.89   0.84     12     12      1   
  0.75   0.83   0.03   0.01     60     12      1   
  0.48   0.11   0.55   0.04      1      1      1   
  0.47   0.06   0.98   0.29      6      6      1   
  0.69   0.38   0.78   0.24      2      2      1   
  0.32   0.83   0.43   0.66      2      2      1   
  0.75   0.82   0.03   0.08     12     12      1   
  0.75   0.08   0.03   0.01     26     11      1   
  0.93   0.26   0.71   0.14      3      3      1   
  0.00   0.29   0.36   0.85      9      8      1   
  0.96   0.08   0.73   0.00      2      2      1   
  0.79   0.47   0.89   0.47      1      1      1   
  0.01   0.81   0.78   0.04     14     14      1   
  0.97   0.58   0.53   0.64      5      5      1   
  0.42   0.86   0.55   0.23      7      7      1   
  0.92   0.57   0.99   0.01      6      6      1   
  0.74   0.38   0.50   0.06      4      4      1   
  0.97   0.99   0.65   0.44      7      7      1   
  0.97   0.99   0.13   0.07     64     14      1   
  0.43   0.78   0.36   0.85      1      1      1   
  0.72   0.13   0.34   0.98     11      9      1   
  0.75   0.76   0.62   0.95      3      3      1   
  0.63   0.60   0.51   0.65      1      1      1   
  0.49   0.89   0.93   0.26      8      8      1   
Routing Failed to deliver
  0.55   0.04   0.78   0.23      3      3      1   
  0.32   0.83   0.48   0.54      3      3      1   
  0.73   0.32   0.00   0.85     13     12      1   
  0.11   0.02   0.69   0.24     32     10      1   
  0.80   0.72   0.20   0.17     58     10      1   
  0.71   0.22   0.34   0.98      9      9      1   
  0.73   0.32   0.80   0.62      3      3      1   
  0.03   0.26   0.43   0.66      7      6      1   
  0.63   0.65   0.68   0.56      1      1      1   
  0.55   0.23   0.90   0.89      9      9      1   
  0.43   0.92   0.05   0.26     14      9      1   
  0.57   0.81   0.63   0.60      3      3      1   
  0.62   0.26   0.05   0.36     10      6      1   
  0.96   0.26   0.05   0.41      9      9      1   
  0.76   0.40   0.12   0.01     56     10      1   
  0.00   0.29   0.46   0.25     12      6      1   
Routing Failed to deliver
  0.22   0.18   0.71   0.22     31      8      1   
  0.50   0.06   0.71   0.22      3      3      1   
  0.01   0.81   0.76   0.05     14     14      1   
  0.88   0.17   0.63   0.64      6      6      1   
  0.31   0.43   0.55   0.76      4      4      1   
  0.87   0.38   0.43   0.01      6      6      1   
  0.19   0.20   0.31   0.43      4      4      1   
  0.15   0.19   0.55   0.15     28      7      1   
  0.00   0.29   0.86   0.38     30      9      1   
  0.93   0.26   0.32   0.83      9      9      1   
  0.12   0.05   0.57   0.72     10     10      1   
  0.31   0.43   0.40   0.21      4      4      1   
  0.24   0.48   0.73   0.00      8      8      1   
Routing Failed to deliver
  0.37   0.56   0.93   0.58      6      6      1   
  0.69   0.17   0.80   0.74      6      6      1   
  0.57   0.72   0.62   0.95      3      3      1   
  0.48   0.54   0.81   0.05      7      7      1   
  0.62   0.26   0.96   0.26      3      3      1   
  0.64   0.92   0.69   0.91      1      1      1   
  0.94   0.10   0.17   0.38     12      9      1   
  0.00   0.29   0.99   0.29     16     11      1   
  0.83   0.96   0.62   0.26      7      7      1   
  0.67   0.25   0.18   0.81      8      8      1   
  0.80   0.13   0.75   0.08      1      1      1   
  0.83   0.69   0.74   0.64      1      1      1   
  0.22   0.18   0.24   0.87     10      9      1   
  0.57   0.81   0.48   0.41      5      4      1   
  0.68   0.56   0.01   0.37      8      8      1   
  0.83   0.47   0.48   0.53      5      5      1   
  0.43   0.92   0.24   0.87      2      2      1   
  0.88   0.18   0.24   0.87     10     10      1   
Routing Failed to deliver
  0.75   0.83   0.85   0.23      6      6      1   
  0.73   0.00   0.58   0.23      3      3      1   
  0.64   0.79   0.06   0.98      6      6      1   
  0.48   0.15   0.55   0.15      1      1      1   
  0.99   0.29   0.49   0.89      9      9      1   
  0.97   0.99   0.73   0.32      8      8      1   
  0.87   0.97   0.97   0.45      7      7      1   
  0.18   0.09   0.48   0.11     31      9      1   
  0.31   0.43   0.36   0.43      1      1      1   
  0.46   0.13   0.03   0.26      9      7      1   
  0.94   0.10   0.76   0.40      4      4      1   
  0.13   0.03   0.74   0.87     12     12      1   
  0.87   0.38   0.57   0.72      5      5      1   
  0.43   0.01   0.50   0.27      3      3      1   
  0.80   0.74   0.59   0.67      3      3      1   
  0.46   0.13   0.28   0.95      8      8      1   
  0.46   0.25   0.89   0.75      8      8      1   
Routing Failed to deliver
  0.72   0.13   0.45   0.63      7      6      1   
  0.43   0.78   0.64   0.49      5      4      1   
  0.51   0.65   0.63   0.60      1      1      1   
  0.46   0.97   0.11   0.02     12     11      1   
  0.14   0.06   0.12   0.05      1      1      1   
  0.92   0.84   0.57   0.81      5      5      1   
  0.42   0.86   0.31   0.85      1      1      1   
  0.80   0.72   0.93   0.26      5      5      1   
  0.18   0.81   0.24   0.46      6      6      1   
  0.65   0.16   0.73   0.25      1      1      1   
  0.43   0.44   0.05   0.41      4      4      1   
  0.63   0.64   0.03   0.01     58     10      1   
  0.64   0.92   0.67   0.25      7      7      1   
  0.86   0.38   0.46   0.13      5      5      1   
  0.48   0.15   0.44   0.02      2      2      1   
  0.63   0.65   0.73   0.32      4      4      1   
  0.57   0.63   0.81   0.05      6      6      1   
  0.48   0.15   0.92   0.84      9      9      1   
  0.87   0.97   0.63   0.65      5      5      1   
  0.92   0.84   0.12   0.05     66     14      1   
  0.74   0.64   0.90   0.89      4      4      1   
  0.03   0.01   0.37   0.49      7      7      1   
  0.94   0.10   0.10   1.00     13     13      1   
  0.93   0.95   0.02   0.36     13     12      1   
  0.43   0.66   0.50   0.87      2      2      1   
  0.70   0.45   0.80   0.72      3      3      1   
  0.83   0.69   0.22   0.98      7      7      1   
  0.60   0.42   0.62   0.95     13      7      1   
  0.74   0.87   0.65   0.44      4      4      1   
  0.43   0.76   0.46   0.13      6      6      1   
  0.47   0.06   0.99   0.29      6      6      1   
  0.77   0.47   0.03   0.26      8      8      1   
  0.31   0.79   0.05   0.36     12      7      1   
  0.13   0.03   0.44   0.53      8      7      1   
  0.12   0.01   0.57   0.81     11     10      1   
  0.18   0.81   0.61   0.24      8      8      1   
  0.80   0.72   0.55   0.76      3      3      1   
  0.93   0.95   0.50   0.87      6      5      1   
  0.05   0.26   0.69   0.91     10     10      1   
  0.65   0.44   0.42   0.86      5      5      1   
  0.03   0.26   0.94   0.10     17     11      1   
  0.45   0.63   0.43   0.01      7      7      1   
  0.81   0.17   0.97   0.45      6      4      1   
  0.80   0.74   0.49   0.89      4      4      1   
  0.00   0.57   0.15   0.19      5      5      1   
  0.43   0.76   0.83   0.61      5      5      1   
  0.64   0.49   0.63   0.60      1      1      1   
  0.27   0.99   0.80   0.62      8      8      1   
Routing Failed to deliver
  0.63   0.65   0.79   0.47      3      3      1   
  0.57   0.72   0.76   0.40      4      4      1   
  0.18   0.09   0.43   0.66      8      7      1   
Routing Failed to deliver
  0.48   0.53   0.80   0.72      4      4      1   
Routing Failed to deliver
  0.00   0.85   0.80   0.74     10     10      1   
  0.57   0.63   0.32   0.83      3      3      1   
  0.90   0.89   0.02   0.32     13     12      1   
  0.13   0.07   0.28   0.95     11     10      1   
  0.02   0.32   0.88   0.18     16     10      1   
Routing Failed to deliver
  0.63   0.58   0.64   0.79      3      3      1   
  0.75   0.76   0.99   0.29      6      6      1   
  0.24   0.46   0.55   0.23      4      4      1   
  0.83   0.69   0.55   0.04      8      7      1   
  0.83   0.96   0.28   0.95      8      6      1   
  0.81   0.17   0.89   0.75      7      7      1   
  0.43   0.44   0.48   0.11      4      4      1   
  0.74   0.38   0.51   0.77      5      5      1   
  0.58   0.23   0.64   0.92      8      8      1   
  0.74   0.95   0.48   0.41      7      6      1   
  0.96   0.26   0.22   0.18     47     10      1   
  0.15   0.19   0.50   0.74      8      7      1   
  0.24   0.48   0.93   0.26      8      8      1   
  0.87   0.97   0.58   0.23      9      9      1   
  0.79   0.47   0.12   0.05     71     10      1   
  0.69   0.17   0.45   0.80      8      7      1   
  0.83   0.61   0.36   0.80      6      6      1   
Routing Failed to deliver
  0.97   0.99   0.75   0.08     11     11      1   
  0.36   0.80   0.63   0.65      4      4      1   
  0.43   0.44   0.31   0.43      1      1      1   
  0.05   0.26   0.89   0.84     12     12      1   
  0.47   0.06   0.99   0.29      6      6      1   
  0.94   0.10   0.03   0.26     14     11      1   
  0.99   0.29   0.89   0.47      5      3      1   
  0.58   0.23   0.76   0.40      3      3      1   
Routing Failed to deliver
  0.93   0.59   0.93   0.26      3      3      1   
  0.70   0.45   0.85   0.23      3      3      1   
  0.22   0.18   0.54   0.17     29      7      1   
  0.18   0.81   0.62   0.10      9      9      1   
  0.32   0.83   0.41   1.00      3      3      1   
  0.74   0.95   0.67   0.25      7      7      1   
  0.19   0.99   0.02   0.08     14     12      1   
  0.73   0.12   0.92   0.86      8      8      1   
  0.74   0.95   0.50   0.74      3      3      1   
  0.69   0.38   0.36   0.80      6      6      1   
  0.57   0.63   0.42   0.22      5      5      1   
  0.74   0.38   0.55   0.15      3      3      1   
  0.75   0.08   0.97   0.99     11     11      1   
  0.88   0.18   0.10   1.00     12     12      1   
  0.89   0.75   0.68   0.56      3      3      1   
  0.49   0.89   0.44   0.35      5      5      1   
  0.62   0.10   0.43   0.78      7      7      1   
  0.70   0.99   0.92   0.86      3      3      1   
  0.24   0.46   0.49   0.89      6      6      1   
  0.50   0.11   0.37   0.56      5      5      1   
  0.80   0.72   0.44   0.35      6      6      1   
  0.80   0.72   0.73   0.12      6      6      1   
  0.58   0.23   0.34   0.98      9      9      1   
  0.19   0.20   0.48   0.15     11      7      1   
  0.98   0.29   0.90   0.89     10      9      1   
  0.00   0.85   0.01   0.20     16     14      1   
Routing Failed to deliver
  0.68   0.56   0.36   0.80      5      5      1   
  0.63   0.64   0.42   0.86      3      3      1   
  0.80   0.72   0.46   0.40      6      5      1   
  0.48   0.11   0.98   0.29      6      6      1   
  0.96   0.08   0.63   0.64      7      7      1   
  0.43   0.76   0.58   0.23      6      6      1   
  0.69   0.38   0.24   0.48      5      5      1   
  0.03   0.08   0.51   0.77     10     10      1   
  0.92   0.57   0.79   0.47      2      2      1   
  0.59   0.67   0.80   0.74      3      3      1   
  0.97   0.45   0.80   0.13      4      4      1   
  0.24   0.46   0.77   0.47      5      5      1   
  0.65   0.44   0.15   0.94      8      8      1   
  0.45   0.63   0.31   0.85      4      4      1   
  0.05   0.36   0.92   0.84     11     11      1   
  0.46   0.25   0.03   0.26     10      6      1   
  0.93   0.95   0.85   0.01     10     10      1   
  0.51   0.07   0.17   0.38      8      6      1   
  0.88   0.18   0.74   0.87      7      7      1   
  0.78   0.04   0.44   0.35      4      4      1   
  0.80   0.62   0.63   0.64      2      2      1   
Routing Failed to deliver
  0.89   0.84   0.88   0.17      8      8      1   
  0.01   0.81   0.88   0.17     15     14      1   
Routing Failed to deliver
  0.65   0.44   0.42   0.86      5      5      1   
  0.19   0.20   0.57   0.63      7      7      1   
  0.36   0.80   0.57   0.63      3      3      1   
  0.98   0.09   0.69   0.24      3      3      1   
  0.54   0.17   0.28   0.95      8      8      1   
  0.69   0.38   0.83   0.96      6      6      1   
  0.46   0.25   0.92   0.15      4      4      1   
  0.37   0.49   0.44   0.02      5      5      1   
  0.72   0.40   0.57   0.63      3      3      1   
  0.09   0.08   0.67   0.25     30      9      1   
  0.89   0.84   0.83   0.47      5      5      1   
  0.92   0.15   0.93   0.95      9      9      1   
  0.36   0.43   0.75   0.76      6      6      1   
  0.75   0.82   0.57   0.72      2      2      1   
Routing Failed to deliver
  0.03   0.26   0.24   0.46      3      3      1   
  0.67   0.25   0.72   0.13      2      2      1   
  0.79   0.47   0.62   0.95      6      6      1   
  0.90   0.89   0.05   0.26     13     12      1   
Routing Failed to deliver
  0.76   0.05   0.46   0.25      4      4      1   
  0.44   0.02   0.76   0.05      4      4      1   
  1.00   0.13   0.64   0.92      9      9      1   
  0.43   0.78   0.50   0.27      5      5      1   
  0.88   0.99   0.75   0.08     11     10      1   
  0.46   0.40   0.93   0.26      6      6      1   
  0.68   0.56   0.01   0.37      8      8      1   
  0.98   0.29   0.62   0.10      5      5      1   
  0.78   0.24   0.01   0.20     19     10      1   
  0.99   0.01   0.63   0.58      7      7      1   
  0.64   0.92   0.71   0.14      8      8      1   
  0.83   0.47   0.42   0.86      6      6      1   
  0.83   0.69   0.57   0.81      3      3      1   
  0.22   0.18   0.70   0.99     11     10      1   
  0.99   0.01   0.50   0.06      6      6      1   
  0.75   0.30   0.43   0.66      5      5      1   
  0.64   0.79   0.47   0.06      8      8      1   
  0.63   0.60   0.78   0.24      4      4      1   
  0.83   0.69   0.49   0.89      4      4      1   
  0.79   0.44   0.42   0.86      6      6      1   
  0.98   0.29   0.57   0.63      7      7      1   
  0.96   0.08   0.36   0.43      7      7      1   
  0.34   0.98   0.67   0.25      8      8      1   
  0.45   0.63   0.73   0.00      7      7      1   
  0.00   0.29   0.42   0.22     13      7      1   
  1.00   0.05   0.09   0.26     15     11      1   
Routing Failed to deliver
  0.64   0.79   0.54   0.17      7      7      1   
  0.74   0.95   0.74   0.38      6      6      1   
  0.64   0.49   0.03   0.24      7      7      1   
  0.37   0.49   0.05   0.41      4      4      1   
  0.89   0.75   0.62   0.10      8      8      1   
  0.89   0.47   0.18   0.09     63     10      1   
  0.37   0.56   0.45   0.63      1      1      1   
  0.80   0.62   0.69   0.91      3      3      1   
Routing Failed to deliver
  0.42   0.22   0.64   0.49      5      4      1   
  0.69   0.24   0.55   0.04      3      3      1   
  0.51   0.07   0.05   0.36      9      7      1   
  0.97   0.58   0.92   0.86      5      5      1   
  0.88   0.17   0.83   0.47      3      3      1   
  0.50   0.74   0.00   0.29      7      7      1   
Routing Failed to deliver
  0.80   0.13   0.93   0.95      9      9      1   
  0.78   0.24   0.89   0.47      4      4      1   
  0.49   0.89   0.50   0.11      8      8      1   
  0.55   0.04   0.55   0.76      7      7      1   
  0.81   0.17   0.92   0.84      8      8      1   
  0.88   0.18   0.53   0.64      6      6      1   
  0.50   0.87   0.11   0.02     11     10      1   
  0.92   0.57   0.48   0.54      6      5      1   
  0.93   0.95   0.74   0.38      7      7      1   
Routing Failed to deliver
  0.97   0.45   0.80   0.21      4      4      1   
  0.18   0.09   0.69   0.91     11     11      1   
  0.69   0.38   0.63   0.60      2      2      1   
  0.89   0.84   0.18   0.81      8      7      1   
  0.73   0.00   0.22   0.40     11      8      1   
  0.74   0.95   0.73   0.25      7      7      1   
  0.13   0.03   0.05   0.16      2      2      1   
  0.90   0.89   0.51   0.65      6      5      1   
  0.70   0.99   0.74   0.38      6      6      1   
  0.63   0.58   0.53   0.64      1      1      1   
  0.11   0.02   0.93   0.26     32     12      1   
  0.36   0.85   0.63   0.60      4      4      1   
  0.20   0.17   0.13   0.07      1      1      1   
  0.73   0.00   0.40   0.21      5      5      1   
  0.94   0.10   0.92   0.84      9      9      1   
  0.63   0.64   0.83   0.96      4      4      1   
  0.01   0.37   0.81   0.17     31      9      1   
  0.64   0.49   0.81   0.17      3      3      1   
  0.75   0.76   0.80   0.74      1      1      1   
  0.50   0.74   0.22   0.98      4      4      1   
  0.94   0.10   0.89   0.84      9      9      1   
  0.79   0.44   0.94   0.10      4      4      1   
  0.57   0.63   0.71   0.14      5      5      1   
  0.44   0.35   0.02   0.36      5      5      1   
  0.85   0.23   0.42   0.86      7      7      1   
  0.71   0.22   0.73   0.00      2      2      1   
  0.63   0.64   0.34   0.98      5      5      1   
  0.43   0.44   0.88   0.17      6      6      1   
  0.98   0.09   0.79   0.47      5      4      1   
  0.12   0.01   1.00   0.13     34     13      1   
  0.53   0.64   0.92   0.15      6      6      1   
  0.01   0.81   0.74   0.95     10      9      1   
  0.01   0.81   0.97   0.45     14     13      1   
  0.43   0.92   0.41   1.00      1      1      1   
  0.64   0.49   0.47   0.06      6      5      1   
  0.31   0.79   0.43   0.44      4      4      1   
  0.14   0.06   0.85   0.23     31     10      1   
  0.01   0.81   0.70   0.45     12     11      1   
Routing Failed to deliver
  0.42   0.86   0.02   0.36     14      8      1   
  0.24   0.46   0.88   0.99      9      9      1   
  0.64   0.79   0.46   0.25      6      6      1   
  0.18   0.09   0.93   0.59     11     11      1   
  0.92   0.86   0.02   0.08     14     14      1   
  0.46   0.40   0.22   0.18     47      5      1   
  0.89   0.47   0.93   0.58      1      1      1   
  0.63   0.58   0.46   0.13      6      5      1   
  0.44   0.02   0.77   0.47      5      5      1   
  0.02   0.32   0.97   0.99     14     13      1   
  0.67   0.25   0.43   0.76      6      6      1   
  0.77   0.47   0.32   0.83      6      6      1   
  0.57   0.81   0.15   0.19      9      8      1   
  0.70   0.99   0.68   0.56      4      4      1   
  0.57   0.63   0.03   0.24      7      7      1   
  0.42   0.86   0.45   0.80      1      1      1   
  0.62   0.10   0.03   0.08     25     10      1   
  0.98   0.29   0.06   0.98     13     13      1   
  0.50   0.27   0.93   0.59      6      6      1   
  0.85   0.01   0.63   0.64      7      7      1   
  0.93   0.58   0.88   0.99      6      6      1   
  0.55   0.04   0.59   0.67      7      7      1   
  0.09   0.26   0.22   0.18      2      2      1   
  0.92   0.15   0.55   0.76      7      7      1   
  0.44   0.02   0.18   0.27     10      7      1   
  0.92   0.15   0.18   0.09     26     11      1   
  0.92   0.76   0.31   0.79      6      6      1   
  0.50   0.27   0.47   0.06      2      2      1   
  0.03   0.08   0.47   0.06     31     10      1   
  0.96   0.08   0.40   0.21      6      6      1   
  0.55   0.23   0.03   0.08     21      9      1   
  0.93   0.58   0.83   0.69      2      2      1   
  0.51   0.07   0.13   0.07     25      9      1   
  0.75   0.82   0.85   0.01      8      8      1   
  0.57   0.81   0.97   0.58      6      6      1   
  0.02   0.08   0.12   0.01      1      1      1   
  0.02   0.32   0.83   0.96     11     11      1   
  0.64   0.79   0.54   0.17      7      7      1   
  0.76   0.40   0.69   0.24      2      2      1   
  0.90   0.89   0.43   0.01     13     11      1   
  0.73   0.00   0.22   0.40     11      8      1   
  0.24   0.46   0.57   0.63      4      4      1   
  0.80   0.62   0.00   0.29      9      9      1   
  0.12   0.05   0.44   0.35      7      7      1   
  0.70   0.45   0.78   0.24      3      3      1   
Routing Failed to deliver
  0.45   0.63   1.00   0.05      8      8      1   
  0.45   0.80   0.06   0.98      4      4      1   
  0.22   0.40   0.65   0.16      6      6      1   
  0.31   0.42   0.57   0.72      4      4      1   
Routing Failed to deliver
  0.50   0.87   0.83   0.69      4      4      1   
  0.81   0.05   0.55   0.76      7      7      1   
  0.42   0.22   0.75   0.83      8      8      1   
  0.48   0.41   0.58   0.23      3      3      1   
  0.79   0.47   0.92   0.76      7      4      1   
  0.13   0.03   0.75   0.83     12     12      1   
  0.51   0.77   0.62   0.26      7      6      1   
  0.92   0.76   0.73   0.12      7      7      1   
  0.89   0.75   0.53   0.64      4      4      1   
  0.34   0.98   0.78   0.24      9      9      1   
  0.73   0.32   0.80   0.74      4      4      1   
  0.48   0.11   0.24   0.87      9      9      1   
  0.73   0.32   0.09   0.26     12      8      1   
  0.09   0.26   0.31   0.79      9      8      1   
  0.89   0.47   0.48   0.41      4      4      1   
  0.90   0.89   0.42   0.03     12     11      1   
Routing Failed to deliver
Routing Failed to deliver
  0.80   0.72   0.03   0.01     64     12      1   
  0.24   0.46   0.45   0.63      3      3      1   
  0.80   0.62   0.15   0.19     10      9      1   
  0.50   0.74   0.88   0.18      7      7      1   
  0.48   0.11   0.03   0.26      9      8      1   
  0.48   0.53   0.68   0.56      3      3      1   
  0.71   0.14   0.62   0.26      2      2      1   
  0.68   0.56   0.43   0.44      4      4      1   
  0.92   0.84   0.37   0.56      7      7      1   
  0.88   0.17   0.64   0.79      7      7      1   
  0.64   0.49   0.64   0.92      5      5      1   
  0.03   0.26   0.43   0.92     10      9      1   
  0.44   0.35   0.76   0.40      4      4      1   
  0.93   0.58   0.74   0.38      3      3      1   
  0.48   0.53   0.61   0.21      5      4      1   
  0.75   0.82   0.73   0.32      5      5      1   
  0.02   0.36   0.96   0.08     17     11      1   
  0.47   0.06   0.31   0.85      9      9      1   
  0.72   0.13   0.00   0.29     12      9      1   
  0.88   0.18   0.00   0.29     13     10      1   
  0.18   0.27   0.97   0.58     10     10      1   
  0.80   0.74   0.42   0.03      9      8      1   
  0.61   0.21   0.92   0.15      3      3      1   
  0.92   0.76   0.11   0.02     60     13      1   
  0.50   0.06   0.43   0.66      6      6      1   
  0.74   0.64   0.71   0.14      5      5      1   
  0.51   0.65   0.11   0.02     52      9      1   
  0.48   0.15   0.55   0.23      1      1      1   
  0.48   0.41   0.78   0.24      4      4      1   
  0.99   0.29   0.74   0.87      9      7      1   
  0.76   0.40   0.71   0.14      3      3      1   
  0.44   0.35   0.55   0.15      2      2      1   
Routing Failed to deliver
  0.64   0.92   0.64   0.49      5      5      1   
  0.17   0.38   0.64   0.79      7      7      1   
  0.69   0.17   0.12   0.01     32     10      1   
  0.19   0.99   0.01   0.37     12     10      1   
  0.11   0.02   0.78   0.04     32     11      1   
  0.22   0.98   0.05   0.41     10      9      1   
  0.48   0.54   0.97   0.45      7      6      1   
  0.43   0.76   0.96   0.26      8      8      1   
  0.32   0.83   0.94   0.10     11     10      1   
  0.50   0.11   0.20   0.17     21      8      1   
  0.98   0.09   0.69   0.91      9      9      1   
  0.71   0.14   0.65   0.16      1      1      1   
  0.50   0.11   0.46   0.13      1      1      1   
  0.45   0.80   0.14   0.06     10      9      1   
  0.74   0.87   0.80   0.21      6      6      1   
  0.88   0.18   0.65   0.16      3      3      1   
  0.92   0.76   0.71   0.14      7      7      1   
  0.18   0.09   0.80   0.74     11     11      1   
  0.46   0.97   0.02   0.08     11     11      1   
  0.24   0.46   0.92   0.86      9      9      1   
  0.50   0.87   0.44   0.53      3      3      1   
  0.14   0.06   0.24   0.46      4      4      1   
  0.42   0.86   0.05   0.16     14      9      1   
  0.48   0.11   0.63   0.58      6      6      1   
  0.57   0.63   0.55   0.15      5      5      1   
  0.85   0.01   0.06   0.98     13     13      1   
  0.54   0.17   0.69   0.91      8      8      1   
  0.79   0.47   0.51   0.65      4      4      1   
  0.03   0.08   0.50   0.11     31     10      1   
Routing Failed to deliver
  0.37   0.56   0.72   0.13      6      6      1   
  0.05   0.16   0.00   0.57      5      5      1   
  0.72   0.40   0.78   0.23      2      2      1   
  0.42   0.22   0.83   0.61      6      6      1   
  0.63   0.60   0.43   0.66      2      2      1   
  0.74   0.52   0.53   0.64      3      3      1   
  0.81   0.05   0.17   0.38     11      8      1   
  0.65   0.16   0.43   0.92      9      8      1   
  0.92   0.86   0.97   0.99      2      2      1   
  0.20   0.17   0.44   0.35      5      5      1   
  0.46   0.13   0.05   0.16     47      8      1   
  0.15   0.19   0.86   0.38     12      9      1   
  0.63   0.60   0.57   0.81      3      3      1   
  0.31   0.79   0.92   0.84      7      7      1   
  0.74   0.87   0.43   0.44      5      5      1   
  0.78   0.23   0.18   0.27     12      8      1   
  0.65   0.44   0.73   0.32      2      2      1   
  0.36   0.43   0.43   0.92      5      5      1   
  0.51   0.77   0.05   0.16      9      9      1   
  0.22   0.18   0.46   0.40      5      5      1   
  0.72   0.13   0.92   0.76      7      7      1   
  0.78   0.23   0.12   0.05     50     11      1   
  0.13   0.03   0.43   0.76     10      9      1   
  0.12   0.05   0.63   0.58     10     10      1   
  0.34   0.98   0.76   0.40      8      8      1   
  0.72   0.40   0.24   0.46      4      4      1   
  0.22   0.40   0.24   0.46      1      1      1   
  0.73   0.32   0.80   0.72      4      4      1   
  0.02   0.36   0.48   0.54      6      6      1   
  0.89   0.47   0.03   0.08     11     11      1   
  0.51   0.07   0.97   0.99     11     11      1   
  0.77   0.47   0.63   0.64      2      2      1   
  0.73   0.12   0.89   0.75      7      7      1   
  0.62   0.95   0.81   0.05     10     10      1   
  0.99   0.01   0.57   0.72      9      9      1   
  0.92   0.86   0.67   0.25      7      7      1   
  0.83   0.96   0.48   0.15      9      9      1   
  0.49   0.89   0.89   0.47      7      6      1   
  0.55   0.23   0.57   0.63      6      5      1   
  0.05   0.36   0.80   0.21      9      8      1   
  0.74   0.95   0.01   0.20     11     11      1   
  0.01   0.37   0.44   0.53      6      5      1   
  0.31   0.42   0.05   0.26      4      4      1   
  0.46   0.13   0.19   0.20     47      7      1   
  1.00   0.05   0.74   0.64      6      6      1   
  0.55   0.15   0.69   0.38      3      3      1   
  0.63   0.58   0.79   0.47      3      3      1   
  0.55   0.04   0.85   0.23      4      4      1   
  0.83   0.69   0.50   0.27      7      6      1   
  0.31   0.43   0.99   0.01      9      9      1   
  0.97   0.45   0.78   0.23      4      4      1   
  0.18   0.27   0.11   0.02      3      3      1   
  0.75   0.82   0.12   0.01     60     12      1   
  0.48   0.54   0.86   0.38      6      6      1   
  0.64   0.79   0.97   0.58      5      5      1   
  0.97   0.45   0.46   0.40      6      6      1   
  0.43   0.78   0.74   0.52      5      5      1   
  0.05   0.26   0.32   0.83      9      8      1   
  0.62   0.10   0.24   0.46      5      5      1   
  0.93   0.58   0.48   0.11      7      7      1   
  0.86   0.38   0.64   0.49      3      3      1   
  0.88   0.99   0.40   0.21     12     10      1   
  0.31   0.79   0.93   0.59      7      7      1   
  0.51   0.07   0.58   0.23      2      2      1   
  0.51   0.65   0.10   1.00      6      6      1   
  0.83   0.61   0.17   0.24     10      9      1   
  0.75   0.82   0.19   0.20     11     10      1   
  0.93   0.26   0.99   0.01      3      3      1   
Routing Failed to deliver
  0.88   0.17   0.43   0.01      5      5      1   
  0.81   0.17   0.62   0.10      2      2      1   
  0.06   0.52   0.57   0.63      7      7      1   
  0.43   0.44   0.69   0.17      4      4      1   
  0.46   0.13   0.92   0.86      9      9      1   
  0.41   1.00   0.09   0.08     12     11      1   
  0.43   0.66   0.22   0.18      7      6      1   
  0.73   0.00   0.36   0.80     10      9      1   
  0.48   0.41   0.02   0.08      7      7      1   
  0.72   0.40   0.05   0.16      8      8      1   
Routing Failed to deliver
  0.78   0.23   0.97   0.45      6      4      1   
  0.97   0.45   0.63   0.60      4      4      1   
  0.97   0.99   0.13   0.07     64     14      1   
  0.27   0.99   0.02   0.36     11     10      1   
  0.18   0.81   0.43   0.76      2      2      1   
  0.12   0.01   0.43   0.44      7      7      1   
  1.00   0.13   0.64   0.49      5      5      1   
  0.19   0.99   0.69   0.38      9      8      1   
  0.48   0.54   0.44   0.53      1      1      1   
  0.31   0.43   0.22   0.40      1      1      1   
  0.51   0.07   0.69   0.38      4      4      1   
  0.74   0.87   0.55   0.15      7      7      1   
  0.59   0.67   0.31   0.42      4      4      1   
  0.85   0.23   0.83   0.47      3      3      1   
  0.79   0.44   0.17   0.38      6      6      1   
  0.09   0.08   0.50   0.87     10      9      1   
  0.24   0.46   0.17   0.24      3      3      1   
  0.46   0.40   0.12   0.05     55      7      1   
  0.85   0.01   0.55   0.76      8      8      1   
  0.75   0.30   0.78   0.24      1      1      1   
  0.40   0.21   0.90   0.89     10     10      1   
  0.19   0.99   0.55   0.23      9      9      1   
  0.24   0.48   0.75   0.82      7      7      1   
  0.58   0.23   0.80   0.72      6      6      1   
  0.78   0.04   0.59   0.67      6      6      1   
  0.69   0.38   0.40   0.21      4      4      1   
  0.73   0.25   0.60   0.42      2      2      1   
  0.18   0.09   0.83   0.69     11     11      1   
  0.31   0.43   0.64   0.79      5      5      1   
  0.83   0.69   0.40   0.21      8      7      1   
  0.13   0.07   0.34   0.98     12     11      1   
Routing Failed to deliver
  0.75   0.83   0.44   0.02     10      9      1   
  0.80   0.13   0.01   0.37     13      9      1   
  0.03   0.08   0.24   0.48      5      5      1   
  0.51   0.07   0.96   0.26      5      5      1   
  0.48   0.11   0.28   0.95      9      9      1   
  0.43   0.78   0.44   0.53      2      2      1   
  0.13   0.07   0.01   0.20      2      2      1   
  0.50   0.06   0.97   0.45      9      6      1   
  0.68   0.56   0.63   0.65      1      1      1   
  0.63   0.64   0.80   0.21      5      5      1   
  0.40   0.21   0.62   0.95     15      9      1   
  0.99   0.01   0.93   0.59      6      6      1   
  0.63   0.64   0.27   0.99      6      6      1   
  0.36   0.43   0.03   0.08      6      6      1   
  0.12   0.01   0.43   0.78     10      9      1   
  0.31   0.85   0.43   0.66      3      3      1   
  0.74   0.52   0.92   0.15      4      4      1   
  0.48   0.11   0.64   0.49      5      5      1   
  0.93   0.58   0.86   0.38      2      2      1   
  0.31   0.85   0.43   0.01     10     10      1   
  0.46   0.40   0.31   0.85      6      5      1   
  0.50   0.87   0.89   0.75      5      5      1   
  0.76   0.05   0.57   0.81      8      8      1   
  0.93   0.58   0.44   0.53      7      6      1   
  0.85   0.01   0.36   0.85     10     10      1   
  0.32   0.83   0.59   0.67      3      3      1   
  0.11   0.02   0.62   0.10     31     10      1   
  1.00   0.05   0.78   0.23      3      3      1   
  0.58   0.23   1.00   0.05      4      4      1   
  0.65   0.44   0.45   0.80      5      5      1   
  0.89   0.47   0.05   0.16     10     10      1   
  0.51   0.77   0.58   0.26      8      6      1   
  0.86   0.38   0.75   0.76      4      4      1   
  0.98   0.29   0.05   0.26     15     11      1   
  0.80   0.74   0.78   0.23      5      5      1   
  0.87   0.38   0.57   0.63      5      5      1   
  0.22   0.18   0.37   0.49      5      5      1   
  0.88   0.99   0.60   0.42      8      7      1   
  0.71   0.14   0.05   0.16     40      9      1   
Routing Failed to deliver
  0.80   0.21   0.15   0.19     44      9      1   
  0.78   0.24   0.80   0.21      1      1      1   
  0.51   0.77   0.92   0.15      7      7      1   
  0.76   0.05   0.48   0.15      4      4      1   
  0.57   0.63   0.46   0.25      4      4      1   
Routing Failed to deliver
  0.42   0.22   0.64   0.92      8      8      1   
  0.31   0.42   0.46   0.97      6      6      1   
  0.10   1.00   0.82   0.97      8      8      1   
  0.20   0.17   0.03   0.01      2      2      1   
  0.03   0.08   0.59   0.67     10     10      1   
  0.18   0.09   0.76   0.05     32     10      1   
  0.09   0.26   0.62   0.10     28      8      1   
Routing Failed to deliver
  0.62   0.26   0.70   0.45      3      3      1   
  0.73   0.32   1.00   0.05      3      3      1   
  0.88   0.99   0.55   0.76      4      4      1   
Routing Failed to deliver
  0.99   0.29   0.01   0.81     16     15      1   
  0.50   0.74   0.75   0.76      3      3      1   
  0.36   0.80   0.43   0.76      1      1      1   
  0.50   0.87   0.31   0.85      2      2      1   
  0.62   0.10   0.05   0.26     11      8      1   
  0.31   0.42   0.63   0.64      4      4      1   
  0.62   0.10   0.87   0.38      5      4      1   
  0.48   0.53   0.69   0.38      3      3      1   
  0.50   0.87   0.64   0.49      4      4      1   
  0.43   0.78   0.05   0.36      6      6      1   
  0.37   0.49   0.50   0.27      3      3      1   
  0.53   0.64   0.83   0.69      3      3      1   
  0.47   0.06   0.31   0.85      9      9      1   
  0.76   0.40   0.60   0.42      2      2      1   
  0.73   0.12   0.02   0.32     12      9      1   
  0.43   0.92   0.01   0.20     15     10      1   
  0.01   0.20   0.09   0.26      1      1      1   
  0.97   0.99   0.03   0.26     14     13      1   
  0.88   0.99   0.51   0.65      5      5      1   
  0.70   0.99   0.83   0.47      5      5      1   
  0.88   0.99   0.46   0.13     12     10      1   
  0.42   0.22   1.00   0.13      6      5      1   
  0.18   0.27   0.22   0.98     10      9      1   
  0.80   0.13   0.24   0.48      7      7      1   
  0.74   0.95   0.50   0.27      9      8      1   
  0.32   0.83   0.03   0.08     16     10      1   
  0.36   0.85   0.96   0.26      9      9      1   
  0.01   0.20   0.75   0.83     11     11      1   
  0.40   0.21   0.53   0.64      5      5      1   
  0.76   0.05   0.24   0.46      6      6      1   
  0.12   0.05   0.05   0.41      4      4      1   
  0.92   0.57   0.44   0.53      7      6      1   
  0.85   0.23   0.46   0.13      4      4      1   
  0.18   0.81   0.73   0.00     11     10      1   
  0.46   0.25   0.73   0.00      4      4      1   
Routing Failed to deliver
  0.73   0.25   0.92   0.57      4      4      1   
  0.80   0.62   0.01   0.20     10     10      1   
  0.63   0.60   0.46   0.40      4      3      1   
  0.11   0.02   0.62   0.10     31     10      1   
  0.63   0.60   0.81   0.17      4      4      1   
  0.03   0.08   0.93   0.59     13     12      1   
  0.05   0.16   0.01   0.20      1      1      1   
  0.14   0.06   0.76   0.40     10      9      1   
  0.00   0.85   0.82   0.97     11     10      1   
  0.36   0.80   0.75   0.30      8      7      1   
  0.67   0.25   0.75   0.76      5      5      1   
  0.64   0.79   0.88   0.99      3      3      1   
  0.89   0.84   0.89   0.47      5      5      1   
  0.75   0.08   0.03   0.24     12      9      1   
  0.54   0.17   0.74   0.95      8      8      1   
  0.40   0.21   0.73   0.00      5      5      1   
  0.48   0.11   0.99   0.29      6      6      1   
  0.83   0.69   0.51   0.07      8      7      1   
  0.43   0.01   0.69   0.91     10     10      1   
  0.13   0.03   0.88   0.99     14     14      1   
  0.19   0.20   0.64   0.49      7      7      1   
  0.68   0.56   0.89   0.75      3      3      1   
  0.14   0.06   0.12   0.05      1      1      1   
  0.80   0.74   0.50   0.27      7      6      1   
  0.80   0.72   0.46   0.13      8      7      1   
  0.18   0.27   0.80   0.21     29      8      1   
  0.85   0.23   0.31   0.79      8      8      1   
  0.78   0.04   0.64   0.79      8      8      1   
  0.92   0.86   0.43   0.78      5      5      1   
  0.50   0.11   0.93   0.26      5      5      1   
  0.31   0.42   0.61   0.21      4      4      1   
  0.24   0.48   0.81   0.05      8      8      1   
  0.51   0.77   0.19   0.99      4      4      1   
  0.03   0.86   0.46   0.97      5      5      1   
  0.22   0.98   0.93   0.26     11     11      1   
  0.92   0.86   0.42   0.86      6      5      1   
  0.80   0.74   0.74   0.64      1      1      1   
  0.57   0.81   0.50   0.87      1      1      1   
  0.02   0.08   0.43   0.66      9      8      1   
  0.50   0.06   0.46   0.40      4      4      1   
  0.79   0.47   0.63   0.60      3      3      1   
  0.83   0.47   0.72   0.13      3      3      1   
  0.75   0.76   0.92   0.15      6      6      1   
  0.76   0.05   0.45   0.63      7      7      1   
  0.83   0.69   0.74   0.64      1      1      1   
  0.48   0.41   0.85   0.01      6      6      1   
  0.36   0.80   0.78   0.23      9      8      1   
  0.18   0.27   1.00   0.05     31     10      1   
  0.49   0.89   0.14   0.06     55     10      1   
  0.43   0.66   0.89   0.47      6      5      1   
  0.50   0.11   0.28   0.95      9      9      1   
  0.14   0.06   0.18   0.27      2      2      1   
  0.43   0.92   0.72   0.13      8      8      1   
  0.73   0.00   0.32   0.83     10      9      1   
  0.63   0.65   0.85   0.23      5      5      1   
  0.48   0.54   0.22   0.40      3      3      1   
  0.88   0.17   0.24   0.87     10     10      1   
  0.76   0.05   0.69   0.17      2      2      1   
  0.01   0.37   0.45   0.63      7      6      1   
  0.73   0.25   0.13   0.03     26     10      1   
  0.50   0.74   0.46   0.97      3      3      1   
  0.93   0.58   0.62   0.95      5      5      1   
  0.90   0.89   0.42   0.86      7      5      1   
  0.63   0.65   0.79   0.47      3      3      1   
  0.89   0.75   0.70   0.45      4      4      1   
  0.63   0.65   0.03   0.01     58     10      1   
  0.73   0.25   0.65   0.16      1      1      1   
  0.65   0.44   0.62   0.95      6      6      1   
  0.48   0.53   0.62   0.95     11      5      1   
  0.79   0.44   0.32   0.83      7      7      1   
  0.83   0.69   0.27   0.99      7      7      1   
  0.74   0.87   0.50   0.27      7      7      1   
  0.67   0.25   0.55   0.76      5      5      1   
  0.54   0.17   0.09   0.08     23      8      1   
  0.57   0.63   0.40   0.21      5      5      1   
  0.43   0.92   0.17   0.38     12      7      1   
  0.83   0.47   0.69   0.38      2      2      1   
  0.24   0.46   0.37   0.56      2      2      1   
  0.55   0.76   0.82   0.97      3      3      1   
  0.27   0.99   0.17   0.38      9      8      1   
  0.83   0.61   0.89   0.75      2      2      1   
  0.61   0.24   0.83   0.96      8      8      1   
  0.70   0.45   0.00   0.29      7      7      1   
  0.75   0.08   0.97   0.45      7      5      1   
  0.34   0.98   0.31   0.85      2      2      1   
  0.98   0.09   1.00   0.13      1      1      1   
  0.00   0.29   0.02   0.08      2      2      1   
  0.98   0.09   0.17   0.24     15     11      1   
  0.31   0.42   0.27   0.99      7      7      1   
  0.57   0.81   0.70   0.99      2      2      1   
  0.12   0.01   0.43   0.76     10      9      1   
  0.17   0.38   0.62   0.95     15      8      1   
  0.14   0.06   0.05   0.16      2      2      1   
  0.03   0.24   0.74   0.38     29      8      1   
  0.87   0.97   0.80   0.62      4      4      1   
Routing Failed to deliver
  0.36   0.85   0.93   0.58      7      7      1   
  0.62   0.10   0.40   0.21      3      3      1   
  0.24   0.87   0.63   0.64      5      5      1   
  0.73   0.12   1.00   0.05      4      3      1   
Routing Failed to deliver
  0.92   0.76   0.00   0.57     15     12      1   
  0.67   0.25   0.44   0.53      5      5      1   
  0.37   0.49   0.18   0.27      4      4      1   
  0.83   0.47   0.81   0.05      5      4      1   
  0.64   0.92   0.41   1.00     10      4      1   
  0.53   0.64   0.03   0.86      8      7      1   
  0.01   0.81   0.90   0.89     11     11      1   
  0.00   0.57   0.75   0.82     11     11      1   
Routing Failed to deliver
  0.05   0.41   0.97   0.58     10     10      1   
  0.55   0.23   0.48   0.53      4      4      1   
  0.43   0.92   0.44   0.53      4      4      1   
  0.74   0.95   0.72   0.40      5      5      1   
  0.94   0.10   0.82   0.97      9      9      1   
  0.05   0.26   0.03   0.08      2      2      1   
Routing Failed to deliver
  0.46   0.40   0.55   0.15      3      3      1   
  0.09   0.08   0.86   0.38     13     10      1   
  0.89   0.75   0.44   0.02     10      9      1   
  0.76   0.40   0.31   0.79      7      7      1   
  0.85   0.01   0.31   0.42      9      7      1   
  0.89   0.75   0.69   0.24      6      6      1   
  0.62   0.10   0.24   0.48      6      6      1   
  0.22   0.98   0.64   0.79      5      5      1   
  0.80   0.72   0.57   0.81      3      3      1   
  0.75   0.83   0.83   0.47      4      4      1   
  0.50   0.27   0.61   0.24      1      1      1   
  0.09   0.26   0.01   0.37      2      2      1   
  0.81   0.05   0.69   0.24      2      2      1   
  0.89   0.84   0.83   0.69      2      2      1   
  0.43   0.92   0.22   0.18     10      9      1   
  0.51   0.07   0.50   0.74      7      7      1   
  0.90   0.89   0.31   0.85      8      6      1   
  0.80   0.21   0.78   0.23      1      1      1   
  0.06   0.52   0.00   0.29      3      3      1   
  0.02   0.32   0.44   0.35      6      5      1   
  0.48   0.11   0.43   0.44      4      4      1   
  0.96   0.08   0.82   0.97      9      9      1   
  0.96   0.08   0.67   0.25      3      3      1   
  0.43   0.66   0.81   0.17      7      6      1   
  0.06   0.52   0.88   0.18     11     10      1   
Routing Failed to deliver
  0.70   0.99   0.89   0.75      4      4      1   
  0.73   0.00   0.14   0.06     27     11      1   
  0.50   0.06   0.74   0.87      8      8      1   
  0.73   0.32   0.92   0.76      5      5      1   
  0.55   0.23   0.85   0.01      3      3      1   
Routing Failed to deliver
  0.22   0.98   0.51   0.07     10     10      1   
  0.97   0.58   0.45   0.80      7      7      1   
  0.20   0.17   0.50   0.74      8      7      1   
  0.75   0.76   0.97   0.99      4      4      1   
  0.27   0.99   0.64   0.92      5      5      1   
  0.75   0.08   0.64   0.92      9      9      1   
  0.85   0.01   0.99   0.29      4      4      1   
  0.22   0.98   0.13   0.07     13     11      1   
  0.96   0.08   0.87   0.38      3      3      1   
  0.74   0.52   0.00   0.29      8      8      1   
  0.22   0.18   0.15   0.94     14     10      1   
  0.69   0.91   0.51   0.65      3      3      1   
Routing Failed to deliver
  0.11   0.02   0.22   0.40      5      5      1   
  0.73   0.12   0.57   0.81      8      8      1   
  0.42   0.22   0.73   0.00      5      4      1   
  0.77   0.47   0.18   0.81      7      7      1   
Routing Failed to deliver
  0.50   0.27   0.46   0.97      7      7      1   
  0.31   0.79   0.15   0.94      2      2      1   
  0.75   0.76   0.89   0.84      4      3      1   
  0.68   0.56   0.00   0.57     13      9      1   
  0.76   0.40   0.31   0.79      7      7      1   
  0.48   0.41   1.00   0.13      6      6      1   
  0.18   0.81   0.61   0.21      8      8      1   
  0.80   0.74   0.06   0.98      8      8      1   
  0.83   0.96   0.97   0.45      7      7      1   
  0.15   0.19   0.69   0.17     29      8      1   
  1.00   0.13   0.62   0.10      4      4      1   
  0.89   0.75   0.80   0.72      1      1      1   
  0.12   0.01   0.50   0.11     31     10      1   
  0.51   0.07   0.76   0.05      3      3      1   
  0.97   0.99   0.72   0.13     10     10      1   
Routing Failed to deliver
  0.11   0.02   0.50   0.87     11     10      1   
  0.18   0.09   0.11   0.02      1      1      1   
  0.83   0.47   0.96   0.08      4      4      1   
  0.81   0.05   0.72   0.13      1      1      1   
  0.92   0.57   0.88   0.99      6      6      1   
  0.55   0.76   0.50   0.27      5      5      1   
  0.14   0.06   0.24   0.46      4      4      1   
  0.63   0.64   0.99   0.29      6      6      1   
  0.02   0.08   0.74   0.52     10     10      1   
  0.75   0.76   0.78   0.23      5      5      1   
  0.61   0.21   0.71   0.22      1      1      1   
  0.67   0.25   0.50   0.87      6      6      1   
  0.88   0.17   0.45   0.63      7      7      1   
  0.72   0.40   0.03   0.26      7      7      1   
  0.47   0.06   0.92   0.15      5      5      1   
  0.78   0.04   0.15   0.19     41      9      1   
  0.36   0.43   0.05   0.36      3      3      1   
  0.49   0.89   0.80   0.72      4      4      1   
  0.96   0.08   0.88   0.17      1      1      1   
  0.83   0.96   0.86   0.38      7      6      1   
  0.18   0.09   0.03   0.08      2      2      1   
  0.43   0.44   0.98   0.09      7      7      1   
  0.63   0.58   0.03   0.86      9      8      1   
  0.64   0.49   0.62   0.95     12      6      1   
  0.18   0.09   0.93   0.59     11     11      1   
  0.74   0.64   0.42   0.22      7      6      1   
  0.13   0.07   0.62   0.26     31      8      1   
  0.88   0.17   0.01   0.37     13     10      1   
  0.93   0.95   0.80   0.72      3      3      1   
  0.18   0.09   0.83   0.47     10     10      1   
  0.24   0.48   0.48   0.11      6      6      1   
  0.51   0.07   0.28   0.95      9      9      1   
  0.62   0.95   0.44   0.35      7      7      1   
  0.68   0.56   0.55   0.76      3      3      1   
  0.46   0.13   0.62   0.26      2      2      1   
  0.65   0.16   0.51   0.65      6      5      1   
  0.72   0.40   0.73   0.32      1      1      1   
  0.70   0.99   0.46   0.40      6      6      1   
  0.78   0.23   0.51   0.77      6      6      1   
  0.57   0.63   0.58   0.23      5      5      1   
  0.01   0.37   0.18   0.27      2      2      1   
  0.96   0.26   0.69   0.17      3      3      1   
  0.81   0.05   0.49   0.89      8      8      1   
  0.96   0.08   0.49   0.89      9      9      1   
  0.51   0.77   0.02   0.36      8      8      1   
  0.55   0.76   0.36   0.43      4      4      1   
  0.55   0.15   0.78   0.24      3      3      1   
  0.28   0.95   0.19   0.20     15      9      1   
  0.19   0.20   0.65   0.16     12      8      1   
  0.93   0.95   0.64   0.92      3      3      1   
  0.43   0.44   0.64   0.49      4      3      1   
  0.85   0.01   0.57   0.72      8      8      1   
  0.77   0.47   0.64   0.79      4      4      1   
  0.15   0.94   0.98   0.09     13     12      1   
  0.90   0.89   0.59   0.67      6      5      1   
  0.85   0.01   0.18   0.09     28     11      1   
  0.74   0.38   0.93   0.58      3      3      1   
  0.42   0.86   0.48   0.54      3      3      1   
  0.50   0.27   0.90   0.89      9      9      1   
  0.64   0.79   0.89   0.75      3      3      1   
  0.74   0.87   0.75   0.82      1      1      1   
  0.76   0.05   0.41   1.00     10     10      1   
  0.80   0.13   0.48   0.11      4      4      1   
  0.46   0.13   0.50   0.11      1      1      1   
  0.88   0.18   0.62   0.10      3      3      1   
  0.74   0.38   0.03   0.08     10     10      1   
  0.43   0.92   0.92   0.76      6      6      1   
  0.15   0.94   0.78   0.04     11     11      1   
  0.89   0.75   0.49   0.89      5      5      1   
  0.82   0.97   0.73   0.25      7      7      1   
  0.09   0.08   0.00   0.29      3      3      1   
  0.89   0.75   0.19   0.20     12     11      1   
  0.46   0.13   0.80   0.72      7      7      1   
  0.45   0.80   0.81   0.05      8      8      1   
  0.78   0.04   0.80   0.13      1      1      1   
  0.27   0.99   0.10   1.00      2      2      1   
  0.51   0.65   0.32   0.83      3      3      1   
  0.63   0.65   0.46   0.13      7      6      1   
  0.03   0.24   0.05   0.16      1      1      1   
  0.81   0.05   0.68   0.56      5      5      1   
  0.11   0.02   0.83   0.69     12     12      1   
  0.18   0.81   0.31   0.85      2      2      1   
  0.31   0.42   0.76   0.05      6      6      1   
  0.43   0.66   0.80   0.21      7      6      1   
  0.05   0.36   0.18   0.27      2      2      1   
  0.17   0.38   0.06   0.98     13      9      1   
  0.98   0.09   0.78   0.04      3      3      1   
  0.03   0.86   0.57   0.81      6      6      1   
  0.63   0.60   0.90   0.89      5      5      1   
  0.80   0.13   0.55   0.76      7      7      1   
  0.01   0.37   0.20   0.17      3      3      1   
  0.93   0.95   0.14   0.06     63     13      1   
  0.64   0.79   0.19   0.99      5      5      1   
  0.22   0.40   0.62   0.10      6      6      1   
  0.89   0.47   0.63   0.64      3      3      1   
  0.81   0.17   0.17   0.38      7      7      1   
  0.74   0.64   0.17   0.38      7      7      1   
  0.46   0.40   0.36   0.80      5      5      1   
  0.19   0.20   0.65   0.44     10      7      1   
  0.20   0.17   0.18   0.09      1      1      1   
  0.55   0.04   0.50   0.11      1      1      1   
  0.40   0.21   0.64   0.49      5      5      1   
  0.50   0.06   0.63   0.65      7      7      1   
  0.44   0.35   0.12   0.05     54      7      1   
  0.43   0.92   0.58   0.23      8      8      1   
  0.36   0.43   0.92   0.84      8      8      1   
  0.43   0.92   1.00   0.13     10     10      1   
  0.01   0.81   0.80   0.72     10     10      1   
  0.89   0.75   0.97   0.99      3      3      1   
  0.58   0.26   0.09   0.26     11      7      1   
  0.03   0.01   0.93   0.95     15     14      1   
  0.85   0.01   0.69   0.91      9      9      1   
  0.83   0.47   0.50   0.87      6      6      1   
  0.43   0.44   0.42   0.22      3      3      1   
  0.88   0.17   0.94   0.10      1      1      1   
  0.01   0.37   0.63   0.58      8      8      1   
  0.41   1.00   0.80   0.21      9      9      1   
  0.79   0.47   0.48   0.11      5      5      1   
  0.42   0.22   0.83   0.96      9      9      1   
  0.78   0.04   0.44   0.35      4      4      1   
  0.15   0.19   0.22   0.40      3      3      1   
  0.70   0.99   0.43   0.92      5      4      1   
  0.05   0.36   0.75   0.30      7      7      1   
  0.43   0.78   0.80   0.62      5      5      1   
