  0.02   0.36   0.14   0.06      4      4      1   
  0.56   0.19   0.61   0.24      1      1      1   
  0.20   0.28   0.48   0.41      4      4      1   
Routing Failed to deliver
  0.64   0.92   0.44   0.35      6      6      1   
  0.43   0.01   0.42   0.03      1      1      1   
  0.75   0.82   0.66   0.17      9      8      1   
  0.15   0.19   0.24   0.46      3      3      1   
  0.78   0.24   0.00   0.85     15     11      1   
  0.22   0.98   0.46   0.97      2      2      1   
  0.89   0.84   0.18   0.27     16     11      1   
  0.75   0.83   0.61   0.24      9      8      1   
  0.78   0.24   0.36   0.85      8      8      1   
  0.42   0.03   0.31   0.43      5      5      1   
  0.63   0.65   0.40   0.21      7      6      1   
  0.64   0.49   0.50   0.11      6      4      1   
Routing Failed to deliver
  1.00   0.05   0.05   0.41     10     10      1   
  0.53   0.64   0.99   0.01      7      7      1   
  0.46   0.13   0.18   0.81     15      8      1   
  0.64   0.79   0.45   0.80      2      2      1   
  0.03   0.01   0.58   0.26     11      9      1   
  0.18   0.81   0.13   0.03     11     11      1   
  0.59   0.67   0.75   0.83      3      3      1   
  0.67   0.25   0.75   0.83      7      7      1   
  0.43   0.78   0.01   0.20      8      8      1   
  0.46   0.40   0.31   0.85      6      5      1   
  0.82   0.97   0.22   0.18     54     10      1   
  0.51   0.77   0.50   0.06      7      7      1   
  0.57   0.72   0.82   0.97      3      3      1   
  0.11   0.19   0.17   0.24      1      1      1   
  0.03   0.01   0.45   0.63      8      8      1   
  0.44   0.35   0.15   0.19     40      5      1   
  0.78   0.23   0.58   0.23      2      2      1   
  0.82   0.97   0.55   0.23     10      9      1   
  0.11   0.02   0.92   0.76     23     14      1   
  0.28   0.81   0.12   0.01     18     11      1   
  0.80   0.13   0.92   0.84     13     12      1   
  0.49   0.89   0.85   0.01      9      9      1   
  0.58   0.23   0.48   0.41      3      3      1   
  0.24   0.46   0.65   0.16      5      5      1   
  0.53   0.64   0.46   0.13      5      5      1   
  0.03   0.08   0.24   0.48      5      5      1   
  0.37   0.49   0.83   0.96      6      6      1   
  0.03   0.01   0.55   0.04     31     10      1   
  0.65   0.44   0.53   0.64      3      3      1   
  0.71   0.22   0.73   0.25      1      1      1   
  0.42   0.86   0.93   0.26      8      8      1   
  0.75   0.08   0.73   0.32      3      3      1   
  0.59   0.67   0.12   0.01     61      9      1   
  1.00   0.05   0.11   0.32     14     10      1   
  0.40   0.21   0.90   0.08      6      5      1   
  0.28   0.95   0.03   0.26     21      9      1   
  0.01   0.46   0.12   0.01      5      5      1   
  0.61   0.21   0.12   0.01     42      9      1   
  0.18   0.81   0.01   0.46     17      9      1   
  0.01   0.37   0.19   0.20      3      3      1   
  0.92   0.76   0.47   0.06     18     12      1   
  0.89   0.75   0.43   0.01     15     13      1   
  0.19   0.99   0.17   0.24     12     10      1   
  0.55   0.04   0.64   0.92     10      9      1   
  0.54   0.17   0.78   0.24      3      3      1   
  0.90   0.89   0.43   0.66     11      6      1   
  0.88   0.99   0.69   0.91      3      3      1   
  0.82   0.97   0.69   0.38      8      7      1   
  0.27   0.99   0.42   0.03     10     10      1   
  0.37   0.49   0.64   0.79      4      4      1   
  0.55   0.76   0.97   0.99      5      5      1   
  0.51   0.77   0.58   0.23      6      6      1   
  0.50   0.06   0.60   0.42      5      5      1   
  0.85   0.01   0.41   1.00     11     11      1   
Routing Failed to deliver
  0.58   0.26   0.06   0.98     17     10      1   
  0.98   0.29   0.26   0.56      9      9      1   
  0.56   0.19   0.63   0.64      6      5      1   
  0.02   0.36   0.71   0.14     33      8      1   
  0.73   0.12   0.05   0.41     10      8      1   
  0.63   0.58   0.22   0.98      6      6      1   
  0.09   0.08   0.78   0.23     11     10      1   
  0.69   0.50   1.00   0.05      5      5      1   
  0.88   0.17   0.38   0.55      7      7      1   
  0.89   0.84   0.44   0.35     14      8      1   
  0.73   0.25   0.03   0.24     12      8      1   
  0.96   0.08   0.50   0.03      6      6      1   
  0.32   0.83   0.18   0.81      2      2      1   
  0.31   0.85   0.44   0.53      4      4      1   
  0.03   0.08   0.71   0.22     13     10      1   
  0.45   0.63   0.27   0.99      5      5      1   
  0.19   0.99   0.02   0.08     18     12      1   
  0.63   0.65   0.78   0.24      5      5      1   
  0.70   0.99   0.65   0.16     10      9      1   
  0.19   0.99   0.69   0.50      7      7      1   
  0.90   0.89   0.63   0.65     11      5      1   
  0.69   0.50   0.78   0.23      3      3      1   
  0.73   0.32   0.50   0.11      3      3      1   
  0.44   0.53   0.62   0.10      5      5      1   
  0.37   0.49   0.22   0.03      6      6      1   
  0.92   0.15   0.72   0.13      2      2      1   
  0.31   0.43   0.92   0.86     12      8      1   
  0.57   0.81   0.89   0.84      5      4      1   
  0.75   0.08   0.09   0.26     12      9      1   
  0.03   0.86   0.48   0.41      8      8      1   
  0.97   0.99   0.31   0.79      7      7      1   
  0.93   0.95   0.27   0.99      8      8      1   
  0.05   0.26   0.55   0.04     31      8      1   
Routing Failed to deliver
  0.54   0.85   0.99   0.01     15      9      1   
  0.55   0.76   0.88   0.18      7      7      1   
  0.45   0.80   1.00   0.05      9      9      1   
  0.73   0.25   0.36   0.80      7      7      1   
  0.89   0.84   0.22   0.18     60     11      1   
Routing Failed to deliver
  0.28   0.81   0.24   0.48      6      6      1   
  0.31   0.79   0.88   0.17     10      9      1   
  0.42   0.03   0.37   0.49      5      5      1   
  0.63   0.64   0.50   0.06      7      7      1   
  0.73   0.00   0.43   0.66      8      7      1   
  0.85   0.01   0.64   0.92     10     10      1   
  0.24   0.87   0.11   0.19     18      9      1   
  0.93   0.95   0.20   0.17     61     11      1   
  0.76   0.05   0.05   0.41      8      8      1   
  0.68   0.56   0.36   0.85      5      5      1   
  1.00   0.13   0.73   0.32      3      3      1   
  0.63   0.65   0.17   0.38      6      6      1   
  0.58   0.23   0.64   0.79      8      7      1   
  0.88   0.99   0.31   0.43      8      8      1   
  0.72   0.13   0.48   0.41      5      4      1   
  0.03   0.26   0.89   0.84     16     12      1   
  0.03   0.01   0.99   0.29     14     13      1   
  0.00   0.85   0.85   0.01     13     13      1   
  0.70   0.99   0.15   0.19     10     10      1   
Routing Failed to deliver
  0.62   0.95   0.05   0.16     10     10      1   
  0.12   0.05   0.61   0.21     18      9      1   
  0.74   0.87   0.09   0.26      9      9      1   
  0.37   0.56   0.89   0.75     17      8      1   
  0.20   0.28   0.55   0.04     30      7      1   
  0.03   0.24   0.64   0.49      7      7      1   
  0.75   0.08   0.75   0.82      9      9      1   
  0.65   0.44   0.05   0.16      8      8      1   
  0.73   0.00   0.06   0.98     20     12      1   
  0.32   0.83   0.69   0.91      4      4      1   
Routing Failed to deliver
  0.47   0.06   0.03   0.08     19     10      1   
  0.18   0.09   0.11   0.32      2      2      1   
  0.46   0.13   0.59   0.67      6      6      1   
  0.11   0.19   0.48   0.11     23      8      1   
  0.11   0.02   0.44   0.35      7      7      1   
  0.90   0.89   0.47   0.06     18     11      1   
Routing Failed to deliver
  0.49   0.89   0.10   1.00      4      4      1   
Routing Failed to deliver
  1.00   0.13   0.67   0.25      3      3      1   
  0.54   0.17   0.93   0.26      4      4      1   
  0.44   0.02   0.63   0.65      7      7      1   
  0.32   0.83   0.82   0.97      5      5      1   
  0.28   0.81   0.98   0.09     12     11      1   
  0.05   0.26   0.55   0.04     31      8      1   
  0.37   0.49   0.42   0.03      5      5      1   
  0.55   0.04   0.62   0.81      9      8      1   
  0.47   0.06   0.64   0.79      9      8      1   
  0.59   0.67   0.48   0.54      2      2      1   
  0.43   0.92   0.44   0.35      6      6      1   
  0.57   0.81   0.19   0.20      8      8      1   
  0.59   0.67   0.48   0.15      7      6      1   
  0.73   0.25   0.05   0.36     11      7      1   
  0.15   0.19   0.55   0.15     14      7      1   
  0.18   0.09   0.71   0.22     19      9      1   
  0.57   0.63   0.02   0.25      7      7      1   
  0.78   0.04   0.69   0.17      2      2      1   
  0.18   0.09   0.48   0.11     31      9      1   
  0.06   0.52   0.44   0.02     33      8      1   
  0.70   0.99   0.13   0.07     11     11      1   
  0.96   0.26   0.17   0.24     14     10      1   
  0.93   0.26   0.54   0.17      4      4      1   
  0.61   0.21   0.22   0.03     42      9      1   
  0.06   0.98   0.40   0.21     11     10      1   
  0.64   0.92   0.69   0.24      8      8      1   
  0.05   0.36   0.02   0.36      1      1      1   
  0.13   0.03   0.69   0.17     19     10      1   
  0.03   0.24   0.64   0.92      9      9      1   
  0.50   0.74   0.80   0.13      7      7      1   
  0.89   0.84   0.69   0.24     17     10      1   
  0.89   0.84   0.78   0.04     18     11      1   
  0.47   0.06   0.61   0.24      2      2      1   
  0.57   0.72   0.19   0.99      5      5      1   
  0.51   0.07   0.50   0.11      1      1      1   
  0.00   0.85   0.43   0.76      4      4      1   
  1.00   0.13   0.22   0.98     12     12      1   
  0.40   0.21   0.44   0.02      2      2      1   
  0.31   0.85   0.88   0.17     11      9      1   
  0.89   0.84   0.46   0.25     15      9      1   
  0.69   0.91   0.51   0.07      9      9      1   
  0.64   0.49   0.31   0.85      6      5      1   
  0.93   0.95   0.47   0.06     19     11      1   
  0.06   0.52   0.11   0.02      5      5      1   
  0.81   0.05   0.87   0.97     11     11      1   
  0.15   0.94   0.17   0.38      9      8      1   
  0.41   1.00   0.85   0.01     11     11      1   
  0.43   0.66   0.42   0.86      2      2      1   
  0.03   0.24   0.00   0.29      1      1      1   
  0.31   0.79   0.70   0.45      6      5      1   
  0.63   0.64   0.38   0.55      3      3      1   
  0.99   0.01   0.69   0.50      6      5      1   
  0.58   0.26   0.42   0.03      3      3      1   
  0.92   0.15   0.26   0.56      8      8      1   
  0.01   0.81   0.83   0.96      9      8      1   
  0.61   0.21   0.97   0.99     11     11      1   
  0.75   0.30   0.69   0.24      1      1      1   
  0.36   0.85   0.31   0.85      1      1      1   
  0.78   0.23   0.05   0.36     11      8      1   
  0.98   0.09   0.46   0.40      7      7      1   
  0.43   0.78   0.46   0.40      4      4      1   
  0.22   0.98   0.43   0.01     11     11      1   
  0.31   0.79   0.88   0.17     10      9      1   
  0.57   0.72   0.70   0.99      3      3      1   
  0.44   0.02   0.70   0.99     10     10      1   
  0.81   0.17   0.46   0.97      8      8      1   
  0.48   0.15   0.05   0.16     21      8      1   
  0.06   0.52   0.65   0.44      7      7      1   
  0.58   0.26   0.34   0.98      9      9      1   
  0.62   0.10   0.02   0.08     23     10      1   
  0.47   0.26   0.70   0.99      8      8      1   
  0.22   0.40   0.71   0.22      7      6      1   
  0.98   0.09   0.28   0.95     11     11      1   
  0.34   0.98   0.92   0.15     10     10      1   
  0.69   0.38   0.20   0.28      6      6      1   
  0.80   0.21   0.58   0.23      2      2      1   
  0.18   0.81   0.93   0.95      7      7      1   
  0.42   0.03   0.03   0.24     15      8      1   
  0.71   0.22   0.56   0.19      2      2      1   
  0.17   0.38   0.48   0.41      3      3      1   
  0.50   0.11   0.28   0.81      9      9      1   
  0.66   0.17   0.00   0.85     14     11      1   
  0.01   0.20   0.58   0.26     10      8      1   
  0.02   0.08   0.01   0.20      1      1      1   
  0.43   0.44   0.03   0.08      6      6      1   
  0.02   0.36   0.60   0.42      7      6      1   
  0.75   0.76   0.93   0.26      9      9      1   
  0.46   0.25   0.44   0.35      1      1      1   
  0.40   0.21   0.90   0.08      6      5      1   
  0.51   0.07   0.05   0.36      8      7      1   
  0.50   0.27   0.43   0.76      5      5      1   
  0.42   0.22   0.37   0.56      4      4      1   
  0.03   0.08   0.02   0.32      2      2      1   
  0.28   0.95   0.88   0.17     11     10      1   
  0.75   0.08   1.00   0.05      3      3      1   
  0.59   0.67   0.13   0.03     61      9      1   
  0.42   0.22   0.67   0.25      2      2      1   
  0.36   0.43   0.31   0.43      1      1      1   
  0.89   0.75   0.05   0.26     15     13      1   
Routing Failed to deliver
  0.75   0.08   0.64   0.92     10      9      1   
  0.74   0.95   0.88   0.17     11     10      1   
  0.51   0.07   0.70   0.99     11     10      1   
  0.64   0.49   0.69   0.38      1      1      1   
  0.61   0.24   0.71   0.22      1      1      1   
  0.63   0.64   0.92   0.76     13      6      1   
  0.03   0.01   0.13   0.07      1      1      1   
  0.48   0.54   0.94   0.10      8      8      1   
  1.00   0.13   0.15   0.94     12     12      1   
  0.89   0.75   0.48   0.15     13     11      1   
  0.18   0.09   0.96   0.26     11     11      1   
  0.71   0.14   0.74   0.87      8      8      1   
  0.62   0.10   0.18   0.81     16      9      1   
  0.06   0.98   0.05   0.36     12     10      1   
  0.62   0.81   0.88   0.99      4      4      1   
  0.80   0.13   0.63   0.64      6      6      1   
  0.36   0.85   0.24   0.48     14      5      1   
  0.48   0.53   0.50   0.06      5      5      1   
  0.13   0.07   0.71   0.14     20      9      1   
  0.46   0.97   0.75   0.82      4      4      1   
  0.01   0.81   0.99   0.01     14     13      1   
  0.13   0.83   0.69   0.17     10     10      1   
  0.46   0.40   0.28   0.95      6      6      1   
  0.48   0.11   0.03   0.01     23     10      1   
  1.00   0.13   0.36   0.43      7      7      1   
  0.42   0.86   0.92   0.15      8      8      1   
  0.50   0.27   0.62   0.81      6      6      1   
  0.64   0.92   0.50   0.74      2      2      1   
  0.75   0.82   0.22   0.18     53      9      1   
  0.73   0.00   0.69   0.50      4      4      1   
  0.61   0.21   0.63   0.60      5      4      1   
  0.92   0.86   0.22   0.98      8      8      1   
  0.15   0.94   0.24   0.46      8      7      1   
  0.92   0.15   0.96   0.26      1      1      1   
  0.96   0.08   0.00   0.85     17     13      1   
  0.43   0.66   0.64   0.55      3      3      1   
  0.88   0.99   0.24   0.48      9      9      1   
  0.06   0.52   0.05   0.41      1      1      1   
  0.98   0.09   0.73   0.25      3      3      1   
  0.92   0.76   0.31   0.42     13      9      1   
  0.18   0.09   0.50   0.03     29      9      1   
  0.55   0.76   0.98   0.29      8      8      1   
  0.50   0.11   0.73   0.12      2      2      1   
  0.13   0.03   0.96   0.26     13     12      1   
  0.37   0.56   0.63   0.60      3      3      1   
  0.22   0.98   0.44   0.35      7      7      1   
  0.14   0.06   0.05   0.41      4      4      1   
  0.18   0.27   0.62   0.95      8      8      1   
  0.92   0.76   0.55   0.23     17     11      1   
  0.37   0.49   0.69   0.50      4      4      1   
  0.31   0.85   0.65   0.44      8      5      1   
  0.90   0.08   0.73   0.00      2      2      1   
  0.71   0.14   0.73   0.00      2      2      1   
  0.20   0.28   0.85   0.01     28      9      1   
  0.48   0.11   0.09   0.26     11      8      1   
  0.37   0.49   0.98   0.09      8      8      1   
  0.74   0.95   0.37   0.49      6      6      1   
  0.70   0.99   0.02   0.32     10     10      1   
  0.69   0.24   0.72   0.13      1      1      1   
  0.19   0.20   0.88   0.17     13     10      1   
  0.75   0.83   0.92   0.76      9      4      1   
  0.31   0.85   0.61   0.24      8      8      1   
  0.32   0.83   0.46   0.40      5      5      1   
  0.81   0.17   0.17   0.38      7      7      1   
  0.45   0.80   0.43   0.44      4      4      1   
  0.63   0.60   0.34   0.98      5      5      1   
  0.43   0.78   0.18   0.09      8      8      1   
  0.43   0.78   0.43   0.66      1      1      1   
Routing Failed to deliver
  0.71   0.14   0.05   0.26     12      8      1   
  0.54   0.85   0.32   0.83      2      2      1   
  0.09   0.08   0.19   0.20      2      2      1   
  0.43   0.78   0.57   0.81      2      2      1   
  0.43   0.78   0.03   0.01      9      9      1   
  0.88   0.17   0.72   0.13      2      2      1   
  0.03   0.24   0.75   0.76     13     10      1   
  0.89   0.75   0.58   0.26     16     11      1   
  0.88   0.99   0.43   0.92      6      6      1   
  0.69   0.17   0.02   0.25     12      8      1   
  0.46   0.25   0.59   0.67      5      5      1   
  0.62   0.81   0.92   0.84      7      5      1   
  0.37   0.56   0.27   0.99      5      5      1   
  0.02   0.08   0.00   0.29      2      2      1   
  0.12   0.05   0.54   0.17     18      9      1   
  0.71   0.22   0.93   0.95     10     10      1   
  0.00   0.29   0.15   0.19      2      2      1   
  1.00   0.05   0.11   0.19     16     11      1   
  0.13   0.03   0.40   0.21     18      9      1   
  0.70   0.99   0.74   0.87      1      1      1   
  0.88   0.17   0.10   1.00     12     12      1   
Routing Failed to deliver
  0.51   0.07   0.43   0.01      1      1      1   
  0.60   0.42   0.43   0.92      6      6      1   
  0.26   0.56   0.31   0.85      9      5      1   
  0.92   0.84   0.75   0.76      6      4      1   
  0.75   0.82   0.41   1.00      6      5      1   
  0.94   0.10   0.59   0.67      7      7      1   
  0.34   0.98   0.22   0.18     10     10      1   
  0.02   0.08   0.74   0.25     12     10      1   
  0.34   0.98   0.88   0.99      7      7      1   
  0.10   0.85   0.54   0.85      5      5      1   
  0.60   0.42   0.05   0.26      6      6      1   
  0.81   0.05   0.05   0.26     19     10      1   
  0.64   0.49   0.55   0.23      5      3      1   
  0.64   0.49   0.81   0.05      4      4      1   
  0.92   0.84   0.75   0.08     16     12      1   
  0.01   0.81   0.62   0.95      7      6      1   
  0.80   0.21   0.26   0.56      7      7      1   
  1.00   0.05   0.13   0.83     12     12      1   
  0.02   0.25   0.45   0.80      8      8      1   
  0.12   0.05   0.65   0.44      9      9      1   
  0.89   0.75   0.48   0.15     13     11      1   
  0.64   0.79   0.46   0.97      3      3      1   
  0.50   0.11   0.50   0.06      1      1      1   
  0.92   0.76   0.31   0.42     13      9      1   
  0.03   0.24   0.70   0.99     10     10      1   
  0.36   0.85   0.03   0.01     21     10      1   
  0.78   0.23   0.69   0.24      1      1      1   
  0.57   0.81   0.50   0.27      6      6      1   
  0.24   0.87   0.75   0.82      5      5      1   
  0.63   0.64   0.48   0.54      2      2      1   
  0.10   1.00   0.43   0.01     13     12      1   
  0.31   0.42   0.96   0.08      8      8      1   
  0.96   0.02   0.58   0.23      4      4      1   
  0.18   0.81   0.02   0.08     11     11      1   
  0.92   0.86   0.75   0.08     17     11      1   
  0.65   0.16   0.22   0.18     17      8      1   
  0.13   0.07   0.01   0.37      3      3      1   
  0.11   0.32   0.47   0.06     36      7      1   
  0.17   0.38   0.10   0.85      8      8      1   
  0.55   0.76   0.01   0.37      8      8      1   
  0.87   0.97   0.53   0.64      5      5      1   
  0.10   0.85   0.78   0.04     11     11      1   
  0.06   0.98   0.63   0.60      7      7      1   
  0.61   0.24   0.50   0.27      1      1      1   
  0.78   0.24   0.85   0.01      2      2      1   
  0.69   0.91   0.12   0.01     63     11      1   
  0.78   0.24   0.94   0.10      2      2      1   
  0.94   0.10   0.54   0.85      9      9      1   
  0.62   0.81   0.11   0.32      8      8      1   
  0.50   0.11   0.99   0.29      6      6      1   
  0.59   0.67   0.01   0.20      8      8      1   
  0.98   0.29   0.48   0.15      6      6      1   
  0.89   0.84   0.44   0.53     11      7      1   
  0.03   0.24   0.63   0.64      8      8      1   
  0.36   0.85   0.11   0.19     18      8      1   
  0.48   0.11   0.61   0.21      2      2      1   
  0.69   0.91   0.42   0.03      9      9      1   
  0.03   0.26   0.40   0.21     14      7      1   
  0.02   0.32   0.53   0.64      7      7      1   
  0.40   0.21   0.32   0.83      7      7      1   
  0.69   0.50   0.80   0.13      4      4      1   
  0.46   0.40   0.89   0.75     17      8      1   
  0.76   0.05   0.03   0.08     25     11      1   
  0.42   0.03   0.01   0.46      9      8      1   
  0.69   0.24   0.64   0.79      7      7      1   
  0.92   0.84   0.96   0.26     25     12      1   
  0.03   0.26   0.50   0.87      8      8      1   
  0.80   0.21   0.78   0.24      1      1      1   
  0.72   0.13   0.64   0.49      3      3      1   
  0.05   0.26   0.38   0.55      5      5      1   
  0.56   0.19   0.03   0.01     24      9      1   
  0.61   0.21   0.03   0.01     25      9      1   
  0.74   0.25   0.13   0.83     17     10      1   
  0.85   0.01   0.99   0.29      4      4      1   
  0.50   0.87   0.34   0.98      2      2      1   
  0.10   0.85   0.22   0.98      2      2      1   
  0.67   0.25   0.31   0.43      5      5      1   
  0.73   0.32   0.02   0.32     12      8      1   
  0.73   0.12   0.22   0.98     11     11      1   
  0.19   0.99   0.64   0.49      8      7      1   
  0.11   0.32   0.50   0.27     27      5      1   
  0.55   0.04   0.97   0.99     13     12      1   
  0.64   0.79   0.02   0.32      9      9      1   
  0.69   0.24   0.17   0.24     12      8      1   
Routing Failed to deliver
  0.03   0.08   0.76   0.05     32     11      1   
  0.83   0.96   0.89   0.75      2      2      1   
  0.49   0.89   0.45   0.80      1      1      1   
  0.57   0.63   0.90   0.08      6      6      1   
  0.22   0.98   0.75   0.30     10      9      1   
  0.09   0.26   0.18   0.81     16      9      1   
  0.24   0.46   0.43   0.66      3      3      1   
  0.93   0.95   0.46   0.13     17     10      1   
  0.15   0.19   0.37   0.49      4      4      1   
  0.50   0.74   0.18   0.27      7      6      1   
  0.81   0.17   0.24   0.48      7      7      1   
  0.02   0.32   0.96   0.08     36     11      1   
  0.50   0.74   0.27   0.99      4      4      1   
  0.10   1.00   0.09   0.08     16     12      1   
  0.97   0.99   0.64   0.55     14      7      1   
  0.61   0.21   0.96   0.08      4      4      1   
  0.10   0.85   0.02   0.32     13     10      1   
  0.88   0.99   0.85   0.01     19     12      1   
  0.63   0.58   0.02   0.25      8      8      1   
  0.03   0.24   0.69   0.17     20      8      1   
  0.92   0.86   0.88   0.18     17     11      1   
  0.09   0.08   0.03   0.24      2      2      1   
  0.88   0.17   0.98   0.29      2      2      1   
  0.69   0.91   0.37   0.56      5      5      1   
  0.70   0.99   0.17   0.24     10     10      1   
  0.26   0.56   0.43   0.01      8      7      1   
  0.48   0.15   0.24   0.48      7      5      1   
Routing Failed to deliver
  0.81   0.05   0.50   0.74      7      7      1   
  0.48   0.53   0.00   0.85     13      7      1   
  0.80   0.13   0.56   0.19      3      3      1   
  0.98   0.29   0.24   0.87     11     11      1   
  0.47   0.26   0.66   0.17      2      2      1   
  0.13   0.07   0.20   0.17      1      1      1   
  0.05   0.41   0.31   0.43      3      3      1   
  0.62   0.26   0.63   0.60      4      4      1   
  0.65   0.16   0.83   0.96      9      9      1   
  0.96   0.08   0.01   0.46     14     11      1   
  0.69   0.17   0.54   0.17      2      2      1   
  0.18   0.27   0.69   0.24     12      7      1   
  0.27   0.99   0.98   0.29     12     12      1   
  0.11   0.19   0.45   0.63      6      6      1   
Routing Failed to deliver
  0.54   0.85   0.69   0.50      4      4      1   
  0.97   0.99   0.32   0.83      7      7      1   
  0.66   0.17   0.74   0.25      1      1      1   
  0.31   0.79   0.78   0.24      9      8      1   
  0.69   0.38   0.01   0.46      7      7      1   
  0.87   0.97   0.98   0.29     28     12      1   
  0.59   0.67   0.46   0.25      6      5      1   
  0.56   0.19   0.10   0.85     16      9      1   
  0.66   0.17   0.78   0.23      2      2      1   
  0.55   0.76   0.93   0.95      4      4      1   
  0.78   0.23   0.37   0.56      6      6      1   
  0.61   0.24   0.64   0.79      8      7      1   
  0.47   0.26   0.03   0.24     10      6      1   
  0.31   0.42   0.03   0.24      4      4      1   
  0.78   0.24   0.89   0.84     11     10      1   
  0.72   0.13   0.24   0.46      6      6      1   
  0.62   0.81   0.81   0.05      8      8      1   
  0.01   0.81   0.54   0.17     10     10      1   
Routing Failed to deliver
  0.78   0.04   0.06   0.98     12     12      1   
  0.48   0.41   0.65   0.16      4      4      1   
  0.42   0.22   0.58   0.23      2      2      1   
  0.69   0.17   0.71   0.22      1      1      1   
  0.65   0.44   0.19   0.99      7      7      1   
  0.64   0.92   0.62   0.81      1      1      1   
  0.64   0.49   0.70   0.99      6      6      1   
  0.99   0.01   0.64   0.55      7      6      1   
  0.18   0.09   0.43   0.76      8      8      1   
  0.90   0.08   0.88   0.18      1      1      1   
  0.96   0.02   0.28   0.81     11     11      1   
  0.27   0.99   0.57   0.72      5      5      1   
  0.48   0.54   0.73   0.32      5      5      1   
  0.17   0.24   0.06   0.52      3      3      1   
  0.37   0.56   0.17   0.38      3      3      1   
  0.75   0.82   0.19   0.20     10      9      1   
  0.75   0.08   0.60   0.42      7      4      1   
  0.82   0.97   0.42   0.22      9      9      1   
  0.43   0.66   0.66   0.17      6      6      1   
  0.74   0.25   0.22   0.98     10     10      1   
  0.80   0.21   0.45   0.80      7      7      1   
  0.24   0.46   0.45   0.63      3      3      1   
  0.89   0.75   0.13   0.83      9      9      1   
  0.43   0.66   0.46   0.25      4      4      1   
  0.02   0.36   0.62   0.26     31      7      1   
  0.28   0.81   0.15   0.19     16      9      1   
  0.05   0.36   0.03   0.24      1      1      1   
  0.92   0.84   0.69   0.91      4      4      1   
  0.45   0.63   0.71   0.14      6      6      1   
  0.75   0.76   0.55   0.23      8      8      1   
  0.54   0.85   0.43   0.92      2      2      1   
  0.01   0.81   0.47   0.06     11     11      1   
  0.73   0.12   0.22   0.03     43     11      1   
  0.20   0.17   0.51   0.65      6      6      1   
  0.80   0.21   0.57   0.72      6      6      1   
  0.44   0.35   0.42   0.22      2      2      1   
  0.81   0.05   0.54   0.85      8      8      1   
  0.46   0.40   0.50   0.06      4      4      1   
  0.73   0.00   0.05   0.36     11      9      1   
  0.48   0.53   0.70   0.99      5      5      1   
  0.32   0.83   0.49   0.89      2      2      1   
  0.27   0.99   0.69   0.17     10     10      1   
  0.55   0.15   0.22   0.40      5      5      1   
  0.31   0.43   0.59   0.67      4      4      1   
  0.92   0.76   0.44   0.02     17     12      1   
  0.11   0.32   0.02   0.25      1      1      1   
  0.47   0.26   0.98   0.29      6      6      1   
  0.42   0.03   0.75   0.30      4      4      1   
  0.66   0.17   0.43   0.66      6      6      1   
  0.43   0.66   0.05   0.41      5      5      1   
  0.54   0.17   0.62   0.95      9      8      1   
  0.68   0.56   0.72   0.13      4      4      1   
  0.73   0.25   0.93   0.95      9      9      1   
  0.45   0.80   0.32   0.83      2      2      1   
  0.43   0.44   0.76   0.05      5      5      1   
  0.57   0.63   0.06   0.52      8      7      1   
  0.24   0.46   0.88   0.18      7      7      1   
  0.82   0.97   0.31   0.42      7      7      1   
  0.01   0.81   0.06   0.52     28     11      1   
  0.97   0.99   0.17   0.24     18     12      1   
  0.41   1.00   0.96   0.02     11     11      1   
  0.19   0.20   0.28   0.95      9      9      1   
  0.74   0.95   0.83   0.96      1      1      1   
  0.22   0.40   0.92   0.86     13      9      1   
  0.03   0.24   0.51   0.65      7      7      1   
  0.46   0.25   0.78   0.23      3      3      1   
  0.26   0.56   0.22   0.18      4      4      1   
  0.36   0.43   0.50   0.27      2      2      1   
  0.55   0.23   0.50   0.11      1      1      1   
  0.57   0.63   0.64   0.49      2      2      1   
  0.11   0.02   0.80   0.21     20     11      1   
  0.47   0.06   0.89   0.84     13     11      1   
  0.75   0.30   0.41   1.00      8      8      1   
Routing Failed to deliver
  0.50   0.03   0.03   0.86     18     11      1   
  0.88   0.99   0.75   0.08     18     11      1   
  0.82   0.97   0.89   0.75      3      3      1   
  0.75   0.08   0.55   0.23      2      2      1   
  0.62   0.95   0.61   0.24      8      8      1   
  1.00   0.13   0.09   0.08     59     12      1   
  0.01   0.37   0.02   0.08      3      3      1   
  0.42   0.86   0.90   0.08      8      8      1   
  0.81   0.05   0.11   0.02     45     12      1   
  0.01   0.81   0.46   0.13     10     10      1   
  0.69   0.91   0.05   0.16     10     10      1   
  0.02   0.36   0.88   0.18     33     10      1   
  0.62   0.95   0.43   0.76      3      3      1   
  0.67   0.25   0.43   0.66      5      5      1   
  0.40   0.21   0.63   0.65      6      6      1   
  0.31   0.85   0.64   0.55      5      4      1   
  0.55   0.23   0.48   0.41      3      3      1   
  0.42   0.22   0.43   0.92      8      8      1   
  0.31   0.85   0.68   0.56      6      5      1   
  0.69   0.38   0.81   0.05      3      3      1   
Routing Failed to deliver
  0.38   0.55   0.31   0.43      2      2      1   
  0.62   0.26   0.34   0.98      9      9      1   
  0.69   0.91   0.76   0.05      9      9      1   
  0.92   0.84   0.45   0.63      9      7      1   
  0.38   0.55   0.50   0.06      5      5      1   
  0.46   0.25   0.38   0.55      3      3      1   
  0.92   0.86   0.06   0.98      9      9      1   
  0.01   0.20   1.00   0.05     23     12      1   
  0.92   0.84   0.88   0.18     16     12      1   
  0.26   0.56   0.14   0.06      5      5      1   
  0.15   0.19   0.41   1.00     10     10      1   
Routing Failed to deliver
  0.48   0.54   0.66   0.17      5      5      1   
  0.47   0.06   0.48   0.54      5      5      1   
  0.31   0.79   0.10   1.00      3      3      1   
  0.62   0.81   0.98   0.29     18      9      1   
  0.87   0.97   0.85   0.23     17     10      1   
  0.45   0.63   0.20   0.28      5      5      1   
  0.51   0.07   0.28   0.81      9      9      1   
  0.85   0.01   0.66   0.17      3      3      1   
  0.51   0.77   0.70   0.99      3      3      1   
  0.59   0.67   0.62   0.10      6      6      1   
  0.75   0.76   0.03   0.86      7      7      1   
  0.02   0.32   0.98   0.29     32     11      1   
  1.00   0.13   0.56   0.19      4      4      1   
  0.64   0.55   0.11   0.19      8      7      1   
  0.50   0.27   0.64   0.55      5      5      1   
  0.87   0.97   0.34   0.98      7      7      1   
  0.01   0.20   0.19   0.99     16     11      1   
  0.70   0.99   0.58   0.26     12      9      1   
  1.00   0.13   0.47   0.26      5      5      1   
  0.13   0.07   0.03   0.08      1      1      1   
  0.96   0.02   0.63   0.58      7      6      1   
  0.22   0.03   0.00   0.57      6      6      1   
  0.18   0.27   0.44   0.53      5      4      1   
  0.81   0.05   0.41   1.00     10     10      1   
  0.88   0.99   0.01   0.20     12     12      1   
  0.94   0.10   0.05   0.36     13     10      1   
  0.58   0.26   0.43   0.78      6      6      1   
  0.53   0.64   0.57   0.81      2      2      1   
  0.78   0.24   0.48   0.54      6      6      1   
  0.75   0.76   0.22   0.18     53      9      1   
  0.19   0.99   0.00   0.85      3      3      1   
  0.55   0.04   0.43   0.78      7      7      1   
  0.48   0.11   0.20   0.28     10      7      1   
  0.44   0.02   0.93   0.95     12     11      1   
  0.92   0.86   0.38   0.55     11      7      1   
Routing Failed to deliver
  0.96   0.02   0.31   0.85     11     10      1   
  0.05   0.36   0.51   0.77      7      7      1   
  0.03   0.26   0.06   0.52      3      3      1   
  0.92   0.86   0.76   0.05     17     11      1   
  0.02   0.36   0.99   0.01     37     11      1   
  0.62   0.10   0.60   0.42      5      4      1   
  0.63   0.60   0.75   0.08      5      5      1   
  0.05   0.26   0.38   0.55      5      5      1   
  0.64   0.79   0.03   0.86      6      6      1   
  0.78   0.04   0.12   0.05     57     11      1   
Routing Failed to deliver
  0.43   0.76   0.94   0.10     10      9      1   
  0.54   0.17   0.42   0.03      2      2      1   
  0.75   0.76   0.73   0.12      9      9      1   
  0.13   0.03   0.28   0.95     11     11      1   
  0.75   0.76   0.27   0.99      6      6      1   
  0.13   0.07   0.43   0.44      5      5      1   
  0.74   0.25   0.09   0.26     12      8      1   
  0.42   0.86   0.11   0.02     10     10      1   
  0.18   0.09   0.60   0.42      7      7      1   
  0.15   0.19   0.81   0.05     20     10      1   
  0.14   0.06   0.46   0.13     18      8      1   
  0.43   0.76   0.01   0.37      7      7      1   
  0.55   0.23   0.63   0.60      5      4      1   
  0.01   0.20   0.03   0.24      1      1      1   
  0.78   0.23   0.18   0.81      9      9      1   
  0.15   0.94   0.88   0.18     12     11      1   
  0.19   0.20   0.27   0.99     10     10      1   
  0.73   0.25   0.92   0.76     16     10      1   
  0.58   0.26   0.92   0.76     18     11      1   
  0.43   0.76   0.55   0.15      6      6      1   
  0.50   0.03   0.15   0.94     17     10      1   
  0.36   0.85   0.43   0.76      1      1      1   
Routing Failed to deliver
Routing Failed to deliver
Routing Failed to deliver
  0.81   0.05   0.43   0.92      9      9      1   
  0.98   0.29   0.43   0.76      9      9      1   
  0.09   0.08   0.64   0.79      9      9      1   
  0.00   0.85   0.00   0.57     31     12      1   
  0.44   0.02   0.36   0.43      4      4      1   
  0.71   0.22   0.20   0.28     11      7      1   
  0.89   0.75   0.75   0.76      5      4      1   
  0.98   0.09   0.62   0.81      9      9      1   
Routing Failed to deliver
  0.48   0.15   0.18   0.09     54      8      1   
  0.55   0.23   0.92   0.76     17     11      1   
  0.69   0.91   0.55   0.04      9      9      1   
  0.75   0.08   0.01   0.81     15     12      1   
  0.50   0.06   0.24   0.48      8      6      1   
  0.55   0.76   0.75   0.76      2      2      1   
  0.57   0.72   0.71   0.14      6      6      1   
  0.40   0.21   0.06   0.98     17     10      1   
  0.09   0.08   0.78   0.23     11     10      1   
  0.85   0.01   0.60   0.42      8      5      1   
  0.89   0.84   0.27   0.99      8      8      1   
  0.74   0.25   0.64   0.55      4      4      1   
  0.19   0.20   0.54   0.85      8      8      1   
  0.75   0.30   0.89   0.75     16     10      1   
  0.69   0.17   0.02   0.36     12      8      1   
  0.50   0.74   0.44   0.35      4      4      1   
  0.96   0.02   0.50   0.87     10      9      1   
  0.11   0.02   0.65   0.16     19     10      1   
  0.87   0.97   0.57   0.63      5      5      1   
  1.00   0.13   0.63   0.58      6      6      1   
  0.09   0.26   0.44   0.35      5      5      1   
  0.69   0.17   0.88   0.17      2      2      1   
  0.85   0.01   0.73   0.32      3      3      1   
Routing Failed to deliver
  0.02   0.25   0.31   0.43      4      4      1   
  0.67   0.25   0.46   0.25      2      2      1   
  0.17   0.38   0.05   0.41      1      1      1   
  0.28   0.95   0.56   0.19      8      8      1   
  0.20   0.28   0.34   0.98      9      9      1   
  0.01   0.20   0.63   0.64      8      8      1   
  0.75   0.08   0.73   0.32      3      3      1   
  0.11   0.32   0.26   0.56      3      3      1   
  0.44   0.02   0.66   0.17      3      3      1   
  0.74   0.25   0.48   0.54      5      5      1   
  0.64   0.92   0.09   0.08     10     10      1   
  0.31   0.43   0.62   0.81      5      5      1   
  0.50   0.74   0.05   0.16      8      8      1   
  0.09   0.08   0.74   0.25     11      9      1   
Routing Failed to deliver
  0.92   0.76   0.15   0.19     17     12      1   
  0.63   0.65   0.19   0.20      8      7      1   
  0.24   0.46   0.31   0.42      1      1      1   
  0.46   0.40   0.12   0.01     58      7      1   
  0.01   0.20   0.49   0.89     15      9      1   
  0.90   0.08   0.63   0.64      6      6      1   
  0.50   0.03   0.55   0.76      7      7      1   
  0.48   0.11   0.63   0.58      6      5      1   
  0.92   0.84   0.48   0.41     12      8      1   
  0.50   0.11   0.88   0.17      4      4      1   
  0.63   0.65   0.17   0.38      6      6      1   
  0.06   0.98   0.57   0.81      5      5      1   
  0.63   0.65   0.44   0.53      3      3      1   
  0.50   0.03   0.96   0.08      6      6      1   
  0.31   0.79   0.48   0.41      5      5      1   
  0.03   0.26   0.48   0.41      6      5      1   
  0.74   0.95   0.15   0.19     10     10      1   
  0.75   0.08   0.68   0.56      6      5      1   
  0.97   0.99   0.60   0.42     16      9      1   
  0.71   0.22   0.22   0.18     41      8      1   
  0.48   0.15   0.22   0.40      6      5      1   
  0.70   0.99   0.55   0.23     10      9      1   
Routing Failed to deliver
Routing Failed to deliver
  0.03   0.24   0.80   0.13     22      9      1   
  0.22   0.18   0.00   0.57      5      5      1   
  0.68   0.56   0.83   0.96      5      5      1   
  0.20   0.17   0.06   0.98     11     11      1   
  0.36   0.80   0.65   0.44      7      5      1   
  0.57   0.81   0.03   0.01     10     10      1   
  0.93   0.26   0.43   0.66      7      7      1   
  0.61   0.24   0.38   0.55      4      4      1   
  0.81   0.17   0.43   0.44      5      5      1   
  0.03   0.01   0.02   0.25      3      3      1   
  0.81   0.17   0.51   0.65      5      5      1   
  0.96   0.02   0.68   0.56      7      6      1   
  1.00   0.05   0.13   0.03     59     13      1   
  0.45   0.80   0.93   0.95      5      5      1   
  0.83   0.96   0.48   0.41      7      6      1   
  0.09   0.08   0.98   0.29     13     12      1   
  0.74   0.87   0.96   0.26     15      9      1   
  0.90   0.89   0.36   0.85      6      6      1   
  0.43   0.78   0.81   0.05      9      8      1   
  0.14   0.06   0.92   0.84     17     13      1   
Routing Failed to deliver
  0.12   0.01   0.31   0.85     11     11      1   
  0.78   0.04   0.48   0.54      7      6      1   
  0.28   0.81   0.37   0.49      5      5      1   
  0.10   0.85   0.24   0.87      2      2      1   
  0.71   0.22   0.88   0.18      2      2      1   
  0.62   0.10   0.74   0.25      2      2      1   
  0.28   0.95   0.65   0.16      9      9      1   
  0.03   0.08   0.55   0.15     18      9      1   
  0.63   0.60   1.00   0.13      6      6      1   
  0.43   0.78   0.50   0.11      7      7      1   
  0.24   0.87   0.80   0.21     10      9      1   
  0.43   0.78   0.48   0.53      3      3      1   
  0.18   0.81   0.13   0.83      1      1      1   
  0.64   0.49   0.03   0.26      7      7      1   
Routing Failed to deliver
  0.18   0.09   0.47   0.26      8      7      1   
  0.37   0.49   0.00   0.57     12      6      1   
  0.28   0.81   0.81   0.05     11     10      1   
  0.24   0.87   0.56   0.19      8      8      1   
  0.46   0.25   0.17   0.24     10      6      1   
  0.22   0.40   0.45   0.63      4      4      1   
  0.06   0.98   0.02   0.08     15     13      1   
  0.64   0.79   0.54   0.85      1      1      1   
  0.26   0.56   0.96   0.02      9      9      1   
  0.06   0.98   0.46   0.97      4      4      1   
  0.05   0.36   0.11   0.02      4      4      1   
  0.09   0.26   0.89   0.75     21     12      1   
  0.89   0.84   1.00   0.05     19     12      1   
  0.01   0.37   0.28   0.95     13      9      1   
  0.60   0.42   0.36   0.80      6      6      1   
  0.94   0.10   0.90   0.08      1      1      1   
  0.65   0.16   0.46   0.97      9      8      1   
  0.98   0.09   0.75   0.08      3      3      1   
Routing Failed to deliver
  0.01   0.81   0.48   0.11     11     11      1   
  0.50   0.11   0.38   0.55      5      5      1   
  0.64   0.55   0.66   0.17      4      4      1   
  0.48   0.53   0.03   0.01     57      7      1   
  0.12   0.05   0.69   0.24     13     10      1   
  0.69   0.91   0.32   0.83      4      4      1   
  0.64   0.49   0.00   0.57     15      8      1   
  0.64   0.49   0.71   0.22      3      3      1   
  0.31   0.43   0.73   0.00      7      7      1   
  0.48   0.53   0.61   0.21      5      4      1   
  0.19   0.99   0.00   0.85      3      3      1   
  0.13   0.03   0.06   0.98     21     13      1   
  0.92   0.76   0.09   0.08     70     13      1   
  0.67   0.25   0.97   0.99     10     10      1   
  0.78   0.24   0.10   0.85     10     10      1   
  0.64   0.49   0.26   0.56      5      5      1   
  0.19   0.20   0.81   0.05     16     10      1   
  0.09   0.26   0.01   0.81     21     11      1   
  0.13   0.83   0.10   1.00      2      2      1   
  0.18   0.27   0.48   0.11     26      7      1   
  0.20   0.28   0.54   0.17     15      6      1   
  0.68   0.56   0.03   0.08     10     10      1   
  0.93   0.26   0.03   0.08     28     12      1   
  0.26   0.56   0.55   0.04      6      6      1   
  0.09   0.26   0.62   0.95      9      9      1   
  0.64   0.49   0.51   0.77      3      3      1   
  0.62   0.26   0.03   0.01     25      9      1   
  0.59   0.67   0.70   0.45      2      2      1   
  0.24   0.48   0.73   0.12      7      7      1   
  0.72   0.13   0.55   0.15      2      2      1   
  0.22   0.98   0.31   0.42      7      7      1   
  0.78   0.04   1.00   0.05      3      3      1   
  0.13   0.07   0.92   0.76     22     13      1   
  0.00   0.29   0.73   0.25     29      8      1   
  0.18   0.81   0.13   0.07     10     10      1   
  0.60   0.42   0.63   0.58      2      2      1   
  0.54   0.85   0.70   0.45      4      4      1   
  0.20   0.28   0.98   0.09     22     10      1   
  0.40   0.21   0.24   0.87      8      8      1   
  0.64   0.79   0.54   0.85      1      1      1   
  0.11   0.32   0.43   0.44      4      4      1   
  0.73   0.25   0.50   0.87      6      6      1   
  0.85   0.01   0.43   0.01      5      5      1   
  0.65   0.44   0.43   0.66      4      4      1   
  0.11   0.19   0.49   0.89      9      8      1   
  0.43   0.44   0.05   0.36      4      4      1   
  0.06   0.98   0.89   0.84     10      9      1   
  0.45   0.80   0.50   0.74      1      1      1   
  0.01   0.81   0.01   0.20     12     12      1   
  0.54   0.17   0.56   0.19      1      1      1   
  0.83   0.96   0.17   0.24     10     10      1   
  0.22   0.98   0.92   0.86      8      8      1   
  0.88   0.99   0.22   0.98      8      8      1   
  0.28   0.95   0.64   0.49      7      6      1   
  0.65   0.16   0.56   0.19      1      1      1   
  0.15   0.94   0.75   0.76      6      6      1   
  0.22   0.18   0.60   0.42      6      6      1   
  0.09   0.08   0.03   0.24      2      2      1   
  0.31   0.85   0.55   0.04      9      9      1   
  0.02   0.25   0.62   0.26     31      7      1   
  0.20   0.28   0.66   0.17     16      7      1   
  0.50   0.87   0.75   0.83      3      3      1   
  0.71   0.22   0.92   0.86     11     10      1   
  0.46   0.40   0.63   0.64      3      3      1   
  0.47   0.26   0.42   0.03      2      2      1   
  0.05   0.26   0.34   0.98     14     10      1   
  0.75   0.30   0.11   0.19     16      8      1   
  0.69   0.38   0.99   0.01      4      4      1   
  0.64   0.92   0.89   0.84      3      3      1   
  0.64   0.49   0.46   0.40      3      3      1   
  0.65   0.44   0.45   0.63      3      3      1   
  0.88   0.99   0.81   0.05     18     11      1   
  0.32   0.83   0.81   0.17      9      8      1   
  0.37   0.56   1.00   0.13      8      8      1   
  0.76   0.05   0.48   0.41      5      5      1   
  0.88   0.99   0.43   0.92      6      6      1   
  0.73   0.32   0.13   0.07     25      9      1   
  0.62   0.95   0.53   0.64      3      3      1   
  0.46   0.40   0.90   0.08      6      6      1   
Routing Failed to deliver
  0.88   0.99   0.28   0.95      7      7      1   
  0.11   0.02   0.69   0.91     11     11      1   
  0.01   0.81   0.05   0.16     12     12      1   
  0.48   0.41   0.69   0.24      4      4      1   
  0.40   0.21   0.22   0.18     22      7      1   
  0.27   0.99   0.53   0.64      5      5      1   
  0.96   0.08   0.73   0.12      3      3      1   
  0.47   0.26   0.78   0.24      3      3      1   
Routing Failed to deliver
  0.66   0.17   0.87   0.97     10     10      1   
  0.70   0.99   0.47   0.06     11     10      1   
  0.90   0.08   0.74   0.25      2      2      1   
  0.46   0.13   0.49   0.89      8      7      1   
  0.65   0.16   0.64   0.92      9      8      1   
  0.64   0.49   0.64   0.92      5      5      1   
  0.87   0.97   0.72   0.13     16     10      1   
  0.22   0.18   0.69   0.38      7      7      1   
  0.17   0.24   0.50   0.27      9      6      1   
  0.05   0.16   0.57   0.72      8      8      1   
  0.57   0.72   0.96   0.08      8      8      1   
  0.92   0.15   0.03   0.08     27     12      1   
  0.32   0.83   0.76   0.05      9      9      1   
  0.26   0.56   0.58   0.23      5      5      1   
  0.00   0.29   0.89   0.75     22     13      1   
  0.70   0.45   0.81   0.17      3      3      1   
  0.50   0.11   0.41   1.00     10     10      1   
  0.26   0.56   0.88   0.99      8      8      1   
Routing Failed to deliver
  0.88   0.17   0.24   0.46     10      7      1   
  0.60   0.42   0.50   0.11      5      4      1   
  0.89   0.75   0.06   0.98     10     10      1   
  0.97   0.99   0.80   0.21     17     11      1   
  0.01   0.20   0.55   0.15     19      8      1   
  0.42   0.86   0.69   0.91      3      3      1   
  0.27   0.99   0.50   0.74      4      4      1   
  0.61   0.21   0.05   0.36     10      6      1   
  0.96   0.26   0.81   0.05      3      3      1   
  0.01   0.46   0.10   0.85     13     10      1   
  0.70   0.45   0.75   0.30      2      2      1   
  0.06   0.98   0.64   0.92      7      6      1   
  0.00   0.57   0.50   0.03     33      9      1   
  0.22   0.40   0.03   0.01      4      4      1   
  0.06   0.98   0.57   0.72      6      6      1   
  0.27   0.99   0.89   0.84      9      8      1   
  0.10   1.00   0.65   0.16     11     11      1   
  0.75   0.30   0.42   0.86      6      6      1   
  0.68   0.56   0.22   0.03     67     10      1   
  0.73   0.12   0.15   0.19     18      9      1   
  0.63   0.65   0.27   0.99      6      6      1   
  0.74   0.87   0.98   0.29     16     10      1   
  0.65   0.16   0.40   0.21      3      3      1   
  0.22   0.98   0.75   0.08     11     11      1   
  0.73   0.25   0.38   0.55      5      5      1   
  0.96   0.02   0.01   0.20     25     12      1   
  0.31   0.43   0.64   0.55      4      4      1   
  0.99   0.01   0.74   0.25      3      3      1   
  0.83   0.96   0.43   0.01     11     11      1   
  0.81   0.17   0.75   0.30      2      2      1   
  1.00   0.13   1.00   0.05      1      1      1   
Routing Failed to deliver
  0.42   0.86   0.22   0.18      8      8      1   
  0.90   0.08   0.18   0.27     14      9      1   
  0.92   0.15   0.09   0.08     26     11      1   
  0.89   0.75   0.57   0.63      8      6      1   
  0.31   0.42   0.05   0.36      3      3      1   
  0.62   0.81   0.31   0.85      3      3      1   
  0.73   0.00   0.83   0.96     10     10      1   
  0.73   0.32   0.83   0.96      8      8      1   
  0.46   0.25   0.44   0.02      2      2      1   
  0.57   0.72   0.31   0.79      3      3      1   
  0.18   0.27   0.88   0.99     11     11      1   
  0.75   0.82   0.50   0.74      3      3      1   
  0.55   0.23   0.76   0.05      3      3      1   
  0.67   0.25   0.63   0.65      4      4      1   
  0.69   0.24   0.78   0.23      1      1      1   
  0.01   0.46   0.47   0.06     17      8      1   
  0.69   0.38   0.69   0.50      1      1      1   
Routing Failed to deliver
  0.43   0.78   0.89   0.84      6      5      1   
  0.06   0.98   0.54   0.17     10     10      1   
  0.85   0.23   0.94   0.10      2      2      1   
  0.44   0.53   0.92   0.15      7      7      1   
  0.26   0.56   0.24   0.48      1      1      1   
  0.28   0.95   0.92   0.86      7      7      1   
  0.32   0.83   0.13   0.07     19      9      1   
  0.46   0.40   0.37   0.49      1      1      1   
  0.90   0.08   0.37   0.56      7      7      1   
  0.55   0.15   0.64   0.55      5      5      1   
  0.17   0.38   0.69   0.91      8      8      1   
  0.13   0.07   0.65   0.44      8      8      1   
  0.75   0.30   0.69   0.24      1      1      1   
  0.11   0.19   0.31   0.42      3      3      1   
  0.13   0.03   0.01   0.46      5      5      1   
  0.99   0.01   0.36   0.43      7      7      1   
Routing Failed to deliver
  0.03   0.01   0.62   0.10     31     10      1   
  0.69   0.50   0.03   0.08      9      9      1   
  0.24   0.48   0.46   0.40      3      3      1   
  0.81   0.17   0.54   0.17      3      3      1   
  0.57   0.63   0.06   0.98      6      6      1   
  0.44   0.53   0.12   0.05      7      7      1   
  0.57   0.81   0.64   0.55      3      3      1   
  0.81   0.05   0.13   0.83     19     11      1   
  0.03   0.86   0.75   0.82      7      7      1   
  0.26   0.56   0.22   0.98     10      6      1   
  0.74   0.87   0.93   0.95      2      2      1   
  0.92   0.86   0.27   0.99      8      8      1   
  0.55   0.76   0.05   0.26      8      8      1   
  0.73   0.25   0.59   0.67      4      4      1   
  0.93   0.95   0.89   0.84      1      1      1   
  0.36   0.43   0.48   0.15      3      3      1   
  0.27   0.99   0.72   0.13     11     10      1   
  0.46   0.25   0.13   0.83     15      8      1   
  0.17   0.24   0.22   0.03      3      3      1   
  0.73   0.12   0.51   0.07      2      2      1   
  0.96   0.02   0.65   0.16      3      3      1   
  0.58   0.26   0.56   0.19      1      1      1   
  0.40   0.21   0.50   0.27      1      1      1   
  0.44   0.02   0.38   0.55      5      5      1   
  0.02   0.32   0.64   0.49      7      7      1   
  0.78   0.24   0.64   0.92      8      8      1   
  0.90   0.89   0.15   0.19     17     11      1   
  0.64   0.79   0.88   0.18     13      8      1   
  0.58   0.26   0.50   0.11      2      2      1   
