  0.00   0.85   0.43   0.76      4      4      1   
  0.11   0.02   0.98   0.09     10      9      1   
  0.03   0.24   0.20   0.17      3      3      1   
  0.75   0.83   0.19   0.20      9      9      1   
  0.48   0.41   0.03   0.01      6      6      1   
  0.46   0.97   0.63   0.64      4      4      1   
  0.22   0.40   0.43   0.01      5      5      1   
  0.37   0.49   0.28   0.95      5      5      1   
  0.88   0.99   0.43   0.76      5      5      1   
  0.05   0.26   0.03   0.08      2      2      1   
  0.23   0.30   0.03   0.01      4      4      1   
  0.93   0.26   0.57   0.72      7      7      1   
  0.87   0.97   0.26   0.25     15     10      1   
  0.05   0.36   0.32   0.83      8      7      1   
  0.50   0.06   0.47   0.26      2      2      1   
  0.67   0.25   0.80   0.13      2      2      1   
  0.74   0.25   0.71   0.14      1      1      1   
  0.49   0.89   0.11   0.02     11     10      1   
  0.15   0.94   0.03   0.86      2      2      1   
  0.59   0.67   0.98   0.09      7      7      1   
  0.74   0.87   0.75   0.82      1      1      1   
  0.74   0.87   0.09   0.08     10     10      1   
  0.32   0.02   0.26   0.25      3      3      1   
  0.73   0.25   0.42   0.03      4      4      1   
  0.43   0.92   0.45   0.80      1      1      1   
  0.33   0.04   0.51   0.65      6      6      1   
  0.55   0.23   0.93   0.26      4      4      1   
  0.48   0.53   0.99   0.01      8      8      1   
  0.63   0.64   0.15   0.19      7      7      1   
  0.88   0.99   0.48   0.54      6      6      1   
  0.73   0.32   0.00   0.85     10     10      1   
  0.69   0.17   0.46   0.13      3      3      1   
  0.85   0.23   0.62   0.95     15      9      1   
  0.20   0.17   0.42   0.03      3      3      1   
  0.73   0.32   0.62   0.26      1      1      1   
  0.99   0.01   0.43   0.76     10     10      1   
  0.63   0.65   0.68   0.56      1      1      1   
  0.11   0.02   0.90   0.89     16     13      1   
  0.80   0.21   0.72   0.13      1      1      1   
  1.00   0.05   0.33   0.04      7      7      1   
  0.64   0.49   0.60   0.42      1      1      1   
  0.41   1.00   0.12   0.05     12     12      1   
  0.76   0.05   0.83   0.96     10     10      1   
  0.87   0.97   0.43   0.66      6      6      1   
  0.12   0.05   0.57   0.63      8      8      1   
  0.22   0.18   0.20   0.17      1      1      1   
  0.98   0.09   0.20   0.17      7      7      1   
  0.67   0.25   0.88   0.17      2      2      1   
  0.64   0.92   0.47   0.06      9      9      1   
  0.31   0.43   0.00   0.29      4      4      1   
  0.70   0.99   0.89   0.84      3      3      1   
  0.00   0.57   0.31   0.43      5      5      1   
  0.31   0.79   0.61   0.21      7      7      1   
  0.87   0.97   1.00   0.13     23     12      1   
Routing Failed to deliver
  0.73   0.00   0.74   0.95     10     10      1   
  0.31   0.43   0.37   0.56      2      2      1   
  0.92   0.86   0.32   0.83      6      6      1   
  0.72   0.13   0.17   0.38      6      6      1   
  0.24   0.48   0.78   0.23      6      6      1   
  0.73   0.12   0.18   0.81     14     10      1   
  0.74   0.95   0.45   0.80      4      3      1   
  0.48   0.54   0.46   0.25      3      3      1   
  0.64   0.49   0.41   1.00      6      6      1   
  0.64   0.49   0.69   0.91      5      5      1   
  0.94   0.10   0.99   0.29      3      3      1   
  0.87   0.97   0.81   0.17     17     10      1   
  0.71   0.22   0.64   0.49      3      3      1   
  0.45   0.63   0.92   0.76     15      7      1   
  0.40   0.34   0.23   0.30      3      3      1   
  0.27   0.28   0.09   0.26      2      2      1   
  0.22   0.18   0.17   0.38      2      2      1   
  1.00   0.05   0.85   0.01      2      2      1   
  0.68   0.56   0.10   0.85      7      7      1   
  0.64   0.79   0.96   0.08     17      9      1   
  0.80   0.21   0.17   0.38      7      6      1   
  0.50   0.74   0.17   0.38      5      5      1   
  0.12   0.05   0.80   0.21      7      7      1   
  0.48   0.41   0.82   0.97      6      6      1   
  0.32   0.83   0.18   0.09     20      9      1   
  0.81   0.05   0.48   0.53      7      6      1   
  0.54   0.17   0.61   0.21      1      1      1   
  0.81   0.17   0.55   0.23      3      3      1   
  0.74   0.87   0.73   0.32      8      7      1   
  0.75   0.08   0.01   0.20      8      7      1   
Routing Failed to deliver
  0.31   0.43   0.36   0.43      1      1      1   
  0.55   0.15   0.99   0.01      5      5      1   
  0.94   0.10   0.76   0.05      2      2      1   
  0.13   0.03   0.03   0.24      3      3      1   
  0.70   0.99   0.74   0.95      1      1      1   
  0.89   0.84   0.32   0.05     17     11      1   
  0.18   0.81   0.44   0.53      4      4      1   
  0.55   0.15   0.89   0.75     17     11      1   
  0.43   0.66   0.65   0.16      6      6      1   
  0.05   0.16   0.02   0.08      1      1      1   
  0.73   0.25   0.43   0.44      4      4      1   
  0.32   0.02   0.38   0.14      2      2      1   
  0.51   0.65   0.33   0.04      6      6      1   
  0.27   0.99   0.69   0.17     10     10      1   
  0.61   0.24   0.73   0.00      3      3      1   
  0.27   0.16   1.00   0.05      8      7      1   
  0.49   0.89   0.75   0.76      3      3      1   
  0.85   0.23   0.93   0.26      1      1      1   
  0.92   0.76   0.24   0.46     12     10      1   
  0.62   0.10   0.38   0.55      5      5      1   
  0.43   0.78   0.12   0.05      9      9      1   
  0.47   0.06   0.03   0.01      5      5      1   
  0.64   0.49   0.45   0.63      3      3      1   
  1.00   0.13   0.55   0.15      5      5      1   
  0.54   0.17   0.31   0.85      8      8      1   
  0.63   0.65   0.73   0.32      4      4      1   
  0.19   0.99   0.46   0.25      8      8      1   
  0.54   0.17   0.27   0.16      3      3      1   
  0.75   0.08   0.63   0.65      7      6      1   
  0.27   0.16   0.73   0.00      5      5      1   
  0.09   0.26   0.90   0.89     14     11      1   
  0.03   0.01   0.78   0.24      7      7      1   
Routing Failed to deliver
  0.93   0.95   0.75   0.83      8      3      1   
  0.43   0.76   0.50   0.87      2      2      1   
  0.57   0.81   0.85   0.23      7      7      1   
  0.27   0.28   0.78   0.04      6      6      1   
  0.98   0.29   0.45   0.80      9      9      1   
  0.03   0.24   0.75   0.82     10     10      1   
  0.06   0.52   0.55   0.15      6      6      1   
  0.22   0.40   0.81   0.17      6      6      1   
  0.51   0.77   0.99   0.01      9      9      1   
  0.01   0.37   0.60   0.42      6      6      1   
  0.13   0.03   0.50   0.11      4      4      1   
  0.83   0.96   1.00   0.05     20     11      1   
  0.92   0.76   0.02   0.32     15     13      1   
  0.85   0.23   0.00   0.29      9      8      1   
  0.93   0.95   0.50   0.87      6      5      1   
  0.72   0.13   0.69   0.91      8      8      1   
  0.75   0.82   0.49   0.89      3      3      1   
  0.99   0.01   0.94   0.10      1      1      1   
  0.43   0.44   0.89   0.84     11      7      1   
  0.12   0.01   0.01   0.20      2      2      1   
  0.18   0.81   0.55   0.23      8      8      1   
  0.51   0.07   0.31   0.79      8      8      1   
  0.06   0.52   0.58   0.23      6      6      1   
  0.22   0.98   0.33   0.04     10     10      1   
  0.40   0.23   0.62   0.26      2      2      1   
  0.36   0.85   0.09   0.26     19      8      1   
  0.63   0.65   0.50   0.06      7      7      1   
  0.74   0.95   0.76   0.05     11     10      1   
Routing Failed to deliver
  0.75   0.83   0.45   0.80      3      3      1   
  0.96   0.08   0.85   0.23      2      2      1   
  0.87   0.97   0.42   0.22     14      9      1   
  0.00   0.85   0.18   0.81      2      2      1   
  0.19   0.99   0.88   0.99      9      8      1   
  0.90   0.89   0.13   0.07     18     12      1   
  0.09   0.08   0.89   0.75     20     13      1   
  0.13   0.07   0.50   0.74      8      8      1   
  0.39   0.02   0.78   0.04      4      4      1   
  0.63   0.58   0.81   0.05      5      5      1   
  0.43   0.92   0.81   0.17      8      8      1   
  0.24   0.46   0.11   0.02      5      5      1   
  0.27   0.28   0.63   0.64      6      6      1   
  0.71   0.22   0.89   0.75     16     11      1   
  0.12   0.01   0.65   0.16      6      6      1   
  0.43   0.78   0.46   0.97      2      2      1   
  0.59   0.67   0.55   0.76      1      1      1   
  0.18   0.09   0.64   0.49      7      7      1   
  0.63   0.60   0.85   0.01      6      6      1   
  0.41   1.00   0.22   0.18     10     10      1   
  0.31   0.79   0.69   0.24      9      8      1   
  0.92   0.86   0.93   0.26     21     11      1   
  0.75   0.08   0.18   0.09      6      6      1   
  0.50   0.06   0.73   0.00      3      3      1   
  0.73   0.12   0.02   0.36      7      7      1   
  0.58   0.23   0.55   0.04      2      2      1   
  0.36   0.85   0.98   0.09     11     10      1   
  0.74   0.87   0.23   0.30      8      8      1   
  0.55   0.04   0.63   0.65      7      7      1   
  0.43   0.78   0.31   0.43      4      4      1   
  0.72   0.13   0.19   0.20      5      5      1   
  0.22   0.40   0.81   0.17      6      6      1   
  0.94   0.10   0.99   0.01      1      1      1   
  0.81   0.17   0.47   0.26      3      3      1   
  0.18   0.09   0.76   0.05      6      6      1   
  0.22   0.18   0.30   0.19      1      1      1   
  0.18   0.27   0.93   0.26      7      7      1   
  0.57   0.81   0.82   0.97      3      3      1   
  0.22   0.18   0.97   0.99     12     12      1   
  0.92   0.76   0.58   0.26     17     11      1   
  0.88   0.99   0.88   0.18     18     11      1   
  0.63   0.60   0.45   0.63      2      2      1   
  0.48   0.15   0.66   0.17      2      2      1   
  0.40   0.21   0.40   0.33      1      1      1   
  0.63   0.60   0.69   0.24      4      4      1   
  0.37   0.49   0.55   0.04      5      5      1   
  0.19   0.99   0.14   0.06     13     11      1   
  0.59   0.67   0.61   0.21      5      5      1   
  0.23   0.30   0.74   0.87      8      8      1   
  0.50   0.74   0.92   0.84      7      6      1   
  0.65   0.16   0.68   0.56      5      4      1   
  0.55   0.23   0.96   0.26      4      4      1   
  0.58   0.26   0.32   0.02      4      4      1   
  0.57   0.63   0.40   0.33      3      3      1   
  0.24   0.46   0.55   0.23      4      4      1   
  0.44   0.35   0.24   0.48      3      3      1   
  0.85   0.23   0.96   0.26      1      1      1   
  0.85   0.23   0.40   0.21      4      4      1   
  0.18   0.09   0.42   0.03      3      3      1   
  0.00   0.57   0.54   0.17      7      7      1   
  0.43   0.01   0.90   0.89     12     11      1   
  0.00   0.85   0.69   0.38     10      9      1   
  0.36   0.85   0.69   0.17      8      8      1   
  0.68   0.56   0.55   0.04      6      6      1   
  0.47   0.06   0.49   0.89      9      8      1   
  0.85   0.23   0.46   0.40      5      5      1   
  0.46   0.97   0.43   0.01      9      9      1   
  0.05   0.36   0.47   0.06      5      5      1   
  0.06   0.52   0.18   0.09      4      4      1   
  0.37   0.49   0.92   0.86     11      7      1   
  0.03   0.08   0.55   0.76      9      9      1   
  0.15   0.94   0.50   0.06     10     10      1   
  0.44   0.53   0.18   0.81      4      4      1   
  0.01   0.20   0.40   0.34      5      5      1   
  0.24   0.46   0.51   0.77      5      5      1   
  0.75   0.82   0.70   0.45      6      5      1   
  0.43   0.44   0.75   0.76      8      5      1   
  0.60   0.42   0.27   0.16      5      5      1   
  0.43   0.66   0.99   0.01     10      9      1   
  0.93   0.95   0.02   0.08     19     13      1   
  0.53   0.64   0.99   0.29      7      7      1   
  0.50   0.74   0.03   0.24      7      7      1   
  0.80   0.13   0.96   0.26      2      2      1   
  0.62   0.26   0.47   0.06      2      2      1   
  0.73   0.00   0.58   0.26      3      3      1   
  0.19   0.20   0.64   0.92      9      9      1   
  0.67   0.25   0.64   0.92      7      7      1   
  0.69   0.17   0.48   0.53      5      5      1   
  0.75   0.82   0.49   0.89      3      3      1   
  0.00   0.57   0.19   0.99     16     11      1   
  0.55   0.04   0.19   0.99     14     10      1   
  0.24   0.87   0.46   0.13      8      8      1   
  0.97   0.99   0.89   0.75      3      3      1   
  0.37   0.49   0.71   0.22      6      5      1   
  0.43   0.66   0.03   0.26      6      6      1   
  0.78   0.24   0.31   0.85      9      8      1   
  0.31   0.42   0.19   0.99     10      7      1   
  0.36   0.80   0.45   0.63      3      3      1   
  0.19   0.20   0.64   0.79      8      8      1   
  0.03   0.26   0.93   0.95     15     12      1   
  0.36   0.43   0.43   0.92      5      5      1   
  0.05   0.26   0.74   0.95     10     10      1   
  0.12   0.05   0.06   0.52      5      5      1   
  0.99   0.01   0.24   0.46      9      9      1   
  0.45   0.63   0.73   0.25      5      5      1   
  0.50   0.06   0.45   0.80      8      8      1   
  0.90   0.89   0.72   0.13     17     10      1   
Routing Failed to deliver
  0.88   0.17   0.43   0.66      7      7      1   
  0.31   0.85   0.88   0.17     11      9      1   
  0.01   0.81   0.64   0.49      9      8      1   
  0.32   0.02   0.32   0.05      1      1      1   
  0.44   0.02   0.23   0.30      4      4      1   
  0.46   0.40   0.93   0.26      6      6      1   
  0.68   0.56   0.10   0.85      7      7      1   
  0.43   0.01   0.58   0.26      3      3      1   
  0.28   0.95   0.69   0.38      8      7      1   
  0.03   0.86   0.63   0.58      7      7      1   
  0.64   0.49   0.57   0.72      3      3      1   
  0.64   0.79   0.49   0.89      2      2      1   
  0.27   0.28   1.00   0.05      9      8      1   
  0.22   0.18   0.57   0.63      6      6      1   
  0.03   0.86   0.98   0.09     14     13      1   
  0.42   0.86   0.43   0.76      1      1      1   
  0.81   0.05   0.22   0.40      7      7      1   
  0.33   0.04   0.28   0.95     10      9      1   
  0.27   0.28   0.55   0.23      3      3      1   
  0.34   0.98   0.49   0.89      2      2      1   
  0.43   0.01   0.19   0.99     14     10      1   
  0.05   0.36   0.36   0.43      3      3      1   
  0.42   0.03   0.45   0.63      6      6      1   
  0.43   0.44   0.32   0.83      4      4      1   
  0.87   0.97   0.14   0.06     17     12      1   
  0.30   0.19   0.75   0.30      4      4      1   
  0.36   0.85   0.15   0.94      2      2      1   
  0.81   0.05   0.97   0.99     13     12      1   
  0.63   0.60   0.59   0.67      1      1      1   
  0.38   0.14   0.39   0.02      1      1      1   
  0.78   0.24   0.12   0.05      7      7      1   
  0.65   0.16   0.58   0.26      1      1      1   
  0.47   0.26   0.05   0.41      5      4      1   
  0.24   0.48   0.43   0.44      2      2      1   
  0.62   0.26   0.69   0.91      8      8      1   
  0.28   0.03   0.89   0.84     15     12      1   
  0.14   0.06   0.38   0.14      3      3      1   
  0.46   0.13   0.63   0.64      6      6      1   
  0.53   0.64   0.60   0.42      3      3      1   
  0.74   0.25   0.40   0.33      3      3      1   
  0.64   0.92   0.64   0.79      1      1      1   
  0.69   0.24   0.87   0.97     10     10      1   
  0.36   0.85   0.42   0.86      1      1      1   
  0.40   0.34   0.93   0.95      8      8      1   
  0.28   0.95   0.47   0.26      7      7      1   
  0.55   0.23   0.44   0.35      2      2      1   
  0.63   0.64   0.00   0.29      8      8      1   
  0.12   0.01   0.27   0.16      2      2      1   
  0.50   0.74   0.71   0.14      6      6      1   
  0.50   0.87   0.69   0.17      8      7      1   
  0.15   0.94   0.48   0.54      5      5      1   
  0.93   0.95   0.59   0.67     10      5      1   
Routing Failed to deliver
  0.01   0.20   0.11   0.32      2      2      1   
Routing Failed to deliver
  0.37   0.49   0.33   0.04      5      5      1   
  0.19   0.20   0.92   0.76     19     12      1   
  0.32   0.83   0.65   0.44      7      6      1   
  0.63   0.60   0.38   0.55      3      3      1   
  0.13   0.03   0.05   0.16      2      2      1   
  0.90   0.89   0.51   0.65     10      5      1   
  0.57   0.63   0.59   0.67      1      1      1   
  0.63   0.58   0.71   0.14      4      4      1   
  0.69   0.17   0.93   0.26      3      3      1   
  0.26   0.25   0.33   0.04      3      3      1   
  0.62   0.95   0.09   0.08     11     11      1   
  0.32   0.83   0.37   0.56      3      3      1   
  0.94   0.10   0.27   0.16      7      7      1   
  0.47   0.06   0.71   0.22      3      3      1   
  0.10   0.85   0.12   0.01     12     12      1   
  0.38   0.14   0.12   0.01      4      3      1   
  0.43   0.92   0.18   0.81      3      3      1   
  0.69   0.24   0.78   0.04      2      2      1   
  0.94   0.10   0.19   0.20      8      7      1   
  0.34   0.98   0.94   0.10     11     11      1   
  0.19   0.99   0.57   0.72      5      5      1   
Routing Failed to deliver
  0.82   0.97   0.49   0.89      5      4      1   
  0.20   0.17   0.32   0.83      8      8      1   
  0.47   0.06   0.42   0.03      1      1      1   
  0.43   0.78   0.64   0.92      3      3      1   
  0.24   0.87   0.50   0.06      9      9      1   
  0.83   0.96   0.01   0.81      9      8      1   
  0.71   0.14   0.03   0.26      7      7      1   
  0.67   0.25   0.63   0.60      3      3      1   
  0.67   0.25   0.01   0.20      6      6      1   
  0.80   0.21   0.88   0.18      1      1      1   
  0.38   0.14   0.22   0.40      3      3      1   
Routing Failed to deliver
  0.61   0.24   0.82   0.97      9      9      1   
  0.67   0.25   0.57   0.81      6      6      1   
  0.67   0.25   0.87   0.97      9      9      1   
  0.49   0.89   0.75   0.83      3      3      1   
  0.24   0.46   0.44   0.02      5      5      1   
  0.81   0.05   0.43   0.66      8      7      1   
  0.05   0.41   0.18   0.27      2      2      1   
  0.40   0.33   0.66   0.17      3      3      1   
  0.46   0.40   0.22   0.18      4      4      1   
  0.47   0.26   0.78   0.23      3      3      1   
  0.63   0.58   0.55   0.15      5      5      1   
  0.31   0.85   0.51   0.77      2      2      1   
  0.13   0.07   0.74   0.87     10     10      1   
  0.45   0.63   0.06   0.52      9      6      1   
  0.51   0.77   0.88   0.99      4      4      1   
  1.00   0.05   0.31   0.79     10     10      1   
  0.57   0.63   0.68   0.56      2      2      1   
  0.19   0.99   0.39   0.02     10     10      1   
  0.49   0.89   0.02   0.36     20      9      1   
  0.58   0.26   0.03   0.08      6      6      1   
  0.43   0.01   0.48   0.53      5      5      1   
  0.32   0.05   0.18   0.27      3      3      1   
  0.02   0.08   0.47   0.06      5      5      1   
  0.78   0.23   0.44   0.02      4      4      1   
  0.63   0.64   0.44   0.53      3      3      1   
  0.75   0.30   0.22   0.18      5      5      1   
  0.03   0.26   0.00   0.29      1      1      1   
  0.31   0.85   0.10   1.00      3      3      1   
  0.03   0.26   0.05   0.41      2      2      1   
  0.27   0.30   0.01   0.37      3      3      1   
  0.32   0.05   0.22   0.40      4      4      1   
  0.03   0.08   0.22   0.40      5      5      1   
  0.05   0.36   0.37   0.56      5      4      1   
  0.11   0.02   0.03   0.08      1      1      1   
  0.78   0.23   0.27   0.28      5      5      1   
  0.53   0.64   0.09   0.08      7      7      1   
  0.05   0.26   0.02   0.08      2      2      1   
  1.00   0.05   0.74   0.25      3      3      1   
  0.66   0.17   0.83   0.96      9      9      1   
  0.13   0.07   0.71   0.22      6      6      1   
  0.81   0.05   0.97   0.99     13     12      1   
  0.76   0.05   0.46   0.13      4      4      1   
  0.90   0.89   0.89   0.84      1      1      1   
  0.32   0.83   0.65   0.44      7      6      1   
  0.24   0.46   0.19   0.99      9      7      1   
  0.62   0.26   0.87   0.97     10     10      1   
  0.73   0.00   0.96   0.26      4      4      1   
  0.57   0.81   0.28   0.95      4      3      1   
  0.51   0.07   0.63   0.64      7      7      1   
  0.43   0.44   0.30   0.19      3      3      1   
  0.02   0.36   0.48   0.53      6      6      1   
  0.65   0.44   0.62   0.10      4      4      1   
  0.24   0.10   0.74   0.95     10     10      1   
  0.12   0.05   0.31   0.85     12     11      1   
  0.50   0.87   0.27   0.28      7      7      1   
  0.46   0.25   0.00   0.29      6      5      1   
  0.14   0.06   0.48   0.41      5      5      1   
  0.85   0.01   0.18   0.09      7      7      1   
  0.50   0.06   0.27   0.30      4      4      1   
  0.13   0.03   0.48   0.41      5      5      1   
  0.55   0.76   0.64   0.49      3      3      1   
  0.27   0.30   0.40   0.21      2      2      1   
  0.65   0.16   0.71   0.14      1      1      1   
  0.42   0.03   0.28   0.95     10      9      1   
  0.73   0.32   0.18   0.81      8      8      1   
  0.46   0.97   0.17   0.38     18      7      1   
  0.73   0.32   0.75   0.30      1      1      1   
  0.75   0.30   0.01   0.37      7      7      1   
  0.47   0.26   0.85   0.01      4      4      1   
  0.90   0.89   0.42   0.22     15      9      1   
  0.22   0.18   0.88   0.17      7      6      1   
  0.05   0.16   0.97   0.99     13     13      1   
  0.85   0.23   0.03   0.01      8      8      1   
  0.24   0.46   0.43   0.44      2      2      1   
  0.62   0.26   0.31   0.79      7      7      1   
  0.69   0.24   0.50   0.74      6      6      1   
  0.46   0.97   0.99   0.01     11     11      1   
  0.96   0.08   0.68   0.56      6      6      1   
  0.57   0.72   0.64   0.49      3      3      1   
  0.68   0.56   0.43   0.78      4      4      1   
  0.27   0.16   0.24   0.48      4      4      1   
  0.64   0.92   0.81   0.05      9      9      1   
  0.22   0.98   0.64   0.49      8      7      1   
  0.99   0.01   0.80   0.21      3      3      1   
  0.96   0.26   0.76   0.05      3      3      1   
  0.78   0.23   0.59   0.67      5      5      1   
  0.96   0.08   0.48   0.11      6      5      1   
  0.05   0.26   0.73   0.32      6      6      1   
  0.75   0.83   0.05   0.36      9      9      1   
  0.22   0.40   0.75   0.76     10      7      1   
  0.73   0.25   0.87   0.97      9      9      1   
  0.50   0.74   0.87   0.97      5      5      1   
  0.10   1.00   0.74   0.25     12     11      1   
  0.18   0.81   0.42   0.22      7      7      1   
  0.48   0.11   0.03   0.26      5      5      1   
  0.27   0.30   0.69   0.17      4      4      1   
  0.98   0.09   0.43   0.76      9      9      1   
  0.09   0.26   0.57   0.72      7      7      1   
  0.51   0.65   0.69   0.17      6      5      1   
  0.54   0.17   0.11   0.02      5      5      1   
  0.85   0.01   0.28   0.95     11     11      1   
  0.81   0.17   0.03   0.24      8      8      1   
  0.76   0.05   0.57   0.72      7      7      1   
  0.96   0.26   0.61   0.21      3      3      1   
  0.36   0.85   0.85   0.23      9      8      1   
  0.64   0.49   0.22   0.98      7      7      1   
  0.99   0.29   0.81   0.05      4      4      1   
  0.73   0.12   0.83   0.96     10     10      1   
  0.48   0.15   0.10   0.85     13      9      1   
  0.69   0.17   0.80   0.13      1      1      1   
  0.78   0.04   0.12   0.05      7      7      1   
  0.48   0.54   0.01   0.20      6      6      1   
  0.06   0.52   0.41   1.00     11     10      1   
  0.88   0.99   0.94   0.10     19     12      1   
  0.44   0.35   0.62   0.95     13      7      1   
  0.24   0.87   0.69   0.91      6      5      1   
  0.57   0.72   0.62   0.10      7      7      1   
  0.44   0.35   0.55   0.15      2      2      1   
  0.02   0.36   0.61   0.24      6      6      1   
  0.03   0.24   0.11   0.32      1      1      1   
  0.50   0.74   0.62   0.10      7      7      1   
  0.27   0.30   0.57   0.72      5      5      1   
Routing Failed to deliver
  0.27   0.99   0.66   0.17     10     10      1   
  0.24   0.46   0.40   0.33      2      2      1   
  0.50   0.87   0.50   0.11      8      8      1   
  0.61   0.24   0.24   0.46      4      4      1   
  0.49   0.89   0.05   0.16     21      9      1   
  0.46   0.97   0.63   0.58      4      4      1   
  0.19   0.99   0.61   0.21      9      9      1   
  0.02   0.08   0.48   0.53      7      7      1   
  0.97   0.99   0.69   0.91      4      4      1   
  0.50   0.06   0.51   0.65      6      6      1   
  0.03   0.08   0.44   0.35      6      6      1   
Routing Failed to deliver
  0.24   0.48   0.73   0.25      5      5      1   
  0.05   0.16   0.51   0.07      5      5      1   
  0.31   0.42   0.15   0.19      3      3      1   
  0.14   0.06   0.58   0.23      5      5      1   
  0.33   0.04   0.43   0.76      7      7      1   
  0.06   0.98   0.71   0.14     11     11      1   
  0.46   0.25   0.99   0.29      6      6      1   
  0.62   0.10   0.80   0.21      2      2      1   
  0.40   0.33   0.74   0.87      6      6      1   
  0.62   0.95   0.96   0.26     12     10      1   
  0.55   0.15   0.05   0.16      5      5      1   
  0.31   0.79   1.00   0.13     10     10      1   
  0.33   0.04   1.00   0.05      8      7      1   
  0.01   0.37   0.27   0.16      3      3      1   
  0.03   0.24   0.43   0.78      8      7      1   
Routing Failed to deliver
  0.75   0.82   0.73   0.32      8      7      1   
  0.36   0.43   0.80   0.21      5      5      1   
  0.55   0.76   0.05   0.16      8      8      1   
  0.22   0.18   0.46   0.40      4      4      1   
  0.73   0.25   0.27   0.30      4      4      1   
  0.15   0.19   0.73   0.00      6      6      1   
  0.13   0.03   0.06   0.52      5      5      1   
  0.73   0.00   0.63   0.58      5      5      1   
  0.42   0.03   0.76   0.05      4      4      1   
  0.31   0.42   0.24   0.46      1      1      1   
  0.65   0.44   0.24   0.46      4      4      1   
  0.73   0.32   0.85   0.23      2      2      1   
  0.75   0.83   0.48   0.54      4      4      1   
  0.47   0.26   0.03   0.08      5      5      1   
  0.53   0.64   0.74   0.87      3      3      1   
  0.51   0.77   0.47   0.06      7      7      1   
  0.40   0.21   0.65   0.16      3      3      1   
  0.45   0.80   0.46   0.25      6      6      1   
  0.03   0.86   0.74   0.95      8      8      1   
  0.40   0.33   0.45   0.63      3      3      1   
  0.71   0.22   0.54   0.17      2      2      1   
  0.55   0.23   0.47   0.26      1      1      1   
Routing Failed to deliver
  0.60   0.42   0.11   0.32      5      5      1   
  0.63   0.60   0.69   0.38      2      2      1   
  0.10   0.85   0.50   0.11     10     10      1   
  0.24   0.10   0.72   0.13      5      5      1   
  0.55   0.15   0.00   0.57      8      7      1   
  0.30   0.19   0.09   0.26      2      2      1   
  0.61   0.21   0.37   0.49      4      4      1   
  0.63   0.58   0.50   0.06      6      6      1   
  0.63   0.64   0.82   0.97      4      4      1   
  0.27   0.28   0.32   0.05      2      2      1   
Routing Failed to deliver
  0.01   0.20   0.15   0.19      2      2      1   
  0.10   1.00   0.69   0.17     11     11      1   
  0.05   0.26   0.83   0.96     10     10      1   
  0.48   0.54   1.00   0.13      8      8      1   
  0.81   0.05   0.74   0.25      2      2      1   
  0.01   0.20   0.46   0.40      5      5      1   
Routing Failed to deliver
  0.72   0.13   0.88   0.99     10     10      1   
  0.58   0.26   0.24   0.46      4      4      1   
  0.78   0.23   0.46   0.97      8      8      1   
  1.00   0.13   0.38   0.14      6      6      1   
  0.44   0.02   0.37   0.56      5      5      1   
  0.01   0.37   0.18   0.27      2      2      1   
  0.53   0.64   0.18   0.09      7      7      1   
  0.51   0.65   0.92   0.84     10      6      1   
  0.58   0.23   0.17   0.24      5      4      1   
  0.05   0.26   0.00   0.57      4      4      1   
  0.93   0.26   0.03   0.86     12     12      1   
  0.03   0.08   0.01   0.37      3      3      1   
  0.64   0.92   0.89   0.84      3      3      1   
  0.12   0.01   0.58   0.26      6      6      1   
Routing Failed to deliver
  0.43   0.78   0.73   0.12      8      8      1   
  0.55   0.15   0.40   0.33      2      2      1   
  0.88   0.18   0.36   0.80      9      9      1   
  0.43   0.76   0.22   0.18      7      7      1   
  0.32   0.83   0.55   0.04      8      8      1   
  0.85   0.01   0.66   0.17      3      3      1   
  0.31   0.42   0.05   0.16      4      4      1   
  0.99   0.01   0.80   0.13      3      3      1   
  0.15   0.19   0.01   0.20      2      2      1   
  0.01   0.20   0.33   0.04      4      4      1   
  0.74   0.87   0.09   0.08     10     10      1   
  0.40   0.23   0.75   0.83      7      7      1   
  0.92   0.76   0.06   0.52     28     13      1   
  0.83   0.96   0.43   0.78      4      4      1   
  0.01   0.81   0.22   0.98      3      3      1   
  0.48   0.15   0.37   0.49      4      4      1   
  0.48   0.54   0.50   0.11      5      5      1   
  0.31   0.43   0.65   0.44      4      4      1   
  0.53   0.64   0.37   0.49      2      2      1   
  0.03   0.24   0.61   0.21      6      6      1   
  0.44   0.53   0.24   0.10      5      5      1   
  0.82   0.97   0.64   0.79      2      2      1   
  0.34   0.98   0.99   0.29     11     11      1   
  0.36   0.80   0.50   0.87      2      2      1   
  0.24   0.46   0.17   0.24      3      3      1   
  0.46   0.40   0.73   0.00      6      6      1   
  0.02   0.08   0.00   0.29      2      2      1   
  0.42   0.86   0.28   0.95      2      2      1   
  0.37   0.56   0.90   0.89      7      7      1   
  0.48   0.15   0.11   0.02      5      4      1   
  0.92   0.86   0.05   0.26     16     11      1   
  0.18   0.09   0.85   0.23      7      7      1   
  0.80   0.13   0.44   0.53      6      6      1   
  0.37   0.49   0.37   0.56      1      1      1   
  0.38   0.55   0.98   0.29      8      8      1   
  0.05   0.41   0.27   0.28      3      3      1   
  0.31   0.43   0.81   0.05      6      6      1   
  0.27   0.28   0.37   0.56      4      4      1   
  0.09   0.08   0.42   0.03      4      4      1   
  0.36   0.85   0.61   0.24      7      7      1   
  0.48   0.41   0.31   0.85      6      5      1   
  0.40   0.34   0.10   0.85     11      7      1   
  0.03   0.08   0.92   0.86     16     13      1   
  0.53   0.64   0.41   1.00      4      4      1   
  0.46   0.97   0.89   0.75     12      7      1   
  0.32   0.02   0.50   0.11      2      2      1   
  0.09   0.08   0.69   0.38      7      7      1   
  0.98   0.09   0.01   0.20      9      9      1   
  0.68   0.56   0.63   0.65      1      1      1   
  0.47   0.06   0.11   0.32      4      4      1   
  0.37   0.56   0.45   0.80      3      3      1   
  0.03   0.86   0.18   0.27     11     10      1   
  0.47   0.06   0.40   0.23      2      2      1   
  0.36   0.43   0.03   0.08      6      6      1   
  0.83   0.96   0.32   0.02     11     11      1   
  0.75   0.76   0.43   0.76      3      3      1   
  0.06   0.98   0.03   0.26     13     11      1   
  0.46   0.97   0.22   0.98      2      2      1   
  0.78   0.23   1.00   0.13      2      2      1   
  0.75   0.76   0.89   0.84      4      3      1   
  0.46   0.40   0.75   0.76      8      5      1   
  0.50   0.87   0.65   0.16      8      7      1   
  0.88   0.17   1.00   0.05      2      2      1   
  0.78   0.23   0.50   0.11      3      3      1   
  0.02   0.08   0.26   0.25      3      3      1   
  0.88   0.99   0.44   0.53      7      7      1   
  0.69   0.17   0.58   0.26      2      2      1   
  0.30   0.19   0.15   0.19      2      2      1   
  0.18   0.09   0.30   0.19      2      2      1   
  0.75   0.82   0.02   0.36     10     10      1   
  0.47   0.26   0.05   0.16      5      5      1   
  0.55   0.76   0.50   0.27      5      5      1   
  1.00   0.13   0.43   0.92     10     10      1   
  0.43   0.01   0.72   0.13      3      3      1   
  0.18   0.81   0.15   0.19      9      9      1   
  0.70   0.99   0.19   0.99      7      6      1   
  0.22   0.18   0.78   0.24      5      5      1   
  0.44   0.02   0.98   0.29      7      7      1   
  0.57   0.72   0.05   0.16      8      8      1   
  0.36   0.85   0.73   0.25      8      7      1   
  0.11   0.32   0.31   0.79      8      7      1   
  0.28   0.95   0.11   0.32     19      8      1   
  0.55   0.76   0.03   0.26      8      8      1   
  0.88   0.17   0.54   0.17      4      4      1   
  0.19   0.99   0.43   0.66      4      4      1   
  0.36   0.85   0.31   0.42      5      5      1   
  0.14   0.06   0.64   0.49      7      7      1   
  0.24   0.10   0.27   0.99     12     10      1   
  0.92   0.84   0.92   0.15     16     12      1   
  0.62   0.95   0.03   0.01     12     12      1   
  0.03   0.08   0.44   0.53      7      7      1   
  0.05   0.41   0.88   0.17      8      8      1   
  0.75   0.30   0.58   0.26      2      2      1   
  0.43   0.66   0.67   0.25      6      5      1   
  0.64   0.49   0.57   0.81      4      4      1   
  0.73   0.32   0.30   0.19      4      4      1   
  0.44   0.02   0.00   0.29      5      5      1   
Routing Failed to deliver
  0.81   0.17   0.67   0.25      2      2      1   
  0.69   0.24   0.43   0.92      8      8      1   
  0.55   0.04   0.06   0.52      8      7      1   
  0.50   0.87   0.75   0.76      3      3      1   
  0.58   0.26   0.72   0.13      2      2      1   
  0.24   0.10   0.47   0.06      3      3      1   
  0.58   0.26   0.70   0.99     10      9      1   
  0.96   0.08   0.37   0.49      8      8      1   
  0.50   0.87   0.22   0.98      3      3      1   
  0.32   0.02   0.60   0.42      7      6      1   
  0.78   0.24   0.32   0.05      5      5      1   
  0.71   0.14   0.27   0.28      5      5      1   
  0.22   0.40   0.75   0.76     10      7      1   
  0.76   0.05   0.98   0.29      4      4      1   
  0.40   0.21   0.13   0.07      3      3      1   
  0.80   0.21   0.69   0.38      2      2      1   
  0.69   0.38   0.75   0.30      1      1      1   
  0.74   0.87   0.99   0.01     12     11      1   
  0.44   0.02   0.51   0.65      6      6      1   
  0.57   0.63   0.64   0.79      2      2      1   
  0.44   0.02   0.55   0.15      2      2      1   
Routing Failed to deliver
  0.10   1.00   0.78   0.04     12     12      1   
  0.40   0.34   0.92   0.86     11      8      1   
  0.63   0.60   0.32   0.05      7      7      1   
  0.88   0.99   0.03   0.08     13     13      1   
  0.26   0.25   0.41   1.00      9      9      1   
  0.69   0.38   0.48   0.41      2      2      1   
  0.37   0.56   0.71   0.14      6      5      1   
  0.88   0.17   0.24   0.46      7      7      1   
  0.73   0.00   0.12   0.05      9      7      1   
  0.15   0.94   0.50   0.11     10     10      1   
  0.82   0.97   0.55   0.15     10      9      1   
  0.92   0.76   0.32   0.83      7      7      1   
  0.43   0.66   0.32   0.83      2      2      1   
  0.69   0.38   0.88   0.18      3      3      1   
  0.38   0.55   0.15   0.94      5      5      1   
  0.62   0.26   0.69   0.38      2      2      1   
  0.33   0.04   0.46   0.40      4      4      1   
  0.69   0.17   0.58   0.26      2      2      1   
  0.33   0.04   0.12   0.01      3      3      1   
  0.03   0.08   0.18   0.27      3      3      1   
  0.05   0.16   0.69   0.38      7      7      1   
  0.61   0.24   0.76   0.05      3      3      1   
  0.00   0.85   0.92   0.15     13     12      1   
  0.55   0.04   0.42   0.86      8      8      1   
  0.45   0.63   0.43   0.92      3      3      1   
  0.81   0.05   0.44   0.02      5      4      1   
  0.19   0.20   0.47   0.26      3      3      1   
  0.23   0.30   0.39   0.02      3      3      1   
  0.97   0.99   0.63   0.60     13      7      1   
  0.37   0.56   0.32   0.83      3      3      1   
  0.46   0.97   0.81   0.17      8      8      1   
  0.27   0.28   0.53   0.64      5      5      1   
  0.89   0.84   0.69   0.91      3      3      1   
  0.13   0.03   0.44   0.02      3      3      1   
  0.00   0.57   0.38   0.14      6      6      1   
  0.68   0.56   0.65   0.16      4      4      1   
  0.61   0.24   0.73   0.00      3      3      1   
  0.18   0.81   0.32   0.05      9      9      1   
  0.85   0.23   0.55   0.15      3      3      1   
  0.10   1.00   0.11   0.32     11     10      1   
  0.82   0.97   0.01   0.37     11     11      1   
  0.80   0.13   0.81   0.05      1      1      1   
  0.40   0.33   0.32   0.02      4      4      1   
  0.44   0.35   0.93   0.26      5      5      1   
  0.24   0.10   0.48   0.11      3      3      1   
  0.92   0.86   0.46   0.25     13      9      1   
  0.55   0.76   0.48   0.15      6      6      1   
  0.36   0.85   0.27   0.99      2      2      1   
  0.78   0.04   0.93   0.26      3      3      1   
  0.40   0.33   0.49   0.89      6      5      1   
  0.18   0.81   0.09   0.26      9      9      1   
  1.00   0.05   0.50   0.87      9      9      1   
  0.66   0.17   0.43   0.76      7      7      1   
  0.98   0.09   0.46   0.40      7      7      1   
  0.50   0.06   0.33   0.04      2      2      1   
  0.64   0.79   0.73   0.25      6      6      1   
  0.43   0.92   0.03   0.26     20      9      1   
  0.88   0.17   0.43   0.44      6      6      1   
  0.27   0.28   0.09   0.26      2      2      1   
  0.85   0.01   0.02   0.08      9      8      1   
  0.55   0.04   0.15   0.19      4      4      1   
  0.10   1.00   0.30   0.19     10     10      1   
  0.55   0.23   0.61   0.24      1      1      1   
  0.43   0.76   0.47   0.26      5      5      1   
  0.44   0.35   0.89   0.75     16      9      1   
  0.61   0.24   0.10   1.00     14     10      1   
  0.80   0.21   0.73   0.25      1      1      1   
  0.32   0.83   0.88   0.99      7      6      1   
  0.63   0.65   0.82   0.97      4      4      1   
  0.48   0.54   0.65   0.44      4      4      1   
  0.64   0.92   0.17   0.38      7      7      1   
  0.88   0.17   0.73   0.12      2      2      1   
  0.10   0.85   0.43   0.44      6      6      1   
  0.38   0.55   0.13   0.03      7      6      1   
  0.69   0.24   0.27   0.99     10     10      1   
  0.78   0.23   0.45   0.80      7      7      1   
  0.90   0.89   0.49   0.89      6      5      1   
  0.63   0.65   0.50   0.06      7      7      1   
  0.65   0.16   0.57   0.81      8      7      1   
  0.63   0.65   0.03   0.01      9      9      1   
  0.38   0.55   0.62   0.10      5      5      1   
  0.75   0.82   0.45   0.80      3      3      1   
  0.96   0.08   0.45   0.80      9      9      1   
  0.34   0.98   0.88   0.99      7      7      1   
  0.27   0.28   0.40   0.23      2      2      1   
  0.03   0.24   0.32   0.05      4      4      1   
  0.45   0.63   0.00   0.29      6      6      1   
  0.97   0.99   0.36   0.80      7      7      1   
  0.19   0.99   0.37   0.56      5      5      1   
  0.80   0.21   0.99   0.29      3      3      1   
  0.64   0.79   0.37   0.49      4      4      1   
  0.24   0.46   0.24   0.48      1      1      1   
  0.00   0.29   0.92   0.15      9      9      1   
  0.40   0.23   0.99   0.29      7      6      1   
  0.58   0.23   0.65   0.16      1      1      1   
  0.02   0.32   0.71   0.22      7      7      1   
  0.57   0.81   0.87   0.97      4      4      1   
  0.23   0.30   0.01   0.20      3      3      1   
  0.42   0.03   0.75   0.76     11      9      1   
  0.24   0.87   0.01   0.81      3      3      1   
  0.87   0.97   0.66   0.17     17     10      1   
  0.24   0.87   0.17   0.24     18      8      1   
  0.24   0.10   0.40   0.23      2      2      1   
  1.00   0.05   0.57   0.63      7      7      1   
  0.83   0.96   0.06   0.52     25     11      1   
  0.99   0.29   0.45   0.80      9      9      1   
  0.61   0.24   0.05   0.16      6      6      1   
  0.39   0.02   0.59   0.67      7      7      1   
  0.75   0.08   0.62   0.26      2      2      1   
  0.67   0.25   0.03   0.08      6      6      1   
  0.26   0.25   0.78   0.23      5      5      1   
  0.58   0.26   0.37   0.56      4      4      1   
  0.17   0.38   0.47   0.06      4      4      1   
  0.40   0.21   0.30   0.19      1      1      1   
  0.72   0.13   0.94   0.10      3      3      1   
  0.27   0.30   0.51   0.07      4      4      1   
  0.45   0.63   0.50   0.11      6      6      1   
  0.78   0.24   0.10   1.00     11     11      1   
  0.64   0.79   0.46   0.25      6      6      1   
  0.64   0.49   0.88   0.18      4      4      1   
  0.71   0.14   0.36   0.85      8      8      1   
  0.67   0.25   0.90   0.89      9      9      1   
  0.51   0.07   0.05   0.26      5      5      1   
  0.67   0.25   0.28   0.03      5      5      1   
  0.12   0.05   0.74   0.25      7      7      1   
  0.11   0.02   0.96   0.08      9      9      1   
  0.80   0.21   0.50   0.11      3      3      1   
  0.63   0.60   0.31   0.42      4      4      1   
  0.94   0.10   0.92   0.15      1      1      1   
  0.72   0.13   0.03   0.08      7      7      1   
  0.51   0.07   0.73   0.25      3      3      1   
  0.46   0.40   0.61   0.21      3      3      1   
  0.36   0.80   1.00   0.13     10     10      1   
  0.65   0.16   0.31   0.85      9      8      1   
  0.76   0.05   0.01   0.37      9      8      1   
  0.02   0.08   0.24   0.10      2      2      1   
  0.65   0.16   0.46   0.13      2      2      1   
  0.58   0.26   0.92   0.86     12     10      1   
  0.78   0.04   0.81   0.05      1      1      1   
  0.85   0.23   1.00   0.05      2      2      1   
  0.48   0.41   0.64   0.79      4      4      1   
  0.32   0.05   0.02   0.32      4      4      1   
  0.75   0.30   0.10   0.85      9      9      1   
  0.46   0.25   0.46   0.13      1      1      1   
  0.19   0.20   0.27   0.28      1      1      1   
  0.80   0.21   0.22   0.18      6      6      1   
  0.53   0.64   0.69   0.24      5      5      1   
  0.90   0.89   0.75   0.76      9      3      1   
  0.11   0.32   0.15   0.19      1      1      1   
  0.28   0.03   0.87   0.97     12     12      1   
  0.13   0.07   0.96   0.26      8      8      1   
  0.46   0.97   0.43   0.78      2      2      1   
  0.05   0.36   0.92   0.15      8      8      1   
  0.05   0.36   0.45   0.63      6      5      1   
  0.43   0.76   0.12   0.01      9      9      1   
  0.28   0.03   0.50   0.74      8      8      1   
Routing Failed to deliver
  0.57   0.63   0.65   0.16      6      5      1   
  0.32   0.83   0.61   0.24      7      7      1   
  0.98   0.09   0.03   0.24      9      9      1   
  0.73   0.32   0.27   0.30      4      4      1   
  0.11   0.02   0.02   0.08      1      1      1   
  0.82   0.97   0.03   0.08     12     12      1   
  0.78   0.04   0.53   0.64      6      6      1   
  0.74   0.25   0.02   0.36      8      7      1   
  0.62   0.95   0.69   0.24      9      9      1   
  0.43   0.92   0.74   0.87      4      4      1   
  0.40   0.23   0.64   0.49      5      4      1   
  0.23   0.30   0.64   0.49      5      5      1   
  0.02   0.08   0.81   0.17      8      8      1   
  0.78   0.04   0.09   0.08      7      7      1   
  0.05   0.36   0.70   0.99     10      9      1   
  0.06   0.98   0.87   0.97     10      9      1   
  0.22   0.18   0.70   0.45      6      6      1   
  0.69   0.91   0.51   0.65      3      3      1   
  0.75   0.83   0.88   0.18     10      9      1   
  0.69   0.17   0.65   0.44      4      3      1   
  0.40   0.21   1.00   0.05      8      6      1   
  0.14   0.06   0.32   0.83      9      9      1   
  0.51   0.77   0.92   0.76     10      5      1   
  0.12   0.05   0.14   0.06      1      1      1   
  0.32   0.05   0.27   0.99     11     10      1   
  0.01   0.37   0.70   0.45      7      7      1   
  0.43   0.92   0.19   0.20      9      9      1   
  0.68   0.56   0.51   0.07      6      6      1   
  0.76   0.05   0.01   0.37      9      8      1   
Routing Failed to deliver
  0.92   0.76   0.48   0.11     16     11      1   
  0.18   0.81   0.48   0.53      5      5      1   
  0.71   0.22   0.01   0.20      7      7      1   
  0.31   0.79   0.73   0.12      9      9      1   
  0.01   0.81   0.58   0.26     10     10      1   
  0.65   0.16   0.85   0.23      2      2      1   
  0.83   0.96   0.44   0.35      7      7      1   
  0.53   0.64   0.88   0.17      6      6      1   
  0.74   0.87   0.73   0.25      8      7      1   
  0.99   0.29   0.61   0.21      4      4      1   
  0.69   0.17   0.50   0.87      8      7      1   
  0.05   0.41   0.69   0.17      6      6      1   
  0.64   0.79   0.05   0.36      8      8      1   
  0.46   0.25   0.73   0.25      3      3      1   
  0.15   0.94   0.44   0.02     10     10      1   
  0.00   0.29   0.32   0.05      4      4      1   
  0.61   0.24   0.24   0.46      4      4      1   
  0.47   0.06   0.81   0.17      4      4      1   
  0.66   0.17   0.06   0.98     15     11      1   
  0.43   0.92   0.15   0.19      9      9      1   
  0.48   0.11   0.20   0.17      3      3      1   
  0.45   0.63   0.50   0.87      3      3      1   
  0.64   0.92   0.43   0.44      5      5      1   
  0.31   0.42   0.99   0.01      8      8      1   
  0.22   0.40   0.03   0.26      3      3      1   
  0.80   0.13   0.31   0.79      9      9      1   
  0.36   0.43   0.60   0.42      2      2      1   
  0.55   0.23   0.85   0.23      3      3      1   
  0.05   0.36   0.64   0.92      9      8      1   
  0.71   0.22   1.00   0.13      3      3      1   
  0.05   0.41   0.03   0.08      3      3      1   
  0.43   0.78   0.24   0.87      2      2      1   
  0.63   0.58   0.36   0.85      4      4      1   
  0.22   0.98   0.45   0.80      3      3      1   
  0.05   0.41   0.18   0.27      2      2      1   
  0.09   0.26   0.14   0.06      3      3      1   
  0.09   0.08   0.64   0.49      7      7      1   
  0.64   0.92   0.10   0.85      6      6      1   
  0.93   0.95   0.85   0.23     16     10      1   
  0.05   0.41   0.64   0.79      8      8      1   
Routing Failed to deliver
  0.53   0.64   0.89   0.75     14      6      1   
  0.45   0.80   0.96   0.26      8      8      1   
  0.68   0.56   0.00   0.29      8      8      1   
  0.55   0.15   0.64   0.49      4      4      1   
  0.62   0.10   0.51   0.65      6      6      1   
  0.31   0.42   0.73   0.32      5      4      1   
  0.57   0.63   0.46   0.40      3      3      1   
  0.15   0.19   0.55   0.76      7      7      1   
  0.19   0.99   0.18   0.09     13     11      1   
  0.10   0.85   0.10   1.00      2      2      1   
  0.41   1.00   0.73   0.12     10     10      1   
  0.46   0.25   0.55   0.23      1      1      1   
  0.05   0.36   0.55   0.23      5      5      1   
  0.55   0.76   0.75   0.83      2      2      1   
  0.00   0.29   0.36   0.43      5      4      1   
  0.61   0.21   0.28   0.95      8      8      1   
  0.89   0.75   0.00   0.57     36     14      1   
  0.00   0.57   0.62   0.10      8      8      1   
  0.93   0.95   0.64   0.49     15      7      1   
  0.43   0.78   0.22   0.98      3      3      1   
  0.02   0.08   0.74   0.95     12     12      1   
  0.51   0.77   0.81   0.05      7      7      1   
  0.70   0.45   0.24   0.87      7      7      1   
  0.90   0.89   0.44   0.53     12      7      1   
  0.02   0.08   0.05   0.41      3      3      1   
  0.59   0.67   0.78   0.23      5      5      1   
  0.49   0.89   0.48   0.54      3      3      1   
  0.32   0.05   0.90   0.89     14     11      1   
  0.81   0.05   0.65   0.16      2      2      1   
  0.03   0.24   0.05   0.26      1      1      1   
  0.88   0.17   0.88   0.18      1      1      1   
  0.40   0.34   0.46   0.97      6      6      1   
  0.55   0.15   0.44   0.35      2      2      1   
  0.50   0.74   0.58   0.26      6      6      1   
  0.59   0.67   0.03   0.08      9      9      1   
  0.80   0.21   0.27   0.30      5      5      1   
  0.70   0.45   0.80   0.13      4      4      1   
  0.65   0.16   0.55   0.23      1      1      1   
  0.92   0.15   0.38   0.55      7      7      1   
  0.36   0.80   0.87   0.97      6      6      1   
  0.65   0.16   0.00   0.57      9      8      1   
  0.55   0.15   0.85   0.23      3      3      1   
  0.02   0.36   0.46   0.25      5      5      1   
  0.80   0.13   0.40   0.34      4      4      1   
  0.40   0.23   0.92   0.84     14     10      1   
  0.51   0.65   0.88   0.99      5      5      1   
  0.63   0.65   0.55   0.15      6      6      1   
  0.39   0.02   0.05   0.16      4      4      1   
  0.46   0.25   0.68   0.56      6      5      1   
  0.69   0.17   0.27   0.28      5      5      1   
  0.92   0.76   0.75   0.76      9      4      1   
  0.24   0.10   0.88   0.17      7      6      1   
  0.43   0.76   0.11   0.32      6      6      1   
  0.60   0.42   0.10   1.00      9      9      1   
  0.99   0.29   0.48   0.53      8      7      1   
  0.24   0.87   0.80   0.13     11     10      1   
  0.36   0.85   1.00   0.05     11     10      1   
  0.33   0.04   0.90   0.89     14     11      1   
  0.40   0.34   0.00   0.29      5      5      1   
  0.10   0.85   0.62   0.95     12      7      1   
  0.93   0.95   0.61   0.24     18     10      1   
  0.81   0.05   0.48   0.15      4      4      1   
  0.65   0.44   0.58   0.26      5      3      1   
  0.47   0.26   0.47   0.06      2      2      1   
  0.12   0.01   0.99   0.29     10     10      1   
  0.09   0.26   0.99   0.29      9      9      1   
  0.46   0.40   0.55   0.04      4      4      1   
  0.00   0.57   0.75   0.82     11     11      1   
  0.62   0.95   0.05   0.41      9      9      1   
  0.63   0.64   0.44   0.35      5      4      1   
  0.37   0.56   0.22   0.98      5      5      1   
  0.98   0.09   0.63   0.65      7      7      1   
  0.96   0.26   0.73   0.00      4      4      1   
  0.80   0.21   0.18   0.09      6      6      1   
  0.36   0.43   0.27   0.16      4      4      1   
  0.80   0.21   0.01   0.81     11     11      1   
  0.67   0.25   0.85   0.23      2      2      1   
  0.65   0.16   0.74   0.87      8      8      1   
  0.50   0.27   0.75   0.30      3      3      1   
  0.03   0.01   0.93   0.95     13     13      1   
  0.02   0.08   0.69   0.91     11     11      1   
  0.64   0.79   0.50   0.87      2      2      1   
  0.43   0.78   0.14   0.06      8      8      1   
Routing Failed to deliver
  0.10   0.85   0.63   0.58      6      6      1   
  0.88   0.18   0.11   0.32      7      7      1   
  0.50   0.06   0.46   0.97      9      9      1   
  0.14   0.06   0.71   0.22      6      6      1   
  0.80   0.13   0.96   0.26      2      2      1   
  0.31   0.79   0.65   0.44      7      6      1   
  0.57   0.63   0.80   0.21      5      5      1   
  0.60   0.42   0.42   0.86      5      5      1   
  0.32   0.02   0.62   0.26      4      4      1   
  0.87   0.97   0.78   0.24     17     10      1   
  0.27   0.16   0.64   0.49      6      6      1   
  0.69   0.91   0.64   0.92      1      1      1   
  0.24   0.87   0.74   0.87      5      5      1   
  0.48   0.15   0.65   0.16      2      2      1   
  0.03   0.01   0.13   0.07      1      1      1   
  0.57   0.81   0.11   0.32      7      7      1   
