  0.69   0.31   0.17   0.06      7      7      1   
  0.57   0.86   0.26   0.16     12     10      1   
  0.36   0.53   0.44   0.25      5      5      1   
  0.73   0.67   0.67   0.37      3      3      1   
Routing Failed to deliver
  0.93   0.10   0.94   0.26      2      2      1   
  0.25   1.00   0.01   0.94      3      3      1   
  0.69   0.82   0.34   0.50      9      7      1   
  0.97   0.22   0.20   0.01      9      8      1   
Routing Failed to deliver
  0.00   0.51   0.04   0.08      4      4      1   
  0.92   0.10   0.65   0.13      3      3      1   
  0.92   0.10   0.54   0.28      5      5      1   
  0.45   0.02   0.97   0.22      6      6      1   
  0.04   0.08   0.92   0.10      9      9      1   
  0.26   0.49   0.73   0.46      5      5      1   
  0.97   0.22   0.29   0.00      8      7      1   
Routing Failed to deliver
  0.99   0.42   0.63   0.35      4      4      1   
  0.65   0.13   0.67   0.62      6      6      1   
  0.28   0.12   0.10   0.46      4      4      1   
  0.13   0.07   0.17   0.06      1      1      1   
  0.79   0.56   0.74   0.82      3      3      1   
  0.04   0.43   0.74   0.82     12     10      1   
  0.57   0.86   0.59   0.42      6      5      1   
  0.75   0.65   0.01   0.23     10     10      1   
  0.57   0.59   0.98   0.67      6      5      1   
  0.92   0.10   0.26   0.11      7      7      1   
  0.75   0.80   0.50   0.93      3      3      1   
Routing Failed to deliver
  0.64   0.40   0.26   0.32      5      5      1   
  0.99   0.22   0.19   0.85     12     12      1   
  0.50   0.11   0.01   0.21      6      6      1   
Routing Failed to deliver
  0.32   0.48   0.26   0.49      1      1      1   
  0.34   0.16   0.04   0.47      5      5      1   
Routing Failed to deliver
  0.34   0.50   0.15   0.07      5      5      1   
  0.67   0.62   0.73   0.67      1      1      1   
Routing Failed to deliver
  0.44   0.91   0.20   0.54      9      8      1   
  0.75   0.73   0.06   0.99      9      9      1   
  0.19   0.85   1.00   0.89      9      9      1   
Routing Failed to deliver
Routing Failed to deliver
  0.83   0.23   0.89   0.35      2      2      1   
  0.69   0.31   0.92   0.01      4      4      1   
  0.78   0.97   0.88   0.47      6      5      1   
  0.26   0.49   0.69   0.47      4      4      1   
  0.18   0.25   0.10   0.46      2      2      1   
  0.67   0.37   0.03   0.46      7      7      1   
  0.17   0.02   0.23   0.44      4      4      1   
  0.69   0.31   0.92   0.01      4      4      1   
  0.25   1.00   0.25   0.87      1      1      1   
  0.94   0.26   0.83   0.15      2      2      1   
  0.59   0.38   0.44   0.91      5      5      1   
  0.55   0.03   0.67   0.62      8      7      1   
  0.28   0.12   0.75   0.73     10     10      1   
Routing Failed to deliver
Routing Failed to deliver
  0.44   0.95   0.53   0.06      9      9      1   
  0.15   0.07   0.77   0.48      8      8      1   
  0.69   0.47   0.26   0.16      7      7      1   
  0.71   0.74   0.53   0.06      7      7      1   
  0.00   0.51   0.23   0.44      3      3      1   
  0.75   0.26   0.18   0.79     10     10      1   
  0.78   0.91   0.09   0.97      9      9      1   
  0.94   0.26   0.59   0.42      4      4      1   
  0.59   0.15   0.50   0.11      1      1      1   
  1.00   0.89   0.01   0.21     16     14      1   
  0.12   0.32   0.01   0.94     34     14      1   
  0.19   0.06   0.28   0.12      1      1      1   
  0.84   0.41   0.31   0.86     10      9      1   
  0.36   0.55   0.26   0.16      5      5      1   
  0.89   0.35   0.01   0.23     10     10      1   
  0.03   0.46   0.12   0.82     31     14      1   
  0.28   0.12   0.83   0.23      6      6      1   
  0.93   0.66   0.01   0.87     13     12      1   
  0.59   0.15   0.78   0.97     10     10      1   
  0.71   0.74   0.61   0.56      2      2      1   
  0.45   0.02   0.73   0.46      6      6      1   
  0.78   0.93   0.63   0.35      7      7      1   
  0.53   0.06   0.45   0.02      1      1      1   
  0.78   0.93   0.51   0.83      4      4      1   
Routing Failed to deliver
  0.07   0.20   0.29   0.00      3      3      1   
  0.15   0.07   0.84   0.38      8      8      1   
Routing Failed to deliver
Routing Failed to deliver
  0.89   0.98   0.73   0.97      2      2      1   
  0.60   0.37   0.84   0.38      3      3      1   
  0.89   0.08   0.97   0.32      3      3      1   
Routing Failed to deliver
  0.77   0.79   0.89   0.90      2      2      1   
  0.99   0.22   0.80   0.30      2      2      1   
  0.29   0.10   0.63   0.03      4      4      1   
  0.36   0.53   0.54   0.82     22      6      1   
  0.57   0.59   0.90   0.43      4      4      1   
  0.54   0.09   0.20   0.32      5      5      1   
  0.82   0.14   0.54   0.85      9      8      1   
Routing Failed to deliver
  0.83   0.15   0.54   0.28      4      4      1   
  0.54   0.09   0.71   0.00      2      2      1   
  0.17   0.02   0.23   0.37      4      4      1   
  0.13   0.32   0.58   0.85     25      9      1   
  0.20   0.17   0.75   0.65     10      9      1   
  0.57   0.59   0.73   0.67      2      2      1   
Routing Failed to deliver
  0.34   0.50   0.10   0.46      2      2      1   
  0.83   0.23   0.15   0.38      8      8      1   
  0.71   0.74   0.20   0.32      8      8      1   
Routing Failed to deliver
  0.76   0.14   0.18   0.25      6      6      1   
  0.79   0.24   0.48   0.47      4      4      1   
  0.92   0.10   0.36   0.78     12     12      1   
  0.48   0.09   0.15   0.38      5      5      1   
Routing Failed to deliver
  0.91   0.25   0.83   0.15      1      1      1   
Routing Failed to deliver
  0.69   0.18   0.53   0.48      4      4      1   
  0.25   0.10   0.63   0.35      5      5      1   
  0.54   0.96   0.15   0.25     12     11      1   
  0.51   0.16   0.50   0.61     13      6      1   
  0.15   0.18   0.83   0.15      7      7      1   
  0.80   0.30   0.83   0.15      2      2      1   
  0.61   0.93   0.15   0.07     13     12      1   
  0.58   0.83   0.63   0.35      7      6      1   
  0.89   0.90   0.20   0.01     14     13      1   
  0.75   0.65   0.01   0.21     10     10      1   
  0.89   0.35   0.59   0.18      4      4      1   
  0.75   0.30   0.77   0.48      2      2      1   
  0.71   0.94   0.22   0.49     11      9      1   
Routing Failed to deliver
  0.88   0.56   0.15   0.18      9      9      1   
  0.91   0.25   0.18   0.25      8      8      1   
  0.57   0.86   0.18   0.25     11     10      1   
Routing Failed to deliver
  0.39   0.35   0.15   0.25      3      3      1   
  0.89   0.08   0.69   0.31      3      3      1   
  0.12   0.30   0.78   0.97     12     11      1   
  0.76   0.58   0.28   0.02      9      9      1   
  0.98   0.67   0.48   0.71      7      7      1   
  0.51   0.16   0.65   0.13      2      2      1   
  0.76   0.58   0.26   0.32      7      7      1   
  0.92   0.01   0.45   0.02      5      5      1   
  0.63   0.35   0.48   0.71      4      4      1   
  0.25   1.00   0.75   0.26      9      9      1   
  0.37   0.30   0.64   0.40      4      4      1   
Routing Failed to deliver
  0.92   0.10   0.12   0.30      9      9      1   
  0.29   0.10   0.07   0.20      3      3      1   
Routing Failed to deliver
  0.64   0.40   0.50   0.93      6      6      1   
  0.03   0.46   0.74   0.82     12     10      1   
  0.93   0.66   0.79   0.93      6      6      1   
  0.12   0.32   0.60   0.37      6      6      1   
  0.78   0.91   0.36   0.78     19      7      1   
  0.23   0.44   0.36   0.53      2      2      1   
  0.93   0.10   0.22   0.52      9      9      1   
  0.16   0.04   0.24   0.89     81     13      1   
  0.11   0.55   0.54   0.09      7      7      1   
  0.61   0.56   0.77   0.79      3      3      1   
Routing Failed to deliver
  0.34   0.16   0.94   0.03      6      6      1   
Routing Failed to deliver
  0.10   0.46   0.67   0.37      6      6      1   
  0.08   0.38   0.61   0.32      6      6      1   
  0.13   0.07   0.48   0.47     12      6      1   
  0.07   0.20   0.11   0.55      4      4      1   
  0.79   0.24   0.31   0.86      9      9      1   
  0.60   0.37   0.36   0.55      4      4      1   
  0.48   0.09   0.17   0.06      3      3      1   
  0.18   0.25   0.65   0.13      5      5      1   
  0.88   0.56   0.44   0.95      7      7      1   
  0.78   0.93   0.74   0.82      1      1      1   
  0.04   0.43   0.32   0.48      3      3      1   
  0.97   0.32   0.54   0.96      8      8      1   
  0.57   0.59   0.71   0.00      7      7      1   
  0.85   0.49   0.12   0.82     11     10      1   
  0.67   0.62   0.67   0.37      3      3      1   
  0.44   0.95   0.12   0.32     11     10      1   
  0.61   0.56   0.54   0.09      5      5      1   
  0.68   0.82   0.03   0.46     12     10      1   
  0.77   0.79   0.25   1.00      6      6      1   
  0.89   0.98   0.10   0.55     13     11      1   
  0.53   0.06   0.85   0.86      9      9      1   
  0.22   0.52   0.51   0.16      9      5      1   
  0.10   0.55   0.48   0.09      7      7      1   
  0.08   0.10   0.17   0.06      1      1      1   
  0.02   0.45   0.69   0.24      8      8      1   
  0.20   0.32   0.90   0.43      9      9      1   
  0.71   0.74   0.78   0.91      2      2      1   
  0.92   0.01   0.36   0.53      7      7      1   
  0.73   0.67   0.92   0.10      6      6      1   
  0.73   0.97   0.48   0.09     12     11      1   
  0.79   0.93   0.48   0.47      6      6      1   
  0.60   0.32   0.89   0.98      7      7      1   
  0.71   0.00   0.19   0.06      6      6      1   
  0.73   0.46   0.26   0.16      7      7      1   
  0.20   0.17   0.75   0.73     11     10      1   
  0.18   0.25   0.75   0.80     11     10      1   
  0.05   0.98   1.00   0.89     11     11      1   
  0.22   0.49   0.73   0.46      6      6      1   
  0.25   0.05   0.73   0.97     20     13      1   
  0.36   0.55   0.57   0.86     23      7      1   
  0.17   0.02   0.61   0.32      6      6      1   
  0.12   0.32   0.23   0.44      2      2      1   
  0.59   0.18   0.93   0.10      4      4      1   
Routing Failed to deliver
  0.75   0.65   0.20   0.17      9      9      1   
  0.69   0.47   0.54   0.28      3      3      1   
Routing Failed to deliver
  0.04   0.08   0.97   0.22     10      9      1   
  0.48   0.71   0.13   0.07     10      9      1   
  0.59   0.38   0.13   0.37      6      6      1   
  0.19   0.06   0.21   0.12      1      1      1   
  0.89   0.08   0.79   0.24      2      2      1   
  0.10   0.19   0.93   0.66     12     10      1   
  0.51   0.16   0.79   0.93      9      9      1   
  0.05   0.31   0.50   0.61     10      8      1   
Routing Failed to deliver
  0.14   0.33   0.58   0.83     25      9      1   
  0.77   0.14   0.73   0.46      4      4      1   
Routing Failed to deliver
  0.79   0.56   0.01   0.87     12     10      1   
  0.34   0.16   0.71   0.00      4      4      1   
  0.82   0.14   0.85   0.49      4      4      1   
  0.94   0.39   0.83   0.23      3      3      1   
Routing Failed to deliver
  0.70   0.42   0.93   0.10      4      4      1   
  0.50   0.11   0.63   0.35      3      3      1   
  0.26   0.17   0.32   0.48      4      4      1   
  0.88   0.47   0.04   0.47      8      8      1   
Routing Failed to deliver
  0.25   0.05   0.12   0.82     31     15      1   
  0.17   0.49   0.12   0.30      2      2      1   
  0.73   0.46   0.73   0.97      5      5      1   
  0.89   0.90   0.25   1.00      7      7      1   
  0.88   0.56   0.89   0.98     10      5      1   
  0.59   0.42   0.01   0.21      7      7      1   
  0.26   0.49   0.01   0.23      4      4      1   
  0.48   0.71   0.14   0.33      8      7      1   
  0.01   0.21   0.99   0.42     12     11      1   
  0.44   0.14   0.97   0.22      6      6      1   
  0.51   0.83   0.04   0.81      6      6      1   
  0.00   0.51   0.67   0.37      7      7      1   
  0.44   0.91   0.77   0.79      4      4      1   
  0.54   0.60   0.93   0.66      6      5      1   
  0.04   0.47   0.12   0.32      2      2      1   
Routing Failed to deliver
  0.75   0.73   0.73   0.46      3      3      1   
  0.61   0.93   0.44   0.95      2      2      1   
  1.00   0.89   0.63   0.35      8      8      1   
Routing Failed to deliver
  0.65   0.13   0.54   0.60      5      5      1   
  0.91   0.25   0.09   0.18      9      8      1   
  0.89   0.90   0.48   0.71      5      5      1   
  0.48   0.47   0.59   0.18      4      4      1   
  0.29   0.00   0.50   0.61     16      9      1   
  0.34   0.50   0.84   0.38      6      6      1   
  0.13   0.07   0.36   0.55      5      5      1   
  0.79   0.93   0.01   0.87      9      9      1   
  0.80   0.30   0.12   0.32      8      8      1   
  0.04   0.43   0.39   0.35      4      4      1   
  0.05   0.31   0.34   0.50      3      3      1   
  0.59   0.42   0.75   0.73      4      4      1   
  0.13   0.07   0.22   0.49      4      4      1   
  0.63   0.03   0.17   0.06      5      5      1   
  0.20   0.32   0.68   0.82     10      9      1   
  0.77   0.48   0.10   0.46      7      7      1   
  0.89   0.35   0.92   0.10      3      3      1   
  0.63   0.03   0.34   0.50      8      7      1   
  0.74   0.97   0.36   0.94      5      5      1   
  0.83   0.09   0.29   0.00      6      6      1   
  0.03   0.46   0.36   0.53      4      4      1   
  0.64   0.40   0.91   0.25      3      3      1   
  0.89   0.98   0.67   0.37      6      6      1   
Routing Failed to deliver
  0.82   0.14   0.11   0.55      9      9      1   
Routing Failed to deliver
  0.02   0.45   0.65   0.13      8      8      1   
  0.97   0.32   0.36   0.94      9      9      1   
  0.17   0.06   0.00   0.51      5      5      1   
  0.15   0.38   0.28   0.12      3      3      1   
  0.18   0.37   0.92   0.10      8      8      1   
  0.13   0.37   0.54   0.09      6      6      1   
  0.88   0.47   0.98   0.67      3      3      1   
  0.65   0.13   0.13   0.37      7      7      1   
  0.26   0.32   0.12   0.32      2      2      1   
  0.57   0.86   0.61   0.93      1      1      1   
  0.59   0.18   0.14   0.33      5      5      1   
  0.48   0.09   0.26   0.11      3      3      1   
  0.97   0.32   0.17   0.49      9      9      1   
  0.20   0.17   0.59   0.42      7      6      1   
  0.92   0.01   0.20   0.17      8      8      1   
  0.10   0.55   0.89   0.90     13     11      1   
  0.84   0.41   0.58   0.85      6      6      1   
  0.27   0.54   0.06   0.03      6      6      1   
Routing Failed to deliver
  0.63   0.03   0.69   0.47      6      5      1   
  0.92   0.10   0.04   0.08      8      8      1   
  0.08   0.38   0.68   0.82     12     10      1   
  0.93   0.10   0.34   0.50      8      8      1   
  0.34   0.50   0.20   0.32      3      3      1   
  0.18   0.25   0.15   0.25      1      1      1   
  0.74   0.82   0.22   0.49     11      8      1   
  0.55   0.03   0.69   0.24      3      3      1   
  0.22   0.52   0.99   0.42      8      8      1   
  0.29   0.00   0.12   0.32      4      4      1   
  0.79   0.56   0.05   0.98     10     10      1   
  0.71   0.74   0.10   0.19      9      9      1   
  0.65   0.13   0.19   0.06      5      5      1   
  0.01   0.21   0.52   0.47      7      7      1   
  0.89   0.08   0.77   0.14      2      2      1   
  0.58   0.83   0.04   0.43     11     10      1   
  0.28   0.02   0.10   0.46      4      4      1   
Routing Failed to deliver
  0.18   0.37   0.99   0.42      9      9      1   
  0.79   0.10   0.10   0.19      8      7      1   
  0.17   0.02   0.60   0.32      6      6      1   
  0.69   0.82   0.71   0.00     10      9      1   
  0.44   0.91   0.17   0.06     12     11      1   
  0.26   0.17   0.59   0.42      6      6      1   
  0.77   0.14   0.48   0.09      3      3      1   
  0.63   0.03   0.94   0.39      5      5      1   
  0.97   0.22   0.45   0.02      6      6      1   
  0.12   0.32   0.65   0.13      6      6      1   
  0.18   0.25   0.99   0.22      9      9      1   
Routing Failed to deliver
  0.31   0.86   0.25   1.00      2      2      1   
  0.36   0.78   0.25   1.00      3      3      1   
  0.89   0.90   0.26   0.32     13     11      1   
  0.93   0.66   0.61   0.56      4      4      1   
  0.88   0.47   0.05   0.31      9      9      1   
Routing Failed to deliver
  0.59   0.15   0.17   0.06      4      4      1   
  0.18   0.37   0.20   0.54      2      2      1   
  0.26   0.49   0.04   0.47      2      2      1   
  0.19   0.06   0.59   0.38      6      6      1   
  0.45   0.02   0.51   0.83     15      8      1   
  0.26   0.32   0.15   0.38      1      1      1   
  0.48   0.09   0.78   0.91     10     10      1   
  0.59   0.18   0.54   0.60      4      4      1   
  0.85   0.49   0.34   0.50      6      6      1   
  0.53   0.06   0.84   0.38      4      4      1   
  0.20   0.17   1.00   0.89     15     13      1   
  0.59   0.38   0.92   0.10      4      4      1   
  0.79   0.10   0.20   0.54      9      8      1   
  0.16   0.04   0.18   0.37      3      3      1   
  0.77   0.14   0.54   0.60      5      5      1   
  0.26   0.16   0.88   0.51      9      8      1   
  0.71   0.74   0.03   0.46     12      9      1   
  0.54   0.96   0.20   0.17     12     11      1   
  0.88   0.47   0.15   0.18      9      9      1   
  0.27   0.54   0.58   0.85     22      7      1   
  0.36   0.53   0.59   0.42      2      2      1   
  0.54   0.28   0.65   0.13      2      2      1   
  0.54   0.85   0.18   0.79      4      4      1   
  0.06   0.03   0.60   0.32      7      7      1   
  0.44   0.25   0.89   0.08      5      5      1   
  0.63   0.03   0.54   0.85      9      9      1   
Routing Failed to deliver
  0.70   0.42   0.85   0.49      2      2      1   
  0.63   0.03   0.51   0.16      2      2      1   
  0.13   0.32   0.84   0.41      9      8      1   
  0.75   0.26   0.36   0.55      6      6      1   
  0.88   0.51   0.91   0.25      3      3      1   
  0.82   0.14   0.53   0.48      4      4      1   
  0.15   0.25   0.59   0.42      7      6      1   
Routing Failed to deliver
  0.69   0.18   0.09   0.93     12     12      1   
  0.21   0.12   1.00   0.55     10      9      1   
  0.21   0.12   0.78   0.97     12     12      1   
  0.58   0.83   0.50   0.93      1      1      1   
  1.00   0.89   0.25   0.10     15     13      1   
  0.09   0.18   0.36   0.55      4      4      1   
  0.50   0.61   0.75   0.73      4      4      1   
  0.50   0.11   0.99   0.22      5      5      1   
  0.88   0.51   0.44   0.91      6      6      1   
Routing Failed to deliver
  0.54   0.60   0.37   0.30      7      5      1   
  0.16   0.04   0.14   0.33      3      3      1   
  0.15   0.07   0.29   0.00      2      2      1   
Routing Failed to deliver
  0.69   0.47   0.36   0.53      7      3      1   
  0.79   0.24   0.57   0.86      8      7      1   
  0.98   0.67   0.85   0.49      3      3      1   
  0.44   0.95   0.69   0.31      7      7      1   
  0.88   0.56   0.94   0.39      2      2      1   
  0.25   0.10   0.89   0.90     12     12      1   
Routing Failed to deliver
  0.18   0.37   0.16   0.28      1      1      1   
  0.78   0.93   0.04   0.47     13     10      1   
  0.65   0.13   0.44   0.91      8      8      1   
  0.59   0.15   0.13   0.32      6      6      1   
  0.29   0.00   0.09   0.18      3      3      1   
Routing Failed to deliver
  0.13   0.37   0.21   0.12      3      3      1   
  0.69   0.31   0.09   0.97     11     11      1   
  0.20   0.17   0.93   0.66     11     10      1   
Routing Failed to deliver
  0.26   0.17   0.69   0.47      7      7      1   
  0.82   0.14   0.17   0.78     12     12      1   
  0.89   0.90   0.20   0.01     14     13      1   
  0.22   0.52   0.26   0.11      5      5      1   
  0.92   0.10   0.18   0.25      8      8      1   
  0.91   0.25   0.16   0.04      7      7      1   
  0.63   0.03   0.16   0.04      5      5      1   
  0.52   0.47   0.73   0.97      6      6      1   
  0.15   0.18   0.59   0.79     11     10      1   
  0.55   0.03   0.36   0.94     10     10      1   
  0.06   0.03   0.04   0.08      1      1      1   
  0.75   0.30   0.22   0.52      6      6      1   
  0.80   0.30   0.53   0.48      3      3      1   
  0.99   0.42   0.92   0.10      3      3      1   
  0.13   0.37   0.88   0.47      8      8      1   
  0.26   0.16   0.61   0.93     14     11      1   
  0.36   0.55   0.20   0.17      4      4      1   
  0.18   0.25   0.92   0.10      8      8      1   
  0.55   0.03   0.08   0.10      5      5      1   
  0.58   0.83   0.71   0.00     11     10      1   
  0.39   0.35   0.61   0.56      6      5      1   
  0.73   0.67   0.36   0.78      9      7      1   
Routing Failed to deliver
  0.32   0.48   0.36   0.55      1      1      1   
  0.25   0.05   0.92   0.01      8      8      1   
  0.29   0.00   0.09   0.18      3      3      1   
  0.97   0.32   0.77   0.79      9      5      1   
  0.63   0.35   0.04   0.04      7      7      1   
  0.89   0.98   0.54   0.96      4      4      1   
  0.63   0.35   0.28   0.02      6      6      1   
  0.15   0.07   0.79   0.56      9      9      1   
  0.13   0.32   1.00   0.89     14     12      1   
  0.36   0.55   0.12   0.30      3      3      1   
  0.04   0.04   0.81   0.32      9      8      1   
  0.44   0.14   0.18   0.25      3      3      1   
  0.78   0.97   0.97   0.22      9      8      1   
Routing Failed to deliver
  0.57   0.59   0.01   0.87      9      9      1   
  0.82   0.14   0.17   0.49      8      8      1   
  0.04   0.04   0.26   0.49      5      5      1   
  0.28   0.02   0.92   0.01      7      7      1   
  0.81   0.32   0.59   0.42      3      3      1   
  0.26   0.17   0.20   0.54      4      4      1   
  0.01   0.23   0.79   0.24      9      8      1   
  0.57   0.59   0.32   0.48      4      4      1   
  0.32   0.48   0.92   0.10      8      8      1   
  0.58   0.85   0.17   0.78      6      6      1   
  0.65   0.13   0.18   0.79     11     11      1   
  0.16   0.04   0.73   0.67     10     10      1   
  0.36   0.53   0.11   0.55      3      3      1   
  0.76   0.58   0.69   0.47      1      1      1   
  0.74   0.97   0.48   0.09     11     11      1   
Routing Failed to deliver
  0.36   0.53   0.61   0.93     23      7      1   
  0.54   0.82   0.97   0.22      8      8      1   
Routing Failed to deliver
  0.76   0.14   0.88   0.47      4      4      1   
  0.90   0.43   0.54   0.82      6      6      1   
  0.83   0.09   0.97   0.22      2      2      1   
  0.53   0.48   0.15   0.38      5      5      1   
  0.58   0.85   0.84   0.41      6      6      1   
  0.34   0.50   0.15   0.07      5      5      1   
  0.63   0.03   0.01   0.21      7      7      1   
  0.59   0.15   0.22   0.49      7      6      1   
  0.94   0.03   0.63   0.03      4      4      1   
  0.28   0.02   0.63   0.35      6      6      1   
  0.52   0.47   0.10   0.55      5      5      1   
  0.75   0.26   0.69   0.24      1      1      1   
  0.26   0.17   0.67   0.37      6      6      1   
  0.08   0.38   1.00   0.55     10     10      1   
  0.88   0.47   0.75   0.65      2      2      1   
  0.16   0.28   0.39   0.35      3      3      1   
  0.93   0.66   0.13   0.32      9      9      1   
  0.39   0.35   0.04   0.04      6      6      1   
  0.12   0.30   0.97   0.22     10     10      1   
  0.97   0.22   0.03   0.46     11     11      1   
  0.79   0.56   0.93   0.10      5      5      1   
  0.54   0.28   0.26   0.49      6      5      1   
Routing Failed to deliver
  0.18   0.25   0.10   0.19      1      1      1   
  0.18   0.25   0.63   0.03      5      5      1   
  0.69   0.82   0.37   0.30     12      8      1   
  0.23   0.44   0.06   0.03      5      5      1   
Routing Failed to deliver
  0.71   0.94   0.00   0.51     13     11      1   
  0.26   0.49   0.88   0.56      6      6      1   
Routing Failed to deliver
  0.05   0.31   0.13   0.32      1      1      1   
  0.71   0.94   0.64   0.40      6      6      1   
Routing Failed to deliver
  0.22   0.49   0.17   0.49      1      1      1   
  0.20   0.17   0.69   0.31      7      7      1   
  0.25   0.05   0.12   0.82     31     15      1   
  0.34   0.16   0.50   0.11      2      2      1   
  0.36   0.53   0.71   0.00      7      7      1   
  0.89   0.98   0.61   0.32      7      7      1   
  0.69   0.82   0.68   0.82      1      1      1   
  0.59   0.18   0.20   0.54      7      6      1   
  0.27   0.54   0.69   0.47      4      4      1   
  0.88   0.56   0.19   0.85     10      9      1   
Routing Failed to deliver
  0.77   0.14   0.36   0.94      9      9      1   
  0.03   0.46   0.17   0.06      4      4      1   
  0.26   0.11   0.59   0.79     17     10      1   
  0.44   0.14   0.39   0.35      2      2      1   
  0.94   0.39   0.68   0.82      5      5      1   
Routing Failed to deliver
  0.94   0.03   0.00   0.51     12     11      1   
  0.61   0.32   0.48   0.47      2      2      1   
  0.54   0.96   0.26   0.32     11     10      1   
  0.45   0.02   0.59   0.38      4      4      1   
  0.75   0.65   0.99   0.42      3      3      1   
Routing Failed to deliver
  0.93   0.10   0.36   0.94     10     10      1   
  0.59   0.15   0.94   0.26      4      4      1   
  0.75   0.65   0.89   0.98      4      4      1   
  0.06   0.03   0.78   0.91     14     13      1   
  0.50   0.61   0.89   0.08      7      7      1   
Routing Failed to deliver
  0.59   0.42   0.57   0.59      2      2      1   
  0.94   0.03   0.84   0.41      5      5      1   
  0.53   0.06   0.89   0.90     10     10      1   
  0.08   0.38   0.59   0.42      8      6      1   
  0.14   0.33   0.69   0.82     10      9      1   
Routing Failed to deliver
  0.18   0.37   0.13   0.37      1      1      1   
  0.70   0.42   0.74   0.97      6      6      1   
  0.59   0.15   0.89   0.08      3      3      1   
  0.83   0.15   0.78   0.93      8      8      1   
  0.80   0.30   0.22   0.49      7      7      1   
  0.24   0.89   0.25   1.00      1      1      1   
Routing Failed to deliver
  0.69   0.82   0.26   0.32     11      9      1   
Routing Failed to deliver
Routing Failed to deliver
  0.75   0.65   0.60   0.37      4      4      1   
  0.04   0.08   0.31   0.86     41     13      1   
  0.78   0.97   0.80   0.30      8      7      1   
  0.11   0.55   0.20   0.17      4      4      1   
  0.22   0.49   0.67   0.37      5      5      1   
Routing Failed to deliver
Routing Failed to deliver
  0.44   0.14   0.97   0.32      6      6      1   
  0.34   0.50   0.71   0.74      8      6      1   
  0.98   0.67   0.20   0.81     12     11      1   
  0.84   0.38   0.77   0.79      4      4      1   
Routing Failed to deliver
  0.48   0.47   0.19   0.06      6      6      1   
  0.28   0.02   0.29   0.10      1      1      1   
  0.44   0.95   0.91   0.25      9      9      1   
  0.58   0.83   0.14   0.33     10      9      1   
Routing Failed to deliver
Routing Failed to deliver
  0.36   0.94   0.83   0.23      9      9      1   
Routing Failed to deliver
  0.27   0.11   0.48   0.71     15      8      1   
  0.75   0.80   0.00   0.51     13     10      1   
  0.94   0.26   0.54   0.96      8      8      1   
  0.28   0.02   0.04   0.47      5      5      1   
Routing Failed to deliver
  0.34   0.16   0.05   0.31      4      4      1   
Routing Failed to deliver
Routing Failed to deliver
Routing Failed to deliver
  0.05   0.98   0.04   0.81      2      2      1   
  0.80   0.30   0.29   0.10      7      6      1   
  0.50   0.61   0.57   0.59      1      1      1   
  0.22   0.52   0.26   0.49      1      1      1   
  0.75   0.26   0.26   0.32      6      6      1   
  0.83   0.23   0.08   0.10      8      8      1   
  0.26   0.32   0.80   0.30      6      6      1   
  0.01   0.21   0.44   0.25      6      5      1   
  0.27   0.54   0.79   0.56      6      6      1   
Routing Failed to deliver
  0.84   0.41   0.39   0.35      6      6      1   
  0.59   0.38   0.85   0.49      3      3      1   
  0.01   0.21   0.57   0.59     10      8      1   
  0.16   0.04   0.23   0.44      4      4      1   
  0.73   0.46   0.05   0.31      8      8      1   
Routing Failed to deliver
  0.63   0.03   0.44   0.91      9      9      1   
  0.23   0.44   0.69   0.31      6      6      1   
  0.58   0.85   0.89   0.08      9      9      1   
  0.53   0.48   0.67   0.62      2      2      1   
  0.18   0.25   0.34   0.50      3      3      1   
  0.63   0.03   0.94   0.39      5      5      1   
  0.17   0.49   0.20   0.54      1      1      1   
  0.63   0.03   0.36   0.53      9      6      1   
  0.88   0.51   0.79   0.24      3      3      1   
  0.57   0.86   0.99   0.22      8      8      1   
  0.10   0.19   0.20   0.17      1      1      1   
  0.04   0.47   0.93   0.66     10      9      1   
  0.54   0.60   0.34   0.16     10      6      1   
  0.48   0.71   0.94   0.03      8      8      1   
  0.19   0.06   0.92   0.01      8      8      1   
  0.59   0.79   0.28   0.02     11     11      1   
  0.65   0.13   0.09   0.97     13     13      1   
  0.82   0.14   0.45   0.02      4      4      1   
  0.26   0.17   0.63   0.35      5      5      1   
  0.15   0.18   0.58   0.83     26     10      1   
  0.75   0.26   0.48   0.47      4      4      1   
  0.61   0.93   1.00   0.89      4      4      1   
  0.73   0.46   0.55   0.03      6      6      1   
  0.51   0.83   0.44   0.25      6      6      1   
Routing Failed to deliver
Routing Failed to deliver
  0.61   0.32   0.69   0.31      1      1      1   
  0.59   0.42   0.54   0.28      2      2      1   
  0.75   0.26   0.88   0.56      4      4      1   
  0.54   0.28   0.60   0.32      1      1      1   
  0.15   0.25   0.53   0.48      7      6      1   
Routing Failed to deliver
  1.00   0.55   0.48   0.47      5      5      1   
Routing Failed to deliver
  0.61   0.56   0.77   0.14      5      5      1   
  0.78   0.91   0.93   0.10      8      8      1   
  0.69   0.24   0.55   0.03      3      3      1   
  0.99   0.22   0.92   0.10      2      2      1   
  0.04   0.04   0.27   0.54      6      6      1   
  0.79   0.56   0.38   0.02      8      8      1   
  0.16   0.04   0.94   0.26      8      8      1   
  0.71   0.94   0.83   0.23      8      8      1   
  0.01   0.21   0.25   0.05      3      3      1   
Routing Failed to deliver
  0.85   0.86   0.27   0.11     13     11      1   
  0.60   0.32   0.04   0.08      7      7      1   
  0.29   0.10   0.54   0.82     17     10      1   
Routing Failed to deliver
  0.25   0.87   0.78   0.91      7      7      1   
  0.79   0.93   0.23   0.37      9      9      1   
  0.17   0.02   0.04   0.08      2      2      1   
  0.92   0.01   0.20   0.01      8      8      1   
  0.44   0.14   0.79   0.93      9      9      1   
  0.10   0.55   0.16   0.28      3      3      1   
  0.45   0.02   0.15   0.25      5      4      1   
  0.94   0.26   0.78   0.91      6      6      1   
  0.79   0.10   0.98   0.67      7      6      1   
  0.93   0.66   0.98   0.67      1      1      1   
  0.44   0.25   0.83   0.15      5      5      1   
Routing Failed to deliver
  0.69   0.47   0.09   0.18      7      7      1   
  0.17   0.02   0.25   0.87     81     14      1   
Routing Failed to deliver
  0.94   0.03   0.61   0.56      7      7      1   
Routing Failed to deliver
  0.48   0.71   0.74   0.97      5      5      1   
  0.51   0.16   0.04   0.43      6      5      1   
  0.09   0.18   0.07   0.20      1      1      1   
  0.83   0.15   0.64   0.40      3      3      1   
  0.21   0.12   0.50   0.61     15      8      1   
  0.64   0.40   0.89   0.98      6      6      1   
  0.09   0.18   0.63   0.35      6      6      1   
  0.17   0.06   0.50   0.93     35     11      1   
  0.94   0.39   0.03   0.46     10     10      1   
  0.60   0.37   0.19   0.06      6      6      1   
  0.79   0.56   0.31   0.86      7      7      1   
  0.94   0.03   0.79   0.10      2      2      1   
  0.77   0.48   0.51   0.16      5      5      1   
Routing Failed to deliver
  0.01   0.21   0.83   0.23      9      9      1   
  0.50   0.11   0.54   0.60      5      5      1   
  0.29   0.00   0.75   0.80     11     11      1   
  0.79   0.93   0.37   0.30     11      9      1   
  0.78   0.97   0.92   0.10     10      9      1   
  0.29   0.10   0.18   0.37      3      3      1   
  0.74   0.82   0.08   0.38     10     10      1   
  0.10   0.19   0.75   0.73     11     10      1   
  0.44   0.95   0.59   0.18      8      8      1   
  0.39   0.35   0.73   0.46      6      5      1   
  0.48   0.09   0.51   0.16      1      1      1   
Routing Failed to deliver
  0.97   0.32   0.79   0.24      2      2      1   
  0.97   0.22   0.79   0.10      2      2      1   
  0.19   0.06   0.01   0.21      2      2      1   
  0.25   0.10   0.75   0.80     10     10      1   
  0.77   0.14   0.52   0.47      4      4      1   
  0.59   0.42   0.45   0.02      5      5      1   
  0.15   0.38   0.51   0.83     10      8      1   
  0.88   0.51   0.92   0.01      5      5      1   
  0.00   0.51   0.54   0.85     12     10      1   
  0.20   0.54   0.85   0.86     10      9      1   
  0.26   0.16   0.54   0.60     14      7      1   
  0.15   0.18   0.08   0.10      1      1      1   
  0.59   0.18   0.21   0.12      4      4      1   
Routing Failed to deliver
  0.51   0.83   0.82   0.14      7      7      1   
  0.61   0.32   0.08   0.38      6      6      1   
Routing Failed to deliver
  0.37   0.30   0.58   0.85      9      8      1   
  0.21   0.12   0.83   0.09      6      6      1   
  0.76   0.58   0.83   0.15      5      5      1   
  0.73   0.67   0.44   0.14      7      7      1   
  0.85   0.49   0.25   0.87     10      9      1   
  0.54   0.96   0.99   0.22      9      9      1   
  0.57   0.59   0.05   0.31      7      7      1   
  0.59   0.42   0.01   0.23      7      7      1   
  0.69   0.47   0.04   0.81     10     10      1   
  0.79   0.24   0.15   0.25      7      7      1   
  0.89   0.90   0.60   0.32      7      7      1   
  0.26   0.11   0.44   0.25      3      3      1   
  0.61   0.93   0.36   0.55      9      8      1   
  0.53   0.06   0.94   0.03      5      5      1   
  0.32   0.48   0.82   0.14      8      7      1   
Routing Failed to deliver
  0.71   0.94   0.20   0.01     15     12      1   
  0.36   0.78   0.28   0.12     30     13      1   
  0.99   0.22   0.89   0.90     13      8      1   
  0.36   0.78   0.13   0.07     28     14      1   
  0.07   0.20   0.75   0.30      8      8      1   
  0.25   0.10   0.54   0.96     72     11      1   
  0.31   0.86   0.17   0.78      2      2      1   
  0.44   0.91   0.79   0.93      4      4      1   
  0.79   0.93   0.32   0.48      8      8      1   
  0.63   0.03   0.81   0.32      4      4      1   
  0.26   0.49   0.80   0.30      6      6      1   
  0.44   0.95   0.58   0.83      2      2      1   
  0.67   0.62   0.79   0.10      7      7      1   
  0.69   0.18   0.08   0.38      7      7      1   
  0.04   0.43   0.04   0.08      3      3      1   
  0.60   0.37   0.02   0.45      7      7      1   
Routing Failed to deliver
  0.92   0.10   0.00   0.51     11     11      1   
  0.98   0.67   0.20   0.81     12     11      1   
  0.73   0.46   0.18   0.79      9      9      1   
  0.04   0.08   0.79   0.10      7      7      1   
  0.14   0.77   0.71   0.94      7      7      1   
  0.51   0.83   0.13   0.32      9      8      1   
  0.54   0.82   0.69   0.31      7      6      1   
  0.52   0.47   0.93   0.10      5      5      1   
  0.51   0.83   0.21   0.12     11      9      1   
  0.15   0.07   0.63   0.35      6      6      1   
  0.27   0.54   0.80   0.30      6      6      1   
  0.29   0.10   0.51   0.16      3      3      1   
Routing Failed to deliver
  0.69   0.82   0.94   0.26      6      6      1   
  0.48   0.09   0.26   0.49      7      6      1   
  0.61   0.56   0.88   0.47      3      3      1   
  0.48   0.47   0.74   0.82      5      5      1   
  0.45   0.02   0.67   0.37      5      5      1   
  0.07   0.20   0.94   0.26      9      9      1   
  0.36   0.53   0.37   0.30      4      4      1   
  0.75   0.30   0.39   0.35      5      5      1   
  0.69   0.82   0.99   0.22      7      7      1   
  0.89   0.08   0.06   0.99     14     14      1   
  0.89   0.98   0.83   0.09      9      9      1   
  0.36   0.78   0.99   0.22     13     12      1   
  0.67   0.37   0.03   0.46      7      7      1   
  0.85   0.86   0.68   0.82      2      2      1   
Routing Failed to deliver
  0.36   0.55   0.27   0.11      6      5      1   
  0.01   0.21   0.12   0.32      2      2      1   
  0.48   0.47   0.61   0.93      6      6      1   
  0.54   0.60   0.71   0.00      7      7      1   
  0.59   0.15   0.77   0.14      2      2      1   
  0.78   0.93   0.57   0.59      4      4      1   
  0.75   0.73   0.53   0.48      4      4      1   
  0.26   0.32   0.29   0.00      4      4      1   
  0.34   0.16   0.69   0.24      4      4      1   
  0.88   0.51   0.18   0.37      8      8      1   
  0.07   0.20   0.05   0.31      1      1      1   
Routing Failed to deliver
  0.36   0.78   0.77   0.48     10      9      1   
  0.12   0.32   0.36   0.53      3      3      1   
Routing Failed to deliver
  0.28   0.12   0.05   0.31      3      3      1   
  0.60   0.32   0.11   0.55      6      6      1   
Routing Failed to deliver
Routing Failed to deliver
  0.61   0.56   0.48   0.09      6      6      1   
  0.26   0.11   0.08   0.38      3      3      1   
  0.27   0.54   0.97   0.22      8      8      1   
  0.69   0.31   0.18   0.25      6      6      1   
Routing Failed to deliver
  0.60   0.32   0.36   0.78     36      9      1   
Routing Failed to deliver
  0.18   0.25   0.20   0.32      1      1      1   
  0.27   0.54   0.15   0.38      2      2      1   
  0.75   0.26   0.88   0.56      4      4      1   
  0.61   0.32   0.94   0.03      4      4      1   
  0.13   0.37   0.44   0.25      4      4      1   
  0.54   0.85   0.89   0.90      4      4      1   
Routing Failed to deliver
  1.00   0.55   0.91   0.25      3      3      1   
Routing Failed to deliver
  0.75   0.65   0.15   0.07     10     10      1   
  0.53   0.06   0.69   0.82      8      8      1   
  0.03   0.46   0.88   0.56      9      9      1   
  0.71   0.00   0.59   0.42      5      5      1   
  0.04   0.04   0.60   0.32      7      7      1   
  0.98   0.67   0.57   0.59      5      5      1   
  0.34   0.50   0.98   0.67     10      8      1   
  0.69   0.47   0.99   0.22      5      5      1   
  0.83   0.23   0.08   0.38      9      9      1   
  0.69   0.18   0.89   0.08      2      2      1   
  0.79   0.24   0.20   0.32      7      7      1   
  0.23   0.37   0.44   0.14      4      4      1   
  0.37   0.30   0.69   0.47      6      5      1   
Routing Failed to deliver
  0.14   0.33   0.80   0.30      7      7      1   
  1.00   0.89   0.59   0.38      8      8      1   
  0.12   0.32   0.63   0.03      6      6      1   
  0.01   0.21   0.37   0.30      4      4      1   
Routing Failed to deliver
  0.32   0.48   0.44   0.95     10      8      1   
  0.36   0.94   0.78   0.97      5      5      1   
Routing Failed to deliver
  0.92   0.10   0.99   0.22      2      2      1   
  0.36   0.53   0.63   0.03      6      6      1   
  0.67   0.37   0.85   0.86      5      5      1   
  0.29   0.00   0.37   0.30      5      5      1   
Routing Failed to deliver
  0.92   0.10   0.20   0.01      8      7      1   
  0.79   0.56   0.16   0.04      9      9      1   
  0.48   0.47   0.23   0.37      3      3      1   
  0.36   0.94   0.97   0.32      9      9      1   
Routing Failed to deliver
  0.78   0.97   0.02   0.45     14     12      1   
  0.17   0.06   0.92   0.01      8      8      1   
  0.54   0.28   0.29   0.10      4      4      1   
  0.03   0.46   0.37   0.30      4      4      1   
  0.60   0.37   0.37   0.30      3      3      1   
Routing Failed to deliver
  0.63   0.03   0.03   0.46      8      8      1   
  0.63   0.35   0.53   0.06      3      3      1   
  0.03   0.46   0.57   0.86     12     10      1   
  0.73   0.67   0.76   0.58      1      1      1   
  0.54   0.28   0.10   0.55      7      6      1   
  0.15   0.18   0.89   0.90     13     12      1   
  0.25   0.05   0.54   0.82     14     11      1   
  0.45   0.02   0.21   0.12      3      3      1   
  0.92   0.10   0.18   0.79     12     12      1   
  0.18   0.77   1.00   0.89     10     10      1   
  0.54   0.85   0.50   0.61      5      3      1   
  0.93   0.10   0.48   0.71      7      7      1   
  0.24   0.89   0.31   0.86      1      1      1   
  0.44   0.95   0.29   0.10     12     11      1   
  0.98   0.67   0.90   0.43      3      3      1   
  0.90   0.43   0.28   0.12      8      8      1   
  0.69   0.82   0.44   0.91      3      3      1   
  0.94   0.39   0.18   0.37      9      9      1   
  0.68   0.82   0.54   0.96      2      2      1   
  0.78   0.93   0.54   0.60      5      5      1   
  0.45   0.02   0.58   0.83     16      9      1   
  0.59   0.42   0.74   0.97      6      6      1   
  0.10   0.55   0.26   0.11      5      5      1   
  0.36   0.53   0.58   0.83     22      6      1   
Routing Failed to deliver
Routing Failed to deliver
  0.77   0.14   0.50   0.93      9      8      1   
  0.50   0.61   0.97   0.22      7      7      1   
  0.63   0.35   0.75   0.80      5      5      1   
  0.26   0.32   0.97   0.32      8      8      1   
  0.82   0.14   0.51   0.83      8      7      1   
  0.59   0.18   0.45   0.02      2      2      1   
  0.59   0.38   0.85   0.86      6      6      1   
  0.85   0.86   0.93   0.66      6      5      1   
  0.79   0.10   0.88   0.51      5      5      1   
  0.50   0.11   0.15   0.07      4      4      1   
Routing Failed to deliver
  0.15   0.18   0.26   0.32      2      2      1   
Routing Failed to deliver
Routing Failed to deliver
  0.78   0.93   0.59   0.42      6      6      1   
  0.34   0.16   0.75   0.80      9      9      1   
  0.93   0.10   0.44   0.25      6      6      1   
  1.00   0.55   0.10   0.46      9      9      1   
  0.26   0.16   0.54   0.09      3      3      1   
  0.77   0.79   0.99   0.42      4      4      1   
  0.01   0.94   0.78   0.97     10      9      1   
  1.00   0.55   0.75   0.26      4      4      1   
  0.45   0.02   0.59   0.42      5      5      1   
  0.18   0.79   0.18   0.77      1      1      1   
  0.48   0.09   0.14   0.33      5      5      1   
  0.78   0.97   0.75   0.30      7      7      1   
  0.27   0.11   0.57   0.59     14      7      1   
  0.69   0.24   0.94   0.03      3      3      1   
  0.34   0.16   0.52   0.47     10      5      1   
Routing Failed to deliver
  0.93   0.10   0.04   0.04      9      9      1   
  0.59   0.42   0.54   0.85      5      5      1   
  0.99   0.42   0.32   0.48      7      7      1   
  0.50   0.93   0.84   0.41      7      7      1   
  0.84   0.41   0.27   0.11      8      8      1   
  0.71   0.00   0.48   0.09      3      3      1   
  0.92   0.10   0.54   0.82     10      9      1   
  0.78   0.91   0.18   0.79      7      7      1   
  0.52   0.47   0.90   0.43      5      5      1   
  0.38   0.02   0.36   0.78     40     13      1   
  0.48   0.71   0.78   0.93      5      5      1   
  0.73   0.97   0.13   0.32     12     11      1   
  0.26   0.32   0.00   0.51      3      3      1   
  0.03   0.46   0.08   0.38      1      1      1   
  0.14   0.33   0.73   0.67      9      8      1   
  0.92   0.10   0.26   0.49      8      8      1   
Routing Failed to deliver
  0.54   0.28   0.81   0.32      3      3      1   
  0.00   0.51   0.93   0.10     11     11      1   
  0.04   0.47   0.29   0.10      4      4      1   
  0.31   0.86   0.25   1.00      2      2      1   
Routing Failed to deliver
  0.13   0.37   0.17   0.49      1      1      1   
  0.10   0.46   0.59   0.18      6      6      1   
  0.17   0.06   0.50   0.11      4      4      1   
  0.12   0.30   0.78   0.93     11     10      1   
  0.54   0.82   0.08   0.10     12     11      1   
  0.79   0.56   0.20   0.54      7      7      1   
  0.75   0.30   0.10   0.55      7      7      1   
Routing Failed to deliver
  0.54   0.60   0.15   0.07      8      8      1   
  0.75   0.80   0.67   0.62      2      2      1   
  0.75   0.65   0.01   0.87     11      9      1   
  0.29   0.10   0.44   0.14      2      2      1   
  0.18   0.25   0.84   0.41      8      8      1   
  0.10   0.55   0.15   0.07      5      5      1   
Routing Failed to deliver
  0.01   0.21   0.58   0.85     13     11      1   
  0.26   0.11   0.15   0.25      2      2      1   
  0.63   0.35   0.51   0.83      5      5      1   
  0.26   0.49   0.17   0.02      5      5      1   
  0.50   0.11   0.88   0.51      6      6      1   
  0.50   0.93   0.12   0.82      5      5      1   
Routing Failed to deliver
  0.83   0.09   0.91   0.25      2      2      1   
  0.79   0.56   0.25   0.87      8      8      1   
Routing Failed to deliver
  1.00   0.55   1.00   0.89     11      7      1   
  0.59   0.79   0.83   0.23      7      7      1   
  0.15   0.07   0.97   0.32      9      9      1   
  0.85   0.49   0.55   0.03      6      6      1   
  0.36   0.78   0.89   0.08     23     12      1   
Routing Failed to deliver
  0.01   0.23   0.17   0.49      3      3      1   
  0.61   0.93   0.65   0.13     10      9      1   
  0.44   0.25   0.73   0.46      4      4      1   
  0.75   0.65   0.92   0.10      6      6      1   
  0.89   0.90   0.97   0.22      8      8      1   
  0.54   0.28   0.68   0.82      6      6      1   
  0.13   0.32   0.71   0.00      7      7      1   
Routing Failed to deliver
  0.79   0.93   0.92   0.10      9      9      1   
  0.65   0.13   0.76   0.14      1      1      1   
  0.93   0.10   0.78   0.97     13      9      1   
  0.38   0.02   0.71   0.00      4      4      1   
  0.19   0.06   0.73   0.67     10     10      1   
  0.15   0.18   0.39   0.35      5      4      1   
  0.59   0.42   0.38   0.02      6      6      1   
  0.93   0.10   0.22   0.52      9      9      1   
  0.88   0.47   0.69   0.82      4      4      1   
Routing Failed to deliver
  0.20   0.81   0.09   0.97      3      3      1   
  0.04   0.04   0.78   0.91     14     13      1   
  0.04   0.47   0.48   0.71     22      7      1   
Routing Failed to deliver
  0.38   0.02   0.02   0.45      5      5      1   
  0.68   0.82   0.77   0.48      4      4      1   
Routing Failed to deliver
  0.59   0.15   0.85   0.86     15      9      1   
  0.90   0.43   0.25   1.00     10      9      1   
  0.26   0.49   0.99   0.42      7      7      1   
  0.24   0.89   0.09   0.97      3      3      1   
Routing Failed to deliver
  0.71   0.74   0.51   0.83      2      2      1   
  0.18   0.25   0.51   0.16      4      4      1   
  0.19   0.06   0.94   0.03      8      8      1   
  0.03   0.46   0.27   0.11      4      4      1   
  0.58   0.85   0.69   0.24      8      7      1   
  0.57   0.59   0.89   0.35      5      5      1   
  0.10   0.55   0.18   0.25      3      3      1   
  0.51   0.83   0.17   0.06     11     10      1   
Routing Failed to deliver
Routing Failed to deliver
  0.20   0.81   0.14   0.77      1      1      1   
  0.26   0.32   0.00   0.51      3      3      1   
  0.28   0.12   0.23   0.44      4      4      1   
  0.63   0.35   0.50   0.11      3      3      1   
Routing Failed to deliver
Routing Failed to deliver
  0.26   0.32   0.22   0.52      2      2      1   
  0.28   0.12   0.55   0.03      4      4      1   
  0.16   0.28   0.54   0.28      4      4      1   
  0.76   0.58   0.85   0.86      3      3      1   
  0.79   0.93   0.21   0.12     12     11      1   
  0.75   0.65   0.59   0.15      7      7      1   
  0.18   0.37   0.20   0.32      1      1      1   
  0.32   0.48   0.17   0.49      2      2      1   
  0.94   0.39   0.73   0.67      3      3      1   
  0.38   0.02   0.92   0.10      5      5      1   
  0.89   0.08   0.34   0.50      8      8      1   
  0.75   0.30   0.94   0.03      4      4      1   
  0.16   0.28   0.85   0.86     11     10      1   
  0.53   0.06   0.13   0.37      6      6      1   
  0.88   0.56   0.20   0.01     10     10      1   
  0.37   0.30   0.45   0.02      3      3      1   
  0.76   0.14   0.02   0.45     10      9      1   
  0.80   0.30   0.17   0.49      7      7      1   
  0.94   0.39   0.79   0.56      2      2      1   
Routing Failed to deliver
Routing Failed to deliver
  0.25   0.05   0.14   0.77     31     15      1   
