  0.86   0.34   0.35   0.54      6      6      1   
  0.05   0.79   0.89   0.06     24     15      1   
  0.45   0.29   0.41   0.30      1      1      1   
  0.86   0.89   0.05   0.29     18     12      1   
Routing Failed to deliver
Routing Failed to deliver
  0.88   0.94   0.14   0.86      8      8      1   
  0.38   0.91   0.77   0.34      9      9      1   
  0.02   0.14   0.95   0.25     13     12      1   
  0.49   0.23   0.69   0.06      3      3      1   
  0.77   0.34   0.17   0.19      9      8      1   
  0.98   0.27   0.58   0.65      7      7      1   
  0.64   0.84   0.84   0.78      2      2      1   
Routing Failed to deliver
  0.17   0.19   0.92   0.83     13     12      1   
Routing Failed to deliver
  0.74   0.94   0.98   0.27      7      7      1   
  0.95   0.67   0.46   0.14      8      8      1   
  0.43   0.69   0.41   0.29      7      7      1   
Routing Failed to deliver
  0.25   0.53   0.57   0.00      6      6      1   
  0.03   0.02   0.28   0.55      6      6      1   
  0.51   0.23   0.21   0.53      4      4      1   
  0.85   0.43   0.28   0.51      7      7      1   
Routing Failed to deliver
  0.26   0.49   0.78   0.95      9      9      1   
Routing Failed to deliver
  0.41   0.29   0.01   0.24      5      5      1   
Routing Failed to deliver
  0.66   0.24   0.17   0.19      8      7      1   
  0.97   0.74   0.64   0.22      7      7      1   
Routing Failed to deliver
  0.84   0.53   0.77   0.41      2      2      1   
Routing Failed to deliver
  0.03   0.89   0.94   0.49     11     11      1   
  0.75   0.63   0.90   0.63      2      2      1   
  0.45   0.29   0.37   0.40      2      2      1   
Routing Failed to deliver
  0.09   0.08   0.13   0.11      1      1      1   
  0.01   0.94   0.41   0.04     18     15      1   
Routing Failed to deliver
Routing Failed to deliver
  0.73   0.90   0.56   0.12     10      9      1   
  0.94   0.79   0.23   0.85      7      7      1   
Routing Failed to deliver
  0.08   0.26   0.60   0.03     22      7      1   
Routing Failed to deliver
Routing Failed to deliver
  0.74   0.44   0.03   0.02     19     10      1   
  0.81   0.42   0.20   0.47      7      7      1   
  0.16   0.45   0.72   0.63      9      8      1   
  0.26   0.42   0.84   0.45      6      6      1   
  0.35   0.54   0.13   0.05      5      5      1   
  0.56   0.39   0.03   0.02     17      8      1   
  0.01   0.44   0.79   0.70     12     10      1   
Routing Failed to deliver
  0.88   0.85   0.16   0.17     16     12      1   
  0.43   0.92   0.70   0.23     12      8      1   
  0.69   0.06   0.77   0.45      4      4      1   
  0.77   0.41   0.91   0.01     13      6      1   
  0.77   0.34   0.57   0.76      6      6      1   
Routing Failed to deliver
Routing Failed to deliver
  0.56   0.39   0.28   0.51      4      4      1   
  0.12   0.24   0.49   0.23      9      5      1   
  0.16   0.45   0.17   0.50      1      1      1   
  0.90   0.63   0.06   0.04     20     11      1   
  0.72   0.63   0.41   0.30      6      6      1   
  0.33   0.51   0.17   0.27      3      3      1   
  0.09   0.16   0.67   0.82     11     10      1   
  0.88   0.85   0.56   0.78      4      4      1   
  0.10   0.17   0.92   0.59     10     10      1   
  0.17   0.19   0.80   0.05     20      9      1   
  0.91   0.01   0.47   0.12      4      4      1   
  0.97   0.74   0.55   0.24     12      7      1   
  0.06   0.39   0.10   0.09      3      3      1   
  0.03   0.32   0.41   0.04     32      8      1   
  0.64   0.87   0.91   0.01     18     10      1   
  0.34   0.82   0.50   0.39      9      8      1   
  0.34   0.52   0.56   0.39      3      3      1   
  0.10   0.17   0.01   0.44      3      3      1   
  0.64   0.84   0.83   0.73      2      2      1   
  0.17   0.02   0.96   0.36     12     11      1   
  0.66   0.24   0.69   0.06      2      2      1   
Routing Failed to deliver
  0.04   0.95   0.69   0.06     15     15      1   
  0.86   0.34   0.49   0.23      4      4      1   
  0.88   0.85   0.67   0.01      9      9      1   
Routing Failed to deliver
  0.96   0.36   0.92   0.59      3      3      1   
Routing Failed to deliver
  0.06   0.04   0.90   0.01     18     11      1   
  0.59   0.19   0.65   0.08      1      1      1   
  0.69   0.45   0.10   0.25      9      6      1   
  0.90   0.66   0.54   0.11      7      7      1   
  0.33   0.51   0.03   0.02      6      6      1   
  0.74   0.94   0.64   0.84      2      2      1   
Routing Failed to deliver
  0.17   0.21   0.26   0.49      3      3      1   
  0.39   0.52   0.59   0.19      4      4      1   
Routing Failed to deliver
  0.95   0.25   0.41   1.00     10     10      1   
  0.55   0.56   0.20   0.47      5      5      1   
  0.88   0.85   0.57   0.82      4      4      1   
  0.14   0.84   0.01   0.99      2      2      1   
  0.71   0.91   0.56   0.12     10      9      1   
  0.04   0.12   0.83   0.73     13     12      1   
  0.90   0.63   0.95   0.94      3      3      1   
  0.80   0.60   0.43   0.50     11      5      1   
Routing Failed to deliver
  0.46   0.88   0.70   0.19      9      9      1   
  0.94   0.49   0.47   0.12      6      6      1   
  0.88   0.94   0.22   0.95      8      7      1   
  0.01   0.24   0.71   0.73     11     11      1   
  0.11   0.40   0.67   0.30      7      6      1   
Routing Failed to deliver
  0.86   0.89   0.64   0.84      3      3      1   
Routing Failed to deliver
Routing Failed to deliver
  0.34   0.52   0.65   0.13      5      5      1   
  0.45   0.28   0.89   0.06      5      5      1   
  0.30   0.40   0.01   0.44      3      3      1   
  0.18   0.11   0.77   0.45      9      9      1   
Routing Failed to deliver
Routing Failed to deliver
  0.20   0.47   0.84   0.45      7      7      1   
  0.74   0.94   0.74   0.08      9      9      1   
Routing Failed to deliver
  0.56   0.56   0.92   0.59      5      5      1   
Routing Failed to deliver
  0.09   0.08   0.35   0.54      5      5      1   
Routing Failed to deliver
  0.06   0.36   0.05   0.19      2      2      1   
  0.77   0.45   0.03   0.31      8      8      1   
  0.70   0.81   0.73   0.90      1      1      1   
  0.01   0.94   0.60   0.52     10     10      1   
Routing Failed to deliver
  0.12   0.24   0.06   0.04      2      2      1   
  0.59   0.19   0.69   0.45      3      3      1   
  0.94   0.79   0.08   0.86      9      9      1   
  0.73   0.90   0.54   0.11     10      9      1   
Routing Failed to deliver
  0.11   0.40   0.58   0.39      5      5      1   
Routing Failed to deliver
  0.56   0.56   0.91   0.36      5      5      1   
  0.16   0.52   0.91   0.74     10     10      1   
  0.45   0.28   0.65   0.44      3      3      1   
  0.60   0.03   0.96   0.37      7      6      1   
  0.60   0.03   0.16   0.52      7      7      1   
  0.01   0.94   0.67   0.30     13     13      1   
  0.88   0.85   0.70   0.19      7      7      1   
  0.28   0.55   0.55   0.24      5      5      1   
  0.67   0.01   0.41   0.30      4      4      1   
  0.81   0.89   0.54   0.52     12      6      1   
  0.77   0.41   0.43   0.92      7      7      1   
  0.20   0.96   0.64   0.87      4      4      1   
  0.52   0.89   0.54   0.01      9      9      1   
  0.69   0.97   0.22   0.91      6      5      1   
  0.70   0.81   0.56   0.12      9      8      1   
Routing Failed to deliver
  0.80   0.60   0.96   0.36      3      3      1   
Routing Failed to deliver
Routing Failed to deliver
Routing Failed to deliver
  0.60   0.31   0.81   0.00      4      4      1   
  0.20   0.51   0.10   0.25      3      3      1   
  0.16   0.17   0.50   0.39      5      5      1   
  0.50   0.39   0.28   0.53      3      3      1   
  0.41   0.29   0.09   0.16      7      5      1   
  0.54   0.11   0.54   0.01      1      1      1   
  0.69   0.06   0.17   0.34      7      7      1   
  0.70   0.81   0.17   0.21     15     11      1   
  0.01   0.99   0.81   0.49     12     11      1   
  0.94   0.49   0.10   0.17     12      9      1   
  0.16   0.86   0.46   0.10     14     13      1   
  0.50   0.39   0.64   0.84      6      6      1   
  0.73   0.83   0.14   0.86      6      6      1   
  0.89   0.06   0.70   0.81     10     10      1   
Routing Failed to deliver
  0.88   0.94   0.72   0.63      4      4      1   
Routing Failed to deliver
  0.67   0.30   0.56   0.12      2      2      1   
  0.79   0.70   0.91   0.74      1      1      1   
  0.70   0.19   0.84   0.45      3      3      1   
Routing Failed to deliver
  0.81   0.42   0.90   0.01     13      6      1   
Routing Failed to deliver
  0.14   0.84   0.95   0.82      8      8      1   
  0.01   0.24   0.44   0.85     17     11      1   
  0.58   0.65   0.92   0.83      5      5      1   
  0.74   0.77   0.74   0.44      4      4      1   
Routing Failed to deliver
Routing Failed to deliver
  0.22   0.39   0.94   0.49      7      7      1   
  0.28   0.53   0.91   0.62      8      8      1   
Routing Failed to deliver
Routing Failed to deliver
  0.92   0.83   0.18   0.11     23     13      1   
  0.16   0.17   0.85   0.70     11     10      1   
  0.57   0.82   0.22   0.91      4      4      1   
  0.06   0.39   0.06   0.04      3      3      1   
Routing Failed to deliver
  0.03   0.32   0.65   0.98     11     11      1   
  0.05   0.19   0.64   0.87     10     10      1   
  0.06   0.04   0.03   0.02      1      1      1   
  0.22   0.91   0.04   0.95      3      3      1   
  0.16   0.45   0.97   0.74     10      9      1   
  0.45   0.28   0.41   0.30      1      1      1   
  0.87   0.65   0.56   0.26      6      5      1   
  0.37   0.40   0.46   0.88     14      7      1   
  0.60   0.03   0.11   0.40      7      7      1   
  0.25   0.53   0.91   0.74      9      9      1   
  0.34   0.52   0.16   0.52      2      2      1   
Routing Failed to deliver
  0.18   0.97   0.58   0.93      5      5      1   
  0.88   0.85   0.12   0.18     16     12      1   
  0.06   0.04   0.01   0.44      4      4      1   
  0.71   0.91   0.71   0.73      2      2      1   
  0.70   0.81   0.58   0.65      9      3      1   
  0.26   0.49   0.74   0.94      8      8      1   
  0.88   0.85   0.10   0.25     15     11      1   
  0.87   0.65   0.91   0.36      3      3      1   
Routing Failed to deliver
  0.42   0.86   0.75   0.17     10      9      1   
  0.37   0.83   0.23   0.85      2      2      1   
  0.06   0.36   0.43   0.50      4      4      1   
  0.49   0.23   0.60   0.03      2      2      1   
  0.67   0.30   0.28   0.53      6      5      1   
  0.87   0.65   0.74   0.94      3      3      1   
  0.16   0.17   0.71   0.91     11     11      1   
  0.17   0.50   0.83   0.73     10      9      1   
  0.03   0.02   0.71   0.73     13     13      1   
  0.56   0.56   0.12   0.35      6      6      1   
Routing Failed to deliver
  0.18   0.11   0.46   0.14     22      8      1   
  0.77   0.34   0.57   0.00      4      4      1   
Routing Failed to deliver
  0.56   0.78   0.91   0.74      4      4      1   
  0.03   0.02   0.12   0.24      3      3      1   
  0.81   0.89   0.74   0.94      1      1      1   
  0.39   0.52   0.46   0.10      5      5      1   
Routing Failed to deliver
  0.72   0.63   0.41   1.00      5      5      1   
Routing Failed to deliver
  0.88   0.85   0.32   0.98      7      6      1   
  0.97   0.74   0.22   0.95      8      7      1   
  0.67   0.82   0.55   0.56      3      3      1   
  0.90   0.66   0.81   0.63      1      1      1   
  0.67   0.01   0.46   0.14      3      3      1   
  0.80   0.05   0.30   0.40      6      6      1   
Routing Failed to deliver
Routing Failed to deliver
Routing Failed to deliver
Routing Failed to deliver
  0.78   0.95   0.84   0.45      6      6      1   
Routing Failed to deliver
  0.12   0.18   0.06   0.36      2      2      1   
  0.56   0.39   0.46   0.10      4      4      1   
  0.54   0.01   0.30   0.53      7      6      1   
  0.83   0.73   0.77   0.45      3      3      1   
  0.38   0.91   0.60   0.52      6      6      1   
  0.71   0.91   0.56   0.26      9      8      1   
  0.60   0.31   0.37   0.40      3      3      1   
  0.35   0.54   0.31   1.00     35      9      1   
Routing Failed to deliver
Routing Failed to deliver
Routing Failed to deliver
  0.04   0.12   0.08   0.44      3      3      1   
  0.06   0.36   0.86   0.89     12     11      1   
Routing Failed to deliver
  0.70   0.23   0.20   0.51      6      6      1   
  0.79   0.70   0.77   0.41      3      3      1   
  0.64   0.87   0.91   0.01     18     10      1   
  0.16   0.86   0.05   0.79      2      2      1   
Routing Failed to deliver
  0.74   0.94   0.84   0.45      5      5      1   
  0.80   0.60   0.96   0.36      3      3      1   
  0.58   0.39   0.05   0.29      6      6      1   
  0.09   0.08   0.26   0.42      4      4      1   
  0.95   0.25   0.70   0.23      5      5      1   
Routing Failed to deliver
  0.03   0.31   0.06   0.36      1      1      1   
  0.37   0.83   0.81   0.49      8      7      1   
Routing Failed to deliver
  0.92   0.59   0.81   0.63      1      1      1   
  0.64   0.87   0.85   0.43      5      5      1   
  0.67   0.01   0.11   0.40      9      8      1   
  0.49   0.10   0.55   0.24      2      2      1   
  0.10   0.17   0.98   0.27     12     11      1   
  0.08   0.44   0.05   0.29      2      2      1   
  0.12   0.35   0.83   0.73     11     10      1   
  0.96   0.36   0.08   0.26     10      9      1   
  0.60   0.52   0.90   0.63      4      4      1   
  0.95   0.25   0.69   0.11      7      6      1   
  0.45   0.38   0.69   0.97      7      7      1   
  0.95   0.67   0.34   0.82      7      6      1   
  0.20   0.96   0.37   0.83      2      2      1   
Routing Failed to deliver
Routing Failed to deliver
  0.71   0.91   0.47   0.12      9      9      1   
  0.92   0.83   0.91   0.74      1      1      1   
  0.17   0.19   0.44   0.85     17     11      1   
  0.65   0.08   0.94   0.79      8      8      1   
  0.03   0.81   0.91   0.62      9      9      1   
  0.97   0.74   0.78   0.72      2      2      1   
Routing Failed to deliver
Routing Failed to deliver
Routing Failed to deliver
  0.41   0.04   0.66   0.24      4      4      1   
Routing Failed to deliver
  0.01   0.44   0.16   0.52      2      2      1   
  0.45   0.29   0.74   0.08      4      4      1   
  0.57   0.82   0.45   0.29      7      7      1   
Routing Failed to deliver
  0.18   0.11   0.45   0.38      6      6      1   
Routing Failed to deliver
Routing Failed to deliver
Routing Failed to deliver
  0.25   0.53   0.31   0.55      1      1      1   
  0.65   0.13   0.45   0.28      3      3      1   
  0.04   0.12   0.65   0.98     12     12      1   
  0.06   0.04   0.21   0.53      5      5      1   
  0.66   0.24   0.46   0.88      8      8      1   
  0.39   0.52   0.84   0.78      8      8      1   
  0.08   0.44   0.81   0.00      9      9      1   
  0.08   0.26   0.42   0.86     16     10      1   
  0.86   0.34   0.87   0.65      3      3      1   
  0.81   0.42   0.33   0.51      6      6      1   
  0.50   0.39   0.56   0.78      5      5      1   
  0.12   0.35   0.17   0.19      2      2      1   
  0.10   0.25   0.09   0.08      2      2      1   
  0.37   0.40   0.55   0.56      3      3      1   
  0.85   0.70   0.80   0.05      8      8      1   
  0.81   0.89   0.05   0.79      8      8      1   
  0.17   0.34   0.31   0.55      3      3      1   
Routing Failed to deliver
  0.69   0.97   0.91   0.01     19     11      1   
  0.13   0.05   0.81   0.00     21     11      1   
Routing Failed to deliver
  0.75   0.17   0.41   0.29      4      4      1   
  0.03   0.89   0.14   0.84      1      1      1   
  0.28   0.55   0.54   0.11      5      5      1   
Routing Failed to deliver
  0.08   0.26   0.06   0.04      2      2      1   
  0.69   0.45   0.44   0.38      3      3      1   
  0.78   0.95   0.65   0.44      8      7      1   
  0.03   0.81   0.69   0.45     10     10      1   
  0.66   0.24   0.21   0.53      6      6      1   
  0.25   0.53   0.49   0.10      5      5      1   
  0.01   0.44   0.10   0.17      3      3      1   
  0.56   0.56   0.71   0.91      4      4      1   
  0.57   0.76   0.84   0.78      3      3      1   
  0.85   0.70   0.08   0.86      8      8      1   
Routing Failed to deliver
  0.09   0.43   0.70   0.81     10     10      1   
  0.56   0.26   0.69   0.11      2      2      1   
  0.14   0.23   0.90   0.66     10      9      1   
  0.98   0.27   0.26   0.49      9      9      1   
  0.30   0.53   0.70   0.19      7      6      1   
  0.75   0.17   0.37   0.40      5      5      1   
  0.71   0.73   0.03   0.02     22     13      1   
  0.65   0.44   0.65   0.08      4      4      1   
  0.17   0.27   0.45   0.28      4      4      1   
  0.51   0.23   0.81   0.00      4      4      1   
Routing Failed to deliver
  0.77   0.41   0.56   0.39      2      2      1   
  0.69   0.97   0.67   0.82      2      2      1   
  0.17   0.19   0.87   0.65     11     10      1   
  0.78   0.95   0.91   0.62      4      4      1   
Routing Failed to deliver
  0.16   0.86   0.56   0.78      5      5      1   
  0.18   0.11   0.52   0.89     12     11      1   
Routing Failed to deliver
  0.01   0.99   0.37   0.83      5      5      1   
  0.56   0.56   0.30   0.40      4      4      1   
  0.37   0.83   0.71   0.91      4      4      1   
Routing Failed to deliver
  0.46   0.10   0.66   0.24      3      3      1   
  0.73   0.90   0.44   0.99      4      3      1   
  0.46   0.10   0.72   0.63      8      8      1   
  0.90   0.63   0.54   0.52     11      5      1   
Routing Failed to deliver
  0.87   0.65   0.41   0.29     11      6      1   
  0.87   0.65   0.43   0.69      6      6      1   
  0.04   0.80   0.73   0.90      7      7      1   
  0.02   0.14   0.42   0.86     18     12      1   
  0.14   0.84   0.89   0.06     23     14      1   
  0.26   0.49   0.44   0.99     14      8      1   
  0.69   0.45   0.57   0.00      5      5      1   
  0.26   0.42   0.28   0.53      1      1      1   
  0.01   0.94   0.92   0.83     10     10      1   
  0.04   0.95   0.16   0.86      2      2      1   
  0.34   0.82   0.45   0.28     10      9      1   
  0.12   0.35   0.87   0.65     10      9      1   
  0.32   0.98   0.59   0.19     12      9      1   
  0.64   0.22   0.03   0.02     18      9      1   
  0.03   0.31   0.22   0.39      2      2      1   
  0.18   0.97   0.29   0.91      1      1      1   
  0.26   0.42   0.67   0.30      5      5      1   
  0.95   0.82   0.18   0.97      8      8      1   
Routing Failed to deliver
  0.17   0.50   0.44   0.85     14      9      1   
  0.78   0.72   0.55   0.24      7      6      1   
  0.94   0.49   0.45   0.28      5      5      1   
  0.54   0.11   0.64   0.22      2      2      1   
Routing Failed to deliver
Routing Failed to deliver
  0.21   0.53   0.65   0.44      5      5      1   
  0.71   0.91   0.18   0.97      7      6      1   
  0.85   0.43   0.84   0.45      1      1      1   
  0.08   0.44   0.39   0.52      3      3      1   
Routing Failed to deliver
  0.85   0.70   0.46   0.10     13      8      1   
Routing Failed to deliver
  0.70   0.19   0.33   0.51      6      5      1   
  0.46   0.88   0.75   0.17      9      9      1   
  0.67   0.82   0.69   0.45      5      5      1   
  0.75   0.63   0.58   0.65      6      4      1   
  0.83   0.73   0.79   0.70      1      1      1   
  0.09   0.08   0.30   0.40      4      4      1   
  0.88   0.85   0.31   1.00      8      7      1   
  0.58   0.39   0.75   0.63      4      4      1   
  0.54   0.01   0.52   0.89      9      9      1   
  0.14   0.23   0.17   0.27      1      1      1   
  0.18   0.11   0.60   0.03     32      9      1   
  0.49   0.10   0.25   0.53      5      5      1   
  0.49   0.23   0.47   0.12      1      1      1   
  0.03   0.32   0.95   0.25     15     11      1   
  0.03   0.02   0.75   0.17     16     10      1   
  0.64   0.22   0.20   0.47      5      5      1   
Routing Failed to deliver
  0.91   0.62   0.92   0.59      1      1      1   
Routing Failed to deliver
Routing Failed to deliver
  0.37   0.40   0.56   0.39      2      2      1   
  0.25   0.53   0.03   0.32      3      3      1   
Routing Failed to deliver
  0.56   0.26   0.69   0.97      9      8      1   
  0.46   0.88   0.88   0.94      5      5      1   
  0.16   0.52   0.46   0.10      7      7      1   
  0.13   0.11   0.66   0.24      8      8      1   
Routing Failed to deliver
Routing Failed to deliver
  0.60   0.52   0.25   0.53      4      4      1   
  0.03   0.89   0.08   0.86      1      1      1   
  0.10   0.25   0.41   0.30      4      4      1   
  0.75   0.17   0.16   0.17      9      8      1   
Routing Failed to deliver
Routing Failed to deliver
  0.74   0.08   0.01   0.44      9      9      1   
  0.64   0.87   0.41   0.30      7      7      1   
  0.98   0.27   0.17   0.02     25     12      1   
  0.01   0.44   0.45   0.28      5      5      1   
  0.04   0.80   0.91   0.74      9      9      1   
  0.06   0.04   0.60   0.31      9      8      1   
  0.73   0.90   0.98   0.27      7      7      1   
  0.22   0.91   0.41   0.29     12     10      1   
  0.10   0.25   0.56   0.56      6      6      1   
  0.17   0.34   0.67   0.82      8      8      1   
Routing Failed to deliver
  0.57   0.76   0.71   0.91      2      2      1   
  0.47   0.12   0.86   0.34      5      5      1   
  0.88   0.94   0.41   0.04     12     11      1   
Routing Failed to deliver
  0.90   0.66   0.74   0.08      7      7      1   
Routing Failed to deliver
  0.09   0.16   0.49   0.23     15      6      1   
  0.09   0.08   0.57   0.76     10     10      1   
  0.85   0.43   0.65   0.13      4      4      1   
  0.04   0.80   0.81   0.42     12     11      1   
  0.51   0.23   0.77   0.45      4      4      1   
  0.12   0.18   0.81   0.49      8      8      1   
  0.69   0.45   0.74   0.44      1      1      1   
  0.67   0.82   0.74   0.77      1      1      1   
  0.38   0.91   0.41   0.29     22      9      1   
  0.55   0.56   0.03   0.31      7      7      1   
  0.60   0.03   0.66   0.24      2      2      1   
  0.90   0.01   0.54   0.11      4      4      1   
Routing Failed to deliver
  0.59   0.19   0.50   0.39      3      3      1   
  0.65   0.13   0.74   0.77      8      8      1   
  0.54   0.52   0.85   0.43      4      4      1   
  0.55   0.24   0.96   0.37      5      5      1   
  0.74   0.77   0.04   0.80      7      7      1   
  0.90   0.01   0.45   0.29      5      5      1   
  0.03   0.02   0.86   0.89     15     14      1   
  0.06   0.39   0.16   0.52      2      2      1   
  0.01   0.24   0.28   0.53      4      4      1   
Routing Failed to deliver
Routing Failed to deliver
  0.56   0.12   0.03   0.40      7      7      1   
  0.10   0.09   0.26   0.42      4      4      1   
  0.55   0.56   0.49   0.10      5      5      1   
  0.70   0.81   0.88   0.85      3      3      1   
  0.13   0.11   0.79   0.70     13     10      1   
Routing Failed to deliver
  0.30   0.40   0.92   0.83     10      9      1   
Routing Failed to deliver
  0.18   0.11   0.78   0.95     13     12      1   
Routing Failed to deliver
  0.30   0.53   0.70   0.81      8      8      1   
  0.80   0.05   0.69   0.11      1      1      1   
Routing Failed to deliver
  0.01   0.99   0.54   0.11     15     14      1   
Routing Failed to deliver
Routing Failed to deliver
  0.10   0.09   0.06   0.04      1      1      1   
  0.88   0.85   0.45   0.38      8      7      1   
  0.21   0.53   0.85   0.43      7      7      1   
  0.17   0.34   0.64   0.22      6      6      1   
  0.41   0.29   0.49   0.10      2      2      1   
  0.22   0.95   0.79   0.70      6      6      1   
  0.16   0.52   0.10   0.25      3      3      1   
  0.13   0.11   0.64   0.22      8      8      1   
  0.60   0.52   0.97   0.74      5      5      1   
  0.17   0.02   0.81   0.89     14     13      1   
Routing Failed to deliver
  0.75   0.63   0.77   0.45      3      3      1   
  0.54   0.52   0.41   0.35      3      3      1   
  0.04   0.80   0.41   0.29     13     12      1   
  0.11   0.40   0.90   0.01      9      9      1   
  0.16   0.86   0.96   0.36     12     11      1   
  0.20   0.96   0.14   0.84      2      2      1   
  0.47   0.12   0.31   0.55      5      5      1   
  0.10   0.25   0.59   0.19     12      6      1   
  0.74   0.44   0.83   0.73      4      4      1   
  0.29   0.91   0.55   0.08     25     11      1   
  0.22   0.91   0.69   0.97      5      5      1   
Routing Failed to deliver
  0.69   0.06   0.64   0.84      9      9      1   
  0.41   0.04   0.91   0.62      8      8      1   
  0.49   0.10   0.56   0.26      2      2      1   
  0.89   0.06   0.16   0.17     15     10      1   
  0.67   0.01   0.91   0.36      7      6      1   
Routing Failed to deliver
  0.17   0.27   0.85   0.70     10      9      1   
Routing Failed to deliver
  0.97   0.74   0.37   0.83      6      6      1   
Routing Failed to deliver
  0.41   1.00   0.44   0.38     23      8      1   
  0.69   0.11   0.90   0.01      2      2      1   
  0.54   0.52   0.17   0.34      4      4      1   
  0.09   0.16   0.46   0.14     23      7      1   
Routing Failed to deliver
  0.42   0.86   0.54   0.11     24      9      1   
  0.28   0.53   0.06   0.39      3      3      1   
  0.70   0.19   0.42   0.86      9      9      1   
  0.13   0.05   0.60   0.31      9      8      1   
  0.56   0.12   0.45   0.38      3      3      1   
  0.46   0.14   0.84   0.53      6      6      1   
  0.26   0.49   0.94   0.49      7      7      1   
  0.17   0.21   0.92   0.59     10     10      1   
Routing Failed to deliver
  0.67   0.82   0.81   0.63      3      3      1   
  0.49   0.10   0.58   0.93      9      9      1   
  0.49   0.10   0.17   0.21      9      7      1   
Routing Failed to deliver
  0.26   0.42   0.41   0.04      5      5      1   
  0.06   0.39   0.43   0.69     27      9      1   
  0.35   0.54   0.28   0.51      1      1      1   
  0.96   0.36   0.50   0.69      7      7      1   
Routing Failed to deliver
  0.06   0.36   0.75   0.63     10      9      1   
  0.56   0.26   0.09   0.08      8      7      1   
  0.81   0.89   0.77   0.45      5      5      1   
  0.95   0.25   0.18   0.11     23     11      1   
  0.25   0.53   0.38   0.91     19      9      1   
  0.56   0.26   0.41   0.04      3      3      1   
  0.08   0.86   0.89   0.06     24     15      1   
  0.46   0.10   0.56   0.56      6      6      1   
  0.17   0.50   0.74   0.44      7      6      1   
  0.94   0.79   0.59   0.19      7      7      1   
  0.41   0.35   0.77   0.41      4      4      1   
  0.23   0.85   0.57   0.00     13     12      1   
Routing Failed to deliver
  0.74   0.44   0.56   0.78      5      5      1   
  0.32   0.98   0.95   0.67      6      6      1   
  0.72   0.63   0.17   0.02     21     11      1   
  0.20   0.47   0.50   0.39      3      3      1   
  0.18   0.97   0.56   0.26     11     11      1   
  0.85   0.43   0.88   0.94      5      5      1   
Routing Failed to deliver
  0.55   0.56   0.10   0.17      7      7      1   
Routing Failed to deliver
  0.17   0.21   0.49   0.10     16      7      1   
  0.12   0.18   0.46   0.88     17     11      1   
  0.64   0.22   0.17   0.34      6      6      1   
  0.46   0.10   0.41   0.29      3      3      1   
  0.44   0.85   0.67   0.82      3      3      1   
Routing Failed to deliver
  0.44   0.99   0.46   0.88      1      1      1   
  0.77   0.45   0.75   0.63      3      3      1   
  0.22   0.39   0.83   0.73     10      9      1   
  0.16   0.52   0.39   0.52      2      2      1   
  0.73   0.83   0.85   0.43      4      4      1   
  0.69   0.06   0.09   0.16     11      9      1   
  0.03   0.81   0.77   0.45     11     11      1   
  0.01   0.99   0.78   0.95     10      9      1   
  0.45   0.38   0.74   0.77      7      6      1   
  0.43   0.50   0.05   0.19      5      5      1   
  0.43   0.69   0.10   0.17     10     10      1   
  0.88   0.85   0.55   0.24      9      8      1   
  0.85   0.70   0.81   0.00      8      8      1   
  0.86   0.89   0.44   0.38      9      8      1   
  0.70   0.19   0.56   0.39      3      3      1   
  0.14   0.86   0.44   0.99      3      3      1   
  0.03   0.02   0.69   0.97     13     13      1   
  0.47   0.12   0.54   0.11      1      1      1   
  0.04   0.12   0.70   0.19     16      9      1   
  0.58   0.65   0.91   0.01     17      8      1   
  0.14   0.84   0.77   0.41     10     10      1   
  0.06   0.36   0.41   0.35      4      4      1   
Routing Failed to deliver
  0.81   0.49   0.45   0.28      4      4      1   
  0.57   0.76   0.95   0.82      4      4      1   
  0.17   0.21   0.03   0.02      3      3      1   
  0.81   0.49   0.74   0.08      5      5      1   
  0.12   0.18   0.69   0.97     11     11      1   
  0.06   0.39   0.17   0.34      1      1      1   
  0.60   0.52   0.70   0.19      4      4      1   
  0.44   0.85   0.67   0.30     11      8      1   
  0.01   0.94   0.04   0.95      1      1      1   
  0.04   0.12   0.43   0.69     29     11      1   
  0.14   0.84   0.56   0.56      7      7      1   
  0.64   0.22   0.13   0.11     12      8      1   
  0.51   0.23   0.05   0.29      6      6      1   
Routing Failed to deliver
  0.72   0.63   0.04   0.12     14     11      1   
Routing Failed to deliver
  0.05   0.19   0.34   0.52      4      4      1   
  0.58   0.39   0.85   0.43      3      3      1   
  0.26   0.49   0.55   0.56      4      4      1   
  0.18   0.11   0.94   0.49     10     10      1   
  0.74   0.77   0.58   0.65      9      3      1   
  0.64   0.87   0.84   0.45      5      5      1   
  0.46   0.14   0.57   0.00      2      2      1   
  0.71   0.73   0.84   0.78      2      2      1   
  0.75   0.17   0.39   0.52      6      6      1   
  0.10   0.17   0.20   0.47      3      3      1   
Routing Failed to deliver
  0.49   0.10   0.43   0.92     17      9      1   
  0.64   0.22   0.65   0.13      1      1      1   
  0.54   0.52   0.90   0.63      5      5      1   
Routing Failed to deliver
  0.24   0.49   0.46   0.88     14      8      1   
Routing Failed to deliver
Routing Failed to deliver
  0.88   0.85   0.66   0.24      7      7      1   
  0.01   0.99   0.95   0.94     12     11      1   
  0.01   0.44   0.12   0.35      2      2      1   
  0.91   0.36   0.55   0.08      6      6      1   
  0.65   0.44   0.57   0.76      4      4      1   
  0.01   0.99   0.90   0.63     10     10      1   
  0.46   0.88   0.91   0.01     20     11      1   
  0.41   0.35   0.30   0.40      1      1      1   
  0.65   0.13   0.11   0.40      7      7      1   
  0.39   0.52   0.28   0.53      1      1      1   
  0.31   0.55   0.06   0.39      3      3      1   
Routing Failed to deliver
  0.17   0.27   0.90   0.66     10      9      1   
  0.67   0.82   0.01   0.94      8      8      1   
  0.85   0.70   0.51   0.23     11      6      1   
  0.06   0.04   0.65   0.44      9      8      1   
  0.70   0.19   0.96   0.36     13      4      1   
  0.56   0.39   0.67   0.82      5      5      1   
Routing Failed to deliver
  0.50   0.39   0.08   0.44      4      4      1   
  0.20   0.96   0.80   0.05     13     12      1   
  0.14   0.23   0.89   0.06     18      9      1   
  0.18   0.11   0.73   0.90     12     11      1   
  0.21   0.53   0.81   0.63      8      8      1   
  0.28   0.55   0.18   0.11      4      4      1   
  0.17   0.21   0.60   0.31      7      7      1   
  0.28   0.55   0.56   0.39      4      4      1   
  0.54   0.01   0.90   0.63      7      7      1   
  0.46   0.14   0.86   0.89     11      9      1   
  0.96   0.36   0.59   0.19      5      5      1   
  0.56   0.78   0.91   0.74      4      4      1   
  0.57   0.82   0.22   0.95      4      4      1   
  0.72   0.63   0.98   0.27      5      5      1   
  0.43   0.92   0.66   0.24     12      8      1   
  0.67   0.82   0.70   0.23      8      7      1   
Routing Failed to deliver
  0.38   0.91   0.37   0.83      1      1      1   
  0.46   0.14   0.84   0.45      5      5      1   
Routing Failed to deliver
  0.54   0.52   0.77   0.41      3      3      1   
Routing Failed to deliver
Routing Failed to deliver
  0.87   0.65   0.44   0.99      5      5      1   
  0.11   0.40   0.58   0.93     10     10      1   
  0.95   0.25   0.65   0.98      8      8      1   
  0.44   0.38   0.90   0.01      6      6      1   
  0.72   0.63   0.10   0.09     20     11      1   
  0.56   0.56   0.95   0.82      6      6      1   
  0.12   0.18   0.91   0.62     10     10      1   
  0.58   0.39   0.32   0.98      7      7      1   
  0.89   0.06   0.56   0.39      5      5      1   
  0.38   0.91   0.78   0.72      5      5      1   
  0.45   0.28   0.09   0.08      7      6      1   
  0.39   0.52   0.41   0.04      5      5      1   
  0.41   0.29   0.46   0.88     15      8      1   
  0.32   0.98   0.41   0.30     23      9      1   
  0.65   0.08   0.44   0.38      4      4      1   
  0.18   0.11   0.08   0.26      2      2      1   
  0.54   0.52   0.20   0.51      3      3      1   
  0.71   0.73   0.01   0.94      9      9      1   
  0.47   0.12   0.54   0.11      1      1      1   
  0.49   0.10   0.65   0.44      4      4      1   
  0.01   0.44   0.08   0.44      1      1      1   
Routing Failed to deliver
  0.96   0.36   0.65   0.44      3      3      1   
  0.77   0.45   0.98   0.27      3      3      1   
  0.70   0.23   0.18   0.11     20      8      1   
  0.92   0.59   0.86   0.89      4      3      1   
Routing Failed to deliver
  0.06   0.39   0.41   0.29      4      4      1   
  0.17   0.27   0.65   0.13     17      7      1   
  0.03   0.02   0.95   0.82     15     14      1   
  0.85   0.70   0.43   0.92      4      4      1   
  0.60   0.31   0.95   0.67      6      6      1   
Routing Failed to deliver
  0.12   0.18   0.94   0.79     12     11      1   
  0.67   0.01   0.43   0.69      9      9      1   
  0.60   0.52   0.92   0.83      6      6      1   
  0.17   0.50   0.43   0.92     14      9      1   
Routing Failed to deliver
  0.17   0.50   0.49   0.23      4      4      1   
  0.22   0.39   0.20   0.47      1      1      1   
  0.91   0.36   0.13   0.05     22     11      1   
Routing Failed to deliver
  0.28   0.53   0.43   0.50      2      2      1   
  0.72   0.63   0.17   0.21     13     10      1   
Routing Failed to deliver
  0.03   0.40   0.42   0.86     16     11      1   
  0.88   0.94   0.16   0.86      8      8      1   
  0.80   0.60   0.96   0.37      3      3      1   
  0.17   0.50   0.81   0.49      7      6      1   
  0.33   0.51   0.20   0.51      1      1      1   
Routing Failed to deliver
  0.54   0.01   0.06   0.39      8      7      1   
  0.69   0.97   0.41   1.00      4      4      1   
  0.52   0.89   0.91   0.36      8      7      1   
Routing Failed to deliver
  0.17   0.27   0.46   0.10     27      7      1   
Routing Failed to deliver
  0.30   0.40   0.41   0.30      2      2      1   
  0.50   0.39   0.60   0.52      2      2      1   
  0.91   0.62   0.80   0.05      7      7      1   
  0.55   0.24   0.21   0.53      5      5      1   
  0.28   0.51   0.64   0.84      7      7      1   
  0.95   0.67   0.89   0.06     13      9      1   
  0.30   0.40   0.84   0.53      6      6      1   
Routing Failed to deliver
Routing Failed to deliver
  0.06   0.39   0.13   0.05      3      3      1   
  0.81   0.49   0.64   0.84      4      4      1   
  0.06   0.39   0.58   0.39      5      5      1   
Routing Failed to deliver
  0.43   0.69   0.26   0.42      7      7      1   
  0.92   0.59   0.17   0.27     17      9      1   
Routing Failed to deliver
  0.01   0.94   0.57   0.00     16     15      1   
  0.34   0.82   0.84   0.53      7      7      1   
Routing Failed to deliver
  0.90   0.01   0.28   0.55      8      8      1   
  0.18   0.97   0.60   0.03     15     13      1   
  0.04   0.12   0.16   0.52      4      4      1   
  0.08   0.26   0.67   0.01     23      8      1   
Routing Failed to deliver
  0.69   0.11   0.98   0.27      8      6      1   
  0.22   0.39   0.54   0.11      5      5      1   
  0.56   0.56   0.57   0.00      6      6      1   
  0.08   0.26   0.49   0.23      9      5      1   
  0.46   0.10   0.31   0.55      6      6      1   
  0.84   0.53   0.08   0.26      8      8      1   
  0.14   0.23   0.57   0.82      9      9      1   
  0.09   0.08   0.81   0.63     12     11      1   
  0.20   0.96   0.37   0.83      2      2      1   
  0.64   0.22   0.16   0.17      8      7      1   
  0.44   0.99   0.67   0.30      8      8      1   
  0.56   0.39   0.71   0.73      6      6      1   
  0.37   0.83   0.41   0.04     21     11      1   
  0.04   0.80   0.64   0.22     12     12      1   
  0.44   0.99   0.03   0.81      4      4      1   
  0.56   0.12   0.18   0.11     27      7      1   
  0.34   0.52   0.42   0.86     15      7      1   
  0.24   0.49   0.16   0.52      1      1      1   
Routing Failed to deliver
  0.08   0.44   0.75   0.63     10      9      1   
  0.54   0.52   0.28   0.55      3      3      1   
  0.33   0.51   0.84   0.45      6      6      1   
Routing Failed to deliver
  0.51   0.23   0.74   0.94      8      8      1   
  0.80   0.05   0.01   0.44      9      9      1   
  0.22   0.95   0.37   0.83      2      2      1   
  0.16   0.45   0.22   0.39      1      1      1   
  0.58   0.93   0.73   0.90      2      2      1   
  0.33   0.51   0.91   0.74      8      8      1   
  0.38   0.91   0.84   0.45      9      8      1   
  0.01   0.24   0.43   0.92     17     11      1   
  0.41   1.00   0.46   0.14     10     10      1   
  0.41   0.30   0.37   0.40      1      1      1   
  0.43   0.92   0.74   0.77      3      3      1   
Routing Failed to deliver
  0.69   0.06   0.65   0.13      1      1      1   
  0.95   0.67   0.23   0.85      8      7      1   
  0.13   0.11   0.60   0.31      8      7      1   
  0.75   0.17   0.26   0.49      6      6      1   
  0.03   0.40   0.77   0.34      9      8      1   
Routing Failed to deliver
  0.85   0.70   0.42   0.86      4      4      1   
  0.33   0.51   0.06   0.39      3      3      1   
  0.01   0.94   0.55   0.56      9      9      1   
  0.16   0.52   0.41   0.35      3      3      1   
  0.56   0.26   0.69   0.11      2      2      1   
  0.08   0.26   0.17   0.02      3      3      1   
  0.60   0.03   0.09   0.08     15      9      1   
  0.06   0.36   0.67   0.82      9      9      1   
Routing Failed to deliver
  0.92   0.59   0.04   0.95     12     11      1   
  0.64   0.22   0.78   0.72      6      6      1   
  0.17   0.34   0.56   0.12     24      5      1   
  0.65   0.08   0.50   0.39      4      4      1   
  0.50   0.39   0.84   0.45      4      4      1   
  0.58   0.39   0.49   0.10      3      3      1   
  0.26   0.49   0.05   0.19      4      4      1   
Routing Failed to deliver
  0.65   0.98   0.54   0.01     10     10      1   
  0.81   0.49   0.64   0.22      4      4      1   
  0.31   0.55   0.28   0.53      1      1      1   
  0.46   0.14   0.42   0.86     17      9      1   
  0.03   0.81   0.32   0.98      3      3      1   
Routing Failed to deliver
  0.32   0.98   0.20   0.96      1      1      1   
Routing Failed to deliver
  0.95   0.82   0.50   0.69      5      5      1   
  0.56   0.56   0.16   0.52      5      5      1   
  0.81   0.42   0.25   0.53      7      7      1   
Routing Failed to deliver
  0.54   0.11   0.72   0.63     10      7      1   
  0.41   0.29   0.85   0.70      6      6      1   
  0.69   0.11   0.73   0.83      8      8      1   
  0.03   0.31   0.45   0.38      5      5      1   
Routing Failed to deliver
  0.81   0.42   0.13   0.11     11      9      1   
  0.44   0.99   0.46   0.14     10      9      1   
  0.50   0.69   0.96   0.36      7      7      1   
  0.92   0.83   0.51   0.23      9      8      1   
  0.06   0.36   0.80   0.60      9      8      1   
  0.11   0.40   0.54   0.11      6      6      1   
  0.41   0.29   0.80   0.05      4      4      1   
  0.81   0.49   0.46   0.14      5      5      1   
  0.74   0.08   0.12   0.18     14      9      1   
  0.09   0.08   0.80   0.60     10     10      1   
  0.88   0.94   0.85   0.70      3      3      1   
  0.71   0.91   0.47   0.12      9      9      1   
  0.49   0.10   0.18   0.11     18      7      1   
  0.91   0.62   0.66   0.24      5      5      1   
  0.54   0.11   0.50   0.69      8      7      1   
  0.66   0.24   0.31   0.55      5      5      1   
  0.44   0.99   0.43   0.69      8      4      1   
  0.96   0.36   0.17   0.02     24     11      1   
Routing Failed to deliver
  0.17   0.50   0.55   0.08      6      6      1   
Routing Failed to deliver
  0.14   0.86   0.56   0.12     13     12      1   
  0.80   0.05   0.33   0.51      6      6      1   
  0.96   0.36   0.90   0.66      4      4      1   
  0.05   0.19   0.65   0.08     19      8      1   
  0.90   0.01   0.06   0.36     10      9      1   
  0.44   0.38   0.01   0.24      5      5      1   
  0.10   0.25   0.81   0.00     22      9      1   
  0.01   0.94   0.04   0.95      1      1      1   
  0.54   0.01   0.59   0.19      2      2      1   
  0.16   0.17   0.58   0.93     12     11      1   
Routing Failed to deliver
  0.16   0.17   0.91   0.01     20     10      1   
  0.18   0.97   0.04   0.80      2      2      1   
  0.56   0.39   0.01   0.44      6      6      1   
  0.95   0.94   0.05   0.19     17     13      1   
  0.64   0.87   0.16   0.86      5      5      1   
  0.84   0.78   0.12   0.35     16     10      1   
  0.21   0.53   0.94   0.79      9      9      1   
  0.60   0.03   0.41   0.04      2      2      1   
  0.17   0.21   0.85   0.43      9      9      1   
  0.41   0.04   0.64   0.84      9      9      1   
  0.16   0.52   0.65   0.08      7      7      1   
  0.81   0.00   0.50   0.69      9      9      1   
Routing Failed to deliver
  0.58   0.93   0.45   0.38      7      7      1   
Routing Failed to deliver
  0.54   0.01   0.81   0.42      5      5      1   
Routing Failed to deliver
  0.54   0.52   0.74   0.77      5      5      1   
  0.97   0.74   0.84   0.53      3      3      1   
Routing Failed to deliver
Routing Failed to deliver
  0.06   0.36   0.64   0.84      9      9      1   
  0.12   0.18   0.60   0.03     26      8      1   
  0.89   0.06   0.44   0.99     11     11      1   
  0.64   0.87   0.80   0.05     10      9      1   
  0.67   0.01   0.88   0.85      9      9      1   
  0.84   0.78   0.13   0.11     22     11      1   
  0.25   0.53   0.90   0.66      8      8      1   
Routing Failed to deliver
  0.06   0.36   0.03   0.40      1      1      1   
Routing Failed to deliver
  0.81   0.63   0.22   0.91      9      7      1   
  0.05   0.29   0.83   0.73     12     11      1   
  0.37   0.83   0.56   0.12     23     10      1   
  0.64   0.22   0.64   0.87      7      7      1   
  0.50   0.69   0.66   0.24      6      6      1   
  0.05   0.19   0.67   0.30      9      8      1   
  0.24   0.49   0.87   0.65      8      8      1   
Routing Failed to deliver
  0.12   0.18   0.74   0.77     11     11      1   
  0.73   0.83   0.75   0.63      2      2      1   
  0.43   0.50   0.01   0.24      5      5      1   
  0.96   0.36   0.56   0.56      5      5      1   
Routing Failed to deliver
  0.57   0.76   0.44   0.99      3      3      1   
  0.66   0.24   0.64   0.87      7      7      1   
  0.69   0.06   0.43   0.69      9      9      1   
  0.43   0.69   0.64   0.84      3      3      1   
  0.49   0.10   0.34   0.52      4      4      1   
  0.43   0.50   0.81   0.42      5      5      1   
  0.56   0.12   0.77   0.34      3      3      1   
Routing Failed to deliver
  0.97   0.74   0.96   0.36      5      5      1   
  0.04   0.80   0.75   0.63     13      9      1   
  0.64   0.87   0.46   0.14      8      8      1   
  0.37   0.40   0.28   0.55      2      2      1   
  0.08   0.44   0.94   0.49      9      8      1   
Routing Failed to deliver
  0.97   0.74   0.85   0.43      4      4      1   
  0.32   0.98   0.65   0.98      4      4      1   
  0.58   0.39   0.55   0.24      2      2      1   
Routing Failed to deliver
  0.30   0.40   0.57   0.00      5      5      1   
  0.91   0.74   0.87   0.65      1      1      1   
  0.10   0.17   0.16   0.45      3      3      1   
  0.54   0.11   0.10   0.17     12      7      1   
  0.04   0.80   0.92   0.83      9      9      1   
  0.41   0.30   0.72   0.63      9      6      1   
  0.90   0.63   0.77   0.34      3      3      1   
  0.90   0.63   0.73   0.90      3      3      1   
  0.56   0.56   0.09   0.16      7      7      1   
  0.91   0.01   0.03   0.02     20     12      1   
  0.03   0.02   0.55   0.08     20     10      1   
  0.91   0.74   0.29   0.91      7      7      1   
  0.85   0.70   0.16   0.86      7      7      1   
  0.22   0.95   0.50   0.39     11      9      1   
  0.81   0.63   0.74   0.08      6      6      1   
Routing Failed to deliver
  0.78   0.72   0.43   0.92      4      4      1   
Routing Failed to deliver
  0.34   0.52   0.04   0.12      5      5      1   
  0.64   0.87   0.79   0.70      3      3      1   
  0.47   0.12   0.17   0.34      5      5      1   
  0.50   0.39   0.66   0.24      3      3      1   
  0.89   0.06   0.13   0.11     14     10      1   
  0.18   0.11   0.41   0.29      6      5      1   
  0.97   0.74   0.37   0.83      6      6      1   
  0.22   0.91   0.74   0.77      5      5      1   
  0.58   0.93   0.77   0.34      8      7      1   
Routing Failed to deliver
  0.70   0.23   0.52   0.89      7      7      1   
  0.12   0.24   0.17   0.02      2      2      1   
Routing Failed to deliver
  0.80   0.05   0.80   0.60      7      7      1   
Routing Failed to deliver
  0.20   0.47   0.41   0.29      3      3      1   
  0.71   0.73   0.43   0.50     11      6      1   
  0.95   0.94   0.45   0.28     10      9      1   
  0.57   0.00   0.81   0.89     10     10      1   
  0.05   0.19   0.54   0.52      7      6      1   
  0.57   0.82   0.94   0.79      4      4      1   
  0.75   0.17   0.41   0.04      4      4      1   
  0.03   0.31   0.81   0.42      9      9      1   
  0.86   0.89   0.02   0.14     17     13      1   
  0.32   0.98   0.75   0.63     10      6      1   
  0.03   0.02   0.10   0.25      3      3      1   
Routing Failed to deliver
  0.49   0.10   0.69   0.06      2      2      1   
Routing Failed to deliver
Routing Failed to deliver
Routing Failed to deliver
  0.03   0.81   0.86   0.89      9      9      1   
  0.92   0.83   0.77   0.45      4      4      1   
  0.51   0.23   0.64   0.87      7      7      1   
  0.54   0.01   0.03   0.02     16     10      1   
  0.14   0.86   0.37   0.83      3      3      1   
  0.84   0.53   0.71   0.91      4      4      1   
  0.60   0.03   0.91   0.74      8      8      1   
  0.77   0.34   0.90   0.63      3      3      1   
  0.88   0.85   0.05   0.29     18     12      1   
  0.41   0.35   0.77   0.45      4      4      1   
  0.54   0.01   0.57   0.76      8      8      1   
Routing Failed to deliver
