  0.40   0.21   0.88   0.99     11      9      1   
  0.15   0.94   0.90   0.89      8      8      1   
  0.31   0.43   0.72   0.40      4      4      1   
  0.99   0.01   0.03   0.01     10     10      1   
  0.46   0.25   0.42   0.22      1      1      1   
  0.51   0.77   0.83   0.47      5      5      1   
  0.40   0.34   0.28   0.03      4      4      1   
  0.44   0.02   0.58   0.23      3      3      1   
  0.97   0.99   0.63   0.64      6      6      1   
  0.22   0.98   0.71   0.22     11     10      1   
  0.59   0.67   0.93   0.26      6      6      1   
  0.96   0.08   0.58   0.23      4      4      1   
  0.43   0.76   0.55   0.23      6      6      1   
  0.97   0.45   0.61   0.24      5      5      1   
  0.86   0.38   0.43   0.66      6      6      1   
  0.28   0.95   0.55   0.76      3      3      1   
  0.87   0.38   0.99   0.01      4      4      1   
  0.62   0.95   0.43   0.66      4      4      1   
  0.92   0.86   0.58   0.26     10      8      1   
  0.55   0.04   0.80   0.13      3      3      1   
  0.76   0.05   0.72   0.40      4      4      1   
  0.17   0.24   0.73   0.32      6      6      1   
  0.70   0.99   0.40   0.34      7      7      1   
  0.92   0.15   0.67   0.25      3      3      1   
Routing Failed to deliver
  0.37   0.56   0.38   0.14      4      4      1   
  0.39   0.02   0.45   0.63      6      6      1   
  0.71   0.22   0.60   0.42      6      3      1   
  0.62   0.95   0.87   0.97      3      3      1   
  0.69   0.24   0.81   0.17      2      2      1   
Routing Failed to deliver
  0.94   0.10   0.83   0.47      4      4      1   
  0.43   0.78   0.01   0.20      8      8      1   
  0.47   0.06   0.64   0.92     10      9      1   
  0.27   0.28   0.87   0.97     12     11      1   
Routing Failed to deliver
  0.83   0.69   0.62   0.26      5      5      1   
  0.58   0.26   0.12   0.01      6      6      1   
  0.64   0.49   0.48   0.41      2      2      1   
  0.50   0.06   0.40   0.21      2      2      1   
  0.92   0.76   0.99   0.01      9      9      1   
  0.40   0.34   0.37   0.56      2      2      1   
  0.92   0.57   0.82   0.97      5      5      1   
  0.22   0.18   0.38   0.14      2      2      1   
  0.03   0.24   0.55   0.04      6      6      1   
  0.03   0.24   0.74   0.95     11     10      1   
  0.99   0.29   0.62   0.26      5      5      1   
  0.75   0.82   0.89   0.84      3      3      1   
  0.18   0.81   0.09   0.08     13     11      1   
  0.86   0.38   0.17   0.24      9      8      1   
  0.73   0.12   0.23   0.30      5      5      1   
  0.28   0.03   0.05   0.36      4      4      1   
  0.81   0.17   0.32   0.83      9      9      1   
  0.43   0.78   0.30   0.19      6      6      1   
  0.74   0.64   0.00   0.85     10     10      1   
Routing Failed to deliver
  0.50   0.27   0.58   0.23      1      1      1   
  0.45   0.63   0.89   0.84      6      6      1   
  0.74   0.64   0.74   0.52      1      1      1   
  0.05   0.36   0.01   0.20      2      2      1   
  0.63   0.65   0.40   0.23      6      5      1   
  0.37   0.56   0.75   0.08      7      6      1   
  0.72   0.40   0.65   0.44      1      1      1   
  0.57   0.81   0.86   0.38      6      6      1   
  0.96   0.08   0.32   0.05      7      7      1   
  0.59   0.67   0.83   0.61      3      3      1   
  0.64   0.49   0.61   0.24      3      3      1   
Routing Failed to deliver
  0.83   0.61   0.19   0.99      8      8      1   
  0.00   0.29   0.45   0.63      7      6      1   
  0.38   0.14   0.45   0.63      5      5      1   
  0.50   0.06   0.42   0.86      8      8      1   
  0.49   0.89   0.43   0.44      4      4      1   
  0.43   0.76   0.51   0.77      1      1      1   
  0.57   0.63   0.80   0.72      3      3      1   
  0.80   0.62   0.43   0.76      5      5      1   
  0.93   0.58   0.88   0.18      7      6      1   
  0.83   0.69   0.00   0.57     14     11      1   
  0.23   0.30   0.43   0.78      7      6      1   
  0.13   0.07   0.51   0.07      5      4      1   
  0.43   0.76   0.68   0.56      4      4      1   
  0.69   0.91   0.12   0.01     11     11      1   
  0.65   0.44   0.79   0.47      2      2      1   
  0.63   0.58   0.12   0.05      9      9      1   
  0.40   0.33   0.32   0.02      4      4      1   
  0.51   0.07   0.09   0.08      4      4      1   
  0.30   0.19   0.46   0.40      3      3      1   
  0.96   0.08   0.59   0.67      7      7      1   
  0.55   0.23   0.46   0.97      8      8      1   
  0.09   0.26   0.42   0.03      4      4      1   
  0.83   0.69   0.42   0.22      7      7      1   
  0.02   0.32   0.96   0.08     11      9      1   
  0.98   0.09   0.73   0.00      4      4      1   
  0.24   0.48   0.27   0.28      3      3      1   
  0.77   0.47   0.22   0.98      8      8      1   
  0.00   0.29   0.79   0.47     10      8      1   
  0.57   0.81   0.02   0.36      8      8      1   
  0.40   0.23   0.15   0.19      3      3      1   
  0.76   0.40   0.62   0.10      4      4      1   
  0.72   0.40   0.79   0.47      1      1      1   
  0.50   0.11   0.79   0.47      5      5      1   
  0.83   0.61   0.72   0.40      2      2      1   
  0.62   0.95   0.31   0.43      7      7      1   
Routing Failed to deliver
  0.03   0.08   0.28   0.03      3      3      1   
  0.97   0.99   0.88   0.18     10     10      1   
  0.42   0.22   0.73   0.12      3      3      1   
  0.03   0.24   0.74   0.64      9      9      1   
  0.55   0.76   0.76   0.05      7      7      1   
  0.67   0.25   0.69   0.24      1      1      1   
  0.43   0.76   0.75   0.30      7      6      1   
Routing Failed to deliver
  0.09   0.26   0.64   0.49      9      7      1   
  0.70   0.99   0.39   0.02     10     10      1   
  0.57   0.63   0.51   0.07      6      6      1   
  0.80   0.72   0.28   0.95      6      6      1   
  0.32   0.02   0.03   0.01      4      4      1   
  0.41   1.00   0.64   0.79      4      4      1   
  0.97   0.45   0.81   0.05      5      5      1   
  0.89   0.75   0.75   0.83      2      2      1   
  0.75   0.82   0.24   0.87      5      5      1   
  0.99   0.29   0.85   0.23      2      2      1   
  0.17   0.24   0.86   0.38      8      8      1   
  0.46   0.13   0.92   0.86      9      9      1   
  0.34   0.98   0.13   0.07     12     11      1   
  0.18   0.27   0.57   0.81      8      7      1   
  0.40   0.34   0.88   0.99      8      8      1   
  0.50   0.27   0.23   0.30      5      3      1   
  0.73   0.00   0.48   0.54      7      7      1   
  0.46   0.25   0.05   0.26      5      5      1   
  0.17   0.38   0.83   0.61      8      7      1   
  0.43   0.44   0.87   0.97      7      7      1   
  0.55   0.23   0.98   0.09      6      4      1   
  0.00   0.57   0.41   1.00     12     11      1   
  0.97   0.99   0.63   0.64      6      6      1   
  0.63   0.65   0.74   0.64      1      1      1   
  0.48   0.15   0.46   0.40      3      3      1   
  0.97   0.99   0.18   0.27     14     12      1   
  0.55   0.76   0.63   0.65      2      2      1   
  0.18   0.27   0.13   0.07      2      2      1   
  0.22   0.98   0.75   0.08     11     11      1   
  0.87   0.97   0.73   0.32      7      7      1   
  0.09   0.26   0.93   0.59     16     10      1   
  0.06   0.52   0.71   0.22      8      8      1   
  0.01   0.20   0.48   0.11      5      5      1   
  0.70   0.45   0.50   0.27      4      4      1   
  0.77   0.47   0.69   0.17      3      3      1   
  0.05   0.16   0.09   0.08      1      1      1   
  0.39   0.02   0.55   0.04      2      2      1   
  0.69   0.38   0.41   1.00      7      7      1   
  0.18   0.09   0.42   0.22      3      3      1   
  0.87   0.38   0.05   0.36      8      8      1   
  0.78   0.23   0.32   0.05      5      5      1   
  0.70   0.99   0.90   0.89      2      2      1   
  0.61   0.24   0.57   0.81      7      7      1   
  0.73   0.00   0.71   0.14      2      2      1   
  0.50   0.27   0.51   0.77      5      5      1   
  0.06   0.52   0.48   0.11      6      6      1   
  0.65   0.44   0.46   0.97      6      6      1   
  0.55   0.04   0.40   0.34      3      3      1   
  0.05   0.36   0.09   0.26      1      1      1   
  0.24   0.87   0.80   0.72      6      6      1   
  0.14   0.06   0.76   0.05      7      7      1   
  0.32   0.02   0.73   0.12      4      4      1   
  0.92   0.15   0.93   0.58      8      6      1   
  0.69   0.38   1.00   0.13      4      4      1   
  0.11   0.02   0.86   0.38      9      9      1   
  0.55   0.15   0.74   0.52      4      4      1   
  0.98   0.29   0.22   0.98     12     12      1   
  0.63   0.65   0.64   0.49      2      2      1   
  0.51   0.07   0.64   0.49      5      5      1   
  0.67   0.25   0.01   0.20      6      6      1   
  0.71   0.22   0.09   0.08      7      7      1   
  0.62   0.10   0.50   0.27      2      2      1   
  0.83   0.69   0.19   0.20      9      9      1   
Routing Failed to deliver
  0.48   0.15   0.43   0.78      6      6      1   
  0.75   0.08   0.57   0.72      8      7      1   
  0.74   0.95   0.64   0.79      2      2      1   
  0.57   0.72   0.50   0.11      7      7      1   
  0.24   0.46   0.69   0.17      5      5      1   
Routing Failed to deliver
  0.18   0.81   0.42   0.22      8      8      1   
  0.48   0.54   0.37   0.56      1      1      1   
  0.77   0.47   0.81   0.17      4      4      1   
  0.02   0.32   0.64   0.79      9      9      1   
  0.14   0.06   0.81   0.05      7      7      1   
  0.17   0.38   0.69   0.24      6      6      1   
  0.22   0.18   0.13   0.03      2      2      1   
  0.01   0.81   0.55   0.23     12     12      1   
  0.53   0.64   0.02   0.36      7      7      1   
  0.59   0.67   0.00   0.29      8      8      1   
  0.93   0.58   0.44   0.35      6      6      1   
  0.69   0.91   0.23   0.30      8      8      1   
Routing Failed to deliver
  0.64   0.49   0.13   0.07      7      7      1   
  0.40   0.33   0.83   0.96      7      7      1   
  1.00   0.13   0.33   0.04      7      7      1   
  0.98   0.29   0.38   0.14      7      7      1   
  0.03   0.24   0.27   0.28      3      3      1   
  0.33   0.04   0.63   0.65      7      7      1   
  0.17   0.38   0.43   0.76      6      5      1   
  0.65   0.44   0.60   0.42      1      1      1   
  0.18   0.09   0.42   0.22      3      3      1   
  0.09   0.26   0.05   0.36      1      1      1   
  0.42   0.22   0.48   0.41      2      2      1   
  0.01   0.81   0.64   0.49     11     10      1   
  0.00   0.29   1.00   0.05     11     10      1   
  0.20   0.17   0.23   0.30      2      2      1   
  0.70   0.45   0.31   0.43      4      4      1   
  0.00   0.29   0.74   0.87     10     10      1   
  0.73   0.00   0.78   0.24      3      3      1   
  0.43   0.78   0.44   0.53      2      2      1   
  0.53   0.64   0.98   0.09      7      7      1   
  0.54   0.17   0.31   0.85      8      8      1   
  0.51   0.65   0.50   0.87      2      2      1   
  0.53   0.64   0.44   0.35      3      3      1   
  0.94   0.10   0.33   0.04      7      7      1   
  0.48   0.15   0.79   0.44      5      4      1   
  0.22   0.18   0.88   0.18      6      6      1   
  0.27   0.28   0.03   0.24      3      3      1   
  0.50   0.11   0.93   0.59     12      7      1   
  0.81   0.05   0.40   0.23      5      5      1   
  0.73   0.12   0.74   0.38      3      3      1   
  0.78   0.24   0.99   0.29      3      3      1   
  0.19   0.99   0.50   0.87      4      4      1   
  0.48   0.54   0.73   0.12      6      6      1   
  0.93   0.26   0.63   0.58      5      5      1   
  0.50   0.27   0.74   0.38      3      3      1   
  0.50   0.27   0.51   0.65      4      4      1   
  0.01   0.81   0.89   0.84     12     11      1   
  0.80   0.62   0.97   0.99      5      5      1   
  0.06   0.98   0.75   0.08     12     12      1   
  0.00   0.85   0.36   0.43     10      9      1   
  0.98   0.29   0.92   0.86      9      8      1   
  0.40   0.23   0.33   0.04      2      2      1   
  0.43   0.44   0.40   0.34      1      1      1   
  0.50   0.27   0.88   0.17      4      4      1   
  0.69   0.24   0.06   0.98     15     11      1   
  0.58   0.26   0.43   0.44      3      3      1   
Routing Failed to deliver
  0.94   0.10   0.69   0.91      9      9      1   
  0.64   0.92   0.13   0.03     11     11      1   
  0.92   0.57   0.64   0.49      3      3      1   
  0.03   0.01   0.32   0.02      4      4      1   
  0.76   0.05   0.24   0.48      6      6      1   
  0.48   0.54   0.87   0.38      6      6      1   
  0.55   0.04   0.15   0.94     14     10      1   
  0.24   0.87   0.88   0.99      7      7      1   
  0.32   0.05   0.18   0.27      4      4      1   
  0.97   0.45   0.05   0.36      9      9      1   
  0.06   0.52   0.75   0.83     10     10      1   
  0.03   0.26   0.42   0.03      6      5      1   
  0.50   0.11   0.39   0.02      2      2      1   
  0.40   0.21   0.74   0.38      4      4      1   
  0.74   0.52   0.43   0.44      4      4      1   
  0.13   0.07   0.78   0.24      6      6      1   
  0.60   0.42   0.49   0.89      5      5      1   
  0.50   0.06   0.49   0.89      9      8      1   
  0.92   0.86   0.28   0.03     12     11      1   
  0.55   0.04   0.40   0.34      3      3      1   
  0.80   0.62   0.48   0.15      7      6      1   
  0.33   0.04   0.48   0.15      2      2      1   
  0.36   0.85   0.96   0.26      9      9      1   
  0.74   0.87   0.64   0.79      1      1      1   
  0.94   0.10   0.02   0.32      9      9      1   
  0.97   0.45   0.48   0.53      7      6      1   
  0.73   0.32   0.63   0.64      4      4      1   
  0.22   0.40   0.48   0.15      4      4      1   
  0.63   0.60   0.98   0.09      6      6      1   
  0.60   0.42   0.76   0.40      2      2      1   
  0.48   0.53   0.06   0.52      9      6      1   
  0.75   0.30   0.18   0.81      9      9      1   
  0.47   0.06   0.51   0.07      1      1      1   
  0.83   0.61   0.69   0.38      3      3      1   
  0.05   0.36   0.48   0.54      5      5      1   
  0.98   0.09   0.75   0.82      8      8      1   
  0.64   0.49   0.09   0.08      8      8      1   
  0.75   0.08   0.65   0.44      5      4      1   
  0.32   0.83   0.00   0.85      5      5      1   
Routing Failed to deliver
  0.63   0.64   0.42   0.86      3      3      1   
  0.26   0.25   0.55   0.23      3      3      1   
  0.99   0.29   0.28   0.95     11     11      1   
  0.05   0.41   0.27   0.28      3      3      1   
  0.88   0.17   0.23   0.30      6      6      1   
  0.40   0.23   0.15   0.19      3      3      1   
  0.06   0.98   0.78   0.24     12     11      1   
  0.83   0.47   0.36   0.43      5      5      1   
  0.82   0.97   0.27   0.99      8      7      1   
Routing Failed to deliver
  0.76   0.40   0.40   0.34      4      4      1   
  0.77   0.47   0.57   0.81      4      4      1   
Routing Failed to deliver
  0.82   0.97   0.38   0.14      9      9      1   
  0.80   0.13   0.01   0.20      8      8      1   
  0.03   0.08   0.18   0.09      2      2      1   
  0.86   0.38   0.83   0.47      1      1      1   
  0.77   0.47   0.73   0.12      4      4      1   
  0.43   0.01   0.40   0.34      3      3      1   
Routing Failed to deliver
  0.58   0.26   0.75   0.30      2      2      1   
Routing Failed to deliver
Routing Failed to deliver
  0.83   0.69   0.79   0.44      3      3      1   
  1.00   0.05   0.78   0.04      4      3      1   
  0.98   0.29   0.92   0.57      7      6      1   
  0.03   0.08   0.74   0.87     12     11      1   
  0.53   0.64   0.22   0.18      6      6      1   
  0.85   0.23   0.24   0.46      6      6      1   
  0.73   0.32   0.83   0.61      3      3      1   
  0.81   0.05   0.78   0.24      2      2      1   
  0.48   0.41   0.67   0.25      3      3      1   
  0.63   0.58   0.24   0.87      5      5      1   
  0.74   0.52   0.46   0.97      6      6      1   
  0.37   0.49   0.80   0.72      5      5      1   
  0.79   0.44   0.85   0.23      3      3      1   
  0.96   0.26   0.81   0.17      2      2      1   
  0.03   0.26   0.32   0.05      5      5      1   
  0.92   0.76   0.50   0.87      5      5      1   
  0.49   0.89   0.76   0.40      6      6      1   
  0.44   0.35   0.83   0.69      6      6      1   
  0.98   0.29   0.80   0.13      3      3      1   
  0.24   0.48   0.06   0.52      4      3      1   
  0.83   0.47   0.48   0.41      4      4      1   
  0.73   0.12   0.93   0.26      3      3      1   
  0.81   0.17   0.51   0.77      7      7      1   
  0.14   0.06   0.18   0.27      2      2      1   
  0.50   0.11   0.99   0.01      9      6      1   
  0.48   0.11   0.92   0.86      9      9      1   
  0.92   0.57   0.30   0.19      8      8      1   
  0.06   0.52   0.22   0.18      4      4      1   
Routing Failed to deliver
  0.76   0.05   0.10   1.00     12     12      1   
  0.67   0.25   0.46   0.97      7      7      1   
  0.94   0.10   0.86   0.38      3      3      1   
  0.60   0.42   0.73   0.00      5      5      1   
  0.12   0.01   0.36   0.80     11     10      1   
  0.53   0.64   0.05   0.26      7      7      1   
  0.70   0.99   0.89   0.75      4      4      1   
  0.75   0.08   0.17   0.24      6      6      1   
Routing Failed to deliver
  0.27   0.99   0.99   0.01     14     13      1   
  0.92   0.86   0.23   0.30     11     10      1   
  0.62   0.26   0.86   0.38      3      3      1   
  0.58   0.23   0.74   0.95      8      8      1   
  0.12   0.01   0.68   0.56     11      9      1   
  0.09   0.26   0.18   0.27      1      1      1   
  0.43   0.44   0.02   0.32      5      5      1   
  0.15   0.19   0.14   0.06      2      2      1   
  0.85   0.23   0.14   0.06      7      7      1   
  0.18   0.81   0.32   0.02     11     11      1   
  0.44   0.35   0.69   0.17      3      3      1   
  0.09   0.26   0.60   0.42      9      6      1   
  0.43   0.01   0.09   0.26      5      5      1   
Routing Failed to deliver
  0.74   0.38   0.71   0.22      2      2      1   
  0.31   0.43   0.40   0.34      1      1      1   
  0.45   0.63   0.12   0.01      8      8      1   
  0.43   0.44   0.89   0.84      7      7      1   
  0.17   0.38   0.49   0.89      8      7      1   
  0.36   0.85   0.64   0.49      6      5      1   
  0.61   0.24   0.26   0.25      4      4      1   
  0.99   0.01   0.48   0.53      9      8      1   
  0.50   0.06   0.53   0.64      6      6      1   
  0.50   0.06   0.76   0.05      3      3      1   
  0.72   0.40   0.44   0.53      4      4      1   
  0.85   0.23   0.18   0.09      7      7      1   
  0.78   0.23   0.17   0.38      6      6      1   
  0.34   0.98   0.31   0.43      7      7      1   
  0.50   0.06   0.70   0.45      5      5      1   
  0.50   0.06   0.83   0.69      7      7      1   
  0.40   0.34   0.71   0.22      3      3      1   
  0.48   0.54   0.05   0.41      5      5      1   
  0.03   0.08   0.97   0.45     10     10      1   
  0.67   0.25   0.20   0.17      4      4      1   
  0.50   0.87   0.31   0.85      2      2      1   
  0.88   0.17   0.00   0.29      8      8      1   
  0.48   0.41   0.12   0.05      6      6      1   
  0.27   0.99   0.41   1.00      2      2      1   
  0.63   0.64   0.87   0.38      4      4      1   
  0.57   0.72   0.03   0.24      8      8      1   
  0.98   0.09   0.69   0.38      4      4      1   
  0.87   0.38   0.43   0.78      7      7      1   
  0.57   0.81   0.93   0.58      5      5      1   
  0.19   0.99   0.40   0.23      8      8      1   
  0.48   0.15   0.24   0.46      4      4      1   
  0.40   0.34   0.83   0.96      7      7      1   
  0.78   0.24   0.64   0.92      8      8      1   
Routing Failed to deliver
  0.28   0.95   0.20   0.17      9      9      1   
  0.75   0.83   0.43   0.44      5      5      1   
  0.12   0.05   0.05   0.41      4      4      1   
  0.81   0.17   0.03   0.01      9      8      1   
  0.78   0.04   0.00   0.29      9      8      1   
  0.48   0.53   0.51   0.77      2      2      1   
  0.63   0.64   0.45   0.80      3      3      1   
  0.48   0.53   0.67   0.25      4      4      1   
  0.80   0.74   0.78   0.23      5      5      1   
  0.28   0.95   0.18   0.09     10     10      1   
  0.64   0.92   0.18   0.09     10     10      1   
  0.58   0.26   0.68   0.56      5      4      1   
  0.37   0.56   0.64   0.92      4      4      1   
  0.12   0.05   0.77   0.47     10      8      1   
  0.03   0.26   0.74   0.95     11     10      1   
  0.47   0.06   0.75   0.83      8      8      1   
  0.57   0.81   0.92   0.76      4      4      1   
  0.31   0.85   0.61   0.24      8      8      1   
  0.57   0.72   0.02   0.32      8      8      1   
  0.03   0.08   0.74   0.87     12     11      1   
  0.64   0.49   0.96   0.26      4      4      1   
  0.75   0.08   0.80   0.72      7      7      1   
  0.12   0.01   0.36   0.80     11     10      1   
  0.48   0.54   0.48   0.15      4      4      1   
  0.74   0.52   0.83   0.69      2      2      1   
  0.13   0.07   0.74   0.38      7      7      1   
  0.70   0.45   0.83   0.47      2      2      1   
  0.92   0.15   0.81   0.17      1      1      1   
  0.24   0.87   1.00   0.05     12     11      1   
  0.83   0.96   0.28   0.03     11     11      1   
  0.36   0.80   0.46   0.25      6      6      1   
  0.44   0.02   0.51   0.07      1      1      1   
  0.83   0.61   0.63   0.64      2      2      1   
  0.48   0.11   0.77   0.47      5      5      1   
  0.46   0.40   0.51   0.77      3      3      1   
  0.79   0.44   0.62   0.95      6      6      1   
Routing Failed to deliver
  0.64   0.49   0.80   0.74      3      3      1   
  0.70   0.99   0.62   0.95      1      1      1   
  0.13   0.03   0.96   0.08     12      9      1   
  0.80   0.74   0.51   0.65      3      3      1   
  0.81   0.05   0.99   0.01      6      4      1   
  0.89   0.84   0.83   0.47      5      5      1   
  0.74   0.64   0.32   0.02      9      8      1   
  0.69   0.24   0.79   0.47      3      3      1   
  0.74   0.64   0.78   0.04      6      6      1   
  0.78   0.04   0.78   0.23      2      2      1   
  0.48   0.41   0.02   0.36      5      5      1   
  0.75   0.08   0.19   0.20      6      5      1   
  0.00   0.29   0.42   0.86      9      8      1   
  0.89   0.75   0.74   0.87      3      3      1   
  0.50   0.27   0.87   0.97     10      9      1   
  0.48   0.54   0.24   0.87      4      4      1   
  0.74   0.52   0.93   0.58      2      2      1   
  0.44   0.35   0.50   0.11      3      3      1   
  0.69   0.24   0.05   0.36      7      7      1   
  0.62   0.10   0.40   0.23      3      3      1   
Routing Failed to deliver
  0.40   0.23   0.17   0.38      3      3      1   
  0.18   0.27   0.63   0.58      8      7      1   
  0.49   0.89   0.03   0.08     11     10      1   
  0.11   0.02   0.55   0.23      5      5      1   
  0.05   0.36   0.72   0.40      6      6      1   
  0.74   0.38   0.64   0.49      2      2      1   
  0.12   0.05   0.22   0.18      2      2      1   
  0.62   0.10   0.50   0.74      7      7      1   
  0.47   0.06   0.74   0.64      6      6      1   
  0.71   0.22   0.58   0.26      2      2      1   
  0.18   0.09   0.88   0.99     13     12      1   
  0.75   0.82   0.83   0.69      2      2      1   
  0.50   0.11   0.83   0.69      7      7      1   
  0.45   0.80   0.92   0.76      5      5      1   
  0.32   0.02   0.19   0.20      3      3      1   
  0.50   0.74   0.48   0.53      2      2      1   
  0.80   0.74   0.92   0.86      2      2      1   
  0.38   0.14   0.01   0.20      4      4      1   
  0.22   0.98   0.03   0.86      3      3      1   
  0.17   0.24   0.92   0.86     12     11      1   
  0.97   0.99   0.37   0.56      9      8      1   
  0.02   0.36   0.83   0.47     10      9      1   
  0.42   0.22   0.39   0.02      2      2      1   
  0.64   0.49   0.03   0.86      9      9      1   
  0.74   0.38   0.88   0.18      3      3      1   
  0.98   0.29   0.50   0.27      6      6      1   
  0.55   0.23   0.11   0.02      5      5      1   
  0.42   0.03   0.03   0.08      5      5      1   
  0.40   0.33   0.61   0.24      2      2      1   
  0.54   0.17   0.15   0.19      5      5      1   
  0.92   0.86   0.40   0.21      9      9      1   
  0.69   0.17   0.83   0.61      5      5      1   
  0.30   0.19   0.76   0.05      5      5      1   
  0.69   0.38   0.59   0.67      3      3      1   
  0.43   0.78   0.09   0.26      7      7      1   
  0.93   0.26   0.58   0.23      4      4      1   
  0.36   0.85   0.46   0.97      2      2      1   
Routing Failed to deliver
  0.93   0.26   0.41   1.00     10     10      1   
  0.83   0.96   0.34   0.98      7      6      1   
  0.39   0.02   0.10   1.00     15     11      1   
  0.50   0.11   0.46   0.25      2      2      1   
  0.80   0.74   0.03   0.86      9      9      1   
  0.67   0.25   0.32   0.02      4      4      1   
  0.46   0.13   0.31   0.85      8      8      1   
  0.48   0.54   0.50   0.87      3      3      1   
  0.48   0.11   0.90   0.89     10     10      1   
  0.34   0.98   0.48   0.54      5      5      1   
  0.40   0.34   0.89   0.75      7      7      1   
  0.69   0.24   0.27   0.99     10     10      1   
  0.48   0.15   0.88   0.18      4      4      1   
  0.75   0.83   0.28   0.03     10     10      1   
  0.74   0.87   0.46   0.97      8      4      1   
  0.64   0.49   0.17   0.24      7      7      1   
  0.64   0.92   0.93   0.26      8      8      1   
  0.37   0.49   0.00   0.85      9      9      1   
  0.63   0.58   0.75   0.82      3      3      1   
  0.89   0.75   0.92   0.15      7      7      1   
  0.22   0.40   0.32   0.83      7      6      1   
  0.79   0.44   1.00   0.13      4      4      1   
  0.86   0.38   0.01   0.20     10      9      1   
  0.65   0.16   0.99   0.01      6      5      1   
  0.46   0.40   0.42   0.03      4      4      1   
  0.46   0.25   0.72   0.40      4      4      1   
  0.50   0.87   0.03   0.24      8      8      1   
  0.58   0.23   0.74   0.38      3      3      1   
  0.41   1.00   0.89   0.75      7      7      1   
  0.93   0.58   0.00   0.57     15     11      1   
  0.86   0.38   0.57   0.81      6      6      1   
  0.78   0.23   0.18   0.27      6      6      1   
  0.39   0.02   0.17   0.38      4      4      1   
  0.32   0.83   0.45   0.80      2      2      1   
  0.55   0.04   0.74   0.64      6      6      1   
  0.75   0.30   0.72   0.40      1      1      1   
  0.13   0.03   0.89   0.75     13     12      1   
  0.00   0.29   0.88   0.17      9      8      1   
  0.75   0.82   0.80   0.74      1      1      1   
  0.32   0.83   0.13   0.07     10      9      1   
  0.70   0.99   0.69   0.38      7      7      1   
  0.13   0.07   0.27   0.99     12     11      1   
  0.89   0.84   0.64   0.49      5      5      1   
  0.22   0.40   0.48   0.54      3      3      1   
  0.36   0.80   0.48   0.54      3      3      1   
  0.74   0.64   0.50   0.27      6      5      1   
  0.71   0.22   0.30   0.19      4      4      1   
  0.48   0.41   0.64   0.92      5      5      1   
  0.03   0.26   0.03   0.24      1      1      1   
  0.87   0.38   0.43   0.44      5      5      1   
  0.51   0.65   0.81   0.05      7      7      1   
  0.09   0.08   0.46   0.40      8      6      1   
  0.82   0.97   0.51   0.07     10     10      1   
  0.50   0.87   0.98   0.09      9      9      1   
  0.02   0.32   0.97   0.99     14     13      1   
  0.73   0.12   0.48   0.41      5      5      1   
  0.37   0.56   0.48   0.15      4      4      1   
  0.32   0.05   0.10   1.00     15     11      1   
  0.53   0.64   0.36   0.43      3      3      1   
  0.15   0.19   0.90   0.89     14     12      1   
  0.44   0.02   0.65   0.44      6      5      1   
  0.41   1.00   0.80   0.62      7      7      1   
  1.00   0.05   0.22   0.98     12     12      1   
  0.88   0.18   0.94   0.10      1      1      1   
  0.27   0.99   0.64   0.49      8      7      1   
  0.81   0.17   0.31   0.43      5      5      1   
  0.77   0.47   0.28   0.95      7      7      1   
  0.43   0.76   0.82   0.97      4      4      1   
  0.76   0.05   0.32   0.83      9      9      1   
  0.45   0.80   0.92   0.86      5      5      1   
  0.47   0.06   0.61   0.24      2      2      1   
  0.30   0.19   0.00   0.57      5      5      1   
  0.03   0.08   0.92   0.76     13     12      1   
  0.76   0.05   0.88   0.17      2      2      1   
  0.99   0.29   0.65   0.16      5      5      1   
  0.65   0.44   0.43   0.78      5      5      1   
  0.78   0.24   0.48   0.54      6      6      1   
  0.12   0.05   0.69   0.24      7      7      1   
  0.00   0.57   0.85   0.23     10     10      1   
  0.05   0.41   0.68   0.56      8      7      1   
  0.78   0.23   0.20   0.17      5      5      1   
Routing Failed to deliver
  0.17   0.24   0.93   0.59     15     10      1   
  1.00   0.13   0.61   0.21      4      4      1   
  0.47   0.06   0.80   0.62      6      6      1   
  0.23   0.30   0.82   0.97      9      9      1   
  0.64   0.92   0.78   0.23      8      8      1   
  0.49   0.89   0.80   0.72      4      4      1   
  0.14   0.06   0.78   0.24      6      6      1   
  0.37   0.49   0.48   0.15      4      4      1   
  0.17   0.38   0.40   0.33      5      3      1   
  0.41   1.00   0.50   0.87      2      2      1   
  0.44   0.53   0.63   0.60      3      3      1   
  0.01   0.20   0.00   0.29      1      1      1   
  0.12   0.01   0.33   0.04      3      3      1   
Routing Failed to deliver
  0.22   0.40   0.89   0.75      8      8      1   
  0.05   0.36   0.40   0.21      4      4      1   
  0.32   0.83   0.76   0.05      9      9      1   
  0.76   0.05   0.86   0.38      4      4      1   
  0.03   0.24   0.74   0.95     11     10      1   
  0.55   0.15   0.71   0.22      2      2      1   
  0.73   0.00   0.69   0.38      4      4      1   
  0.61   0.24   0.17   0.38      5      5      1   
  0.26   0.25   0.11   0.02      3      3      1   
  0.54   0.17   0.94   0.10      6      5      1   
  0.30   0.19   0.90   0.89     11     10      1   
  0.43   0.76   0.36   0.80      1      1      1   
  0.03   0.26   0.94   0.10     11      9      1   
  0.39   0.02   0.88   0.18      5      5      1   
  0.03   0.01   0.44   0.02      5      5      1   
  0.31   0.43   0.76   0.40      5      5      1   
  0.43   0.01   0.42   0.03      1      1      1   
  0.63   0.60   0.48   0.11      6      6      1   
  0.48   0.54   0.61   0.21      4      4      1   
  0.88   0.17   0.13   0.07      7      7      1   
  0.75   0.83   0.51   0.77      2      2      1   
  0.80   0.13   0.83   0.47      4      4      1   
  0.68   0.56   0.75   0.08      6      5      1   
  0.54   0.17   0.37   0.56      4      4      1   
  0.69   0.91   0.47   0.06      9      9      1   
  0.01   0.81   0.50   0.27     11     11      1   
  0.40   0.21   0.03   0.01      4      4      1   
  0.94   0.10   0.68   0.56      6      6      1   
  0.05   0.26   0.05   0.16      1      1      1   
  0.67   0.25   0.77   0.47      2      2      1   
  0.43   0.76   0.03   0.08      9      9      1   
  0.77   0.47   0.68   0.56      1      1      1   
  0.74   0.95   0.89   0.84      2      2      1   
  0.98   0.29   0.34   0.98     11     11      1   
  0.62   0.95   0.63   0.64      4      4      1   
  0.24   0.48   0.15   0.19      3      3      1   
  0.64   0.92   0.69   0.91      1      1      1   
  0.03   0.26   0.59   0.67      8      8      1   
  0.69   0.24   0.64   0.79      7      7      1   
  0.99   0.29   0.90   0.89     11      9      1   
  0.74   0.95   0.36   0.43      7      6      1   
  0.38   0.14   0.76   0.05      4      4      1   
  0.40   0.23   0.63   0.65      5      5      1   
  0.43   0.44   0.10   1.00      7      7      1   
  0.68   0.56   0.09   0.08      9      9      1   
  0.82   0.97   0.20   0.17     10     10      1   
  0.43   0.44   0.55   0.15      3      3      1   
  0.75   0.30   0.64   0.92      7      7      1   
  0.61   0.24   0.99   0.29      5      5      1   
  0.88   0.99   0.01   0.20     13     13      1   
  0.65   0.16   0.48   0.53      5      5      1   
  0.69   0.24   0.11   0.02      7      7      1   
  0.12   0.05   0.00   0.57      6      6      1   
  0.88   0.99   0.80   0.72      4      4      1   
  0.88   0.17   0.88   0.99     10     10      1   
  0.48   0.11   0.81   0.05      4      4      1   
  0.42   0.86   0.57   0.81      2      2      1   
  0.12   0.05   0.90   0.89     15     13      1   
  0.75   0.83   0.62   0.26      6      6      1   
  0.43   0.78   0.03   0.01      9      9      1   
  0.92   0.86   0.78   0.24      7      7      1   
  1.00   0.05   0.32   0.83     10     10      1   
  0.01   0.81   1.00   0.05     16     15      1   
  0.55   0.04   0.83   0.96     10     10      1   
  0.48   0.41   0.89   0.75      6      6      1   
  0.13   0.03   0.43   0.66      8      8      1   
Routing Failed to deliver
  0.06   0.98   0.65   0.44     10      9      1   
  0.32   0.02   0.32   0.83     10      9      1   
  0.57   0.63   0.48   0.15      5      5      1   
  0.00   0.29   0.73   0.32      7      7      1   
  0.05   0.41   0.05   0.16      3      3      1   
  0.03   0.86   0.89   0.75     10     10      1   
  0.98   0.29   0.75   0.82      8      7      1   
  0.10   1.00   0.93   0.58     10     10      1   
  0.83   0.47   0.10   1.00     10     10      1   
  0.13   0.03   0.48   0.53      8      7      1   
  0.42   0.86   0.97   0.99      7      6      1   
  0.48   0.15   0.97   0.45      6      6      1   
  0.98   0.29   0.22   0.40      9      9      1   
  0.79   0.44   0.55   0.23      3      3      1   
  0.44   0.02   0.46   0.13      1      1      1   
  0.93   0.59   0.93   0.95      5      5      1   
  0.58   0.23   0.87   0.97     10      9      1   
  0.64   0.92   0.03   0.01     11     11      1   
  0.67   0.25   0.42   0.86      6      6      1   
  0.78   0.04   0.78   0.24      2      2      1   
  0.97   0.45   0.50   0.06      7      6      1   
  0.96   0.08   0.70   0.45      5      5      1   
  0.74   0.64   1.00   0.05      6      6      1   
Routing Failed to deliver
  0.97   0.99   0.00   0.85     13     12      1   
  0.42   0.22   0.50   0.06      2      2      1   
  0.44   0.35   0.18   0.81      7      7      1   
  0.33   0.04   0.69   0.38      5      5      1   
  0.48   0.11   0.88   0.99     11     10      1   
  0.78   0.24   0.65   0.44      3      3      1   
  0.44   0.02   0.43   0.44      4      4      1   
  0.78   0.24   0.57   0.63      5      5      1   
  0.62   0.10   0.94   0.10      7      4      1   
  0.48   0.11   0.11   0.02      5      5      1   
  0.99   0.29   0.32   0.05      8      8      1   
  0.73   0.32   0.28   0.95      8      8      1   
  0.99   0.01   0.77   0.47      6      6      1   
  0.18   0.09   0.88   0.99     13     12      1   
  0.64   0.49   0.05   0.16      8      8      1   
  0.51   0.65   0.57   0.72      1      1      1   
  0.72   0.40   0.36   0.43      3      3      1   
  0.36   0.43   0.78   0.04      5      5      1   
  0.03   0.24   0.05   0.36      1      1      1   
  0.05   0.41   0.17   0.24      3      3      1   
  0.19   0.99   0.76   0.40      9      9      1   
Routing Failed to deliver
  0.79   0.44   0.26   0.25      7      6      1   
  0.45   0.80   0.69   0.17      7      7      1   
  0.24   0.48   0.69   0.91      7      7      1   
  0.53   0.64   0.28   0.95      4      4      1   
  0.43   0.78   0.64   0.92      3      3      1   
  0.62   0.26   0.59   0.67      5      5      1   
  0.36   0.43   0.62   0.95      6      6      1   
  0.68   0.56   0.99   0.01      7      7      1   
  0.42   0.86   0.48   0.54      3      3      1   
  0.13   0.07   0.83   0.61     11      9      1   
  0.92   0.57   0.90   0.89      5      5      1   
  0.31   0.43   0.41   1.00      7      7      1   
  0.73   0.00   0.12   0.01      8      7      1   
  0.97   0.45   0.12   0.01     10     10      1   
  0.36   0.43   0.44   0.53      1      1      1   
  0.05   0.26   0.92   0.57     16     10      1   
  0.74   0.52   0.36   0.43      4      4      1   
  0.86   0.38   0.88   0.17      2      2      1   
  0.92   0.86   0.78   0.24      7      7      1   
  0.86   0.38   0.14   0.06      9      8      1   
  0.64   0.92   0.20   0.17      9      9      1   
  0.89   0.75   0.36   0.43      7      7      1   
  0.34   0.98   0.64   0.49      6      6      1   
  0.00   0.85   0.93   0.95     11     11      1   
  0.33   0.04   0.80   0.13      5      5      1   
  0.98   0.09   0.18   0.81     12     12      1   
  0.03   0.08   0.05   0.41      3      3      1   
  0.60   0.42   0.48   0.41      1      1      1   
  0.27   0.28   0.24   0.46      3      3      1   
  0.74   0.87   0.53   0.64      3      3      1   
  0.68   0.56   0.12   0.01      9      9      1   
  0.69   0.24   0.42   0.22      3      3      1   
  0.77   0.47   0.03   0.26      8      8      1   
  0.80   0.72   0.46   0.97      8      5      1   
  0.70   0.99   0.05   0.41      9      9      1   
  0.80   0.62   0.85   0.23      4      4      1   
  0.40   0.23   0.81   0.05      5      5      1   
  0.34   0.98   0.13   0.07     12     11      1   
  0.32   0.02   0.28   0.95     11     10      1   
  0.50   0.27   0.41   1.00      8      8      1   
  0.45   0.80   0.10   1.00      4      4      1   
  0.31   0.43   0.78   0.23      5      5      1   
  0.40   0.21   0.03   0.08      4      4      1   
  0.50   0.87   0.99   0.29      9      9      1   
  0.93   0.26   0.23   0.30      7      7      1   
  0.44   0.02   0.50   0.74      7      7      1   
  0.69   0.91   0.46   0.40      5      5      1   
  0.13   0.03   0.54   0.17      5      5      1   
  0.98   0.29   0.46   0.13      7      6      1   
  0.69   0.17   0.23   0.30      7      5      1   
  0.50   0.87   0.40   0.34      5      5      1   
  0.32   0.02   0.22   0.98     15     11      1   
  0.57   0.81   0.48   0.11      7      7      1   
  0.31   0.85   0.01   0.20     10     10      1   
  0.38   0.14   0.88   0.17      5      5      1   
  0.64   0.49   0.86   0.38      3      3      1   
  0.76   0.40   0.75   0.82      4      4      1   
  0.18   0.81   0.48   0.53      6      6      1   
  0.42   0.86   0.24   0.87      2      2      1   
  0.77   0.47   0.22   0.98      8      8      1   
  0.02   0.36   0.75   0.83     10     10      1   
  0.33   0.04   0.32   0.83      9      8      1   
  0.45   0.80   1.00   0.05      9      9      1   
  0.73   0.12   0.34   0.98     10     10      1   
  0.01   0.20   0.48   0.41      7      6      1   
  0.93   0.26   0.64   0.79      7      7      1   
  0.34   0.98   0.45   0.80      3      3      1   
  0.72   0.40   0.75   0.82      4      4      1   
  0.12   0.01   0.43   0.78     10      9      1   
  0.63   0.65   0.31   0.43      4      4      1   
  0.30   0.19   0.36   0.80      9      7      1   
  0.49   0.89   0.79   0.47      6      6      1   
  0.42   0.86   0.40   0.33      5      5      1   
  0.15   0.19   0.24   0.87     10      9      1   
  0.05   0.26   0.70   0.99     11     10      1   
  0.44   0.35   0.46   0.13      2      2      1   
  0.12   0.05   0.09   0.08      1      1      1   
  0.75   0.08   0.40   0.34      4      4      1   
  0.63   0.65   0.64   0.49      2      2      1   
  0.81   0.05   0.70   0.45      5      5      1   
  0.63   0.65   0.87   0.97      6      5      1   
  0.05   0.26   0.46   0.25      5      5      1   
  0.55   0.04   0.09   0.08      5      5      1   
  0.62   0.10   0.09   0.08      5      5      1   
  0.43   0.01   0.43   0.78      7      7      1   
  0.77   0.47   0.55   0.15      4      4      1   
  0.39   0.02   0.28   0.95     10      9      1   
  0.98   0.09   0.51   0.77      8      8      1   
  0.74   0.87   0.63   0.60      4      4      1   
  0.48   0.15   0.68   0.56      6      5      1   
  0.72   0.40   0.42   0.03      5      5      1   
  0.76   0.40   0.94   0.10      4      4      1   
  0.48   0.54   0.63   0.58      2      2      1   
  0.51   0.77   0.93   0.95      4      4      1   
  0.55   0.15   0.42   0.03      2      2      1   
  1.00   0.13   0.81   0.05      3      3      1   
  0.71   0.14   0.02   0.32      8      7      1   
  0.70   0.45   0.83   0.69      3      3      1   
  0.27   0.28   0.76   0.05      6      6      1   
  0.89   0.84   0.88   0.99      2      2      1   
  0.36   0.85   0.26   0.25      8      8      1   
  0.83   0.69   0.31   0.85      7      6      1   
  0.36   0.85   0.61   0.21      7      7      1   
  0.44   0.02   0.55   0.15      2      2      1   
  0.57   0.81   0.19   0.99      4      4      1   
  0.61   0.24   0.69   0.38      2      2      1   
  0.42   0.03   0.09   0.08      4      4      1   
  0.34   0.98   0.89   0.75      7      7      1   
  0.24   0.46   0.22   0.18      3      3      1   
  0.55   0.76   0.74   0.52      4      4      1   
  0.50   0.06   0.64   0.92     10      9      1   
  0.62   0.26   0.12   0.05      6      6      1   
  0.78   0.24   0.68   0.56      4      4      1   
  0.79   0.47   0.43   0.44      4      4      1   
  0.51   0.65   1.00   0.05      7      7      1   
  0.65   0.44   0.09   0.26      7      7      1   
  0.80   0.74   0.92   0.15      6      6      1   
  0.98   0.09   0.90   0.89     10     10      1   
  0.73   0.32   0.45   0.80      6      6      1   
  0.76   0.40   0.46   0.40      4      4      1   
  0.55   0.23   0.44   0.53      4      4      1   
  0.99   0.01   0.98   0.29      4      4      1   
  0.50   0.06   0.75   0.08      3      3      1   
  0.92   0.15   0.47   0.06      5      5      1   
  0.50   0.06   0.37   0.49      5      5      1   
  0.83   0.61   0.92   0.76      2      2      1   
  0.37   0.56   0.62   0.10      5      5      1   
  0.72   0.40   0.90   0.89      6      6      1   
  0.53   0.64   0.22   0.40      4      4      1   
  0.09   0.26   0.93   0.95     14     12      1   
  0.65   0.44   0.64   0.92      5      5      1   
  0.92   0.15   0.75   0.82      7      7      1   
  0.88   0.17   0.88   0.18      1      1      1   
  0.63   0.60   0.00   0.57     12      9      1   
  0.81   0.05   0.63   0.64      7      7      1   
  0.64   0.49   0.78   0.23      3      3      1   
  0.75   0.83   0.44   0.02     10      9      1   
  0.81   0.05   0.96   0.26      3      3      1   
  0.78   0.24   0.69   0.91      7      7      1   
  0.69   0.17   0.03   0.08      7      7      1   
  0.50   0.27   0.57   0.81      6      6      1   
  0.62   0.95   0.76   0.40      7      6      1   
  0.28   0.95   0.71   0.14      9      9      1   
  0.78   0.04   0.15   0.19      7      7      1   
  0.46   0.40   0.96   0.26      6      6      1   
  0.60   0.42   0.77   0.47      2      2      1   
  0.72   0.40   0.00   0.29      7      7      1   
  0.03   0.26   0.44   0.35      7      5      1   
  0.75   0.08   0.88   0.99     11     11      1   
  0.10   1.00   0.32   0.83      3      3      1   
  0.37   0.49   0.83   0.69      5      5      1   
  0.57   0.72   0.74   0.38      4      4      1   
  0.69   0.24   0.17   0.38      6      6      1   
  0.58   0.26   0.93   0.95      9      9      1   
  0.58   0.26   0.98   0.09      4      4      1   
  0.01   0.20   0.14   0.06      2      2      1   
  0.37   0.49   0.50   0.11      5      5      1   
  0.97   0.99   0.00   0.85     13     12      1   
  0.19   0.99   0.81   0.05     12     12      1   
  0.12   0.01   0.34   0.98     13     12      1   
  0.38   0.14   0.39   0.02      1      1      1   
  0.74   0.64   0.80   0.74      1      1      1   
  0.37   0.56   0.75   0.83      5      5      1   
  0.31   0.43   0.64   0.92      6      6      1   
  0.69   0.17   0.03   0.26      7      7      1   
  0.92   0.76   0.83   0.96      2      2      1   
  0.58   0.23   0.44   0.35      2      2      1   
  0.18   0.81   0.03   0.24     11     10      1   
  0.55   0.15   0.55   0.23      1      1      1   
  0.27   0.28   0.55   0.23      3      3      1   
  0.75   0.83   0.42   0.22      7      7      1   
  0.69   0.17   0.74   0.95      8      8      1   
  0.58   0.26   0.57   0.63      6      5      1   
  0.65   0.16   0.83   0.69      6      6      1   
Routing Failed to deliver
  0.46   0.97   0.17   0.24      9      9      1   
  0.71   0.22   0.44   0.53      5      5      1   
  0.92   0.86   0.36   0.80      6      6      1   
  0.51   0.65   0.57   0.81      2      2      1   
  0.79   0.44   0.12   0.01      8      8      1   
  0.87   0.38   0.73   0.00      5      5      1   
  0.83   0.61   0.79   0.44      2      2      1   
  0.28   0.95   0.46   0.13      8      8      1   
  0.78   0.23   0.15   0.94     10     10      1   
  0.18   0.81   0.60   0.42      8      8      1   
  0.40   0.23   0.92   0.15      5      5      1   
  0.64   0.49   0.78   0.23      3      3      1   
  0.02   0.36   0.26   0.25      3      3      1   
  0.73   0.00   0.50   0.74      8      8      1   
  0.32   0.02   0.28   0.03      1      1      1   
  0.02   0.32   0.76   0.05      8      8      1   
  0.93   0.58   0.40   0.33      6      6      1   
  0.26   0.25   0.78   0.24      5      5      1   
  0.81   0.05   0.50   0.27      4      4      1   
  0.61   0.24   0.93   0.26      4      4      1   
  0.03   0.26   0.42   0.86      9      8      1   
  0.03   0.24   0.75   0.82     10     10      1   
  0.42   0.03   0.88   0.18      5      5      1   
  0.92   0.86   0.48   0.11     10      9      1   
  0.67   0.25   0.92   0.86      7      7      1   
  0.76   0.40   0.58   0.26      3      3      1   
  0.46   0.40   0.75   0.82      5      5      1   
  0.92   0.57   0.05   0.41      9      9      1   
  0.51   0.77   0.28   0.95      3      3      1   
  0.34   0.98   0.48   0.54      5      5      1   
  0.43   0.44   0.42   0.22      2      2      1   
  0.31   0.85   0.65   0.16      9      8      1   
  0.18   0.81   0.32   0.83      2      2      1   
  0.50   0.74   0.45   0.63      1      1      1   
  0.98   0.09   0.48   0.11      6      6      1   
  0.49   0.89   0.24   0.87      3      3      1   
  0.22   0.40   0.05   0.36      2      2      1   
  0.18   0.09   0.48   0.53      7      6      1   
  0.40   0.21   0.93   0.58      8      7      1   
  0.75   0.30   0.32   0.05      5      5      1   
  0.73   0.12   0.50   0.27      3      3      1   
  0.58   0.26   0.49   0.89      8      7      1   
  0.02   0.32   0.00   0.57      3      3      1   
  0.67   0.25   0.64   0.92      7      7      1   
  0.17   0.38   0.36   0.85      7      6      1   
  0.27   0.99   0.98   0.29     12     12      1   
  0.11   0.02   0.09   0.08      1      1      1   
  0.67   0.25   0.20   0.17      4      4      1   
  0.22   0.98   0.79   0.44      9      9      1   
  0.74   0.95   0.96   0.08      9      9      1   
  0.49   0.89   0.15   0.19     10      9      1   
  0.06   0.52   0.50   0.27      6      6      1   
  0.67   0.25   0.76   0.40      2      2      1   
  0.69   0.91   0.69   0.24      8      7      1   
  0.03   0.26   0.64   0.79      9      9      1   
  0.09   0.08   0.74   0.38      8      8      1   
  0.40   0.23   0.51   0.77      5      5      1   
  0.41   1.00   0.96   0.08     11     11      1   
  0.46   0.25   0.17   0.24      4      4      1   
  0.22   0.40   0.74   0.64      6      6      1   
  0.19   0.99   0.88   0.17     12     11      1   
  0.32   0.83   0.13   0.03     11     10      1   
Routing Failed to deliver
  0.15   0.19   0.45   0.80     10      8      1   
  0.59   0.67   0.40   0.33      4      4      1   
  0.46   0.40   0.73   0.12      5      5      1   
  0.58   0.26   0.73   0.12      2      2      1   
  0.13   0.03   0.71   0.22      7      7      1   
  0.51   0.77   0.75   0.30      5      5      1   
  0.88   0.18   0.83   0.47      3      3      1   
  0.64   0.79   0.80   0.62      3      3      1   
  0.80   0.62   0.46   0.25      6      6      1   
  0.06   0.52   0.55   0.23      6      6      1   
  0.17   0.38   0.11   0.02      4      4      1   
  0.75   0.83   0.51   0.07      9      8      1   
  0.87   0.38   0.03   0.08     10      9      1   
  0.15   0.94   0.36   0.85      2      2      1   
  0.75   0.08   0.03   0.01      8      7      1   
  0.75   0.83   0.67   0.25      6      6      1   
  0.22   0.18   0.12   0.05      2      2      1   
  0.40   0.34   0.30   0.19      2      2      1   
  0.28   0.95   0.75   0.08     10     10      1   
  0.03   0.08   0.81   0.05      8      8      1   
  0.39   0.02   0.47   0.06      1      1      1   
  0.42   0.86   0.44   0.53      3      3      1   
  0.24   0.48   0.69   0.24      5      5      1   
  0.41   1.00   0.93   0.26     10     10      1   
  0.50   0.11   0.78   0.24      3      3      1   
  0.22   0.18   0.64   0.92      9      9      1   
  0.72   0.40   0.80   0.74      3      3      1   
  0.15   0.94   0.40   0.21      8      8      1   
  0.81   0.05   0.73   0.12      1      1      1   
  0.93   0.95   0.05   0.26     13     12      1   
  0.63   0.60   0.83   0.69      2      2      1   
  0.81   0.05   0.80   0.62      6      6      1   
  0.41   1.00   0.50   0.27      8      8      1   
  0.83   0.96   0.46   0.40      6      6      1   
  0.40   0.21   0.24   0.48      4      4      1   
  0.55   0.15   0.93   0.59      7      6      1   
  0.17   0.24   0.43   0.78      8      7      1   
  0.63   0.65   0.41   1.00      5      5      1   
  0.24   0.46   0.89   0.75      8      8      1   
  0.46   0.40   0.40   0.23      2      2      1   
  0.92   0.86   0.77   0.47      5      5      1   
  0.73   0.00   0.88   0.99     11     11      1   
  0.44   0.02   0.42   0.86      8      8      1   
Routing Failed to deliver
  0.32   0.05   0.45   0.80      8      8      1   
  0.42   0.03   0.28   0.03      2      2      1   
  0.36   0.85   0.40   0.21      6      6      1   
  0.98   0.29   0.57   0.81      8      8      1   
  0.86   0.38   0.75   0.08      4      4      1   
  0.24   0.48   0.51   0.77      5      5      1   
  0.15   0.19   0.58   0.23      5      5      1   
Routing Failed to deliver
  0.03   0.08   0.54   0.17      6      6      1   
  0.36   0.80   0.78   0.24      9      8      1   
  0.48   0.41   0.43   0.44      1      1      1   
  0.14   0.06   0.42   0.03      4      4      1   
  0.22   0.98   0.42   0.03     10     10      1   
  0.88   0.17   0.33   0.04      6      6      1   
  0.80   0.62   0.55   0.04      7      6      1   
  0.58   0.23   0.67   0.25      1      1      1   
  0.81   0.17   0.93   0.26      2      2      1   
  0.68   0.56   0.11   0.02      9      9      1   
  0.38   0.14   0.63   0.65      6      6      1   
  0.74   0.38   0.13   0.07      8      7      1   
Routing Failed to deliver
  0.75   0.30   0.18   0.27      6      6      1   
  0.72   0.40   0.26   0.25      6      6      1   
