  0.83   0.69   0.69   0.38      4      4      1   
  0.78   0.04   0.31   0.43      6      6      1   
  0.78   0.23   0.09   0.08     23     10      1   
  0.54   0.17   0.32   0.83      7      7      1   
  0.64   0.92   0.63   0.64      3      3      1   
  0.44   0.35   0.44   0.53      2      2      1   
  0.60   0.42   0.09   0.08     59      7      1   
  0.65   0.16   0.42   0.86      8      7      1   
  0.64   0.79   0.99   0.29      7      7      1   
  0.24   0.87   0.89   0.75      7      7      1   
  0.06   0.52   0.00   0.29      3      3      1   
  0.13   0.03   0.36   0.85     10     10      1   
  0.22   0.40   0.89   0.75      8      8      1   
  0.40   0.21   0.93   0.95     10     10      1   
  0.73   0.00   0.22   0.98     11     11      1   
  0.03   0.08   0.05   0.26      2      2      1   
  0.69   0.91   0.01   0.20     11     11      1   
  0.87   0.38   0.78   0.04      4      4      1   
  0.64   0.49   0.83   0.61      2      2      1   
  0.00   0.85   0.81   0.05     13     12      1   
  0.69   0.17   0.79   0.44      4      3      1   
  0.03   0.24   0.58   0.23     13      7      1   
  0.63   0.64   0.92   0.15      6      6      1   
  0.22   0.40   0.22   0.18      3      3      1   
  0.55   0.15   0.43   0.44      3      3      1   
  0.36   0.80   0.05   0.36      6      6      1   
  0.97   0.45   0.69   0.38      3      3      1   
Routing Failed to deliver
  0.88   0.99   0.76   0.05     11     10      1   
Routing Failed to deliver
  0.90   0.89   0.10   0.69     10     10      1   
  0.55   0.76   0.89   0.84      5      4      1   
  0.93   0.95   0.43   0.78      5      5      1   
  0.03   0.86   0.31   0.42      6      6      1   
  0.42   0.22   0.11   0.02     48      9      1   
  0.10   1.00   0.36   0.85      3      3      1   
  0.78   0.04   0.69   0.17      2      2      1   
  0.92   0.57   0.62   0.26      5      5      1   
  0.93   0.26   0.79   0.44      2      2      1   
  0.74   0.87   0.73   0.00      8      8      1   
  0.74   0.87   0.63   0.60      4      3      1   
  0.45   0.63   0.89   0.84      6      6      1   
Routing Failed to deliver
  0.18   0.27   0.83   0.96     10     10      1   
  0.24   0.87   0.69   0.91      5      5      1   
  0.80   0.13   0.90   0.89      9      9      1   
  0.31   0.43   0.80   0.62      6      6      1   
  0.43   0.44   0.80   0.74      5      5      1   
Routing Failed to deliver
  0.36   0.43   0.00   0.85      6      6      1   
  0.40   0.21   0.50   0.74      6      6      1   
  0.74   0.52   0.09   0.08     60      9      1   
  0.58   0.23   0.00   0.57     32      8      1   
  0.36   0.43   0.80   0.72      6      6      1   
  0.80   0.62   0.81   0.05      6      6      1   
  0.63   0.65   0.50   0.87      3      3      1   
  0.69   0.17   0.03   0.01     25     10      1   
Routing Failed to deliver
  0.57   0.81   0.24   0.87      3      3      1   
  0.60   0.42   0.35   0.66      4      4      1   
  0.44   0.35   0.13   0.07     47      6      1   
  0.88   0.17   0.99   0.29      2      2      1   
  0.55   0.76   0.64   0.79      1      1      1   
  0.13   0.07   0.57   0.63      8      8      1   
  0.75   0.08   0.58   0.23      2      2      1   
  0.79   0.44   0.58   0.23      3      3      1   
  0.42   0.22   0.09   0.26      9      7      1   
Routing Failed to deliver
  0.65   0.16   0.83   0.69      6      6      1   
  0.70   0.99   0.82   0.97      1      1      1   
  0.43   0.01   0.65   0.16      3      3      1   
  0.75   0.83   0.69   0.24      6      6      1   
  0.55   0.76   0.79   0.47      5      5      1   
  0.90   0.89   0.05   0.41     12     11      1   
  0.12   0.01   0.50   0.06     30     10      1   
  0.65   0.16   0.92   0.86      8      8      1   
  0.68   0.56   0.43   0.78      4      4      1   
  0.18   0.81   0.71   0.14      9      8      1   
  0.51   0.65   0.62   0.95     13      4      1   
  0.37   0.56   0.20   0.17      6      5      1   
  0.50   0.06   0.83   0.96      9      9      1   
  1.00   0.05   0.83   0.47      4      4      1   
  0.60   0.42   0.44   0.35      2      2      1   
  0.42   0.86   0.27   0.99      3      3      1   
  0.15   0.65   0.57   0.72      5      5      1   
  0.55   0.76   0.34   0.65      3      3      1   
  0.25   0.57   0.60   0.42      4      4      1   
  0.14   0.06   0.45   0.80      9      9      1   
  0.73   0.12   0.87   0.97      9      9      1   
  0.51   0.77   0.64   0.92      2      2      1   
  0.75   0.08   0.71   0.14      1      1      1   
  0.57   0.81   0.44   0.02      8      8      1   
  0.50   0.87   0.75   0.76      3      3      1   
  0.94   0.10   0.05   0.16     61     12      1   
  0.05   0.26   0.71   0.14     29      8      1   
  0.41   1.00   0.71   0.14      9      9      1   
  0.13   0.07   0.05   0.26      2      2      1   
  0.22   0.40   0.06   0.98      7      7      1   
  0.43   0.78   0.67   0.25      7      6      1   
  0.73   0.32   0.31   0.43      5      5      1   
  0.54   0.17   0.69   0.24      2      2      1   
  0.34   0.65   0.80   0.13      8      7      1   
  0.74   0.87   0.36   0.43      6      6      1   
  0.00   0.29   0.03   0.08      2      2      1   
  0.83   0.61   0.55   0.15      5      5      1   
  0.65   0.16   0.74   0.64      5      5      1   
  0.39   0.63   0.80   0.62      4      4      1   
  0.15   0.65   0.88   0.17      9      9      1   
  0.87   0.38   0.03   0.24      9      9      1   
  0.70   0.99   0.50   0.06     10      9      1   
  0.82   0.97   0.06   0.52     20     11      1   
  0.20   0.17   0.74   0.38      9      8      1   
  0.39   0.63   0.37   0.49      2      2      1   
  0.64   0.79   0.78   0.24      6      6      1   
  0.62   0.10   0.72   0.40      4      4      1   
  0.31   0.85   0.17   0.38      5      5      1   
  0.45   0.63   0.98   0.29      8      8      1   
  0.69   0.91   0.24   0.87      7      5      1   
  0.61   0.21   0.40   0.21      2      2      1   
  0.86   0.38   0.12   0.01     66     11      1   
  0.48   0.41   0.57   0.81      4      4      1   
  0.78   0.04   0.93   0.58     10      7      1   
  0.74   0.52   0.90   0.89      5      5      1   
  0.45   0.80   0.48   0.54      3      3      1   
  0.28   0.95   0.10   0.74      3      3      1   
  0.25   0.74   0.13   0.07      7      7      1   
  0.18   0.09   0.22   0.18      1      1      1   
  0.42   0.86   0.14   0.06      9      9      1   
  0.79   0.47   0.39   0.63      5      5      1   
  0.54   0.17   0.32   0.83      7      7      1   
  0.63   0.65   0.36   0.43      4      4      1   
  0.19   0.99   0.83   0.47      9      9      1   
  0.54   0.17   0.48   0.41      3      3      1   
  0.00   0.29   0.63   0.65      8      8      1   
  0.48   0.41   0.12   0.01     57      7      1   
  0.64   0.92   0.03   0.01     12     11      1   
  0.22   0.18   0.01   0.20      3      3      1   
  0.15   0.65   0.75   0.82      7      7      1   
  0.58   0.26   0.63   0.64      6      5      1   
  0.81   0.05   0.46   0.97     10     10      1   
  0.70   0.45   0.74   0.52      1      1      1   
  0.51   0.77   0.55   0.23      6      6      1   
  0.48   0.53   0.83   0.96      5      5      1   
Routing Failed to deliver
  0.46   0.25   0.39   0.63      4      4      1   
  0.36   0.80   0.34   0.65      2      2      1   
  0.13   0.03   0.80   0.62     12     11      1   
  0.92   0.76   0.35   0.66      6      6      1   
  0.87   0.38   0.59   0.67      5      5      1   
  0.99   0.29   0.57   0.81      8      8      1   
  0.45   0.80   1.00   0.13      9      9      1   
  0.74   0.52   0.83   0.69      2      2      1   
  0.58   0.26   0.46   0.97      8      8      1   
  0.18   0.81   0.27   0.99      2      2      1   
  0.73   0.00   0.78   0.04      1      1      1   
  0.80   0.62   0.15   0.65      7      7      1   
  0.17   0.38   0.82   0.97      9      9      1   
  0.61   0.24   0.03   0.08     46      9      1   
  0.20   0.17   0.80   0.13     32      9      1   
  0.64   0.49   0.75   0.83      4      4      1   
  0.46   0.25   0.01   0.81      7      7      1   
  0.49   0.89   0.24   0.87      3      3      1   
  0.29   0.65   0.80   0.72      5      5      1   
  0.03   0.26   0.64   0.92      9      9      1   
  0.63   0.65   0.03   0.86      8      8      1   
  0.50   0.06   0.88   0.17      4      4      1   
  0.83   0.61   0.81   0.05      6      6      1   
  0.63   0.64   0.83   0.96      4      4      1   
  0.05   0.16   0.74   0.52      9      9      1   
  0.55   0.76   0.51   0.07      7      7      1   
  0.00   0.85   0.20   0.17      8      8      1   
  0.19   0.99   0.05   0.41      8      8      1   
  0.03   0.01   0.74   0.95     12     12      1   
  0.63   0.60   0.37   0.49      3      3      1   
  0.74   0.95   0.41   1.00      6      5      1   
  0.24   0.46   0.55   0.23      4      4      1   
  0.17   0.24   0.73   0.32     16      8      1   
  0.18   0.27   0.34   0.65      4      4      1   
  0.48   0.54   0.69   0.17      5      5      1   
  0.51   0.77   0.43   0.44      3      3      1   
  0.25   0.57   0.37   0.49      2      2      1   
  0.61   0.24   0.78   0.24      2      2      1   
  0.25   0.74   0.55   0.15      6      6      1   
  0.93   0.26   0.77   0.47      3      3      1   
  0.67   0.25   0.42   0.86      6      6      1   
  0.98   0.09   0.44   0.02      6      6      1   
  0.44   0.35   0.75   0.08      4      4      1   
  0.75   0.83   0.88   0.18      7      7      1   
  0.68   0.56   0.90   0.89      5      5      1   
  0.00   0.29   0.67   0.25     14      8      1   
  0.03   0.86   0.12   0.01     10     10      1   
  0.37   0.56   0.71   0.22      6      5      1   
  0.01   0.81   0.81   0.17     11     10      1   
  0.03   0.26   0.79   0.44      9      8      1   
  0.74   0.87   0.87   0.97      2      2      1   
  0.81   0.17   0.63   0.65      6      6      1   
  0.25   0.74   0.65   0.16      7      7      1   
  0.18   0.81   0.92   0.15     10     10      1   
  0.36   0.80   0.34   0.65      2      2      1   
  0.15   0.65   0.80   0.62      7      7      1   
  0.34   0.65   0.31   0.42      3      3      1   
  0.67   0.25   0.88   0.17      2      2      1   
  0.75   0.08   0.33   0.68      8      8      1   
  0.47   0.06   0.90   0.89     10     10      1   
  0.70   0.45   0.06   0.98      9      9      1   
  0.75   0.08   0.97   0.99     11     11      1   
  0.45   0.80   0.43   0.76      1      1      1   
  0.05   0.41   0.96   0.26      9      9      1   
  0.98   0.09   0.14   0.06     50     12      1   
  0.48   0.15   0.15   0.19     22      7      1   
  0.24   0.48   0.63   0.58      5      5      1   
  0.98   0.09   0.88   0.18      2      2      1   
  0.97   0.45   0.81   0.17      4      4      1   
  0.19   0.99   0.53   0.64      5      5      1   
  0.93   0.26   0.69   0.24      3      3      1   
  0.87   0.97   0.74   0.87      2      2      1   
  0.41   1.00   0.75   0.82      5      5      1   
  0.78   0.24   0.50   0.87      7      7      1   
  0.80   0.13   0.50   0.11      3      3      1   
  0.43   0.76   0.45   0.63      2      2      1   
  0.57   0.63   0.63   0.58      1      1      1   
  0.48   0.54   0.80   0.13      7      6      1   
  0.44   0.53   0.51   0.65      2      2      1   
  0.74   0.52   0.50   0.11      5      5      1   
  0.74   0.52   0.24   0.48      6      6      1   
  0.67   0.25   0.00   0.57     36      9      1   
  0.43   0.01   0.54   0.17      2      2      1   
  0.05   0.36   0.03   0.01      4      4      1   
  0.00   0.85   0.46   0.40      7      7      1   
  0.03   0.26   0.40   0.21     13      7      1   
  0.50   0.87   0.81   0.17      8      8      1   
  0.18   0.09   0.78   0.04     31     10      1   
  0.74   0.52   0.76   0.40      1      1      1   
  0.55   0.15   0.05   0.36     10      6      1   
  0.93   0.95   0.18   0.09     60     13      1   
  0.46   0.25   0.67   0.25      2      2      1   
  0.97   0.45   0.68   0.56      4      4      1   
  0.76   0.05   0.77   0.47      5      4      1   
  0.92   0.57   0.03   0.86     11     11      1   
  0.74   0.38   0.20   0.17     72      8      1   
Routing Failed to deliver
  0.48   0.54   0.13   0.03      8      8      1   
  0.73   0.00   0.15   0.94     11     11      1   
  0.17   0.38   0.93   0.58     14      8      1   
  0.35   0.66   0.48   0.41      3      3      1   
  0.64   0.79   0.80   0.62      3      3      1   
  0.58   0.26   0.72   0.40      3      3      1   
  0.19   0.20   0.57   0.72      8      8      1   
  0.41   1.00   0.03   0.24     10     10      1   
  0.11   0.02   0.50   0.11     30     10      1   
  0.80   0.72   0.18   0.09     57     11      1   
  0.12   0.01   0.43   0.76      9      9      1   
  0.92   0.15   0.75   0.30      2      2      1   
  0.42   0.22   0.75   0.30      3      3      1   
  0.40   0.21   0.31   0.43      4      4      1   
  0.73   0.00   0.78   0.04      1      1      1   
  0.43   0.01   0.19   0.99     11     11      1   
  0.81   0.17   0.19   0.99     11     11      1   
  0.34   0.98   0.50   0.74      4      4      1   
  0.97   0.99   0.37   0.49      9      8      1   
  0.97   0.45   0.25   0.57      8      8      1   
  0.64   0.79   0.85   0.23      6      6      1   
Routing Failed to deliver
  0.65   0.44   0.19   0.99      8      8      1   
  0.02   0.32   0.14   0.06      3      3      1   
  0.92   0.15   0.94   0.10      1      1      1   
  0.85   0.23   0.58   0.26      3      3      1   
  0.74   0.64   0.18   0.27      9      8      1   
  0.88   0.99   0.50   0.06     12     10      1   
  0.13   0.07   0.46   0.25     27      7      1   
  0.80   0.62   0.48   0.54      5      4      1   
  0.14   0.06   0.31   0.85      8      8      1   
  0.03   0.86   0.83   0.96      9      9      1   
  0.03   0.01   0.18   0.81      9      9      1   
  0.80   0.74   0.00   0.85     10     10      1   
  0.09   0.26   0.64   0.79      9      9      1   
  0.32   0.83   0.09   0.26      7      7      1   
  0.42   0.03   0.42   0.86      8      8      1   
Routing Failed to deliver
  0.12   0.05   0.87   0.97     14     14      1   
  0.76   0.40   0.90   0.89      6      6      1   
  0.50   0.87   0.75   0.76      3      3      1   
  0.05   0.36   0.43   0.76      6      6      1   
  0.69   0.38   0.46   0.40      3      3      1   
  0.62   0.26   0.17   0.24     12      7      1   
  0.42   0.86   0.10   0.69      5      5      1   
  0.94   0.10   0.78   0.04      2      2      1   
  0.51   0.77   0.57   0.81      1      1      1   
  0.75   0.08   0.57   0.63      7      6      1   
  0.62   0.26   0.79   0.44      3      3      1   
  0.22   0.98   0.81   0.05     12     11      1   
  0.73   0.32   0.36   0.80      7      7      1   
  0.24   0.87   0.69   0.38      7      7      1   
  0.51   0.77   0.80   0.13      7      7      1   
  0.99   0.01   0.78   0.04      3      3      1   
Routing Failed to deliver
  0.93   0.95   0.74   0.64      4      4      1   
  0.00   0.57   0.14   0.06      6      6      1   
  0.17   0.38   0.43   0.78      5      5      1   
  0.55   0.76   0.53   0.64      1      1      1   
  0.33   0.68   0.64   0.49      5      4      1   
  0.03   0.26   0.92   0.57     17     10      1   
  0.73   0.32   0.97   0.99      8      8      1   
  0.98   0.09   0.93   0.26      2      2      1   
  0.98   0.29   0.24   0.46      8      8      1   
  0.01   0.20   0.13   0.07      2      2      1   
  0.78   0.24   0.43   0.76      7      7      1   
  0.31   0.42   0.83   0.61      6      6      1   
  0.51   0.65   0.17   0.38      5      5      1   
  0.80   0.72   0.27   0.99      7      7      1   
  0.43   0.66   0.82   0.97      5      5      1   
  0.53   0.64   0.98   0.29      7      7      1   
  0.50   0.74   0.43   0.44      3      3      1   
  0.19   0.20   0.35   0.66      6      6      1   
  0.10   1.00   0.63   0.58      7      7      1   
  0.75   0.30   0.94   0.10      3      3      1   
  0.88   0.18   0.55   0.76      7      7      1   
Routing Failed to deliver
  0.73   0.12   0.58   0.26      2      2      1   
  0.69   0.38   0.31   0.42      4      4      1   
  0.80   0.13   0.44   0.53      6      6      1   
  0.43   0.44   0.83   0.69      5      5      1   
  0.61   0.24   0.48   0.41      3      3      1   
  0.41   1.00   0.36   0.85      3      3      1   
  0.46   0.97   0.40   0.21      8      8      1   
  0.92   0.57   1.00   0.05      7      7      1   
  0.58   0.26   0.93   0.26      4      4      1   
  0.28   0.95   0.00   0.85      4      4      1   
Routing Failed to deliver
  0.83   0.61   0.27   0.99      8      8      1   
  0.97   0.45   0.24   0.87     10     10      1   
  0.92   0.15   0.45   0.80      8      8      1   
  0.43   0.78   0.55   0.04      7      7      1   
  0.98   0.09   0.10   0.74     11     11      1   
  0.87   0.38   0.62   0.10      5      5      1   
  0.03   0.01   0.69   0.91     12     12      1   
  0.57   0.63   0.93   0.26      6      6      1   
  0.17   0.24   0.36   0.85      8      8      1   
  0.40   0.21   0.90   0.89     10     10      1   
  0.89   0.84   0.24   0.87      7      7      1   
  0.09   0.08   0.63   0.60      9      9      1   
  0.43   0.78   0.92   0.86      6      5      1   
  0.15   0.65   0.48   0.41      4      4      1   
  0.18   0.09   0.25   0.57      5      5      1   
  0.75   0.76   0.61   0.24      6      6      1   
  0.98   0.29   0.61   0.24      5      5      1   
  0.18   0.27   0.20   0.17      1      1      1   
  0.88   0.18   0.55   0.23      3      3      1   
  0.15   0.65   0.92   0.15      9      9      1   
  0.99   0.01   0.15   0.65     13     11      1   
  0.19   0.99   0.10   0.69      5      5      1   
  0.50   0.11   0.63   0.64      7      6      1   
  0.06   0.98   0.78   0.04     12     11      1   
  0.58   0.23   0.43   0.78      6      6      1   
  0.18   0.09   0.00   0.57      6      6      1   
  0.25   0.74   0.75   0.30      7      7      1   
  0.34   0.98   0.03   0.86      4      4      1   
  0.99   0.29   0.42   0.03      7      7      1   
  0.36   0.85   0.85   0.23      9      8      1   
  0.42   0.22   0.98   0.09      6      5      1   
  0.42   0.22   0.03   0.08     20      9      1   
  0.05   0.26   0.96   0.26     30     10      1   
  0.98   0.29   0.36   0.80     10     10      1   
  0.92   0.76   0.25   0.74      7      7      1   
  0.86   0.38   0.06   0.98     11     11      1   
  0.42   0.22   0.70   0.45      5      4      1   
  0.42   0.22   0.55   0.76      6      6      1   
  0.78   0.04   0.63   0.64      6      6      1   
  0.48   0.54   0.12   0.05      8      8      1   
  0.73   0.32   0.64   0.79      5      5      1   
  0.83   0.61   0.47   0.06      6      6      1   
  0.63   0.58   0.15   0.19      9      8      1   
  0.76   0.40   0.75   0.08      4      4      1   
  0.31   0.42   0.62   0.95     16      7      1   
  0.17   0.24   0.39   0.63      6      6      1   
  0.32   0.83   0.13   0.03      9      9      1   
  0.74   0.95   0.74   0.87      1      1      1   
Routing Failed to deliver
  0.13   0.03   0.05   0.41      4      4      1   
  0.57   0.81   0.75   0.83      2      2      1   
  0.57   0.63   0.50   0.87      3      3      1   
  0.19   0.99   0.24   0.46      6      6      1   
  0.78   0.04   0.71   0.22      2      2      1   
  0.43   0.76   0.76   0.05      8      8      1   
  0.05   0.36   0.31   0.43      3      3      1   
Routing Failed to deliver
  0.72   0.40   0.18   0.09     63      8      1   
  0.62   0.95   0.12   0.05     13     12      1   
  0.43   0.44   0.74   0.38      4      4      1   
  0.64   0.49   0.75   0.08      4      4      1   
  0.85   0.23   0.83   0.69      5      5      1   
  0.32   0.83   0.02   0.36      7      7      1   
  0.85   0.23   0.83   0.61      4      4      1   
  0.93   0.59   0.92   0.76      4      3      1   
  0.06   0.52   0.36   0.80      7      7      1   
  0.76   0.05   0.36   0.80      9      9      1   
  0.93   0.95   0.92   0.86      1      1      1   
  0.69   0.17   0.76   0.05      2      2      1   
  0.62   0.95   0.51   0.77      3      3      1   
  0.19   0.20   0.63   0.60      8      8      1   
  0.88   0.99   0.72   0.40      7      6      1   
  0.57   0.81   0.10   1.00      5      5      1   
  0.15   0.19   0.99   0.29     20     11      1   
  0.74   0.95   0.25   0.57      6      6      1   
  0.73   0.32   0.97   0.99      8      8      1   
  0.88   0.17   0.50   0.74      7      7      1   
  0.03   0.01   0.82   0.97     13     13      1   
  0.43   0.78   0.55   0.04      7      7      1   
  0.48   0.54   0.19   0.99      5      5      1   
  0.80   0.72   0.55   0.76      3      3      1   
  0.12   0.01   0.50   0.11     30     10      1   
  0.70   0.45   0.69   0.38      1      1      1   
  0.64   0.49   0.43   0.44      3      3      1   
  0.17   0.38   0.33   0.68      4      4      1   
  0.71   0.22   0.31   0.43      5      5      1   
  0.55   0.04   0.28   0.95      9      9      1   
  0.78   0.23   0.50   0.06      3      3      1   
  0.13   0.07   0.32   0.83      8      8      1   
  0.46   0.97   0.51   0.77      2      2      1   
  0.83   0.47   0.83   0.69      3      3      1   
  0.53   0.64   0.22   0.40      4      4      1   
  0.44   0.02   0.67   0.25      3      3      1   
  0.03   0.86   0.93   0.59     11     11      1   
  0.87   0.38   0.22   0.40      7      7      1   
  0.77   0.47   0.60   0.42      2      2      1   
  0.93   0.59   0.24   0.48      8      8      1   
  0.78   0.24   0.36   0.85      8      8      1   
  0.00   0.57   0.69   0.38      8      8      1   
  0.36   0.43   0.20   0.17      5      4      1   
  0.55   0.15   0.71   0.14      2      2      1   
  0.36   0.43   0.64   0.49      3      3      1   
  0.64   0.49   0.92   0.76      4      4      1   
  0.31   0.42   0.44   0.02      5      5      1   
Routing Failed to deliver
  0.75   0.08   0.09   0.26     12      9      1   
  0.62   0.10   0.97   0.99     11     11      1   
Routing Failed to deliver
  0.48   0.54   0.17   0.38      4      4      1   
  0.80   0.72   0.75   0.83      1      1      1   
  0.88   0.18   0.41   1.00     10     10      1   
  0.55   0.15   0.80   0.62      5      5      1   
  0.05   0.16   0.50   0.87      9      9      1   
  0.10   0.69   0.60   0.42      6      6      1   
  0.50   0.87   0.25   0.74      3      3      1   
  0.48   0.41   0.51   0.65      2      2      1   
  0.75   0.30   0.73   0.32      1      1      1   
  0.49   0.89   0.42   0.86      1      1      1   
  0.80   0.62   0.05   0.26      9      9      1   
  0.50   0.11   0.88   0.17      4      4      1   
Routing Failed to deliver
Routing Failed to deliver
  0.88   0.99   0.36   0.43      8      8      1   
  0.63   0.64   0.93   0.95      5      5      1   
  0.36   0.80   0.93   0.58      7      7      1   
  0.31   0.85   0.55   0.76      3      3      1   
  0.41   1.00   0.55   0.76      3      3      1   
Routing Failed to deliver
  0.20   0.17   0.51   0.07     30      8      1   
  0.46   0.13   0.85   0.23      4      4      1   
  0.93   0.59   0.40   0.21      8      7      1   
  0.79   0.44   0.81   0.05      5      5      1   
  0.64   0.92   0.10   0.69      7      7      1   
  0.69   0.91   0.40   0.21      8      8      1   
  0.54   0.17   0.69   0.17      2      2      1   
  0.44   0.02   0.69   0.38      4      4      1   
  0.34   0.65   0.03   0.24      5      5      1   
  0.88   0.17   0.10   0.69     13     10      1   
  0.50   0.11   0.69   0.24      3      3      1   
  0.03   0.26   0.74   0.52      9      8      1   
  0.42   0.86   0.49   0.89      1      1      1   
  0.57   0.72   0.73   0.32      5      5      1   
  0.37   0.56   0.99   0.29      8      8      1   
  0.48   0.15   0.75   0.76      8      7      1   
  0.40   0.21   0.11   0.02     26      9      1   
  0.55   0.23   0.13   0.07     47      8      1   
  1.00   0.05   0.03   0.08     27     13      1   
  0.46   0.25   0.44   0.35      1      1      1   
Routing Failed to deliver
  0.44   0.53   0.09   0.08      7      6      1   
  0.34   0.98   0.27   0.99      1      1      1   
  0.10   0.69   0.28   0.95      4      4      1   
  0.44   0.53   0.39   0.63      1      1      1   
  0.71   0.22   0.86   0.38      3      3      1   
Routing Failed to deliver
  0.41   1.00   0.28   0.95      2      2      1   
  0.93   0.59   0.10   0.69     10      9      1   
  0.83   0.61   0.20   0.17     73      9      1   
Routing Failed to deliver
  0.48   0.54   0.63   0.58      2      2      1   
  0.46   0.97   0.59   0.67      3      3      1   
  0.86   0.38   0.48   0.54      6      6      1   
  0.78   0.04   0.62   0.10      2      2      1   
  0.55   0.15   0.17   0.24     12      7      1   
  0.19   0.99   0.69   0.24     11     10      1   
  0.72   0.40   0.31   0.43      4      4      1   
  0.97   0.99   0.27   0.99     10      9      1   
  0.03   0.86   0.69   0.91      8      8      1   
  0.76   0.05   0.44   0.53      7      6      1   
  0.43   0.66   0.00   0.85      6      6      1   
  0.51   0.65   0.31   0.85      4      3      1   
  0.62   0.10   0.64   0.49      5      4      1   
  0.65   0.44   0.80   0.74      3      3      1   
  0.53   0.64   0.01   0.81      6      6      1   
  0.24   0.87   0.81   0.05     11     10      1   
  0.50   0.27   0.36   0.85      7      6      1   
  0.83   0.47   0.57   0.72      4      4      1   
  0.28   0.95   0.05   0.26      8      8      1   
  0.63   0.58   0.74   0.87      3      3      1   
  0.09   0.08   0.50   0.11     30      9      1   
  0.39   0.63   0.62   0.10      6      6      1   
  0.75   0.83   0.79   0.47      4      4      1   
  0.24   0.87   0.57   0.81      3      3      1   
  0.92   0.76   0.48   0.41      6      6      1   
  0.03   0.24   0.25   0.74      6      6      1   
  0.80   0.74   0.02   0.36     10     10      1   
  0.73   0.00   0.36   0.43      6      6      1   
  0.74   0.64   0.05   0.26      9      9      1   
  0.77   0.47   0.62   0.10      4      4      1   
  0.75   0.08   0.76   0.40      4      4      1   
  0.31   0.85   0.93   0.59      7      7      1   
  0.80   0.74   0.12   0.01     58     12      1   
  0.87   0.38   0.46   0.25      5      5      1   
  0.12   0.01   0.17   0.24      3      3      1   
  0.00   0.57   0.88   0.17     12     11      1   
  0.65   0.44   0.48   0.54      4      4      1   
  0.55   0.04   0.48   0.54      5      5      1   
  0.36   0.43   0.74   0.52      4      4      1   
  0.63   0.64   1.00   0.05      7      7      1   
  0.31   0.42   0.76   0.05      6      6      1   
  0.19   0.20   0.74   0.87     10     10      1   
  0.13   0.03   0.18   0.09      1      1      1   
  0.24   0.48   0.78   0.24      7      7      1   
  0.83   0.96   0.83   0.47      6      5      1   
  0.62   0.26   0.50   0.06      2      2      1   
  0.63   0.58   0.14   0.06     55      9      1   
  0.25   0.57   0.54   0.17      5      5      1   
  0.80   0.13   0.31   0.42      6      6      1   
  0.69   0.17   0.19   0.99     10     10      1   
  0.35   0.66   0.85   0.01      9      8      1   
  0.98   0.09   0.46   0.40      7      7      1   
  0.75   0.76   0.59   0.67      3      3      1   
  0.78   0.23   0.18   0.81      9      9      1   
  0.39   0.63   0.43   0.01      7      7      1   
  0.33   0.68   0.64   0.92      4      4      1   
  0.69   0.24   0.97   0.45      4      4      1   
Routing Failed to deliver
  0.43   0.44   0.06   0.98      7      7      1   
  0.51   0.77   0.06   0.52     17      8      1   
  0.65   0.16   0.62   0.26      1      1      1   
  0.03   0.08   0.80   0.74     12     12      1   
  0.02   0.36   0.40   0.21     13      7      1   
Routing Failed to deliver
  1.00   0.05   0.79   0.47      4      4      1   
  0.73   0.32   0.10   1.00     10     10      1   
  0.03   0.08   0.76   0.40     11     10      1   
  0.45   0.63   0.50   0.27      4      4      1   
  0.18   0.81   0.05   0.41      6      6      1   
  0.43   0.76   0.48   0.54      2      2      1   
  0.62   0.95   0.55   0.15      9      9      1   
  0.79   0.47   0.98   0.29      3      3      1   
  0.12   0.05   0.92   0.86     14     14      1   
  0.92   0.76   0.47   0.06      8      8      1   
  0.19   0.20   0.67   0.25     12      8      1   
  0.69   0.91   0.75   0.82      1      1      1   
  0.01   0.81   0.48   0.11      9      9      1   
  0.88   0.99   0.43   0.01     14     11      1   
  0.90   0.89   0.62   0.26      8      8      1   
  0.76   0.05   0.92   0.76      8      8      1   
  0.75   0.30   0.82   0.97      6      6      1   
  0.61   0.24   0.43   0.76      6      6      1   
  0.43   0.66   0.19   0.99      4      4      1   
  0.25   0.74   0.37   0.56      2      2      1   
  0.39   0.63   0.63   0.58      3      3      1   
  0.96   0.26   0.02   0.32     14     10      1   
  0.81   0.05   0.75   0.08      1      1      1   
  0.43   0.78   0.81   0.17      9      8      1   
  0.44   0.02   0.15   0.19     58      8      1   
  0.65   0.44   0.62   0.10      4      4      1   
  0.80   0.62   0.11   0.02     66     11      1   
  0.80   0.74   0.03   0.08     12     12      1   
Routing Failed to deliver
  0.74   0.87   0.63   0.60      4      3      1   
  0.29   0.65   0.63   0.64      3      3      1   
  0.45   0.80   0.46   0.25      6      6      1   
  0.99   0.29   0.25   0.74     10     10      1   
  0.42   0.03   0.49   0.89      9      8      1   
  0.48   0.15   0.97   0.45      6      6      1   
  1.00   0.05   0.59   0.67      7      7      1   
  0.65   0.16   0.55   0.04      2      2      1   
  0.19   0.20   0.97   0.45     13     10      1   
  0.03   0.24   0.69   0.24     15      8      1   
  0.74   0.38   0.78   0.23      2      2      1   
  0.06   0.98   0.94   0.10     13     13      1   
  0.99   0.01   0.57   0.72      9      9      1   
Routing Failed to deliver
  0.48   0.54   0.48   0.11      5      5      1   
  0.76   0.40   0.12   0.01     65     10      1   
  0.72   0.40   0.83   0.69      3      3      1   
  0.22   0.98   0.69   0.38      8      8      1   
  0.92   0.86   0.03   0.01     60     14      1   
  0.48   0.15   0.69   0.17      2      2      1   
  0.68   0.56   0.88   0.99      5      5      1   
  0.67   0.25   0.74   0.52      3      3      1   
  0.11   0.02   0.74   0.38     10     10      1   
  0.97   0.45   0.92   0.86      7      7      1   
  0.10   0.74   0.48   0.53      4      4      1   
  0.83   0.61   0.51   0.77      4      4      1   
  0.65   0.16   0.73   0.32      2      2      1   
  0.51   0.77   0.92   0.86      5      4      1   
  0.63   0.60   0.00   0.57     28      9      1   
  0.03   0.26   0.86   0.38     30      9      1   
  0.22   0.40   0.32   0.83      5      5      1   
  0.73   0.12   0.75   0.76      6      6      1   
  0.76   0.05   0.68   0.56      6      5      1   
  0.19   0.20   0.44   0.35      5      5      1   
  0.55   0.15   0.37   0.49      4      4      1   
  0.45   0.63   0.59   0.67      2      2      1   
  0.63   0.60   0.46   0.40      4      3      1   
  0.79   0.44   0.03   0.08     24     10      1   
  0.50   0.87   0.63   0.65      3      3      1   
  0.18   0.09   0.85   0.01     32     11      1   
  0.92   0.86   0.83   0.96      1      1      1   
  0.62   0.26   0.47   0.06      2      2      1   
  0.18   0.09   0.29   0.65      6      6      1   
  0.74   0.64   0.76   0.05      6      6      1   
  0.99   0.29   0.45   0.63      8      8      1   
  0.93   0.58   0.81   0.05      8      7      1   
  0.50   0.27   0.85   0.23      4      4      1   
  0.55   0.15   0.49   0.89      8      7      1   
  0.62   0.95   0.79   0.47      6      6      1   
  0.93   0.58   0.82   0.97      5      5      1   
  0.76   0.40   0.93   0.58      4      3      1   
  0.46   0.97   0.78   0.24      8      8      1   
  0.09   0.26   0.57   0.81      8      8      1   
  0.62   0.95   0.59   0.67      4      4      1   
  0.72   0.40   0.89   0.84      5      5      1   
  0.05   0.41   0.74   0.38      7      7      1   
  0.40   0.21   0.43   0.76      6      6      1   
  0.33   0.68   0.80   0.74      5      5      1   
  0.67   0.25   0.33   0.68      6      6      1   
  0.73   0.00   0.71   0.22      2      2      1   
  0.31   0.42   0.62   0.10      5      5      1   
  0.77   0.47   0.89   0.75      4      4      1   
  0.79   0.47   0.18   0.27      8      7      1   
Routing Failed to deliver
  0.20   0.17   0.80   0.74     10     10      1   
  0.70   0.99   0.19   0.99      7      6      1   
  0.75   0.08   0.01   0.20     14     10      1   
  0.12   0.05   0.48   0.53      8      8      1   
  0.10   0.69   0.62   0.10      8      8      1   
  0.03   0.26   0.31   0.85      7      7      1   
  0.85   0.01   0.75   0.83      8      8      1   
  0.69   0.38   0.85   0.01      4      4      1   
  0.77   0.47   0.85   0.23      3      3      1   
  0.09   0.26   0.54   0.17     12      7      1   
  0.19   0.99   0.64   0.79      5      5      1   
  0.03   0.26   0.65   0.44      8      7      1   
  0.53   0.64   0.42   0.86      2      2      1   
  0.78   0.23   0.61   0.21      2      2      1   
  0.75   0.82   0.96   0.08      8      8      1   
  0.09   0.08   0.22   0.18      2      2      1   
  0.76   0.05   0.74   0.38      4      4      1   
  0.83   0.61   0.09   0.26      9      9      1   
  0.64   0.49   0.43   0.76      4      4      1   
  0.64   0.79   0.42   0.22      7      7      1   
  0.60   0.42   0.70   0.45      1      1      1   
  0.36   0.43   0.33   0.68      3      3      1   
  0.12   0.05   0.83   0.69     12     12      1   
  0.54   0.17   0.00   0.85      9      9      1   
  0.34   0.65   0.42   0.22      5      5      1   
  0.88   0.18   0.18   0.27     13      9      1   
  0.81   0.17   0.46   0.25      3      3      1   
  0.46   0.97   0.93   0.58      7      7      1   
  0.43   0.76   0.18   0.81      3      3      1   
  0.78   0.23   0.18   0.09     48     10      1   
  0.43   0.76   0.70   0.99      4      4      1   
  0.05   0.16   0.97   0.45     14     11      1   
  0.46   0.97   0.49   0.89      1      1      1   
  0.45   0.63   0.35   0.66      1      1      1   
  0.01   0.20   0.06   0.52      3      3      1   
  0.36   0.85   0.51   0.77      2      2      1   
  0.36   0.80   0.93   0.58      7      7      1   
  0.88   0.17   0.48   0.53      7      6      1   
  0.24   0.48   0.74   0.95      7      7      1   
  0.05   0.26   0.46   0.40      5      5      1   
  0.46   0.40   0.64   0.49      5      3      1   
  0.74   0.87   0.80   0.62      3      3      1   
  0.12   0.05   0.69   0.91     12     12      1   
  0.57   0.63   0.94   0.10      7      7      1   
  0.12   0.05   0.39   0.63      8      8      1   
  0.53   0.64   0.42   0.03      6      6      1   
  0.02   0.36   0.55   0.23     13      7      1   
  0.73   0.12   0.68   0.56      5      5      1   
  0.98   0.09   0.06   0.52     26     11      1   
Routing Failed to deliver
  0.89   0.84   0.44   0.35      8      8      1   
  0.46   0.40   0.22   0.40      3      3      1   
  0.92   0.86   0.36   0.85      6      6      1   
  0.09   0.26   0.48   0.54      6      6      1   
  0.12   0.01   0.13   0.07      1      1      1   
  0.92   0.57   0.59   0.67      4      4      1   
  0.06   0.98   0.39   0.63      5      5      1   
  0.45   0.80   0.43   0.78      1      1      1   
  0.64   0.79   0.43   0.78      2      2      1   
  0.46   0.40   0.96   0.26      6      6      1   
  0.10   0.74   0.92   0.57      9      9      1   
  0.80   0.72   0.46   0.40      6      5      1   
  0.24   0.87   0.76   0.40      8      8      1   
  0.40   0.21   0.43   0.76      6      6      1   
  0.24   0.87   0.61   0.24      9      7      1   
  0.76   0.05   0.47   0.06      4      4      1   
  0.62   0.10   0.46   0.40      4      4      1   
  0.86   0.38   0.88   0.17      2      2      1   
  0.00   0.85   0.96   0.08     13     13      1   
  0.81   0.17   0.22   0.98     10     10      1   
  0.14   0.06   0.18   0.27      2      2      1   
  0.73   0.32   0.12   0.05     49     10      1   
  0.92   0.15   0.31   0.42      7      7      1   
  0.87   0.97   0.24   0.46      9      9      1   
Routing Failed to deliver
  0.92   0.86   0.43   0.78      5      5      1   
  0.55   0.15   0.34   0.65      5      5      1   
  0.51   0.77   0.19   0.20      9      8      1   
  0.82   0.97   0.27   0.99      8      7      1   
  0.87   0.38   0.12   0.05     62     11      1   
  0.43   0.01   0.98   0.29      7      7      1   
  0.50   0.87   0.78   0.24      7      7      1   
  0.86   0.38   0.12   0.01     66     11      1   
  0.20   0.17   0.06   0.52      4      4      1   
  0.74   0.52   0.39   0.63      4      4      1   
Routing Failed to deliver
  0.06   0.98   0.92   0.76      9      9      1   
  0.11   0.02   0.73   0.32     29     10      1   
  0.63   0.58   0.45   0.63      2      2      1   
  0.44   0.53   0.90   0.89      7      7      1   
  0.78   0.23   0.46   0.13      4      3      1   
  0.68   0.56   0.83   0.47      2      2      1   
  0.77   0.47   0.48   0.15      4      4      1   
  0.03   0.26   0.61   0.21     13      7      1   
  0.55   0.23   0.90   0.89      9      9      1   
  0.63   0.58   0.78   0.04      5      5      1   
  0.20   0.17   0.64   0.92      9      9      1   
  0.57   0.81   0.46   0.97      2      2      1   
  0.15   0.19   0.81   0.05     31     10      1   
  0.79   0.44   0.76   0.40      1      1      1   
  0.03   0.86   0.24   0.87      4      3      1   
  0.94   0.10   0.31   0.85     11     10      1   
  0.18   0.27   0.85   0.23     28      8      1   
  0.09   0.26   0.17   0.38      2      2      1   
  0.51   0.77   0.64   0.92      2      2      1   
  0.44   0.02   0.72   0.40      5      5      1   
  0.81   0.17   0.80   0.74      6      6      1   
Routing Failed to deliver
  0.80   0.13   0.86   0.38      3      3      1   
  0.81   0.05   0.31   0.42      9      7      1   
  0.44   0.53   0.37   0.49      1      1      1   
  0.86   0.38   0.02   0.36      9      9      1   
  0.05   0.26   0.31   0.85      7      7      1   
  0.43   0.78   0.05   0.41      6      6      1   
  0.63   0.65   0.06   0.98      7      7      1   
  1.00   0.05   0.55   0.04      5      5      1   
  0.75   0.30   0.71   0.14      2      2      1   
  0.09   0.26   0.37   0.56      5      5      1   
  0.75   0.76   0.17   0.38      8      8      1   
  0.10   0.74   0.87   0.38      9      9      1   
  0.88   0.18   0.61   0.21      3      3      1   
  0.62   0.95   0.83   0.96      2      2      1   
Routing Failed to deliver
  0.63   0.65   0.03   0.86      8      8      1   
  0.78   0.24   0.70   0.45      3      3      1   
Routing Failed to deliver
  0.10   0.74   0.28   0.95      3      3      1   
  0.73   0.00   0.83   0.96      9      9      1   
  0.05   0.16   0.83   0.96     12     12      1   
  0.99   0.01   0.05   0.41     14     11      1   
  0.51   0.77   0.29   0.65      3      3      1   
  0.03   0.24   0.06   0.52      3      3      1   
  0.14   0.06   0.83   0.69     11     11      1   
  0.97   0.99   0.02   0.32     14     13      1   
  0.19   0.99   0.92   0.86      8      8      1   
  0.05   0.26   0.57   0.72      8      8      1   
  0.94   0.10   0.97   0.45      6      4      1   
  0.48   0.54   0.51   0.65      1      1      1   
  0.83   0.69   0.96   0.08      7      7      1   
  0.29   0.65   0.57   0.72      3      3      1   
  0.01   0.81   0.78   0.24     10     10      1   
  1.00   0.13   0.25   0.57      9      9      1   
  0.70   0.45   0.55   0.76      4      4      1   
  0.87   0.97   0.03   0.08     15     14      1   
  0.00   0.57   0.93   0.58     17     11      1   
  0.34   0.98   0.42   0.03     10     10      1   
  0.55   0.76   0.15   0.19      8      8      1   
  0.34   0.98   0.48   0.11     10     10      1   
  0.78   0.23   0.29   0.65      7      7      1   
  0.57   0.81   0.57   0.63      2      2      1   
  0.99   0.29   0.46   0.25      6      6      1   
  0.57   0.72   0.83   0.96      3      3      1   
  0.86   0.38   0.62   0.10      5      5      1   
  0.24   0.46   0.93   0.26      7      7      1   
  0.00   0.29   0.80   0.72     10     10      1   
  0.42   0.22   0.76   0.05      4      4      1   
  0.89   0.84   0.62   0.95      3      3      1   
  0.43   0.76   0.92   0.86      6      5      1   
  0.71   0.14   0.18   0.09     26      9      1   
  0.24   0.48   0.33   0.68      3      3      1   
  0.18   0.81   0.15   0.65      2      2      1   
  0.93   0.59   0.64   0.49      3      3      1   
  0.14   0.06   0.59   0.67      9      9      1   
  0.01   0.20   0.02   0.36      2      2      1   
  0.94   0.10   0.83   0.47      4      4      1   
  0.42   0.86   0.96   0.26      8      8      1   
  0.36   0.85   0.03   0.26      8      8      1   
  0.42   0.22   0.03   0.01     21      9      1   
  0.64   0.49   0.88   0.99      6      6      1   
  0.42   0.22   0.43   0.66      5      5      1   
  0.13   0.07   0.10   1.00     11     10      1   
  0.69   0.17   0.05   0.16     46      9      1   
  0.05   0.26   0.59   0.67      8      8      1   
  0.98   0.09   0.65   0.44      5      5      1   
  0.15   0.65   0.96   0.08     10     10      1   
  0.18   0.81   0.76   0.05     10      9      1   
  0.64   0.49   0.31   0.85      6      5      1   
  0.76   0.40   0.69   0.24      2      2      1   
  0.02   0.32   0.79   0.47      9      8      1   
  0.78   0.24   0.32   0.83      8      8      1   
  0.88   0.17   0.92   0.76      7      7      1   
  0.72   0.40   0.78   0.23      2      2      1   
  0.78   0.24   0.50   0.74      6      6      1   
  0.43   0.76   0.68   0.56      4      4      1   
  0.55   0.23   0.73   0.32      2      2      1   
  0.74   0.52   0.57   0.81      4      4      1   
  0.22   0.40   0.94   0.10      9      9      1   
  0.06   0.52   1.00   0.13     12     11      1   
  0.64   0.49   0.75   0.76      3      3      1   
  0.83   0.47   0.50   0.74      5      5      1   
  0.92   0.15   0.51   0.77      7      7      1   
  0.05   0.26   0.75   0.08     30      9      1   
  0.19   0.20   0.88   0.18     14     10      1   
  0.03   0.01   0.93   0.58     19     12      1   
  0.85   0.01   0.80   0.74      7      7      1   
  0.43   0.66   0.55   0.76      2      2      1   
  0.74   0.95   0.50   0.11      9      9      1   
  0.55   0.15   0.25   0.74      6      6      1   
  0.93   0.95   0.96   0.08     10     10      1   
  0.93   0.95   0.14   0.06     60     13      1   
  0.81   0.05   0.61   0.24      3      3      1   
  0.43   0.66   0.41   1.00      4      4      1   
  0.54   0.17   0.00   0.85      9      9      1   
  0.57   0.63   0.78   0.24      5      5      1   
  0.43   0.78   0.86   0.38      7      7      1   
  0.79   0.44   0.03   0.24      8      8      1   
  0.36   0.43   0.93   0.59     12      6      1   
  0.69   0.17   0.72   0.40      3      3      1   
  0.06   0.98   0.76   0.05     12     11      1   
  0.55   0.23   0.19   0.20     11      7      1   
  0.10   1.00   0.71   0.22     11     10      1   
  0.09   0.08   0.88   0.18     32     11      1   
  0.18   0.27   0.74   0.87      9      9      1   
  0.29   0.65   0.42   0.86      3      3      1   
  0.87   0.97   0.42   0.86      7      5      1   
  0.72   0.40   0.34   0.65      5      5      1   
  0.55   0.23   0.63   0.60      5      4      1   
  0.93   0.95   0.70   0.99      2      2      1   
  0.50   0.27   0.55   0.76      5      5      1   
  0.75   0.08   0.15   0.94     10     10      1   
  0.27   0.99   0.69   0.91      6      6      1   
  0.63   0.64   0.96   0.26      6      6      1   
  0.40   0.21   0.55   0.04      2      2      1   
  0.24   0.48   0.57   0.81      5      5      1   
  0.53   0.64   0.43   0.78      2      2      1   
  0.13   0.03   0.45   0.80     10     10      1   
  0.13   0.07   0.53   0.64      8      8      1   
Routing Failed to deliver
  0.92   0.76   0.15   0.94      8      8      1   
  0.18   0.27   0.92   0.15     30      9      1   
  0.50   0.87   0.64   0.49      4      4      1   
  0.88   0.17   0.92   0.76      7      7      1   
  0.44   0.02   0.42   0.03      1      1      1   
  0.45   0.80   0.46   0.13      7      7      1   
  0.20   0.17   0.31   0.43      4      4      1   
  0.25   0.57   0.03   0.08      6      6      1   
  0.75   0.83   0.37   0.56      5      5      1   
  0.42   0.03   0.43   0.76      7      7      1   
  0.78   0.24   0.74   0.52      3      3      1   
  0.99   0.29   0.44   0.53      8      8      1   
  0.19   0.20   0.09   0.26      1      1      1   
  0.74   0.87   0.31   0.85      4      4      1   
  0.57   0.72   0.69   0.24      6      6      1   
  0.40   0.21   0.46   0.97      8      8      1   
  0.83   0.61   0.40   0.21      7      6      1   
  0.94   0.10   0.93   0.95     10     10      1   
  0.83   0.47   0.31   0.85      8      7      1   
  0.92   0.57   0.12   0.05     63     12      1   
Routing Failed to deliver
  0.86   0.38   0.48   0.54      6      6      1   
  0.18   0.09   0.34   0.65      6      6      1   
Routing Failed to deliver
  0.18   0.27   0.80   0.74      9      9      1   
  0.46   0.13   0.58   0.23      2      2      1   
  0.14   0.06   0.46   0.97     10     10      1   
  0.75   0.30   0.17   0.38     10      6      1   
  0.65   0.44   0.80   0.62      2      2      1   
  0.36   0.80   0.85   0.23      9      8      1   
  0.11   0.02   0.75   0.83     12     12      1   
  0.74   0.64   0.35   0.66      4      4      1   
  0.80   0.13   0.74   0.52      4      4      1   
  0.93   0.95   0.75   0.30      7      7      1   
  0.25   0.57   0.79   0.47      6      6      1   
  0.83   0.61   0.76   0.05      6      6      1   
  0.25   0.74   0.34   0.98      3      3      1   
  0.17   0.24   0.03   0.26      2      2      1   
  0.49   0.89   0.83   0.96      4      4      1   
  0.83   0.61   0.47   0.06      6      6      1   
  0.64   0.92   0.53   0.64      3      3      1   
  0.63   0.60   0.60   0.42      2      2      1   
  0.75   0.30   0.75   0.76      4      4      1   
  0.58   0.26   0.74   0.52      4      4      1   
  0.83   0.61   0.94   0.10      6      6      1   
  0.68   0.56   0.55   0.15      5      5      1   
  0.19   0.20   0.37   0.49      5      5      1   
  0.83   0.96   0.50   0.11      9      9      1   
  0.50   0.87   0.83   0.69      4      4      1   
  0.39   0.63   0.60   0.42      4      4      1   
  0.28   0.95   0.69   0.91      5      5      1   
  0.65   0.44   0.36   0.43      3      3      1   
  0.57   0.63   0.76   0.40      4      4      1   
  0.80   0.74   0.77   0.47      3      3      1   
  0.19   0.99   0.67   0.25     10      9      1   
  0.75   0.76   0.02   0.36     10     10      1   
  0.44   0.35   0.37   0.56      2      2      1   
  0.83   0.47   0.80   0.13      4      4      1   
  0.93   0.95   0.80   0.13      9      9      1   
  0.77   0.47   0.63   0.64      2      2      1   
  0.83   0.69   0.74   0.64      1      1      1   
  0.69   0.24   0.69   0.38      2      2      1   
  0.37   0.49   0.43   0.01      6      6      1   
  0.43   0.01   0.28   0.95     10     10      1   
  0.58   0.26   0.42   0.86      7      7      1   
  0.25   0.74   0.49   0.89      3      3      1   
  0.72   0.40   0.50   0.06      5      4      1   
  0.13   0.03   0.73   0.32     28     10      1   
  0.15   0.94   0.34   0.98      2      2      1   
  0.03   0.01   0.74   0.38     11     10      1   
  0.72   0.40   0.83   0.61      2      2      1   
  0.93   0.26   0.62   0.95      8      8      1   
  0.78   0.04   1.00   0.05      3      3      1   
  0.06   0.52   0.03   0.01      5      5      1   
  0.73   0.32   0.78   0.24      1      1      1   
  0.03   0.24   0.88   0.99     12     12      1   
  0.09   0.26   0.96   0.26     14     10      1   
  0.73   0.12   0.55   0.15      2      2      1   
  0.39   0.63   0.44   0.53      1      1      1   
  0.41   1.00   0.43   0.76      3      3      1   
  0.93   0.26   0.76   0.05      3      3      1   
  0.05   0.26   0.93   0.59     16     10      1   
  0.15   0.94   0.11   0.02     10     10      1   
  0.78   0.24   0.80   0.13      1      1      1   
  0.96   0.08   0.10   0.74     11     11      1   
  0.02   0.32   0.55   0.76      8      8      1   
  0.78   0.24   0.43   0.01      4      4      1   
  0.39   0.63   0.74   0.52      5      4      1   
  0.71   0.22   0.83   0.47      3      3      1   
  0.11   0.02   0.73   0.12     31     11      1   
  0.29   0.65   0.75   0.82      5      5      1   
  0.69   0.91   0.05   0.41      9      9      1   
  0.63   0.65   0.39   0.63      2      2      1   
  0.24   0.46   0.62   0.10      5      5      1   
  0.83   0.47   0.50   0.87      6      6      1   
  0.40   0.21   0.51   0.77      6      6      1   
  0.45   0.80   0.93   0.58      6      6      1   
  0.78   0.23   0.09   0.26     12      9      1   
  0.81   0.05   0.85   0.01      1      1      1   
  0.35   0.66   0.02   0.36      6      6      1   
  0.57   0.72   0.31   0.43      4      4      1   
  0.34   0.98   0.11   0.02     11     11      1   
  0.03   0.26   0.57   0.81      8      8      1   
  0.24   0.87   0.03   0.01      9      9      1   
  0.73   0.12   0.83   0.69      6      6      1   
  0.75   0.76   0.09   0.08     57     11      1   
  0.58   0.26   0.86   0.38      4      4      1   
  0.73   0.32   0.48   0.15      3      3      1   
  0.55   0.04   0.43   0.76      7      7      1   
  0.31   0.42   0.18   0.09      5      5      1   
  0.61   0.24   0.57   0.72      6      6      1   
  0.64   0.92   0.57   0.72      2      2      1   
  0.76   0.40   0.81   0.17      3      3      1   
  0.43   0.01   0.73   0.00      4      4      1   
  0.09   0.08   0.83   0.61     11     10      1   
  0.43   0.44   0.44   0.53      1      1      1   
  0.92   0.86   0.49   0.89      5      5      1   
  0.79   0.44   0.63   0.65      3      3      1   
  0.50   0.11   0.12   0.01     26     10      1   
  0.05   0.26   0.67   0.25     29      8      1   
  0.74   0.64   0.48   0.41      4      4      1   
Routing Failed to deliver
  0.42   0.22   0.74   0.52      5      5      1   
  0.78   0.24   0.74   0.87      6      6      1   
  0.89   0.75   0.64   0.49      4      4      1   
Routing Failed to deliver
  0.72   0.40   0.27   0.99      8      8      1   
