  0.08   0.10   0.69   0.24     13     10      1   
  0.55   0.41   0.00   0.51      6      6      1   
  0.83   0.15   0.64   0.40      3      3      1   
  0.04   0.43   0.64   0.40      7      6      1   
  0.78   0.91   0.84   0.41      5      5      1   
  0.17   0.06   0.71   0.74     13     11      1   
  0.02   0.45   0.50   0.11     32      8      1   
  0.09   0.18   0.58   0.83     13     11      1   
  0.50   0.61   0.01   0.21      9      9      1   
  0.57   0.86   0.74   0.97      3      3      1   
  0.54   0.82   0.10   0.46     10      9      1   
  0.94   0.03   0.81   0.32      4      4      1   
  0.01   0.94   0.90   0.43     13     12      1   
  0.19   0.85   0.15   0.18     29     14      1   
  0.53   0.06   0.91   0.25      4      4      1   
  0.80   0.30   0.94   0.49      2      2      1   
  0.67   0.62   0.18   0.77      8      7      1   
  0.67   0.62   0.05   0.31      8      8      1   
  0.16   0.04   0.85   0.86     15     13      1   
  0.79   0.24   0.61   0.56      4      4      1   
Routing Failed to deliver
  0.78   0.93   0.84   0.38      6      6      1   
  0.81   0.32   0.82   0.14      2      2      1   
  0.79   0.24   0.08   0.38      9      9      1   
  0.99   0.42   0.24   0.89      9      9      1   
Routing Failed to deliver
  0.75   0.80   0.15   0.07     12     12      1   
Routing Failed to deliver
  0.91   0.25   0.78   0.97      7      7      1   
  0.53   0.02   0.69   0.24      3      3      1   
  0.15   0.38   0.94   0.39      9      9      1   
  0.10   0.19   0.23   0.44      3      3      1   
  0.75   0.80   0.15   0.07     12     12      1   
  0.99   0.42   0.44   0.25      6      6      1   
  1.00   0.55   0.36   0.55     11      7      1   
  0.44   0.91   0.69   0.31      6      6      1   
  0.50   0.93   0.16   0.04     14     12      1   
  0.08   0.10   0.78   0.93     15     13      1   
  0.48   0.47   0.99   0.22      6      6      1   
  0.73   0.97   0.10   0.55     12     11      1   
  0.20   0.32   0.65   0.13     25      9      1   
Routing Failed to deliver
  0.78   0.97   0.71   0.00     11     10      1   
  0.61   0.56   0.65   0.13      5      5      1   
  0.31   0.86   0.23   0.44     28     10      1   
  0.75   0.26   0.19   0.85     10     10      1   
  0.98   0.67   0.22   0.49     13      9      1   
  1.00   0.55   0.84   0.41      2      2      1   
Routing Failed to deliver
  0.82   0.14   0.90   0.43      3      3      1   
  0.55   0.95   0.18   0.77      4      4      1   
  0.51   0.16   0.08   0.10     24     11      1   
  0.13   0.32   0.79   0.24     16      9      1   
  0.65   0.23   0.71   0.00      3      3      1   
  0.20   0.81   0.71   0.74      7      6      1   
  0.94   0.39   0.59   0.38      4      4      1   
  0.08   0.10   0.97   0.22     16     13      1   
Routing Failed to deliver
  0.59   0.42   0.57   0.94      5      5      1   
  0.61   0.56   0.20   0.17      8      8      1   
  0.20   0.54   0.11   0.55      1      1      1   
  0.77   0.48   0.69   0.18      4      4      1   
  0.65   0.13   0.20   0.54      7      7      1   
  0.77   0.48   0.51   0.83      5      5      1   
  0.44   0.14   0.26   0.49      6      6      1   
  0.61   0.32   0.08   0.38     15      7      1   
  0.05   0.31   0.92   0.10     29     11      1   
  0.22   0.49   0.90   0.43      8      8      1   
  0.79   0.24   0.51   0.83      7      6      1   
  0.97   0.32   0.21   0.91     12     11      1   
  0.13   0.52   0.92   0.10      9      9      1   
  0.92   0.10   0.89   0.35      3      3      1   
  0.99   0.42   0.25   1.00      9      9      1   
  0.69   0.82   0.34   0.50      9      7      1   
  0.94   0.03   0.76   0.58      7      6      1   
  0.89   0.90   0.93   0.10      9      9      1   
  0.88   0.51   0.69   0.47      2      2      1   
  0.02   0.45   0.14   0.33      2      2      1   
  0.93   0.66   0.89   0.98      6      6      1   
  0.05   0.98   0.83   0.34     14     13      1   
  0.07   0.20   0.84   0.38     11     10      1   
  0.36   0.55   0.18   0.25      4      4      1   
  0.93   0.66   0.32   0.48      8      7      1   
  0.10   0.19   0.59   0.79     13     11      1   
  0.73   0.97   0.99   0.22      8      8      1   
  0.50   0.75   0.17   0.06     12     11      1   
  0.02   0.45   0.85   0.86     11     10      1   
  0.88   0.56   0.13   0.37      8      8      1   
  0.67   0.62   0.69   0.24      5      5      1   
  0.97   0.22   0.18   0.37     18     10      1   
  0.61   0.56   0.89   0.98      5      5      1   
  0.84   0.38   0.65   0.19      3      3      1   
  0.07   0.20   0.53   0.02     37     11      1   
  0.14   0.77   0.44   0.14     20     12      1   
  0.67   0.37   0.01   0.08     28     10      1   
  0.79   0.56   0.18   0.37      8      8      1   
  0.61   0.93   0.65   0.19      8      8      1   
  0.57   0.59   0.36   0.55      7      4      1   
Routing Failed to deliver
  0.25   1.00   0.48   0.71      4      4      1   
  0.12   0.82   0.69   0.18     14     12      1   
  0.48   0.09   0.60   0.37      4      4      1   
  1.00   0.89   0.73   0.46      6      6      1   
  0.79   0.93   0.36   0.55     11      8      1   
  0.76   0.58   0.36   0.55      9      5      1   
  0.59   0.18   0.05   0.31     14      8      1   
  0.06   0.99   0.69   0.18     14     13      1   
  0.34   0.50   0.20   0.01      5      5      1   
  0.17   0.06   0.90   0.43     13     12      1   
Routing Failed to deliver
Routing Failed to deliver
  0.04   0.81   0.74   0.97      9      9      1   
Routing Failed to deliver
  0.73   0.67   0.79   0.93      3      3      1   
  0.57   0.59   0.17   0.02      9      9      1   
  0.78   0.91   0.53   0.02     10     10      1   
  0.79   0.24   0.55   0.03      3      3      1   
  0.59   0.42   0.60   0.37      1      1      1   
  0.92   0.10   0.75   0.80      7      7      1   
  0.68   0.55   0.57   0.94      5      5      1   
  0.63   0.03   0.65   0.19      2      2      1   
  0.50   0.11   0.36   0.90      9      9      1   
  1.00   0.89   0.36   0.94      7      7      1   
  0.63   0.03   0.10   0.46     10      9      1   
  0.15   0.07   0.20   0.54      5      5      1   
  0.69   0.18   0.36   0.90      9      9      1   
  0.99   0.42   0.75   0.26      3      3      1   
  0.78   0.97   0.54   0.82      3      3      1   
  0.53   0.48   0.99   0.42      5      5      1   
  0.09   0.18   0.68   0.55      9      9      1   
  0.89   0.90   0.61   0.32      7      7      1   
  0.54   0.85   0.48   0.47      6      5      1   
  0.54   0.82   0.01   0.21     12     11      1   
  0.94   0.39   0.64   0.40      4      3      1   
Routing Failed to deliver
  0.55   0.95   0.13   0.52      9      8      1   
  0.98   0.67   0.01   0.08     31     14      1   
  0.23   0.44   0.88   0.51      7      7      1   
  0.09   0.97   0.63   0.35     12     11      1   
  0.22   0.52   0.70   0.42      5      5      1   
  0.54   0.60   0.93   0.66      6      5      1   
  0.20   0.17   0.69   0.82     13     11      1   
  0.88   0.56   0.18   0.25     24      9      1   
  0.80   0.30   0.54   0.09      4      4      1   
  0.54   0.28   0.84   0.38      4      3      1   
  0.69   0.24   0.15   0.38     15      7      1   
  0.53   0.48   0.89   0.08      5      5      1   
  0.55   0.41   0.44   0.14      3      3      1   
  0.61   0.32   0.54   0.60      3      3      1   
  0.14   0.77   0.79   0.24     13     11      1   
  0.13   0.52   0.65   0.23      7      6      1   
Routing Failed to deliver
Routing Failed to deliver
  0.73   0.67   0.20   0.32      9      9      1   
  0.77   0.48   0.64   0.40      2      2      1   
Routing Failed to deliver
  0.89   0.35   0.48   0.09      5      5      1   
  0.02   0.45   0.32   0.48      3      3      1   
  0.53   0.33   0.59   0.38      1      1      1   
  0.16   0.04   0.15   0.38      4      4      1   
Routing Failed to deliver
  0.20   0.17   0.93   0.66     13     11      1   
  0.74   0.82   0.94   0.39      5      5      1   
  0.69   0.82   0.99   0.42      5      5      1   
  0.97   0.32   0.12   0.32     19     11      1   
  0.65   0.13   0.58   0.85      8      8      1   
  0.63   0.35   1.00   0.89      9      8      1   
  0.12   0.32   0.79   0.56     11      9      1   
  0.54   0.28   0.00   0.51     21      7      1   
  0.55   0.03   0.59   0.15      1      1      1   
  0.89   0.98   0.14   0.33     14     12      1   
  0.61   0.56   0.98   0.67      6      5      1   
  0.15   0.07   0.88   0.51     12     11      1   
  0.85   0.86   0.67   0.37      5      5      1   
  0.21   0.91   0.79   0.56      9      8      1   
  0.18   0.25   0.44   0.14     40      9      1   
  0.79   0.10   0.97   0.32      3      3      1   
  0.32   0.48   0.51   0.16      8      6      1   
  0.11   0.55   0.71   0.00     11     10      1   
  0.50   0.75   0.78   0.93      4      4      1   
  0.53   0.02   0.50   0.61      7      7      1   
  0.57   0.86   0.82   0.14      8      8      1   
  0.74   0.97   0.11   0.55     13     11      1   
  0.27   0.54   0.21   0.91     24     10      1   
  0.65   0.23   0.78   0.91      7      7      1   
  0.10   0.19   0.89   0.08     28     12      1   
  0.55   0.95   0.23   0.44      9      8      1   
Routing Failed to deliver
  0.89   0.98   0.70   0.42      6      6      1   
  0.17   0.06   0.50   0.75     13     11      1   
  0.78   0.97   0.18   0.25     14     12      1   
  0.19   0.85   0.54   0.82      6      5      1   
  0.71   0.94   0.45   0.02     10     10      1   
  0.36   0.90   0.55   0.41     20      6      1   
  0.44   0.91   0.12   0.30     30     10      1   
  0.51   0.16   0.21   0.12     33     10      1   
  0.92   0.10   0.14   0.77     13     13      1   
  0.88   0.47   0.83   0.09      4      4      1   
  1.00   0.89   0.18   0.25     15     13      1   
  0.17   0.78   0.73   0.46     14      9      1   
  0.61   0.32   0.84   0.38      3      3      1   
Routing Failed to deliver
  0.77   0.14   0.11   0.55     21      8      1   
Routing Failed to deliver
  0.83   0.15   0.01   0.87     13     13      1   
  0.80   0.30   0.32   0.48      6      6      1   
  0.05   0.98   0.53   0.33     17     11      1   
  0.77   0.79   0.97   0.22      6      6      1   
  0.93   0.66   0.57   0.86      6      6      1   
  0.18   0.79   0.09   0.97      3      3      1   
  0.01   0.94   0.69   0.18     14     13      1   
  0.36   0.78   0.53   0.06     17     10      1   
  0.44   0.95   0.94   0.49      8      8      1   
Routing Failed to deliver
  0.27   0.54   0.59   0.38      4      4      1   
  0.13   0.37   0.68   0.55      7      7      1   
Routing Failed to deliver
  0.34   0.50   0.99   0.42      7      7      1   
  0.73   0.67   0.97   0.32      4      4      1   
  0.84   0.41   0.90   0.43      1      1      1   
  0.91   0.25   0.71   0.74      6      5      1   
  0.36   0.90   0.76   0.14     23      9      1   
  0.90   0.43   0.75   0.73      4      4      1   
Routing Failed to deliver
  0.51   0.83   0.06   0.03     13     12      1   
Routing Failed to deliver
  0.69   0.31   0.69   0.82      6      6      1   
  0.75   0.65   0.83   0.09      6      6      1   
  0.94   0.49   0.55   0.95      7      7      1   
  0.83   0.23   0.89   0.98     14      8      1   
  0.78   0.93   0.11   0.55     13     10      1   
  0.59   0.18   0.20   0.32     21      8      1   
  0.82   0.14   0.69   0.18      2      2      1   
  0.65   0.13   0.61   0.93      9      9      1   
  0.36   0.94   0.75   0.65      5      5      1   
  0.57   0.59   0.16   0.28      7      7      1   
  0.34   0.50   0.36   0.90     10      8      1   
  0.44   0.14   0.15   0.25     23      9      1   
  0.08   0.38   0.73   0.46      8      8      1   
  0.67   0.62   0.92   0.10      7      6      1   
  0.55   0.41   0.65   0.23      2      2      1   
Routing Failed to deliver
  0.76   0.58   0.55   0.95      5      5      1   
  0.04   0.43   0.59   0.42      6      5      1   
  0.17   0.78   0.67   0.62     11      7      1   
  0.54   0.85   0.78   0.93      3      3      1   
  0.55   0.41   0.74   0.97      7      7      1   
  0.93   0.10   0.00   0.51     11     11      1   
  0.89   0.98   0.74   0.82      2      2      1   
  0.52   0.91   0.69   0.24      8      7      1   
  0.20   0.81   0.09   0.18     27     14      1   
  0.93   0.10   0.67   0.62      7      6      1   
  0.94   0.26   0.26   0.49      7      7      1   
  0.01   0.23   0.08   0.38      2      2      1   
  0.94   0.39   0.88   0.51      1      1      1   
  0.54   0.82   0.57   0.59      4      4      1   
  0.97   0.32   0.15   0.38     18     10      1   
Routing Failed to deliver
  0.05   0.98   0.54   0.60      9      8      1   
  0.79   0.24   0.79   0.10      2      2      1   
  0.55   0.03   0.36   0.94     10     10      1   
  0.89   0.35   0.26   0.49      7      7      1   
Routing Failed to deliver
  0.18   0.37   0.08   0.10      3      3      1   
  0.15   0.18   0.09   0.18      1      1      1   
  0.12   0.30   0.93   0.66     12     10      1   
  0.44   0.95   0.50   0.11     10      9      1   
Routing Failed to deliver
Routing Failed to deliver
  0.78   0.91   0.59   0.18      8      8      1   
  0.15   0.25   0.76   0.14     27      9      1   
  0.79   0.56   0.58   0.83      4      4      1   
  0.89   0.35   0.13   0.37     17      9      1   
  0.50   0.75   0.54   0.85      1      1      1   
  0.15   0.07   0.50   0.75     13     11      1   
  0.12   0.32   0.34   0.50      3      3      1   
  0.13   0.32   0.99   0.22     18     11      1   
Routing Failed to deliver
  0.79   0.10   0.70   0.42      4      4      1   
  0.93   0.10   0.78   0.97     13      9      1   
  0.09   0.18   0.71   0.94     14     12      1   
  0.53   0.48   0.74   0.82      4      4      1   
  0.09   0.97   0.67   0.62     10      9      1   
  0.67   0.62   0.89   0.98      4      4      1   
  0.53   0.02   0.60   0.37      4      4      1   
  0.64   0.40   0.74   0.97      6      6      1   
  0.50   0.93   0.59   0.15      9      8      1   
  0.63   0.35   0.75   0.73      5      5      1   
Routing Failed to deliver
  0.83   0.15   0.57   0.86      9      8      1   
  0.61   0.56   0.88   0.47      3      3      1   
  0.36   0.94   0.51   0.16     12      9      1   
  0.90   0.43   0.09   0.93     12     11      1   
  0.92   0.10   0.77   0.14      2      2      1   
  0.06   0.99   0.04   0.43     29     14      1   
  0.65   0.19   0.69   0.24      1      1      1   
  0.44   0.25   0.58   0.83      7      7      1   
  0.15   0.18   0.75   0.73     13     11      1   
Routing Failed to deliver
  0.10   0.19   0.79   0.10     27     11      1   
  0.85   0.49   0.32   0.48      7      6      1   
  0.69   0.31   0.00   0.51      8      8      1   
  0.36   0.78   0.54   0.85      3      3      1   
  0.77   0.14   0.79   0.56      5      5      1   
  0.93   0.10   0.77   0.79     11      7      1   
  0.45   0.02   0.20   0.54      8      8      1   
  0.55   0.95   0.36   0.94      2      2      1   
  0.17   0.02   0.94   0.03     37     13      1   
  0.04   0.47   0.10   0.46      1      1      1   
  0.79   0.24   0.99   0.42      3      3      1   
  0.01   0.08   0.99   0.42     14     13      1   
  0.34   0.50   0.10   0.46      2      2      1   
  0.83   0.09   0.20   0.17     30     11      1   
  0.44   0.95   0.17   0.78      3      3      1   
  0.71   0.00   0.61   0.93     12     11      1   
  0.59   0.42   0.00   0.51      6      6      1   
  0.15   0.18   0.19   0.06      1      1      1   
  0.91   0.25   0.94   0.49      3      3      1   
  0.51   0.16   0.44   0.91      8      8      1   
Routing Failed to deliver
  0.10   0.46   0.18   0.37      1      1      1   
  0.79   0.56   0.98   0.67      3      3      1   
  0.15   0.25   0.75   0.65     11      9      1   
  0.53   0.33   0.67   0.62      4      4      1   
  0.65   0.13   0.92   0.10      3      3      1   
  0.50   0.75   0.82   0.14      7      7      1   
  0.44   0.91   0.67   0.37      6      6      1   
  0.24   0.89   0.19   0.06     28     14      1   
  0.22   0.52   0.15   0.18      4      4      1   
  0.77   0.14   0.75   0.65      6      6      1   
  0.71   0.00   0.54   0.96     12     11      1   
  0.61   0.56   0.94   0.39      4      4      1   
  0.48   0.09   0.50   0.75      8      8      1   
  0.44   0.95   0.79   0.93      4      4      1   
  0.92   0.01   0.99   0.22      3      3      1   
  0.88   0.51   0.54   0.85      5      5      1   
Routing Failed to deliver
  0.83   0.34   0.19   0.85     11     11      1   
  0.25   0.87   0.79   0.10     13     11      1   
  0.60   0.32   0.92   0.10      4      4      1   
  0.93   0.10   0.83   0.34      3      3      1   
  0.53   0.02   0.44   0.25      3      3      1   
  0.18   0.79   0.53   0.33     14      9      1   
  0.93   0.10   1.00   0.89     15     10      1   
  0.73   0.97   0.13   0.32     13     12      1   
  0.75   0.26   0.65   0.23      1      1      1   
  0.54   0.96   0.57   0.59      5      5      1   
  0.05   0.98   0.48   0.71      8      7      1   
  0.60   0.37   0.54   0.85      6      6      1   
  0.94   0.39   0.05   0.07     33     12      1   
  0.25   1.00   0.10   0.55     29     11      1   
  0.21   0.12   0.88   0.56     11     10      1   
  0.21   0.12   0.36   0.53      5      5      1   
Routing Failed to deliver
  0.82   0.14   0.12   0.82     12     12      1   
  0.16   0.28   0.65   0.23     19      8      1   
  0.73   0.46   0.78   0.93      5      5      1   
  0.01   0.94   0.94   0.03     16     15      1   
  0.54   0.96   0.69   0.31      7      7      1   
  0.93   0.10   0.48   0.47      6      6      1   
  0.75   0.65   0.78   0.97      4      4      1   
  0.22   0.52   0.76   0.14      7      7      1   
  0.05   0.31   0.08   0.38      1      1      1   
  0.59   0.38   0.17   0.06     30      9      1   
  0.78   0.97   0.88   0.51      6      5      1   
  0.14   0.77   0.78   0.91      8      8      1   
  0.50   0.11   0.53   0.33      3      3      1   
  0.20   0.32   0.75   0.80     12     10      1   
  0.73   0.67   0.77   0.79      1      1      1   
  0.12   0.82   0.34   0.50     20     11      1   
  0.13   0.52   0.70   0.42      5      5      1   
  0.15   0.18   0.04   0.04      2      2      1   
  0.77   0.48   0.94   0.49      2      2      1   
  0.36   0.94   0.69   0.31      7      7      1   
  0.59   0.42   0.73   0.97      6      6      1   
  0.08   0.38   0.16   0.28      1      1      1   
Routing Failed to deliver
  0.12   0.30   0.21   0.12      2      2      1   
  0.75   0.80   0.22   0.49     11      8      1   
  0.50   0.75   0.83   0.09      8      8      1   
  0.50   0.61   0.94   0.39      5      5      1   
  0.36   0.78   0.78   0.97      6      6      1   
Routing Failed to deliver
  0.34   0.50   0.20   0.01      5      5      1   
  0.63   0.35   0.58   0.83      6      6      1   
  0.67   0.37   0.17   0.02     31      9      1   
  0.57   0.59   0.22   0.52     43      5      1   
  0.93   0.10   0.22   0.52      9      9      1   
  0.09   0.93   0.21   0.91      1      1      1   
  0.79   0.93   0.52   0.47      5      5      1   
  0.50   0.93   0.26   0.49      8      7      1   
  0.25   0.87   0.71   0.94      5      5      1   
  0.03   0.46   0.63   0.35      6      6      1   
  0.76   0.58   0.48   0.71      4      4      1   
  0.75   0.73   0.09   0.18     11     11      1   
Routing Failed to deliver
  0.71   0.00   0.59   0.18      3      3      1   
  0.65   0.23   0.50   0.75      6      6      1   
  0.53   0.02   0.67   0.37      5      5      1   
  0.50   0.93   0.54   0.28      7      6      1   
Routing Failed to deliver
  0.59   0.42   0.20   0.17     24      7      1   
  0.85   0.86   0.01   0.08     14     14      1   
  0.58   0.83   0.69   0.31      6      6      1   
  0.53   0.06   0.65   0.23      2      2      1   
  0.27   0.54   0.15   0.07      5      5      1   
  0.08   0.38   0.16   0.28      1      1      1   
  0.89   0.35   0.69   0.82      5      5      1   
  0.69   0.18   0.68   0.82      8      8      1   
  0.97   0.32   0.48   0.09      5      5      1   
  0.69   0.18   0.65   0.19      1      1      1   
  0.05   0.31   0.83   0.15     29     10      1   
  0.73   0.97   0.82   0.14      9      9      1   
  0.65   0.23   0.68   0.55      4      4      1   
  0.68   0.82   0.75   0.30      6      6      1   
  0.04   0.08   0.17   0.02      2      2      1   
  0.57   0.94   0.45   0.02     10      9      1   
  0.84   0.38   0.61   0.32      3      3      1   
  0.02   0.45   0.01   0.87     34     14      1   
Routing Failed to deliver
  0.68   0.82   0.91   0.25      6      6      1   
Routing Failed to deliver
  0.75   0.30   0.54   0.85      7      7      1   
Routing Failed to deliver
Routing Failed to deliver
  0.02   0.45   0.53   0.06     39      8      1   
  0.53   0.06   0.09   0.18     27     10      1   
  0.99   0.22   0.04   0.47     10     10      1   
  0.36   0.94   0.19   0.85      2      2      1   
  0.22   0.52   0.85   0.86     11      9      1   
  0.88   0.51   0.54   0.60      4      4      1   
  0.63   0.03   0.78   0.97     10     10      1   
  0.94   0.26   0.79   0.56      3      3      1   
  0.57   0.86   0.67   0.37      6      6      1   
  0.88   0.51   0.59   0.18      5      5      1   
  0.69   0.47   0.45   0.02      6      5      1   
  0.44   0.25   0.77   0.79      6      6      1   
Routing Failed to deliver
  0.14   0.33   0.69   0.47      9      7      1   
  0.01   0.23   0.45   0.02     45     11      1   
  0.48   0.71   0.18   0.37      8      7      1   
  0.99   0.22   0.13   0.32     19     11      1   
  0.67   0.62   0.05   0.31      8      8      1   
  0.93   0.10   0.90   0.43      3      3      1   
  0.59   0.42   0.74   0.97      6      6      1   
  0.54   0.09   0.93   0.10      4      4      1   
  0.65   0.19   0.69   0.18      1      1      1   
  0.09   0.93   0.12   0.32     27     14      1   
  0.75   0.26   0.59   0.15      2      2      1   
Routing Failed to deliver
  0.53   0.48   0.88   0.56      4      4      1   
Routing Failed to deliver
  0.04   0.04   0.59   0.42     10      9      1   
  0.83   0.09   0.73   0.97     10      9      1   
  0.59   0.42   0.68   0.82      5      5      1   
  0.68   0.55   0.45   0.02      7      6      1   
  0.45   0.02   0.94   0.39      6      6      1   
  0.83   0.15   0.09   0.97     13     13      1   
  0.18   0.25   0.91   0.25     16     10      1   
  0.84   0.38   0.74   0.82      5      5      1   
  0.53   0.02   0.88   0.47      6      6      1   
  0.53   0.02   0.93   0.10      5      5      1   
  0.85   0.49   0.78   0.97      5      5      1   
Routing Failed to deliver
  0.89   0.08   0.57   0.86     10      9      1   
  0.04   0.81   0.31   0.86      3      3      1   
  0.91   0.25   0.73   0.67      5      4      1   
  0.81   0.32   0.78   0.97      7      7      1   
  0.17   0.78   0.73   0.97      6      6      1   
  0.04   0.81   0.54   0.82      8      7      1   
  0.16   0.28   0.81   0.32     10      9      1   
  0.74   0.97   0.13   0.37     13     11      1   
  0.50   0.75   0.75   0.80      3      3      1   
  0.27   0.54   0.59   0.38      4      4      1   
  0.80   0.30   0.01   0.94     12     12      1   
  0.88   0.51   0.32   0.48      7      6      1   
  0.97   0.32   0.89   0.08      3      3      1   
  0.85   0.49   0.74   0.82      4      4      1   
  0.15   0.25   0.19   0.06      2      2      1   
  0.92   0.01   0.78   0.97     14     10      1   
  0.73   0.67   0.81   0.32      4      4      1   
  0.21   0.12   0.70   0.42      9      8      1   
  0.77   0.14   0.26   0.49      6      6      1   
  0.94   0.39   0.00   0.51     10     10      1   
  0.58   0.83   0.52   0.47      5      5      1   
  0.04   0.08   0.59   0.42      9      8      1   
  0.77   0.79   0.74   0.82      1      1      1   
  0.61   0.93   0.36   0.78     16      4      1   
Routing Failed to deliver
  0.89   0.08   0.44   0.14      5      5      1   
  0.48   0.09   0.10   0.46      9      9      1   
Routing Failed to deliver
  0.17   0.06   0.75   0.73     14     12      1   
  0.68   0.82   0.06   0.03     15     13      1   
  0.09   0.97   0.26   0.49     25     12      1   
  0.59   0.42   1.00   0.55      4      4      1   
  0.17   0.06   0.97   0.32     15     13      1   
  0.25   0.87   0.98   0.67     10     10      1   
  0.73   0.46   0.92   0.10      5      5      1   
Routing Failed to deliver
  0.54   0.85   0.02   0.45     10      9      1   
Routing Failed to deliver
  0.65   0.13   0.34   0.50      6      6      1   
  0.53   0.48   0.84   0.41      4      4      1   
  0.76   0.14   0.85   0.49      4      4      1   
  0.50   0.75   0.44   0.25      6      6      1   
  0.15   0.18   0.12   0.30      1      1      1   
  0.18   0.79   0.94   0.26     15     11      1   
  0.59   0.42   0.92   0.10      5      5      1   
  0.36   0.55   0.77   0.48      5      5      1   
  0.76   0.58   0.74   0.97      4      4      1   
  0.70   0.42   0.99   0.42      3      3      1   
  0.13   0.37   0.59   0.38      6      6      1   
Routing Failed to deliver
  0.07   0.20   0.06   0.03      2      2      1   
  0.61   0.93   0.20   0.54     10      9      1   
  0.17   0.06   0.13   0.52      5      5      1   
  0.71   0.94   0.79   0.24      8      8      1   
  0.36   0.53   0.76   0.58      4      4      1   
  0.54   0.60   0.50   0.75      2      2      1   
  0.74   0.97   0.15   0.38     13     11      1   
  0.15   0.18   0.10   0.55      4      4      1   
  0.50   0.93   0.48   0.47      7      5      1   
  0.04   0.08   0.89   0.35     14     12      1   
  0.67   0.62   0.61   0.56      1      1      1   
Routing Failed to deliver
  0.92   0.10   0.69   0.82      8      8      1   
  0.06   0.03   0.59   0.42     10      9      1   
  0.44   0.14   0.51   0.16      1      1      1   
  0.65   0.19   0.89   0.90      8      8      1   
  0.20   0.32   0.57   0.59      9      7      1   
  0.06   0.99   0.76   0.14     14     13      1   
  0.84   0.38   0.05   0.31     26      9      1   
  0.18   0.77   0.50   0.93      4      4      1   
  0.26   0.49   0.97   0.22      8      8      1   
  0.50   0.93   0.79   0.24      8      7      1   
Routing Failed to deliver
  0.50   0.61   0.31   0.86      5      5      1   
  1.00   0.55   0.48   0.09      8      7      1   
  0.65   0.19   0.94   0.49      4      4      1   
  0.08   0.38   0.04   0.47      1      1      1   
  0.80   0.30   0.17   0.78     10     10      1   
  0.10   0.55   0.54   0.85     11      9      1   
  0.10   0.55   0.67   0.37      6      6      1   
  0.54   0.09   0.44   0.25      2      2      1   
  0.57   0.86   0.06   0.03     14     13      1   
  0.76   0.58   0.89   0.90      4      4      1   
  0.73   0.46   0.02   0.45      7      7      1   
  0.63   0.35   0.91   0.25      3      3      1   
  0.75   0.26   0.10   0.46     22      8      1   
  0.97   0.22   0.54   0.28      5      5      1   
  0.10   0.46   0.76   0.58      7      7      1   
  0.90   0.43   0.60   0.32      4      4      1   
  0.92   0.01   0.83   0.15      2      2      1   
  0.79   0.10   0.04   0.47     21      9      1   
  0.13   0.32   0.59   0.42      8      6      1   
  0.44   0.91   0.53   0.33      6      6      1   
  0.90   0.43   0.02   0.45      9      9      1   
  0.22   0.52   0.23   0.44      1      1      1   
Routing Failed to deliver
  0.04   0.47   0.67   0.62      8      7      1   
  0.93   0.10   0.69   0.31      3      3      1   
  0.23   0.44   0.75   0.80     10      8      1   
  0.99   0.22   0.92   0.10      2      2      1   
  0.48   0.71   0.16   0.04     12     10      1   
  0.53   0.02   0.67   0.62      7      7      1   
  0.93   0.10   0.77   0.79     11      7      1   
  0.13   0.37   0.19   0.06      3      3      1   
  0.93   0.10   0.88   0.51      4      4      1   
  0.54   0.96   0.14   0.77      5      5      1   
  0.78   0.91   0.94   0.03      9      9      1   
  0.88   0.47   0.50   0.75      5      5      1   
  0.94   0.49   0.83   0.09      5      5      1   
  0.75   0.65   0.80   0.30      4      4      1   
Routing Failed to deliver
  0.51   0.16   0.15   0.07     34     11      1   
  0.52   0.47   0.65   0.19      3      3      1   
Routing Failed to deliver
Routing Failed to deliver
  0.36   0.78   0.69   0.18     12     10      1   
  0.79   0.93   0.06   0.99      9      9      1   
  0.75   0.26   0.44   0.14      4      4      1   
  0.59   0.18   0.82   0.14      3      3      1   
Routing Failed to deliver
  0.51   0.83   0.60   0.32      5      5      1   
  0.19   0.85   0.79   0.10     13     12      1   
  0.89   0.90   0.22   0.49     12     10      1   
  0.89   0.08   0.75   0.80      8      7      1   
  0.54   0.85   0.18   0.25     11     10      1   
  0.75   0.26   0.73   0.67      5      5      1   
  0.18   0.25   0.79   0.10     26     10      1   
  0.60   0.37   0.48   0.71      4      4      1   
  0.25   0.87   0.83   0.23     12     10      1   
  0.88   0.56   0.44   0.14      6      6      1   
  0.05   0.07   0.75   0.30     12     10      1   
  0.20   0.17   0.77   0.14     26     10      1   
  0.98   0.67   0.09   0.97     14     13      1   
  0.59   0.15   0.50   0.93      8      8      1   
  0.94   0.03   0.09   0.18     31     12      1   
  0.68   0.82   0.92   0.01      9      9      1   
  0.83   0.15   0.17   0.49      8      8      1   
  0.22   0.52   1.00   0.55      8      8      1   
  0.04   0.81   0.97   0.22     18     14      1   
  0.90   0.43   0.27   0.54      7      7      1   
  0.57   0.86   0.73   0.67      3      3      1   
  0.58   0.85   0.13   0.07     13     12      1   
  0.79   0.10   0.71   0.94     10      9      1   
  0.89   0.90   0.69   0.47      5      5      1   
  0.73   0.97   0.70   0.42      6      6      1   
  0.44   0.25   0.98   0.67      7      7      1   
  0.18   0.25   0.59   0.79     12     10      1   
  0.10   0.19   0.71   0.94     14     12      1   
  0.15   0.07   0.20   0.01      1      1      1   
  0.04   0.08   0.18   0.25      2      2      1   
  0.12   0.32   0.04   0.04      3      3      1   
  0.20   0.54   0.60   0.37      5      5      1   
  1.00   0.55   0.98   0.67      1      1      1   
  0.24   0.89   0.50   0.11     20     10      1   
  0.83   0.09   0.50   0.11      4      4      1   
  0.60   0.32   0.36   0.55      4      4      1   
Routing Failed to deliver
  0.78   0.97   0.16   0.28     14     12      1   
  0.10   0.19   0.44   0.25     25      9      1   
  0.81   0.32   0.08   0.38      9      9      1   
  0.54   0.09   0.20   0.17     27     10      1   
  0.12   0.32   0.10   0.55      3      3      1   
  0.36   0.90   0.94   0.26     13      9      1   
  1.00   0.89   0.04   0.43     14     12      1   
  0.16   0.28   0.61   0.32      8      7      1   
Routing Failed to deliver
  0.21   0.12   0.73   0.46     10      9      1   
  0.54   0.82   0.97   0.32      7      7      1   
  0.16   0.28   0.69   0.18     20      9      1   
  0.00   0.51   0.01   0.21      3      3      1   
  0.77   0.79   0.94   0.39      4      4      1   
  0.13   0.52   0.51   0.16      9      7      1   
  0.83   0.15   0.79   0.24      1      1      1   
Routing Failed to deliver
  0.52   0.91   1.00   0.89      5      5      1   
Routing Failed to deliver
  0.90   0.43   0.97   0.22      2      2      1   
  0.01   0.94   0.75   0.65     10      9      1   
  0.08   0.38   0.50   0.61     10      8      1   
  0.18   0.25   0.78   0.97     14     12      1   
  0.36   0.53   0.09   0.18      5      5      1   
  0.89   0.90   0.15   0.18     15     13      1   
  0.64   0.40   0.53   0.48      2      2      1   
  0.88   0.47   0.78   0.93      5      5      1   
  0.20   0.32   0.15   0.25      1      1      1   
  0.59   0.42   0.11   0.55      5      5      1   
  0.79   0.56   1.00   0.89      6      5      1   
  0.01   0.08   0.55   0.03     41     13      1   
  0.89   0.35   0.14   0.77     12     11      1   
Routing Failed to deliver
  0.51   0.16   0.90   0.43      5      5      1   
  0.12   0.82   0.50   0.61      9      7      1   
Routing Failed to deliver
  0.54   0.85   0.20   0.54      9      8      1   
  0.18   0.37   0.51   0.83     10      8      1   
  0.54   0.96   0.15   0.07     14     13      1   
  0.31   0.86   0.83   0.34     11     10      1   
  0.19   0.06   0.58   0.85     14     12      1   
  0.71   0.00   0.75   0.65      8      7      1   
  0.79   0.93   0.54   0.28      7      7      1   
  0.15   0.25   0.21   0.12      2      2      1   
  0.59   0.38   0.10   0.46      6      6      1   
  0.51   0.83   0.05   0.98      6      6      1   
  0.89   0.08   0.53   0.48      5      5      1   
  0.10   0.55   0.71   0.00     11     10      1   
  0.78   0.97   0.99   0.22      9      8      1   
  0.21   0.12   0.01   0.23      3      3      1   
  0.63   0.03   0.36   0.55      8      7      1   
  0.85   0.86   0.04   0.08     13     13      1   
  0.53   0.33   0.44   0.25      1      1      1   
  0.48   0.09   0.94   0.03      5      5      1   
Routing Failed to deliver
  0.84   0.41   0.71   0.74      4      4      1   
  0.78   0.97   0.06   0.03     17     15      1   
  0.14   0.77   0.60   0.37     12     10      1   
  0.34   0.50   0.79   0.10     30      7      1   
  0.58   0.83   0.60   0.32      6      6      1   
  0.59   0.18   0.65   0.23      1      1      1   
  0.65   0.13   0.54   0.09      1      1      1   
Routing Failed to deliver
Routing Failed to deliver
Routing Failed to deliver
  0.01   0.08   0.08   0.10      1      1      1   
  0.94   0.03   0.34   0.50      8      8      1   
  0.01   0.08   0.55   0.41     10      9      1   
  0.61   0.32   0.03   0.46     14      6      1   
  0.12   0.82   0.48   0.09     25     13      1   
  0.79   0.24   0.04   0.47      8      8      1   
  0.69   0.31   0.18   0.25     22      8      1   
  0.18   0.25   0.53   0.06     40      9      1   
  0.93   0.10   0.75   0.30      3      3      1   
  0.91   0.25   0.76   0.58      4      4      1   
Routing Failed to deliver
Routing Failed to deliver
  0.25   1.00   0.53   0.48      9      6      1   
  0.04   0.43   0.71   0.94     11     10      1   
  0.13   0.52   0.55   0.03     10      8      1   
  0.05   0.07   0.64   0.40     10      9      1   
Routing Failed to deliver
Routing Failed to deliver
Routing Failed to deliver
  0.71   0.94   0.24   0.89      5      5      1   
Routing Failed to deliver
  0.51   0.83   0.73   0.97      3      3      1   
  0.69   0.47   0.75   0.80      3      3      1   
  0.09   0.93   0.09   0.97      1      1      1   
  0.51   0.83   0.21   0.12     11     10      1   
  0.05   0.31   0.69   0.18     21      9      1   
  0.92   0.01   0.76   0.58      7      6      1   
  0.89   0.90   1.00   0.89      1      1      1   
  0.20   0.54   0.59   0.38      5      5      1   
  0.85   0.49   1.00   0.55      2      2      1   
  0.79   0.56   0.91   0.25      3      3      1   
Routing Failed to deliver
  0.44   0.14   0.64   0.40      4      4      1   
  0.20   0.54   0.15   0.38      2      2      1   
  0.61   0.32   1.00   0.55      5      5      1   
  0.88   0.51   0.78   0.97      5      5      1   
  0.03   0.46   0.59   0.42      5      5      1   
  0.85   0.49   0.94   0.03      6      5      1   
  0.92   0.10   0.84   0.38      4      4      1   
  0.97   0.32   0.01   0.23     24     12      1   
  0.01   0.08   0.94   0.03     36     14      1   
  0.15   0.38   0.94   0.39      9      9      1   
  0.58   0.85   0.74   0.82      2      2      1   
  0.99   0.42   0.12   0.32     19     10      1   
  0.65   0.23   0.13   0.07     30     10      1   
  0.90   0.43   0.55   0.95      7      7      1   
  0.44   0.14   0.59   0.18      2      2      1   
  0.75   0.65   0.32   0.48      6      6      1   
  0.59   0.42   0.77   0.14      3      3      1   
Routing Failed to deliver
  0.78   0.93   0.48   0.71      5      5      1   
  0.10   0.46   0.08   0.38      1      1      1   
  0.80   0.30   0.59   0.15      3      3      1   
  0.54   0.96   0.15   0.18     13     12      1   
Routing Failed to deliver
Routing Failed to deliver
Routing Failed to deliver
  0.55   0.95   0.88   0.51      6      6      1   
  0.61   0.93   0.20   0.17     13     12      1   
Routing Failed to deliver
  0.79   0.10   0.54   0.60      6      6      1   
  0.26   0.49   0.20   0.54      1      1      1   
  0.59   0.38   0.92   0.10      4      4      1   
  0.20   0.17   0.79   0.56     11     10      1   
  0.58   0.83   0.53   0.48      4      4      1   
  0.92   0.01   0.45   0.02      5      5      1   
  0.75   0.80   0.53   0.02      9      9      1   
  0.10   0.46   0.70   0.42      6      6      1   
Routing Failed to deliver
  0.81   0.32   0.93   0.66      4      4      1   
  0.53   0.02   0.89   0.98     11     11      1   
  0.92   0.01   0.18   0.37     24     10      1   
  0.75   0.26   0.73   0.67      5      5      1   
  0.89   0.08   0.54   0.09      4      4      1   
  0.12   0.30   0.60   0.32      8      7      1   
  0.83   0.34   0.34   0.50      6      6      1   
  0.55   0.41   0.81   0.32      3      3      1   
  0.88   0.56   0.57   0.59      3      3      1   
  0.18   0.77   0.36   0.78      3      3      1   
  0.17   0.06   0.05   0.31      3      3      1   
  0.65   0.13   0.85   0.49      4      4      1   
  0.94   0.39   0.73   0.67      3      3      1   
  0.32   0.48   0.84   0.41      6      6      1   
  0.68   0.82   0.79   0.10      9      8      1   
  0.50   0.11   0.02   0.45     10      8      1   
  0.67   0.62   0.50   0.11      6      6      1   
  0.78   0.97   0.94   0.03     11     10      1   
  0.97   0.22   0.53   0.48      5      5      1   
  0.25   1.00   0.92   0.10     11     11      1   
  0.14   0.77   0.89   0.98      9      9      1   
  0.59   0.79   0.04   0.08     13     12      1   
  0.78   0.97   0.78   0.97      1      1      1   
  0.10   0.55   0.55   0.41      5      5      1   
  0.76   0.14   0.76   0.58      5      5      1   
  0.82   0.14   0.44   0.91      9      8      1   
  0.55   0.95   0.93   0.10     10      9      1   
  0.90   0.43   0.78   0.97     10      6      1   
  0.70   0.42   0.08   0.10     27      9      1   
Routing Failed to deliver
Routing Failed to deliver
  0.18   0.77   0.12   0.30     28     13      1   
  0.67   0.37   0.94   0.03      5      5      1   
  0.88   0.51   0.93   0.10      4      4      1   
  0.15   0.38   0.58   0.85     11      9      1   
  0.08   0.38   0.78   0.97     14     12      1   
  0.88   0.56   0.58   0.85      5      5      1   
  0.09   0.18   0.20   0.01      2      2      1   
  0.83   0.15   0.22   0.52      8      8      1   
  0.44   0.14   0.59   0.79      8      8      1   
  0.26   0.49   0.89   0.35      7      7      1   
  0.06   0.03   0.50   0.75     14     12      1   
  0.36   0.53   0.55   0.03      6      6      1   
  0.00   0.51   0.15   0.07      5      5      1   
  0.18   0.25   0.89   0.90     14     12      1   
  0.94   0.39   0.78   0.97      6      6      1   
  0.13   0.52   0.78   0.97     11     10      1   
  0.13   0.37   0.26   0.49      2      2      1   
  0.93   0.10   0.94   0.39      3      3      1   
  0.69   0.18   0.65   0.13      1      1      1   
  0.94   0.39   0.78   0.91      5      5      1   
  0.85   0.86   0.63   0.03      9      9      1   
  0.18   0.25   0.12   0.32      1      1      1   
  0.79   0.93   0.34   0.50      8      8      1   
  0.27   0.54   0.69   0.47      4      4      1   
  0.20   0.54   0.21   0.12      4      4      1   
Routing Failed to deliver
  0.61   0.93   0.82   0.14      9      9      1   
  0.83   0.34   0.73   0.46      2      2      1   
  0.09   0.97   0.36   0.90      4      4      1   
  0.70   0.42   0.79   0.24      2      2      1   
  0.20   0.32   0.89   0.90     14     12      1   
  0.50   0.11   0.14   0.33     25      9      1   
  0.14   0.33   0.08   0.10      3      3      1   
  0.85   0.49   0.69   0.31      3      3      1   
  0.77   0.79   0.15   0.18     11     11      1   
  0.74   0.82   0.48   0.09      9      9      1   
  0.77   0.48   0.75   0.65      2      2      1   
Routing Failed to deliver
  0.84   0.41   0.94   0.26      2      2      1   
  0.12   0.32   0.58   0.83     12     10      1   
  0.88   0.51   0.06   0.99     11     11      1   
  0.59   0.38   0.13   0.37     14      6      1   
  0.26   0.49   0.60   0.32      4      4      1   
  0.77   0.14   0.01   0.21     30     10      1   
  0.73   0.46   0.45   0.02      6      6      1   
  0.69   0.18   0.50   0.61      6      6      1   
  0.10   0.46   0.89   0.35      9      9      1   
  0.05   0.98   0.51   0.83      6      6      1   
  0.15   0.25   0.20   0.54      3      3      1   
  0.44   0.91   0.58   0.85      2      2      1   
  0.58   0.85   0.83   0.09      9      9      1   
  0.24   0.89   0.54   0.96      3      3      1   
Routing Failed to deliver
  0.84   0.38   0.69   0.24      2      2      1   
Routing Failed to deliver
  0.61   0.93   0.05   0.98      7      7      1   
  0.48   0.47   0.59   0.42      1      1      1   
  0.77   0.48   0.84   0.41      1      1      1   
  0.80   0.30   0.50   0.61      5      5      1   
  0.09   0.97   0.60   0.32     12     11      1   
  0.88   0.56   0.69   0.24      4      4      1   
  0.71   0.00   0.93   0.66      7      7      1   
  0.69   0.82   0.75   0.73      1      1      1   
Routing Failed to deliver
  0.88   0.56   0.75   0.26      3      3      1   
  0.20   0.54   0.84   0.41      7      7      1   
  0.19   0.85   0.61   0.93      5      5      1   
  0.79   0.56   0.76   0.14      5      5      1   
  0.57   0.94   0.03   0.46     10      9      1   
  0.13   0.07   0.02   0.45      4      4      1   
  0.59   0.15   0.54   0.09      1      1      1   
  0.80   0.30   0.09   0.93     11     11      1   
Routing Failed to deliver
  0.09   0.97   0.68   0.82      9      8      1   
  0.84   0.41   0.83   0.34      1      1      1   
  0.75   0.73   0.53   0.06      8      8      1   
  0.01   0.21   0.13   0.32      2      2      1   
  0.13   0.32   0.13   0.07      3      3      1   
  0.32   0.48   0.79   0.56      6      6      1   
  0.09   0.18   0.69   0.47      9      8      1   
  0.98   0.67   0.19   0.85     12     11      1   
Routing Failed to deliver
  0.17   0.49   0.01   0.08      5      5      1   
  0.36   0.90   0.77   0.48     11      7      1   
  0.21   0.91   0.73   0.97      6      6      1   
Routing Failed to deliver
  0.94   0.39   0.53   0.48      5      5      1   
  0.76   0.14   0.85   0.86     14      8      1   
  0.67   0.37   0.91   0.25      3      3      1   
Routing Failed to deliver
  0.18   0.25   0.75   0.30      9      8      1   
  0.31   0.86   0.09   0.97      3      3      1   
  0.94   0.49   0.89   0.90     11      6      1   
  0.79   0.24   0.99   0.42      3      3      1   
  0.55   0.95   0.84   0.38      7      7      1   
  0.12   0.30   0.13   0.37      1      1      1   
Routing Failed to deliver
Routing Failed to deliver
  0.68   0.55   0.77   0.48      1      1      1   
  0.69   0.47   0.54   0.28      3      3      1   
  0.83   0.15   0.19   0.06     37     12      1   
  0.03   0.46   0.12   0.32      2      2      1   
  0.19   0.85   0.54   0.09     23     11      1   
  0.75   0.65   0.05   0.31      9      9      1   
  0.50   0.61   0.16   0.04     11     10      1   
Routing Failed to deliver
  0.89   0.90   0.04   0.08     16     14      1   
  0.17   0.02   0.13   0.32      3      3      1   
  0.12   0.32   0.05   0.31      1      1      1   
Routing Failed to deliver
  0.90   0.43   0.99   0.22      2      2      1   
  0.58   0.83   0.60   0.37      6      6      1   
  0.69   0.18   0.51   0.83      7      7      1   
  0.91   0.25   0.10   0.19     33     11      1   
  0.01   0.94   0.54   0.96      7      6      1   
  0.01   0.21   0.59   0.38     10      8      1   
  0.05   0.07   0.50   0.75     13     11      1   
  0.01   0.23   0.57   0.59     10      8      1   
  0.83   0.15   0.44   0.25      5      5      1   
  0.79   0.24   0.63   0.03      3      3      1   
  0.88   0.56   0.82   0.14      4      4      1   
  0.52   0.47   0.97   0.22      5      5      1   
  0.05   0.31   0.89   0.35     12     10      1   
  0.53   0.33   0.50   0.93      6      6      1   
  0.01   0.08   0.92   0.10     29     14      1   
  0.06   0.03   0.02   0.45      5      5      1   
  0.71   0.74   0.13   0.37      8      8      1   
  0.59   0.18   0.36   0.94      8      8      1   
  0.60   0.32   0.11   0.55      6      6      1   
  0.17   0.06   0.09   0.18      2      2      1   
  0.34   0.50   0.45   0.02     44      7      1   
  0.18   0.25   0.74   0.82     12     10      1   
  0.73   0.97   0.32   0.48     10      9      1   
  0.97   0.22   0.99   0.42      2      2      1   
  0.18   0.25   0.67   0.37      8      7      1   
Routing Failed to deliver
  0.09   0.97   0.57   0.94      7      7      1   
  0.17   0.49   0.32   0.48      2      2      1   
  0.51   0.16   0.85   0.86      9      8      1   
  0.79   0.93   0.59   0.42      6      6      1   
  0.54   0.85   0.17   0.49      9      8      1   
  0.09   0.97   0.63   0.35     12     11      1   
  0.44   0.95   0.85   0.49      7      7      1   
Routing Failed to deliver
  0.05   0.07   0.22   0.49      4      4      1   
  0.68   0.82   0.98   0.67      6      6      1   
  0.94   0.49   0.36   0.90      9      8      1   
  0.44   0.25   0.04   0.08     24     10      1   
  0.17   0.49   0.55   0.03     47      8      1   
  0.74   0.82   0.52   0.91      3      3      1   
  0.48   0.47   0.75   0.80      5      5      1   
  0.59   0.42   0.58   0.85      5      5      1   
  0.14   0.33   0.99   0.42     12     10      1   
  0.91   0.25   0.75   0.73      6      5      1   
  0.70   0.42   0.22   0.49      5      5      1   
  0.19   0.85   0.21   0.12     28     14      1   
  0.61   0.56   0.51   0.83      3      3      1   
  0.17   0.02   1.00   0.89     18     15      1   
  0.51   0.16   0.54   0.09      1      1      1   
Routing Failed to deliver
  0.99   0.22   0.59   0.15      4      4      1   
Routing Failed to deliver
  0.12   0.32   0.53   0.02     44     10      1   
  0.51   0.83   0.00   0.51     10      9      1   
  0.57   0.86   0.79   0.56      4      4      1   
  0.09   0.93   0.83   0.23     13     12      1   
  0.05   0.07   0.48   0.47      7      7      1   
Routing Failed to deliver
  0.08   0.10   0.23   0.44      4      4      1   
Routing Failed to deliver
  0.70   0.42   0.59   0.79      5      5      1   
  0.01   0.87   0.75   0.26     14     12      1   
  0.10   0.46   0.63   0.35      6      6      1   
Routing Failed to deliver
  0.04   0.04   0.18   0.25      3      3      1   
  0.63   0.03   0.58   0.85      9      9      1   
  0.18   0.25   0.21   0.12      2      2      1   
  0.17   0.06   0.59   0.42      9      8      1   
  0.15   0.18   0.89   0.98     15     13      1   
  0.53   0.06   0.13   0.37     10      8      1   
  0.77   0.79   0.85   0.86      1      1      1   
  0.17   0.49   0.09   0.18      3      3      1   
  0.92   0.10   0.67   0.62      7      6      1   
  0.03   0.46   0.54   0.09     32      8      1   
  0.04   0.04   0.58   0.85     15     13      1   
Routing Failed to deliver
  0.73   0.67   0.20   0.01     40     11      1   
  0.78   0.97   0.20   0.54     12     10      1   
  0.07   0.20   0.55   0.03     37     11      1   
  0.76   0.58   0.13   0.37      7      7      1   
  0.77   0.79   0.83   0.15      6      6      1   
  0.55   0.41   0.44   0.25      2      2      1   
  0.81   0.32   0.71   0.74      5      5      1   
  0.27   0.54   0.48   0.47      2      2      1   
  0.06   0.99   0.76   0.14     14     13      1   
  0.83   0.15   0.63   0.35      3      3      1   
Routing Failed to deliver
Routing Failed to deliver
  1.00   0.89   0.76   0.58      5      5      1   
  0.20   0.32   0.04   0.04      4      4      1   
  0.94   0.26   0.57   0.94      8      8      1   
Routing Failed to deliver
  0.60   0.32   0.69   0.18      2      2      1   
  0.78   0.91   0.01   0.87      9      9      1   
  0.97   0.22   0.97   0.32      1      1      1   
Routing Failed to deliver
  0.71   0.74   0.53   0.33      5      5      1   
  0.20   0.32   0.79   0.24     15      9      1   
  0.17   0.49   0.13   0.37      1      1      1   
Routing Failed to deliver
  0.55   0.03   0.02   0.45     11      9      1   
  0.63   0.35   0.75   0.73      5      5      1   
Routing Failed to deliver
  0.70   0.42   0.05   0.07     31      9      1   
