  0.91   0.25   0.09   0.18     17     11      1   
  0.20   0.32   0.93   0.66     14     10      1   
  0.69   0.82   0.54   0.28      6      6      1   
  0.57   0.59   0.35   0.75      4      4      1   
  0.93   0.66   0.08   0.38     10     10      1   
  0.00   0.51   0.21   0.74      3      3      1   
  0.04   0.81   0.14   0.77      1      1      1   
  0.88   0.47   0.85   0.86     11      4      1   
  0.09   0.57   0.57   0.59      7      6      1   
  0.21   0.74   0.88   0.47      9      8      1   
  0.58   0.83   0.50   0.61      5      3      1   
  0.57   0.59   0.18   0.37      6      6      1   
  0.25   0.87   0.98   0.67     11     10      1   
  0.89   0.98   0.54   0.09     10     10      1   
  0.14   0.77   0.18   0.25      5      5      1   
  0.04   0.04   0.10   0.46      5      5      1   
  0.57   0.94   0.59   0.15     10      8      1   
  0.79   0.56   0.35   0.59     20      6      1   
  0.51   0.83   0.35   0.59      8      4      1   
  0.58   0.85   0.59   0.42      6      5      1   
  0.75   0.65   0.03   0.46     10      9      1   
  0.71   0.94   0.94   0.03     10     10      1   
  0.04   0.81   0.21   0.91      2      2      1   
  0.69   0.31   0.19   0.06     32     10      1   
  0.12   0.58   0.22   0.49      2      2      1   
  0.76   0.14   0.11   0.55      8      8      1   
  0.70   0.42   0.10   0.19     23      8      1   
  0.78   0.97   1.00   0.55      7      6      1   
  0.16   0.04   0.15   0.07      1      1      1   
  0.32   0.48   0.58   0.83      6      6      1   
  0.84   0.41   0.77   0.48      1      1      1   
  0.54   0.28   0.93   0.66      6      6      1   
  0.54   0.28   0.52   0.47      2      2      1   
  0.18   0.25   0.73   0.67     11      9      1   
  0.31   0.86   0.71   0.74      5      5      1   
  0.59   0.38   0.74   0.97      7      7      1   
  0.75   0.73   0.09   0.97      9      9      1   
  0.10   0.19   0.88   0.56     11     10      1   
  0.31   0.86   0.18   0.37      5      5      1   
  0.20   0.32   0.79   0.10     26     10      1   
  0.04   0.08   0.17   0.78      7      7      1   
  0.44   0.91   0.59   0.79      2      2      1   
  0.98   0.67   0.89   0.08      6      6      1   
  0.58   0.83   0.61   0.32      7      6      1   
  0.36   0.55   0.10   0.46      3      3      1   
  0.27   0.54   0.18   0.77      4      4      1   
  0.54   0.82   0.23   0.44      9      7      1   
  0.44   0.91   0.59   0.79      2      2      1   
  0.20   0.32   0.15   0.77      5      5      1   
  0.09   0.18   0.83   0.15     21     11      1   
  0.12   0.82   0.59   0.38      8      7      1   
  0.20   0.54   0.18   0.25      3      3      1   
  0.04   0.04   0.75   0.73     15     13      1   
  0.76   0.58   0.24   0.89      7      7      1   
  0.65   0.13   0.48   0.09      2      2      1   
  0.36   0.53   0.79   0.24      5      5      1   
  0.52   0.47   0.85   0.49      4      4      1   
  0.61   0.32   0.17   0.06     27      9      1   
  0.71   0.74   0.79   0.24      6      6      1   
  0.00   0.51   0.23   0.44      3      3      1   
  0.39   0.76   0.16   0.04      9      7      1   
  0.99   0.22   0.97   0.22      1      1      1   
  0.09   0.18   0.59   0.42      8      7      1   
  0.26   0.77   0.78   0.97      7      7      1   
  0.88   0.56   1.00   0.55      1      1      1   
  0.20   0.17   0.93   0.66     15     11      1   
  0.94   0.26   0.04   0.04     19     13      1   
  0.53   0.06   0.31   0.86      9      8      1   
  0.36   0.78   0.17   0.06      8      7      1   
  0.17   0.78   0.03   0.46      3      3      1   
  0.18   0.77   0.21   0.12      6      6      1   
  0.04   0.04   0.04   0.08      1      1      1   
  0.81   0.32   0.01   0.87     10     10      1   
  0.26   0.77   0.54   0.85      4      4      1   
  0.71   0.74   0.89   0.35      4      4      1   
  0.09   0.57   0.50   0.61      8      6      1   
  0.79   0.93   0.54   0.09      9      9      1   
  0.79   0.24   0.09   0.57      8      8      1   
  0.79   0.93   0.75   0.26      8      8      1   
  0.63   0.03   0.48   0.47      6      5      1   
  0.57   0.86   0.18   0.37     10      7      1   
  0.52   0.47   0.12   0.67      6      6      1   
  0.97   0.22   1.00   0.55      3      3      1   
  0.31   0.86   0.75   0.26      7      7      1   
  0.54   0.96   0.36   0.94      2      2      1   
  0.18   0.25   0.12   0.67      4      4      1   
  0.27   0.60   0.97   0.32      8      8      1   
  0.20   0.32   0.44   0.95      8      8      1   
  0.77   0.79   0.89   0.90      2      2      1   
  0.70   0.42   0.13   0.32     28      7      1   
  1.00   0.89   0.26   0.49     12     10      1   
  0.63   0.35   0.07   0.20     22      8      1   
  0.71   0.94   0.90   0.43      6      6      1   
  0.22   0.52   0.88   0.51      7      7      1   
  0.82   0.14   0.20   0.81      9      9      1   
  0.05   0.98   0.09   0.97      1      1      1   
  0.83   0.15   0.85   0.86     14      7      1   
  0.22   0.52   0.71   0.00     10      9      1   
  0.54   0.82   0.92   0.10     10      9      1   
  0.65   0.13   0.24   0.89     10      9      1   
  0.04   0.47   0.75   0.65     10      8      1   
  0.71   0.94   0.73   0.67      3      3      1   
  0.25   0.87   0.17   0.49      4      4      1   
  0.54   0.28   0.10   0.46     20      7      1   
  0.04   0.08   0.92   0.01     30     13      1   
  0.71   0.74   0.88   0.51      3      3      1   
  0.09   0.97   0.55   0.95      6      6      1   
  0.05   0.98   0.36   0.55      6      6      1   
  0.80   0.30   0.63   0.03      4      4      1   
  0.88   0.47   0.12   0.30     30      9      1   
  0.99   0.42   0.92   0.01      4      4      1   
  0.83   0.09   0.55   0.95     10      9      1   
  0.06   0.99   0.83   0.15     11     11      1   
  0.34   0.50   0.44   0.95      6      6      1   
  0.44   0.95   0.53   0.48      5      5      1   
  0.20   0.01   0.54   0.09     38     12      1   
  0.25   1.00   0.78   0.93      6      6      1   
  0.16   0.28   0.75   0.80     11     10      1   
  0.15   0.18   0.83   0.15     20     11      1   
  0.13   0.32   0.83   0.15     17     10      1   
  0.01   0.23   0.52   0.47      7      7      1   
  0.83   0.23   0.54   0.09      3      3      1   
  0.89   0.90   0.35   0.75      7      7      1   
  0.75   0.65   1.00   0.55      3      3      1   
  0.17   0.78   0.59   0.18     12      8      1   
  0.01   0.94   0.85   0.49     10     10      1   
  0.84   0.38   0.22   0.49      7      7      1   
  0.16   0.04   0.71   0.94     12     12      1   
  0.44   0.25   0.15   0.18     23     10      1   
  0.06   0.99   0.64   0.40      9      9      1   
  0.58   0.85   0.36   0.55      8      5      1   
  0.31   0.86   0.45   0.02     49      9      1   
  0.09   0.93   0.78   0.93      8      8      1   
  0.27   0.60   0.44   0.91      5      5      1   
  0.83   0.34   0.54   0.85      7      7      1   
  0.73   0.97   0.55   0.95      2      2      1   
  0.94   0.03   0.13   0.07     18     13      1   
  0.16   0.28   0.14   0.77      5      5      1   
  0.73   0.97   0.11   0.55      9      9      1   
  0.59   0.79   0.09   0.57      7      7      1   
  0.54   0.09   0.13   0.07     14     12      1   
  0.20   0.32   0.39   0.76      5      5      1   
  0.10   0.55   0.76   0.14      8      8      1   
  0.08   0.38   0.20   0.32      2      2      1   
  0.04   0.81   0.83   0.34     10     10      1   
  1.00   0.89   0.57   0.86      4      4      1   
  0.61   0.56   0.76   0.58      2      2      1   
  0.76   0.14   0.19   0.06     32     11      1   
  0.18   0.77   0.35   0.59      3      3      1   
  0.81   0.32   0.03   0.68      9      9      1   
  0.20   0.17   0.18   0.25      1      1      1   
  0.99   0.22   0.12   0.30     32     11      1   
  0.23   0.44   0.63   0.35      5      5      1   
  0.91   0.25   0.28   0.76      9      8      1   
  0.17   0.02   0.34   0.50      5      5      1   
  0.73   0.46   0.22   0.52      6      6      1   
  0.89   0.35   0.77   0.79      4      4      1   
  0.25   0.87   0.03   0.68      3      3      1   
  0.84   0.41   0.18   0.79      8      8      1   
  0.08   0.10   0.09   0.97     10     10      1   
  0.10   0.46   0.27   0.54      2      2      1   
  0.08   0.38   0.78   0.91     10     10      1   
  0.57   0.94   0.63   0.03     11      9      1   
  0.57   0.86   0.73   0.46      5      5      1   
  0.80   0.30   0.31   0.86      7      7      1   
  0.18   0.25   0.36   0.78      5      5      1   
  0.99   0.42   0.59   0.15      6      5      1   
  0.64   0.40   0.14   0.77      8      7      1   
  0.44   0.25   0.36   0.53     10      5      1   
  0.79   0.93   0.35   0.59     12      8      1   
  0.51   0.83   0.32   0.48      7      5      1   
  0.97   0.32   0.25   1.00     11     10      1   
  0.71   0.94   0.71   0.00     11     10      1   
  0.48   0.71   0.21   0.12     10      7      1   
  0.18   0.25   0.27   0.54      3      3      1   
  0.36   0.53   0.20   0.17      5      5      1   
  0.89   0.35   0.22   0.52      8      8      1   
  0.68   0.82   0.18   0.77      7      6      1   
  0.77   0.79   0.20   0.32     10     10      1   
  0.54   0.96   0.59   0.42      7      6      1   
  0.79   0.24   0.74   0.82      7      7      1   
  0.28   0.76   0.16   0.28      5      5      1   
  0.59   0.42   0.99   0.42      4      4      1   
  0.08   0.10   0.59   0.15     35     12      1   
  0.45   0.02   0.69   0.24      3      3      1   
  0.88   0.51   0.90   0.43      1      1      1   
  0.71   0.74   0.99   0.22      6      6      1   
  0.59   0.79   0.63   0.35      6      6      1   
  0.73   0.67   0.88   0.47      2      2      1   
  0.36   0.94   0.99   0.42      8      8      1   
Routing Failed to deliver
  0.60   0.32   0.54   0.96      7      7      1   
  0.71   0.00   0.94   0.26      4      4      1   
  0.50   0.61   0.17   0.06     10      9      1   
  0.04   0.47   0.75   0.73     11      9      1   
  0.36   0.55   0.69   0.31      5      5      1   
  0.12   0.58   0.88   0.56      8      8      1   
  0.22   0.49   0.50   0.61      9      5      1   
  0.19   0.85   0.36   0.94      2      2      1   
  0.36   0.78   0.58   0.85      4      4      1   
  0.54   0.82   0.78   0.91      3      3      1   
  0.20   0.17   0.23   0.44      3      3      1   
  0.59   0.18   0.91   0.25      3      3      1   
  0.88   0.51   0.34   0.50      6      6      1   
  0.75   0.65   0.04   0.47     10      8      1   
  0.61   0.32   0.85   0.86      6      6      1   
  0.16   0.04   0.76   0.14     28     11      1   
  0.21   0.74   0.57   0.59      7      5      1   
  0.13   0.07   0.57   0.94     12     10      1   
  0.12   0.82   0.12   0.32      6      6      1   
  0.94   0.26   0.04   0.43     10     10      1   
  0.27   0.60   0.80   0.30      6      6      1   
  0.69   0.47   0.81   0.32      3      3      1   
  0.16   0.28   0.03   0.68      4      4      1   
  0.05   0.31   0.75   0.80     11     10      1   
  0.57   0.86   0.09   0.97      7      7      1   
  0.14   0.33   0.83   0.23     16      9      1   
  0.77   0.14   0.50   0.61      6      6      1   
  0.27   0.54   0.16   0.04      6      5      1   
  0.79   0.56   0.01   0.87     10     10      1   
  0.84   0.41   0.71   0.00      5      5      1   
  0.82   0.14   0.48   0.71      6      6      1   
  0.61   0.93   0.04   0.08     14     11      1   
  0.22   0.52   0.12   0.58      1      1      1   
  0.67   0.62   0.91   0.25      5      5      1   
  0.78   0.97   0.54   0.09     10     10      1   
  0.13   0.37   0.32   0.48      2      2      1   
  0.89   0.08   0.77   0.48      5      5      1   
  0.14   0.77   0.15   0.77      1      1      1   
  0.19   0.85   0.21   0.12      7      7      1   
  0.17   0.49   0.83   0.34      7      7      1   
  0.50   0.61   0.36   0.94      4      4      1   
  0.89   0.90   0.20   0.32     14     11      1   
  0.44   0.25   0.54   0.96      8      8      1   
  0.59   0.42   1.00   0.55      4      4      1   
  0.58   0.83   0.03   0.46      8      8      1   
  0.13   0.07   0.14   0.33      3      3      1   
Routing Failed to deliver
  0.93   0.10   0.57   0.59      7      6      1   
  0.75   0.26   0.02   0.45      9      9      1   
  0.00   0.51   0.27   0.54      3      3      1   
  0.59   0.38   0.77   0.79      5      5      1   
  0.54   0.60   0.81   0.32      5      4      1   
  0.77   0.48   0.20   0.17     28      9      1   
  0.44   0.14   0.88   0.51      7      6      1   
  0.75   0.73   0.50   0.61      4      4      1   
  0.01   0.23   0.36   0.53      5      5      1   
  0.88   0.56   0.54   0.09      6      6      1   
  0.79   0.24   0.83   0.09      2      2      1   
  0.14   0.77   0.54   0.60      4      4      1   
  0.06   0.99   0.06   0.03     11     11      1   
  0.89   0.90   0.13   0.07     16     13      1   
  0.63   0.03   0.59   0.18      2      2      1   
  0.18   0.37   0.75   0.80     10      9      1   
  0.54   0.28   0.12   0.67     21      8      1   
  0.57   0.94   0.36   0.78      4      4      1   
  0.03   0.68   0.01   0.87      5      4      1   
  0.13   0.32   0.20   0.17      2      2      1   
  0.51   0.83   0.09   0.93      5      5      1   
  0.05   0.31   0.54   0.28     10      8      1   
  0.61   0.56   0.75   0.73      3      3      1   
  0.57   0.94   0.22   0.49      9      6      1   
  0.26   0.49   0.59   0.15      9      7      1   
  0.88   0.51   0.68   0.82      4      4      1   
  0.85   0.49   0.10   0.46      8      8      1   
  0.17   0.78   0.04   0.81      2      2      1   
  0.26   0.49   0.54   0.28      6      5      1   
  0.92   0.10   0.48   0.47      6      6      1   
  0.75   0.30   0.18   0.37      7      7      1   
  0.18   0.77   0.63   0.35      7      7      1   
  0.76   0.14   0.06   0.99     12     11      1   
  0.54   0.96   0.27   0.54      9      7      1   
  0.09   0.97   0.75   0.65      9      9      1   
  0.82   0.14   0.73   0.46      4      4      1   
  0.31   0.86   0.60   0.32      6      6      1   
  0.45   0.02   0.14   0.77     10     10      1   
  0.97   0.32   0.48   0.47      6      6      1   
  0.59   0.15   0.00   0.51     11     10      1   
  0.92   0.01   0.04   0.04     19     14      1   
  0.15   0.07   0.04   0.81      9      8      1   
  0.12   0.32   0.22   0.52      3      3      1   
  0.89   0.08   0.94   0.03      1      1      1   
  0.14   0.77   0.12   0.32      5      5      1   
  0.11   0.55   0.20   0.17      4      4      1   
  0.58   0.85   0.01   0.23     12      9      1   
  0.59   0.18   0.14   0.33     22      9      1   
  0.99   0.42   0.21   0.91     10      9      1   
  0.97   0.32   0.17   0.49      9      9      1   
  0.04   0.47   0.61   0.56      6      6      1   
  0.59   0.79   0.04   0.47      8      8      1   
  0.59   0.42   0.89   0.90      6      6      1   
  0.53   0.06   0.24   0.89     10      9      1   
Routing Failed to deliver
  0.60   0.32   0.34   0.50      4      4      1   
  0.26   0.49   0.61   0.32      4      4      1   
  0.04   0.81   0.21   0.74      2      2      1   
  0.08   0.38   0.68   0.82      9      9      1   
  0.91   0.25   0.54   0.28      4      4      1   
  0.54   0.28   0.88   0.51      4      4      1   
  0.36   0.55   0.78   0.93      8      8      1   
  0.35   0.59   0.22   0.49      2      2      1   
  0.20   0.54   0.69   0.24      7      6      1   
  0.28   0.76   0.89   0.98      8      7      1   
  0.18   0.37   0.20   0.17      2      2      1   
  0.79   0.56   0.12   0.58     10      8      1   
  0.71   0.74   0.69   0.47      3      3      1   
  0.14   0.77   0.94   0.26     10     10      1   
  1.00   0.55   0.15   0.38      9      9      1   
  0.27   0.60   0.77   0.14      8      6      1   
  0.83   0.23   0.51   0.83      7      7      1   
  0.55   0.95   0.10   0.46      7      7      1   
  0.15   0.77   0.21   0.91      2      2      1   
  0.15   0.07   0.89   0.98     14     13      1   
  0.79   0.10   0.69   0.47      5      5      1   
  0.54   0.82   0.60   0.32      7      6      1   
  0.69   0.82   0.71   0.00     10      9      1   
  0.59   0.38   0.59   0.15      3      3      1   
  0.13   0.37   0.61   0.56      6      6      1   
  0.77   0.14   0.99   0.42      4      4      1   
  0.26   0.49   0.61   0.93      7      7      1   
  0.57   0.59   0.09   0.57      7      6      1   
  0.20   0.17   0.14   0.77      6      6      1   
  0.64   0.40   0.70   0.42      1      1      1   
  0.15   0.25   0.11   0.55      3      3      1   
  0.31   0.86   0.20   0.32      7      6      1   
  0.12   0.30   0.20   0.32      1      1      1   
  0.89   0.90   0.11   0.55     10     10      1   
  0.81   0.32   0.89   0.35      1      1      1   
  0.89   0.08   0.05   0.31     15     11      1   
  0.17   0.06   0.83   0.09     34     12      1   
  0.26   0.77   0.59   0.15     13      8      1   
  0.15   0.07   0.74   0.97     13     13      1   
  0.58   0.83   0.77   0.48      5      5      1   
  0.94   0.26   0.12   0.82     13     11      1   
  0.09   0.57   0.75   0.26      8      8      1   
  0.11   0.55   0.92   0.01     10     10      1   
  0.99   0.42   0.99   0.22      2      2      1   
  0.59   0.18   0.54   0.60      4      4      1   
  0.48   0.71   0.54   0.28      4      4      1   
  0.79   0.24   0.12   0.67      9      9      1   
  0.04   0.47   0.88   0.56      8      8      1   
  0.12   0.82   0.88   0.47     10      9      1   
  0.79   0.10   0.74   0.97     10      9      1   
  0.17   0.02   0.15   0.07      1      1      1   
  0.77   0.14   0.54   0.60      5      5      1   
  0.17   0.06   0.69   0.18     26     11      1   
  0.71   0.74   0.18   0.77      7      6      1   
  0.25   1.00   0.04   0.47      5      5      1   
  0.89   0.08   0.15   0.18     17     12      1   
  0.34   0.66   0.24   0.89      3      3      1   
  0.63   0.35   0.61   0.56      3      3      1   
  0.85   0.86   0.14   0.77      9      8      1   
  0.20   0.81   0.16   0.04      9      8      1   
  0.55   0.03   0.60   0.32      4      4      1   
  0.51   0.16   0.27   0.60      7      7      1   
  0.26   0.49   0.20   0.81      4      4      1   
  0.36   0.55   0.15   0.77      5      3      1   
  0.67   0.62   0.48   0.71      3      3      1   
  0.26   0.49   0.16   0.28      3      3      1   
  0.65   0.13   0.53   0.06      2      2      1   
  0.39   0.76   0.36   0.78      1      1      1   
  0.69   0.18   0.06   0.99     11     11      1   
  0.82   0.14   0.53   0.48      4      4      1   
  0.78   0.93   0.61   0.56      4      4      1   
  0.18   0.77   0.60   0.37      7      7      1   
  0.44   0.95   0.48   0.09     10     10      1   
  0.04   0.43   0.25   0.87      5      5      1   
  0.04   0.43   0.98   0.67     15     11      1   
  0.83   0.23   0.19   0.06     33     11      1   
  0.88   0.56   0.20   0.01     35     11      1   
  0.06   0.03   0.36   0.78      8      8      1   
  0.75   0.80   0.75   0.73      1      1      1   
  0.78   0.97   0.70   0.42      6      6      1   
  0.69   0.18   0.59   0.38      3      3      1   
  0.26   0.49   0.76   0.58      5      5      1   
  0.54   0.60   0.10   0.55      7      6      1   
  0.17   0.02   0.14   0.33      3      3      1   
  0.52   0.47   0.18   0.37      5      5      1   
  0.21   0.12   0.75   0.65     12     10      1   
  0.61   0.32   0.63   0.35      1      1      1   
  0.80   0.30   0.58   0.85      7      7      1   
  0.94   0.03   0.48   0.71      8      8      1   
  0.36   0.53   0.44   0.91      6      6      1   
  0.44   0.25   0.61   0.93      8      8      1   
  0.20   0.01   0.89   0.90     14     13      1   
  0.18   0.25   0.34   0.50      3      3      1   
  0.15   0.07   0.50   0.93     11     10      1   
  0.79   0.93   0.77   0.48      5      5      1   
  0.14   0.77   0.59   0.38      6      6      1   
  0.26   0.77   0.65   0.13     12      8      1   
  0.18   0.37   0.06   0.03      4      4      1   
  0.54   0.09   0.02   0.45     11     10      1   
  0.12   0.32   0.04   0.43      2      2      1   
  0.44   0.91   0.97   0.22      9      9      1   
  0.04   0.47   0.81   0.32      8      8      1   
  0.69   0.31   0.18   0.77      7      7      1   
  0.13   0.37   0.61   0.32      6      6      1   
  0.82   0.14   0.15   0.25     15     10      1   
  0.89   0.90   0.35   0.75      7      7      1   
  0.28   0.76   0.21   0.91      2      2      1   
  0.88   0.47   0.64   0.40      3      3      1   
  0.06   0.99   0.17   0.02     10     10      1   
  0.26   0.49   0.17   0.02      5      5      1   
  0.15   0.38   0.36   0.94      6      6      1   
  0.15   0.18   0.67   0.37      9      8      1   
  0.20   0.54   0.48   0.47      3      3      1   
  0.55   0.03   0.21   0.74     11     10      1   
  0.01   0.94   0.28   0.76      4      4      1   
  0.13   0.32   0.53   0.48      6      6      1   
  0.89   0.98   0.04   0.81     10      9      1   
  0.12   0.32   0.89   0.08     32     11      1   
  0.17   0.06   0.01   0.23      3      3      1   
  0.36   0.78   0.04   0.47      5      5      1   
  0.36   0.55   0.88   0.47      6      6      1   
  0.20   0.54   0.08   0.10      5      5      1   
  0.83   0.23   0.71   0.00      3      3      1   
  0.09   0.93   0.89   0.35     10     10      1   
  0.73   0.67   0.12   0.30      9      9      1   
  0.21   0.91   0.59   0.38      6      6      1   
  0.32   0.48   0.36   0.78      3      3      1   
  0.19   0.85   0.59   0.79      5      5      1   
  0.18   0.37   0.06   0.03      4      4      1   
  0.97   0.32   0.77   0.79      9      5      1   
  0.54   0.09   0.01   0.21     13     11      1   
  0.54   0.96   0.25   1.00      3      3      1   
  0.54   0.09   0.55   0.95      8      8      1   
  0.52   0.47   0.79   0.56      4      4      1   
  0.65   0.13   0.88   0.56      5      5      1   
  0.36   0.78   0.83   0.34      8      8      1   
  0.01   0.21   0.50   0.11     28     11      1   
  0.93   0.10   0.64   0.40      4      4      1   
  0.54   0.85   0.57   0.59      4      4      1   
  0.09   0.97   0.57   0.86      7      7      1   
  0.71   0.94   0.01   0.87      8      8      1   
  0.82   0.14   0.17   0.49      8      8      1   
  0.01   0.21   0.58   0.83      9      9      1   
  0.55   0.95   0.59   0.79      2      2      1   
  0.50   0.11   0.61   0.56      5      5      1   
  0.13   0.37   0.74   0.97     11     11      1   
  0.03   0.46   0.80   0.30     10      9      1   
  0.71   0.94   0.32   0.48     10      8      1   
  0.32   0.48   0.04   0.81      5      5      1   
  0.24   0.89   0.15   0.25      7      7      1   
  0.14   0.77   0.16   0.04      8      7      1   
  0.17   0.02   0.73   0.67     13     11      1   
  0.63   0.35   0.73   0.46      2      2      1   
  0.73   0.97   0.61   0.32      9      7      1   
  0.92   0.10   0.99   0.42      3      3      1   
  0.12   0.58   0.88   0.47      8      8      1   
  0.63   0.35   0.01   0.23     22      8      1   
  0.07   0.20   0.57   0.59     11      8      1   
  0.15   0.77   0.61   0.93      6      6      1   
  0.05   0.98   0.89   0.08     12     12      1   
  0.90   0.43   0.07   0.20     18     11      1   
  0.75   0.30   0.57   0.59      4      4      1   
  0.53   0.48   0.92   0.01      6      6      1   
Routing Failed to deliver
  0.54   0.28   0.52   0.47      2      2      1   
  0.26   0.49   1.00   0.55      7      7      1   
  0.26   0.77   0.22   0.49      4      4      1   
  0.18   0.79   0.26   0.49      5      4      1   
  0.55   0.95   0.54   0.09     10      8      1   
  0.15   0.38   0.59   0.42      5      5      1   
  0.39   0.76   0.69   0.24      6      6      1   
  0.13   0.37   0.27   0.54      2      2      1   
  0.08   0.38   0.25   0.87      5      5      1   
  0.89   0.08   0.75   0.65      7      6      1   
  0.50   0.93   0.09   0.93      5      5      1   
  0.81   0.32   0.65   0.13      3      3      1   
  0.09   0.93   0.01   0.21      8      8      1   
  0.83   0.34   0.57   0.59      5      5      1   
  0.57   0.59   0.18   0.77      5      5      1   
  0.79   0.56   0.91   0.25      3      3      1   
  0.85   0.86   0.58   0.83      3      3      1   
  0.09   0.97   0.68   0.82      8      8      1   
  0.36   0.55   0.69   0.47      4      4      1   
  0.36   0.55   0.26   0.49      1      1      1   
  0.69   0.82   0.10   0.55      8      8      1   
  0.23   0.44   0.55   0.03     10      9      1   
  0.78   0.91   0.12   0.58      9      9      1   
  0.84   0.38   0.00   0.51      9      9      1   
  0.58   0.83   0.44   0.25      8      7      1   
  0.10   0.19   0.10   0.55      4      4      1   
  0.05   0.31   0.65   0.13     26      9      1   
  0.84   0.38   0.76   0.14      3      3      1   
  0.06   0.03   0.10   0.19      2      2      1   
  0.22   0.49   0.17   0.49      1      1      1   
  0.04   0.47   0.44   0.91      7      7      1   
  0.19   0.85   0.21   0.12      7      7      1   
  0.84   0.41   0.78   0.97      6      6      1   
  0.63   0.35   0.71   0.00      4      4      1   
  0.54   0.96   0.78   0.91      3      3      1   
  0.69   0.82   0.68   0.82      1      1      1   
  0.59   0.18   0.74   0.97      9      9      1   
  0.34   0.66   0.61   0.32      5      5      1   
  0.44   0.25   0.10   0.19     20     10      1   
  0.04   0.43   0.34   0.50      3      3      1   
  0.77   0.14   0.48   0.47      4      4      1   
  0.18   0.77   0.59   0.15     13      9      1   
  0.21   0.91   0.67   0.37      7      7      1   
  0.93   0.10   0.09   0.93     11     11      1   
  0.61   0.93   0.68   0.82      2      2      1   
  0.83   0.09   0.13   0.37     26      9      1   
  0.18   0.79   0.00   0.51      4      4      1   
  0.78   0.91   0.63   0.03      9      9      1   
  0.25   1.00   0.11   0.55      4      4      1   
  0.09   0.57   0.12   0.82      3      3      1   
  0.75   0.65   0.89   0.98      4      4      1   
  0.01   0.21   0.02   0.45      3      3      1   
  0.91   0.25   0.48   0.47      5      5      1   
  0.26   0.77   0.09   0.18      7      7      1   
  0.75   0.65   0.54   0.96      4      4      1   
  0.55   0.03   0.99   0.22      5      5      1   
  0.75   0.80   0.27   0.60      8      7      1   
  0.48   0.47   0.13   0.37      4      4      1   
  0.61   0.56   0.71   0.94      4      4      1   
Routing Failed to deliver
  0.79   0.24   0.89   0.90     13      8      1   
  0.08   0.38   0.59   0.42      6      6      1   
  0.14   0.33   0.69   0.82      9      9      1   
  0.04   0.47   0.15   0.77      3      3      1   
  0.15   0.07   0.12   0.32      3      3      1   
  0.67   0.62   0.92   0.10      7      6      1   
  0.26   0.77   0.27   0.60      5      3      1   
  0.83   0.15   0.79   0.93      8      8      1   
  0.13   0.32   0.22   0.49      2      2      1   
  0.34   0.50   0.20   0.32      3      3      1   
  0.17   0.49   0.21   0.12      3      3      1   
  0.69   0.82   0.11   0.55      8      8      1   
  0.05   0.98   0.02   0.45      7      7      1   
  0.83   0.09   0.09   0.57      9      9      1   
  0.75   0.65   0.18   0.25      9      9      1   
  0.21   0.74   0.31   0.86      2      2      1   
  0.98   0.67   0.13   0.32     11     11      1   
  0.73   0.46   0.04   0.47      7      7      1   
  0.22   0.49   0.27   0.54      1      1      1   
  0.15   0.07   0.48   0.09     39     13      1   
  0.20   0.54   0.76   0.58      6      6      1   
  0.93   0.10   0.97   0.32      2      2      1   
  0.54   0.28   0.71   0.74      5      5      1   
  0.94   0.03   0.60   0.37      5      5      1   
  0.12   0.67   0.77   0.79      8      8      1   
  0.02   0.45   0.09   0.93      6      6      1   
  0.63   0.03   0.94   0.26      4      4      1   
  0.55   0.95   1.00   0.89      5      5      1   
  0.36   0.53   0.06   0.99      7      7      1   
  0.83   0.23   0.14   0.33     30      9      1   
  0.09   0.97   0.52   0.47      8      8      1   
  0.93   0.66   0.20   0.54     10      8      1   
  0.48   0.47   0.04   0.08      7      7      1   
  0.20   0.54   0.31   0.86      4      4      1   
  0.78   0.97   0.13   0.07     16     13      1   
  0.69   0.31   0.00   0.51      8      8      1   
  0.09   0.18   0.25   1.00      9      8      1   
  0.55   0.95   0.77   0.48      6      6      1   
  0.18   0.37   0.15   0.25      1      1      1   
  0.84   0.41   0.05   0.31     30      9      1   
  0.48   0.09   0.61   0.56      6      6      1   
  0.48   0.09   0.88   0.47      6      6      1   
  0.18   0.79   0.15   0.77      1      1      1   
  0.12   0.58   0.02   0.45      2      2      1   
  0.13   0.32   1.00   0.89     13     12      1   
  0.75   0.80   0.71   0.94      2      2      1   
  0.28   0.76   0.58   0.83      4      4      1   
  0.39   0.76   0.11   0.55      4      4      1   
  0.04   0.08   0.08   0.10      1      1      1   
  0.11   0.55   0.13   0.32      3      3      1   
  1.00   0.55   0.51   0.16      7      7      1   
  0.34   0.66   0.79   0.56      7      7      1   
  0.60   0.32   0.15   0.25     28      7      1   
  0.53   0.06   0.09   0.93     11     10      1   
  0.12   0.82   0.48   0.71      4      4      1   
Routing Failed to deliver
  0.17   0.02   0.23   0.44      4      4      1   
  0.50   0.61   0.05   0.31      8      7      1   
  0.15   0.25   0.54   0.28      9      8      1   
  0.26   0.49   0.59   0.38      4      4      1   
  0.23   0.44   0.44   0.91      7      7      1   
  0.24   0.89   0.27   0.60      6      4      1   
  0.53   0.48   0.18   0.25      6      6      1   
  0.36   0.55   0.54   0.28      9      5      1   
  0.26   0.49   0.61   0.93      7      7      1   
  0.17   0.49   0.74   0.97     10     10      1   
  0.26   0.49   0.63   0.35      4      4      1   
  0.69   0.18   0.80   0.30      2      2      1   
  0.58   0.85   0.70   0.42      6      6      1   
  0.69   0.47   0.04   0.47      6      6      1   
  0.77   0.48   0.81   0.32      2      2      1   
  0.54   0.60   0.84   0.41      4      4      1   
  0.13   0.07   0.18   0.79      8      8      1   
  0.94   0.26   0.59   0.79      6      6      1   
  0.67   0.37   0.55   0.95      6      6      1   
  0.14   0.77   0.97   0.22     11     10      1   
  0.82   0.14   0.09   0.57      9      9      1   
  0.13   0.37   0.54   0.09     32      9      1   
  0.15   0.18   0.83   0.23     15     10      1   
  0.39   0.76   0.63   0.03      8      8      1   
  0.01   0.23   0.88   0.56     12     10      1   
  0.50   0.61   0.20   0.54      6      5      1   
  0.75   0.26   0.51   0.16      3      3      1   
  0.16   0.04   0.60   0.32     11      9      1   
  1.00   0.89   0.97   0.22      9      9      1   
  0.78   0.91   0.44   0.91      4      4      1   
  0.61   0.56   0.85   0.86      4      4      1   
  0.39   0.76   0.44   0.25     11      6      1   
  0.85   0.86   0.60   0.32      6      6      1   
  0.78   0.93   0.53   0.48      5      5      1   
  0.55   0.03   0.44   0.14      2      2      1   
  0.25   0.87   0.63   0.03     13     10      1   
  0.60   0.37   0.50   0.11      3      3      1   
  0.89   0.35   0.77   0.14      3      3      1   
  0.99   0.22   0.91   0.25      1      1      1   
  0.69   0.24   0.20   0.54      6      6      1   
  0.70   0.42   0.04   0.81     10      8      1   
  0.01   0.21   0.34   0.66      5      5      1   
  0.79   0.56   0.94   0.39      2      2      1   
  0.17   0.02   0.09   0.18      2      2      1   
  0.84   0.38   0.04   0.08     18     11      1   
  1.00   0.55   0.19   0.85      9      9      1   
  0.12   0.58   0.44   0.25      9      8      1   
  0.74   0.82   0.78   0.97      2      2      1   
  0.60   0.32   0.21   0.74      8      7      1   
  1.00   0.89   0.07   0.20     16     13      1   
Routing Failed to deliver
  0.15   0.77   0.99   0.22     11     10      1   
  0.03   0.68   0.92   0.10     11     11      1   
  0.54   0.82   0.21   0.74      5      5      1   
  0.59   0.79   0.35   0.75      4      4      1   
  0.93   0.10   0.03   0.68     11     11      1   
  0.59   0.42   0.50   0.93      5      5      1   
  0.09   0.57   0.78   0.93     10     10      1   
  0.09   0.18   0.99   0.22     18     12      1   
  0.79   0.10   0.94   0.03      2      2      1   
  0.81   0.32   0.94   0.03      4      4      1   
  0.51   0.16   0.83   0.15      4      4      1   
  0.76   0.58   0.89   0.08      6      6      1   
  0.61   0.32   0.06   0.03     28     10      1   
  0.54   0.82   0.15   0.77      6      5      1   
  0.10   0.19   0.18   0.37      2      2      1   
  0.18   0.79   0.89   0.35     10      9      1   
  0.59   0.42   0.48   0.09      5      5      1   
  0.13   0.07   0.92   0.10     28     13      1   
  0.16   0.28   0.51   0.83      7      7      1   
  0.06   0.03   0.57   0.86     11     11      1   
  0.83   0.15   0.76   0.14      1      1      1   
  0.04   0.43   0.75   0.80     11     10      1   
  0.76   0.14   0.54   0.96     10      9      1   
  0.06   0.03   0.54   0.09     39     13      1   
  0.59   0.15   0.19   0.06     32     12      1   
  0.61   0.93   0.18   0.77      6      6      1   
  0.18   0.25   0.94   0.26     17     10      1   
  0.79   0.56   0.31   0.86      7      7      1   
  0.18   0.79   0.79   0.10     34     10      1   
  0.85   0.49   0.16   0.28     26      9      1   
  0.01   0.87   0.52   0.47      8      8      1   
  1.00   0.55   0.04   0.08     31     12      1   
  0.78   0.97   0.54   0.60      6      6      1   
  0.18   0.37   0.69   0.31      7      7      1   
  0.03   0.68   0.10   0.55      2      2      1   
  0.98   0.67   0.04   0.81     11     11      1   
  1.00   0.89   0.15   0.07     17     14      1   
  0.35   0.59   0.08   0.38      4      4      1   
  0.69   0.47   0.75   0.73      3      3      1   
  0.36   0.53   0.59   0.18      5      5      1   
  0.09   0.93   0.50   0.61      5      5      1   
  0.99   0.42   0.16   0.28     28     10      1   
Routing Failed to deliver
  0.97   0.32   0.80   0.30      2      2      1   
  0.57   0.59   0.79   0.10      6      6      1   
  0.94   0.26   1.00   0.55      3      3      1   
  0.20   0.01   0.69   0.31     12     10      1   
  0.77   0.14   0.15   0.38     25      8      1   
  0.61   0.56   0.09   0.57      7      6      1   
  0.92   0.01   0.75   0.26      3      3      1   
  0.69   0.18   0.59   0.79      8      8      1   
  0.00   0.51   0.20   0.81      4      4      1   
  0.74   0.97   0.74   0.82      2      2      1   
  0.17   0.06   0.54   0.60     12      9      1   
  0.15   0.18   0.08   0.10      1      1      1   
  0.59   0.18   0.04   0.43     20      9      1   
  0.21   0.12   0.11   0.55      4      4      1   
  0.75   0.26   0.82   0.14      2      2      1   
  0.78   0.91   0.08   0.38     13     10      1   
  0.48   0.09   0.17   0.06     28     13      1   
  0.10   0.55   0.24   0.89      5      5      1   
  0.04   0.43   0.75   0.30      8      8      1   
  0.73   0.97   0.83   0.15      8      8      1   
  0.73   0.67   0.93   0.10      6      6      1   
  0.48   0.71   0.15   0.77      3      3      1   
  0.25   1.00   0.70   0.42      8      8      1   
  0.71   0.94   0.05   0.31     13     10      1   
  0.59   0.42   0.03   0.46      6      6      1   
  0.61   0.32   0.02   0.45     22      7      1   
  0.80   0.30   0.78   0.93      7      7      1   
  0.89   0.90   0.60   0.32      7      7      1   
  0.21   0.91   0.51   0.16     14      9      1   
  0.01   0.23   0.36   0.78      6      6      1   
  0.79   0.24   0.18   0.79      8      8      1   
  0.32   0.48   0.82   0.14      8      7      1   
  0.76   0.58   0.13   0.37      7      7      1   
  0.84   0.38   0.35   0.75      7      7      1   
  0.12   0.30   0.04   0.04      3      3      1   
  0.70   0.42   0.89   0.90      6      6      1   
  0.12   0.30   0.57   0.94     10      8      1   
  0.57   0.86   0.01   0.94      7      7      1   
  0.20   0.01   0.25   1.00     10      9      1   
  0.31   0.86   0.15   0.25      6      6      1   
  0.59   0.38   0.03   0.68      7      7      1   
  0.03   0.68   0.32   0.48      4      4      1   
  0.26   0.49   0.50   0.11      9      7      1   
  0.58   0.83   0.13   0.32     11      8      1   
  0.36   0.53   0.83   0.23      5      5      1   
  0.18   0.25   0.79   0.10     26     10      1   
  0.44   0.95   0.08   0.38      8      8      1   
  0.51   0.83   0.21   0.74      4      4      1   
  0.18   0.25   0.45   0.02     40     11      1   
  0.60   0.37   0.35   0.59      4      4      1   
  0.88   0.47   0.00   0.51      9      9      1   
  0.94   0.03   0.60   0.37      5      5      1   
  0.50   0.61   0.16   0.04     11      9      1   
  0.21   0.74   0.79   0.10     34     10      1   
  0.76   0.58   0.84   0.38      2      2      1   
  0.75   0.26   0.65   0.13      2      2      1   
  0.07   0.20   0.44   0.91      9      9      1   
  0.15   0.38   0.91   0.25      9      9      1   
  0.75   0.26   0.04   0.43      9      9      1   
  0.52   0.47   0.54   0.09      4      4      1   
  0.34   0.66   0.13   0.32      4      4      1   
  1.00   0.89   0.16   0.28     15     12      1   
  0.09   0.57   0.21   0.12      4      4      1   
  0.69   0.82   0.09   0.18     13     10      1   
  0.99   0.42   0.58   0.83      6      6      1   
  0.89   0.35   0.89   0.08      3      3      1   
  0.63   0.03   0.35   0.59      9      7      1   
  0.09   0.57   0.27   0.54      2      2      1   
  0.57   0.86   0.09   0.18     12      9      1   
  0.63   0.35   0.10   0.55      6      6      1   
  0.01   0.94   0.09   0.93      1      1      1   
  0.69   0.82   0.70   0.42      5      5      1   
  0.27   0.60   0.09   0.97      6      6      1   
  0.54   0.96   0.75   0.30      8      8      1   
  0.12   0.30   0.70   0.42      8      7      1   
  0.27   0.54   0.18   0.77      4      4      1   
  0.74   0.82   0.68   0.82      1      1      1   
  0.20   0.32   0.59   0.42      7      6      1   
  0.36   0.78   0.78   0.97      7      7      1   
  1.00   0.55   0.20   0.17     30     11      1   
  0.63   0.03   0.01   0.23     14     11      1   
  0.54   0.60   0.71   0.00      7      7      1   
  0.26   0.77   0.77   0.14      8      8      1   
  0.79   0.93   0.71   0.94      1      1      1   
  0.75   0.73   0.53   0.48      4      4      1   
  0.11   0.55   0.18   0.37      2      2      1   
  0.84   0.41   0.69   0.24      3      3      1   
  0.69   0.18   0.15   0.07     16     11      1   
  0.57   0.86   0.05   0.31     11      8      1   
  0.16   0.04   0.75   0.30     12     10      1   
  0.12   0.30   0.85   0.49     10      9      1   
  0.20   0.17   0.63   0.35      9      8      1   
  0.83   0.09   0.89   0.35      3      3      1   
  0.04   0.04   0.05   0.31      3      3      1   
  0.60   0.32   0.73   0.46      2      2      1   
  0.48   0.47   0.09   0.57      4      4      1   
  0.21   0.12   0.12   0.67      5      5      1   
  0.89   0.35   0.99   0.42      1      1      1   
  0.21   0.91   0.08   0.38      6      6      1   
  0.34   0.66   0.57   0.59      5      4      1   
  0.44   0.91   0.36   0.55      8      5      1   
  0.11   0.55   0.34   0.50      2      2      1   
  0.60   0.32   0.12   0.30     28      7      1   
  0.10   0.19   0.22   0.52      4      4      1   
  0.36   0.55   0.88   0.51      6      6      1   
  0.34   0.66   0.92   0.01     11      9      1   
  0.39   0.76   0.44   0.25     11      6      1   
  0.78   0.91   0.18   0.79      7      7      1   
  0.12   0.32   0.51   0.16     27     10      1   
  0.20   0.81   0.89   0.90      8      8      1   
  0.57   0.94   0.10   0.19     12      9      1   
  0.25   0.87   0.06   0.99      3      3      1   
  0.93   0.66   0.13   0.37      9      9      1   
  0.75   0.65   0.52   0.47      3      3      1   
  0.79   0.24   0.69   0.82      7      7      1   
  0.18   0.77   0.44   0.25     11      8      1   
  0.71   0.00   0.59   0.42      5      5      1   
  0.01   0.21   0.60   0.32     12      8      1   
  0.94   0.03   0.71   0.94     14     10      1   
  0.54   0.28   0.94   0.03      5      5      1   
  0.61   0.32   0.70   0.42      2      2      1   
  0.04   0.08   0.08   0.38      3      3      1   
  0.44   0.95   0.27   0.60      6      5      1   
  0.80   0.30   0.88   0.51      2      2      1   
  0.92   0.10   0.93   0.10      1      1      1   
  0.10   0.55   0.61   0.32      6      6      1   
  0.48   0.09   0.57   0.94      9      9      1   
  0.14   0.33   0.13   0.32      1      1      1   
  0.88   0.56   0.12   0.82      9      9      1   
  0.20   0.17   0.26   0.49      4      4      1   
  1.00   0.55   0.10   0.55     11      9      1   
  0.34   0.50   0.04   0.04      6      6      1   
  0.32   0.48   0.36   0.53      1      1      1   
  0.48   0.47   0.54   0.85      7      5      1   
  0.93   0.66   0.12   0.32     10     10      1   
  0.88   0.47   0.70   0.42      2      2      1   
  0.63   0.35   0.26   0.49      4      4      1   
  0.27   0.54   0.74   0.82      8      7      1   
  0.18   0.37   0.10   0.55      2      2      1   
  0.25   0.87   0.74   0.82      7      7      1   
  0.04   0.81   0.35   0.75      3      3      1   
  0.79   0.56   0.17   0.02     34     11      1   
  0.63   0.03   0.92   0.10      4      4      1   
  0.48   0.47   0.97   0.32      6      6      1   
  0.02   0.45   0.04   0.47      1      1      1   
  0.98   0.67   0.45   0.02      9      9      1   
  0.59   0.15   0.59   0.79      8      8      1   
  0.85   0.86   1.00   0.89      2      2      1   
  0.18   0.77   0.10   0.55      3      3      1   
  0.18   0.25   0.10   0.55      3      3      1   
  0.17   0.49   0.48   0.47      3      3      1   
  0.26   0.49   0.18   0.77      4      4      1   
  0.54   0.09   0.79   0.24      3      3      1   
  0.18   0.77   0.58   0.85      5      5      1   
  0.73   0.67   0.73   0.97      3      3      1   
  0.85   0.86   0.59   0.42      6      5      1   
  0.15   0.18   0.89   0.90     13     12      1   
  0.19   0.85   0.07   0.20      7      7      1   
  0.09   0.57   0.04   0.43      2      2      1   
  0.04   0.81   0.16   0.04      9      8      1   
  0.83   0.09   0.88   0.56      5      5      1   
  0.20   0.81   0.75   0.80      7      7      1   
  0.91   0.25   0.13   0.07     18     12      1   
  0.34   0.50   0.31   0.86      4      4      1   
  0.36   0.53   1.00   0.89     10      9      1   
  0.94   0.03   0.90   0.43      4      4      1   
  0.90   0.43   0.04   0.04     20     13      1   
  0.69   0.82   0.59   0.38      5      5      1   
  0.61   0.93   0.15   0.07     14     11      1   
  0.68   0.82   0.25   1.00      5      5      1   
  0.79   0.93   0.54   0.60      5      5      1   
  0.09   0.57   0.83   0.23      8      8      1   
  0.59   0.42   0.92   0.10      5      5      1   
  0.59   0.42   0.21   0.91      7      6      1   
  0.63   0.35   0.83   0.23      3      3      1   
  0.21   0.12   0.17   0.49      3      3      1   
  0.48   0.47   0.51   0.16      5      5      1   
  0.77   0.14   0.19   0.06     32     11      1   
  0.75   0.80   0.57   0.59      3      3      1   
  0.54   0.09   0.69   0.31      3      3      1   
  0.11   0.55   0.97   0.32     10     10      1   
  0.82   0.14   0.75   0.26      2      2      1   
  0.59   0.18   0.09   0.57     19      8      1   
  0.12   0.82   0.74   0.82      8      8      1   
  0.74   0.82   0.81   0.32      6      6      1   
  0.79   0.10   0.69   0.18      1      1      1   
  0.78   0.97   0.52   0.47      6      6      1   
  0.09   0.97   0.10   0.46      6      6      1   
  0.15   0.18   0.11   0.55      4      4      1   
  0.83   0.09   0.82   0.14      1      1      1   
  0.76   0.58   0.26   0.77      6      6      1   
  0.79   0.93   0.59   0.42      6      6      1   
  0.84   0.41   0.69   0.31      2      2      1   
  0.91   0.25   0.51   0.16      4      4      1   
  0.25   0.87   0.10   0.46      4      4      1   
  0.17   0.06   0.22   0.52      5      5      1   
  0.77   0.79   0.89   0.98      2      2      1   
  0.93   0.66   0.98   0.67      1      1      1   
  0.25   0.87   0.39   0.76      2      2      1   
  0.09   0.57   0.59   0.42      5      5      1   
  0.16   0.04   0.83   0.09     34     12      1   
  0.99   0.42   0.14   0.33     31     10      1   
  0.54   0.85   0.01   0.94      6      6      1   
  0.78   0.97   0.71   0.94      1      1      1   
  0.69   0.24   0.18   0.79      8      8      1   
  0.84   0.41   0.15   0.38      8      8      1   
  0.14   0.77   0.15   0.77      1      1      1   
  0.91   0.25   0.01   0.21     17     11      1   
  0.59   0.42   0.20   0.81      6      6      1   
  0.89   0.98   0.32   0.48     11      9      1   
  0.19   0.06   0.53   0.06     39     12      1   
  0.53   0.06   0.78   0.97     10     10      1   
  0.71   0.00   0.99   0.42      5      5      1   
  0.04   0.81   0.07   0.20      7      7      1   
  0.99   0.22   0.16   0.04     32     13      1   
  0.15   0.38   0.90   0.43      9      9      1   
  0.94   0.39   0.12   0.30     32     10      1   
  0.13   0.07   0.79   0.93     13     13      1   
  0.36   0.94   0.65   0.13     13      9      1   
  0.11   0.55   0.00   0.51      1      1      1   
  0.18   0.77   0.08   0.38      4      4      1   
  0.14   0.33   0.73   0.67     11      9      1   
  0.88   0.47   0.58   0.83      5      5      1   
  0.48   0.09   0.55   0.03      1      1      1   
  0.85   0.86   0.50   0.11      9      9      1   
  0.00   0.51   0.91   0.25     10     10      1   
  0.77   0.48   1.00   0.89      7      6      1   
  0.31   0.86   0.20   0.32      7      6      1   
  0.20   0.17   0.09   0.97     10      9      1   
  0.12   0.32   0.17   0.49      2      2      1   
  0.10   0.46   0.59   0.18     28      8      1   
  0.59   0.15   0.78   0.97     14     10      1   
  0.83   0.34   0.79   0.93     11      7      1   
  0.07   0.20   0.08   0.10      1      1      1   
  0.79   0.56   0.74   0.97      4      4      1   
  0.01   0.94   0.59   0.42      8      8      1   
  0.16   0.04   0.18   0.79      8      8      1   
  0.54   0.60   0.52   0.47      2      2      1   
  0.69   0.31   0.18   0.25     29      8      1   
  0.75   0.65   0.01   0.87      9      9      1   
  1.00   0.89   0.93   0.10     10     10      1   
  0.64   0.40   0.53   0.06      4      4      1   
  0.59   0.42   0.52   0.47      1      1      1   
  0.81   0.32   0.00   0.51      9      9      1   
  1.00   0.55   0.24   0.89      9      9      1   
  0.21   0.91   0.78   0.93      7      7      1   
  0.54   0.09   0.75   0.26      3      3      1   
  0.58   0.83   0.54   0.82      1      1      1   
  0.78   0.97   0.69   0.18      9      9      1   
  0.19   0.06   0.21   0.12      1      1      1   
  0.60   0.37   0.04   0.47      6      6      1   
  0.75   0.30   0.06   0.99     11     10      1   
  0.79   0.56   0.15   0.77      8      8      1   
  0.31   0.86   0.73   0.97      5      5      1   
  0.25   0.87   0.88   0.56      8      8      1   
  0.67   0.37   0.04   0.08     29      9      1   
  0.52   0.47   0.97   0.32      5      5      1   
  0.48   0.71   0.20   0.54      4      4      1   
  0.12   0.30   0.27   0.60      3      3      1   
  0.02   0.45   0.71   0.94     10     10      1   
  0.03   0.46   0.17   0.49      2      2      1   
  0.01   0.23   0.14   0.77      6      6      1   
  0.51   0.16   0.50   0.61      6      6      1   
  0.75   0.65   0.04   0.81      8      8      1   
  0.89   0.90   0.57   0.59      7      5      1   
  0.85   0.86   0.68   0.82      2      2      1   
  0.65   0.13   0.71   0.00      2      2      1   
  0.04   0.08   0.20   0.32      3      3      1   
  0.03   0.68   0.88   0.47     11      9      1   
  0.14   0.77   0.05   0.98      3      3      1   
  0.91   0.25   0.54   0.85      8      7      1   
  0.94   0.39   0.71   0.00      5      5      1   
  0.94   0.26   0.73   0.67      4      4      1   
  0.15   0.18   0.09   0.93      9      8      1   
  0.61   0.56   0.94   0.39      4      4      1   
  0.91   0.25   0.28   0.76      9      8      1   
  0.89   0.08   0.69   0.82      9      8      1   
  0.75   0.30   0.16   0.04     18     10      1   
  0.60   0.37   0.97   0.22      4      4      1   
  0.01   0.21   0.99   0.22     19     12      1   
  0.77   0.48   0.13   0.07     29     10      1   
  0.15   0.77   0.93   0.10     11     10      1   
  0.94   0.39   0.45   0.02      6      6      1   
  0.68   0.82   0.85   0.49      4      4      1   
  0.76   0.58   0.44   0.91      5      5      1   
  0.26   0.77   0.74   0.82      6      6      1   
  0.90   0.43   0.20   0.32     28     10      1   
  0.58   0.83   0.89   0.98      3      3      1   
  0.34   0.50   0.97   0.22      8      8      1   
  0.16   0.04   0.04   0.43      4      4      1   
  0.71   0.74   0.75   0.26      6      6      1   
  0.64   0.40   0.16   0.28     25      7      1   
  0.94   0.26   0.18   0.79     10     10      1   
  0.18   0.77   0.78   0.97      8      8      1   
  0.24   0.89   0.69   0.24      8      8      1   
  0.71   0.94   0.17   0.78      7      7      1   
  0.59   0.42   0.36   0.55      3      3      1   
  0.75   0.26   0.59   0.15      2      2      1   
  0.12   0.58   0.99   0.42      9      9      1   
Routing Failed to deliver
  0.60   0.37   0.76   0.58      3      3      1   
  0.11   0.55   0.00   0.51      1      1      1   
  0.04   0.04   0.23   0.44      5      5      1   
  0.54   0.09   0.78   0.97     10     10      1   
  0.34   0.50   0.92   0.10      8      8      1   
  0.01   0.87   0.39   0.76      4      4      1   
  0.11   0.55   0.28   0.76      3      3      1   
  0.04   0.04   0.20   0.54      6      6      1   
  0.50   0.93   0.85   0.86      4      4      1   
  0.73   0.97   0.74   0.82      2      2      1   
  0.03   0.68   0.04   0.43      3      3      1   
  0.75   0.65   0.26   0.77      6      6      1   
  0.15   0.07   0.88   0.51     12     11      1   
  0.32   0.48   0.17   0.49      2      2      1   
  0.61   0.93   0.73   0.67      4      4      1   
  0.94   0.39   0.04   0.81     13     10      1   
  0.27   0.60   0.54   0.28      9      5      1   
  0.01   0.94   0.18   0.79      3      3      1   
  0.50   0.93   0.74   0.82      3      3      1   
  0.79   0.24   0.12   0.32     27      9      1   
  0.44   0.25   0.35   0.75      7      7      1   
  0.10   0.55   0.09   0.57      1      1      1   
  0.05   0.98   0.45   0.02     51     12      1   
  0.13   0.32   0.17   0.49      2      2      1   
  0.61   0.93   0.79   0.56      5      5      1   
  0.57   0.94   0.15   0.77      6      5      1   
  0.10   0.19   0.03   0.46      3      3      1   
  0.19   0.85   0.76   0.58      7      7      1   
  0.83   0.23   0.14   0.33     30      9      1   
  0.79   0.56   0.28   0.76      7      7      1   
  0.00   0.51   0.89   0.35     10     10      1   
  0.15   0.07   0.89   0.08     27     13      1   
  0.16   0.28   0.13   0.32      1      1      1   
