  0.22   0.95   0.96   0.37     11     10      1   
  0.74   0.44   0.70   0.23      3      3      1   
  0.04   0.80   0.17   0.50      4      3      1   
  0.75   0.63   0.30   0.66      6      6      1   
  0.56   0.12   0.27   0.72      6      6      1   
  0.31   0.55   0.05   0.19      5      5      1   
  0.17   0.21   0.17   0.02      2      2      1   
  0.84   0.45   0.55   0.56      4      4      1   
  0.08   0.26   0.18   0.75      6      6      1   
  0.30   0.40   0.09   0.16      4      4      1   
  0.56   0.56   0.09   0.16      7      7      1   
  0.25   0.53   0.29   0.91      5      5      1   
  0.13   0.05   0.85   0.70     12     11      1   
  0.45   0.28   0.03   0.02      8      7      1   
  0.20   0.51   0.04   0.12      4      4      1   
  0.79   0.70   0.27   0.68      6      6      1   
  0.14   0.23   0.26   0.49      3      3      1   
  0.81   0.42   0.65   0.44      2      2      1   
  0.33   0.51   0.27   0.60      1      1      1   
  0.84   0.78   0.95   0.94      2      2      1   
  0.81   0.63   0.58   0.39      7      4      1   
  0.95   0.67   0.55   0.08      8      8      1   
  0.03   0.32   0.56   0.78      7      7      1   
  0.74   0.44   0.65   0.44      1      1      1   
  0.86   0.89   0.90   0.01     16     11      1   
  0.58   0.65   0.31   0.65      3      3      1   
  0.02   0.14   0.17   0.27      2      2      1   
  0.44   0.99   0.34   0.52      5      5      1   
  0.72   0.63   0.04   0.95     11     10      1   
  0.43   0.50   0.33   0.51      1      1      1   
  0.34   0.52   0.67   0.30      5      5      1   
  0.14   0.86   0.05   0.79      1      1      1   
  0.85   0.70   0.28   0.55     10      7      1   
  0.31   1.00   0.75   0.63      6      6      1   
  0.67   0.30   0.66   0.24      1      1      1   
  0.69   0.45   0.86   0.89      5      5      1   
  0.21   0.53   0.14   0.86      4      4      1   
  0.26   0.42   0.03   0.81      6      4      1   
  0.08   0.44   0.13   0.05      4      4      1   
  0.71   0.73   0.01   0.67      8      8      1   
  0.06   0.36   0.22   0.95      7      7      1   
  0.92   0.83   0.15   0.65      8      8      1   
  0.37   0.40   0.26   0.49      2      2      1   
  0.24   0.49   0.12   0.18      3      3      1   
  0.13   0.05   0.86   0.34     11     10      1   
  0.91   0.74   0.09   0.16     24     11      1   
  0.65   0.13   0.84   0.45      4      4      1   
  0.13   0.05   0.09   0.43      4      4      1   
  0.27   0.60   0.67   0.30      6      6      1   
  0.17   0.50   0.67   0.30      6      6      1   
  0.01   0.94   0.79   0.70     15      9      1   
  0.22   0.95   0.83   0.73      6      6      1   
  0.12   0.35   0.81   0.89     10     10      1   
  0.03   0.31   0.47   0.12     20      7      1   
  0.27   0.60   0.85   0.43      8      7      1   
  0.94   0.79   0.78   0.72      2      2      1   
  0.03   0.32   0.95   0.82     11     11      1   
  0.01   0.24   0.96   0.37     10     10      1   
  0.16   0.17   0.57   0.82      9      9      1   
  0.47   0.12   0.50   0.69      7      7      1   
  0.95   0.67   0.09   0.43     15     10      1   
  0.91   0.74   0.22   0.39     13      9      1   
  0.08   0.59   0.03   0.02      6      6      1   
  0.14   0.23   0.90   0.01     18      9      1   
  0.14   0.84   0.25   0.53      4      4      1   
  0.43   0.69   0.01   0.24      6      6      1   
  0.78   0.95   0.47   0.12     11     10      1   
  0.03   0.02   0.17   0.34      4      4      1   
  0.38   0.91   0.92   0.83      6      6      1   
  0.38   0.62   0.97   0.74      7      7      1   
  0.94   0.49   0.45   0.38      4      4      1   
  0.30   0.40   0.28   0.51      1      1      1   
  0.58   0.39   0.50   0.39      1      1      1   
  0.32   0.98   0.92   0.83      6      6      1   
  0.84   0.45   0.89   0.06     11      6      1   
  0.04   0.80   0.90   0.01     12     11      1   
  0.27   0.72   0.27   0.68      1      1      1   
  0.51   0.23   0.29   0.91      7      7      1   
  0.33   0.51   0.25   0.74      3      3      1   
  0.81   0.89   0.10   0.09     25     12      1   
  0.34   0.52   0.60   0.52      3      3      1   
  0.45   0.29   0.09   0.08      7      6      1   
  0.77   0.41   0.73   0.83      4      4      1   
  0.32   0.98   0.12   0.18      9      9      1   
  0.14   0.84   0.43   0.50      4      4      1   
  0.94   0.49   0.73   0.83      4      4      1   
  0.78   0.72   0.05   0.19     15     10      1   
  0.45   0.38   0.56   0.78      5      5      1   
  0.75   0.63   0.49   0.23     11      7      1   
  0.45   0.28   0.22   0.91      7      7      1   
  0.27   0.72   0.56   0.39      5      5      1   
  0.52   0.89   0.01   0.99      7      6      1   
  0.67   0.30   0.41   0.29      3      3      1   
  0.10   0.09   0.17   0.21      2      2      1   
  0.01   0.94   0.81   0.49     12     10      1   
  0.03   0.89   0.21   0.73      2      2      1   
  0.03   0.40   0.50   0.69      6      6      1   
  0.20   0.51   0.10   0.09      4      4      1   
  0.04   0.12   0.31   0.55      5      5      1   
  0.12   0.24   0.32   0.98      8      8      1   
  0.52   0.89   0.84   0.45      7      6      1   
  0.85   0.70   0.88   0.94      3      3      1   
  0.83   0.73   0.05   0.29     16     11      1   
  0.17   0.50   0.33   0.51      2      2      1   
  0.04   0.12   0.30   0.53      5      5      1   
  0.16   0.86   0.33   0.51      4      4      1   
  0.81   0.63   0.43   0.50      9      6      1   
  0.27   0.72   0.64   0.87      4      4      1   
  0.26   0.49   0.47   0.12      5      5      1   
  0.05   0.29   0.01   0.99      9      8      1   
  0.67   0.82   0.17   0.27      8      8      1   
  0.05   0.19   0.77   0.34     10      9      1   
  0.44   0.85   0.46   0.88      1      1      1   
  0.81   0.00   0.03   0.02     19     12      1   
  0.71   0.73   0.56   0.26      7      7      1   
  0.75   0.63   0.06   0.39     12      9      1   
  0.21   0.53   0.85   0.70      8      8      1   
  0.42   0.86   0.94   0.49      7      7      1   
  0.78   0.95   0.91   0.74      3      3      1   
  0.30   0.53   0.44   0.85      4      4      1   
  0.09   0.16   0.96   0.36     11     10      1   
  0.04   0.95   0.31   1.00      4      4      1   
  0.04   0.80   0.97   0.74     10      9      1   
  0.27   0.72   0.58   0.65      3      3      1   
  0.91   0.36   0.22   0.39      8      8      1   
  0.88   0.85   0.03   0.02     27     14      1   
  0.13   0.11   0.88   0.94     13     12      1   
  0.78   0.72   0.87   0.65      1      1      1   
  0.54   0.52   0.84   0.78      6      6      1   
  0.71   0.73   0.12   0.18     14     10      1   
  0.49   0.10   0.84   0.53      6      6      1   
  0.85   0.43   0.17   0.21     10      9      1   
  0.02   0.14   0.96   0.37     11     11      1   
  0.09   0.43   0.56   0.12     22      6      1   
  0.96   0.36   0.37   0.83      9      9      1   
  0.18   0.75   0.23   0.85      1      1      1   
  0.74   0.44   0.85   0.70      3      3      1   
  0.16   0.86   0.72   0.63     13      8      1   
  0.31   1.00   0.73   0.83      5      5      1   
  0.12   0.24   0.55   0.56      6      6      1   
  0.74   0.08   0.55   0.08      2      2      1   
  0.09   0.08   0.84   0.45     10     10      1   
  0.10   0.17   0.25   0.74      6      6      1   
  0.26   0.49   0.22   0.39      1      1      1   
  0.08   0.59   0.06   0.36      3      3      1   
  0.97   0.74   0.28   0.51     12      9      1   
  0.21   0.53   0.16   0.52      1      1      1   
  0.01   0.24   0.45   0.29      6      6      1   
  0.95   0.25   0.01   0.99     14     13      1   
  0.12   0.18   0.96   0.37     10     10      1   
  0.16   0.17   0.58   0.39      6      6      1   
  0.17   0.19   0.18   0.97      8      8      1   
  0.80   0.05   0.86   0.89     10     10      1   
  0.25   0.74   0.69   0.06      9      9      1   
  0.44   0.38   0.08   0.59      4      4      1   
  0.47   0.12   0.77   0.45      5      5      1   
  0.42   0.86   0.06   0.36      7      7      1   
  0.14   0.84   0.05   0.19      8      7      1   
  0.44   0.85   0.81   0.00     11     11      1   
  0.14   0.23   0.18   0.11      1      1      1   
  0.08   0.59   0.56   0.26      6      6      1   
  0.04   0.12   0.84   0.45     10     10      1   
  0.96   0.36   0.60   0.03      6      6      1   
  0.66   0.24   0.69   0.06      2      2      1   
  0.95   0.25   0.14   0.68     12     11      1   
  0.70   0.19   0.12   0.71      9      8      1   
  0.74   0.08   0.64   0.84      9      9      1   
  0.01   0.24   0.41   1.00      9      9      1   
  0.01   0.24   0.70   0.19     15      8      1   
  0.47   0.12   0.37   0.83      8      7      1   
  0.27   0.72   0.84   0.53      8      8      1   
  0.15   0.65   0.81   0.49      8      7      1   
  0.64   0.87   0.56   0.78      1      1      1   
  0.70   0.23   0.41   0.04      4      4      1   
  0.81   0.89   0.51   0.23      9      8      1   
  0.86   0.34   0.20   0.51      7      7      1   
  0.56   0.56   0.01   0.44      7      7      1   
  0.80   0.60   0.39   0.52     12      6      1   
  0.44   0.38   0.03   0.02     19      7      1   
  0.41   0.04   0.95   0.67      9      9      1   
  0.54   0.52   0.05   0.29      6      6      1   
  0.57   0.76   0.18   0.97      5      5      1   
  0.17   0.02   0.12   0.18      2      2      1   
  0.64   0.87   0.27   0.60      5      5      1   
  0.35   0.54   0.65   0.08      6      6      1   
  0.01   0.67   0.03   0.02      7      7      1   
  0.27   0.68   0.31   0.55      2      2      1   
  0.31   0.55   0.08   0.86      4      4      1   
  0.13   0.05   0.45   0.28      6      6      1   
  0.56   0.26   0.01   0.44      6      6      1   
  0.33   0.51   0.20   0.96      5      5      1   
  0.44   0.38   0.78   0.95      8      8      1   
  0.22   0.39   0.74   0.77      8      8      1   
  0.85   0.43   0.52   0.89      6      6      1   
  0.91   0.62   0.91   0.01     13      8      1   
  0.31   0.55   0.85   0.70      7      7      1   
  0.81   0.42   0.17   0.27     11      8      1   
  0.55   0.08   0.44   0.38      4      4      1   
  0.81   0.00   0.95   0.67     11      8      1   
  0.02   0.14   0.45   0.38      6      6      1   
  0.09   0.16   0.18   0.97      9      9      1   
  0.37   0.83   0.03   0.02      9      9      1   
  0.89   0.06   0.12   0.71     10     10      1   
  0.84   0.53   0.28   0.51      7      7      1   
  0.25   0.53   0.30   0.40      2      2      1   
  0.38   0.62   0.77   0.34      7      7      1   
  0.70   0.19   0.18   0.11      9      8      1   
  0.91   0.36   0.73   0.90      6      6      1   
  0.09   0.43   0.17   0.19      3      3      1   
  0.05   0.79   0.66   0.24      9      9      1   
  0.77   0.41   0.38   0.91      8      8      1   
  0.80   0.05   0.86   0.34      9      5      1   
  0.30   0.53   0.22   0.39      2      2      1   
  0.67   0.82   0.85   0.43      5      5      1   
  0.08   0.86   0.42   0.86      5      5      1   
  0.60   0.03   0.47   0.12      2      2      1   
  0.23   0.85   0.27   0.60      3      3      1   
  0.66   0.24   0.10   0.17      8      7      1   
  0.27   0.68   0.57   0.00      7      7      1   
  0.58   0.65   0.39   0.52      4      4      1   
  0.03   0.89   0.05   0.19      8      8      1   
  0.69   0.06   0.18   0.11     16      9      1   
  0.03   0.40   0.92   0.59     10     10      1   
  0.86   0.89   0.20   0.51     15      9      1   
  0.05   0.19   0.92   0.83     13     12      1   
  0.39   0.52   0.16   0.86      4      4      1   
  0.94   0.49   0.01   0.94     12     11      1   
  0.74   0.08   0.56   0.78      8      8      1   
  0.65   0.13   0.41   0.35      4      4      1   
  0.95   0.82   0.49   0.10     10      9      1   
  0.01   0.24   0.96   0.36     10     10      1   
  0.06   0.36   0.12   0.71      5      5      1   
  0.12   0.24   0.70   0.19     14      7      1   
  0.26   0.49   0.96   0.37      8      8      1   
  0.20   0.47   0.57   0.76      5      5      1   
  0.27   0.72   0.08   0.26      5      5      1   
  0.05   0.19   0.84   0.45     10      9      1   
  0.88   0.85   0.56   0.12      8      8      1   
  0.44   0.38   0.05   0.79      6      6      1   
  0.91   0.74   0.21   0.53     12      9      1   
  0.27   0.72   0.03   0.02      7      7      1   
  0.65   0.13   0.14   0.68      8      8      1   
  0.22   0.39   0.05   0.19      3      3      1   
  0.17   0.02   0.70   0.81     12     11      1   
  0.01   0.69   0.90   0.01     11     10      1   
  0.80   0.05   0.84   0.78      9      9      1   
  0.43   0.50   0.01   0.24      5      5      1   
  0.37   0.83   0.08   0.86      4      4      1   
  0.65   0.13   0.21   0.53      6      6      1   
  0.27   0.68   0.88   0.85      7      7      1   
  0.73   0.83   0.88   0.94      2      2      1   
  0.92   0.83   0.56   0.12      8      8      1   
  0.95   0.25   0.23   0.85     12     11      1   
  0.27   0.68   0.27   0.60      1      1      1   
  0.10   0.17   0.03   0.81      8      6      1   
  0.34   0.52   0.22   0.95      5      5      1   
  0.81   0.63   0.20   0.47     10      8      1   
  0.56   0.39   0.12   0.71      6      6      1   
  0.92   0.83   0.14   0.84      9      8      1   
  0.70   0.23   0.21   0.53      6      6      1   
  0.30   0.53   0.91   0.01      9      8      1   
  0.86   0.34   0.97   0.74      5      5      1   
  0.45   0.38   0.31   1.00      7      7      1   
  0.17   0.27   0.50   0.39      4      4      1   
  0.27   0.72   0.54   0.01      7      7      1   
  0.01   0.94   0.96   0.37     13     12      1   
  0.22   0.91   0.04   0.80      2      2      1   
  0.71   0.73   0.69   0.11      8      8      1   
  0.64   0.87   0.03   0.81      7      6      1   
  0.41   0.29   0.09   0.08     17      6      1   
  0.57   0.76   0.13   0.11      9      8      1   
  0.91   0.62   0.59   0.19      6      6      1   
  0.60   0.03   0.71   0.91     10     10      1   
  0.79   0.70   0.22   0.39     12      8      1   
  0.09   0.16   0.28   0.51      4      4      1   
  0.56   0.56   0.84   0.45      4      4      1   
  0.08   0.26   0.80   0.05     17      8      1   
  0.32   0.98   0.91   0.01     19     12      1   
  0.01   0.44   0.30   0.66      4      4      1   
  0.88   0.94   0.25   0.74      9      8      1   
  0.44   0.99   0.77   0.45      7      7      1   
  0.88   0.85   0.41   0.35      9      8      1   
  0.35   0.54   0.95   0.82      8      8      1   
  0.58   0.39   0.45   0.29      2      2      1   
  0.55   0.08   0.20   0.47      6      6      1   
  0.70   0.81   0.95   0.67      3      3      1   
  0.58   0.65   0.92   0.83      5      5      1   
  0.13   0.11   0.31   0.65      5      5      1   
  0.80   0.05   0.74   0.44      5      5      1   
  0.09   0.43   0.16   0.86      5      5      1   
  0.29   0.91   0.01   0.67      4      4      1   
  0.89   0.06   0.81   0.89     12     11      1   
  0.20   0.51   0.10   0.09      4      4      1   
  0.91   0.62   0.95   0.67      1      1      1   
  0.65   0.13   0.14   0.84      9      9      1   
  0.21   0.53   0.28   0.51      1      1      1   
  0.54   0.52   0.05   0.29      6      6      1   
  0.60   0.03   0.65   0.44      6      5      1   
  0.16   0.17   0.30   0.40      3      3      1   
  0.04   0.95   0.29   0.91      4      4      1   
  0.47   0.12   0.60   0.31      2      2      1   
  0.69   0.06   0.80   0.05      1      1      1   
  0.01   0.69   0.74   0.77      8      8      1   
  0.17   0.27   0.03   0.02      3      3      1   
  0.01   0.99   0.69   0.11     11     11      1   
  0.20   0.51   0.24   0.49      1      1      1   
  0.64   0.87   0.96   0.36      6      6      1   
  0.95   0.94   0.81   0.49      5      5      1   
  0.52   0.89   0.14   0.86      5      4      1   
  0.31   0.65   0.65   0.44      5      5      1   
  0.23   0.85   0.88   0.94      8      8      1   
  0.05   0.29   0.43   0.69      6      6      1   
  0.77   0.45   0.78   0.72      3      3      1   
  0.04   0.95   0.43   0.92      6      5      1   
  0.06   0.04   0.80   0.60     11     10      1   
  0.26   0.42   0.04   0.12      4      4      1   
  0.86   0.34   0.01   0.69     11      9      1   
  0.91   0.36   0.97   0.74      5      5      1   
  0.90   0.01   0.73   0.83     10     10      1   
  0.88   0.85   0.17   0.21     16     12      1   
  0.66   0.24   0.12   0.71      8      8      1   
  0.67   0.30   0.17   0.19      8      7      1   
  0.46   0.88   0.14   0.23      7      7      1   
  0.17   0.34   0.42   0.86      6      6      1   
  0.01   0.94   0.46   0.10     11     11      1   
  0.70   0.23   0.30   0.66      6      6      1   
  0.91   0.36   0.94   0.49      2      2      1   
  0.58   0.65   0.80   0.05      7      7      1   
  0.50   0.69   0.17   0.50      4      4      1   
  0.58   0.65   0.12   0.18      8      8      1   
  0.84   0.45   0.70   0.19      3      3      1   
  0.03   0.32   0.16   0.52      2      2      1   
  0.58   0.65   0.03   0.32      8      7      1   
  0.27   0.68   0.96   0.37      9      9      1   
  0.10   0.17   0.06   0.04      2      2      1   
  0.27   0.60   0.96   0.36      8      8      1   
  0.17   0.02   0.26   0.49      5      5      1   
  0.58   0.65   0.06   0.36      8      7      1   
  0.06   0.36   0.59   0.19      6      6      1   
  0.55   0.56   0.74   0.08      6      6      1   
  0.13   0.11   0.92   0.59     11     10      1   
  0.05   0.19   0.26   0.49      4      4      1   
  0.17   0.50   0.49   0.10      5      5      1   
  0.30   0.53   0.28   0.55      1      1      1   
  0.31   0.65   0.65   0.08      7      7      1   
  0.43   0.69   0.17   0.02      8      7      1   
  0.81   0.63   0.65   0.13      6      6      1   
  0.38   0.62   0.75   0.63      9      6      1   
  0.31   0.55   0.56   0.39      3      3      1   
  0.23   0.85   0.67   0.30      8      8      1   
  0.03   0.02   0.16   0.17      2      2      1   
  0.95   0.82   0.04   0.80     10      9      1   
  0.57   0.00   0.41   0.29      3      3      1   
  0.70   0.23   0.95   0.67      6      6      1   
  0.20   0.96   0.59   0.19      9      9      1   
  0.96   0.37   0.09   0.43      9      9      1   
  0.80   0.60   0.10   0.09     21     10      1   
  0.50   0.39   0.65   0.08      4      4      1   
  0.22   0.39   0.10   0.17      2      2      1   
  0.70   0.81   0.13   0.05     25     11      1   
  0.27   0.60   0.91   0.36      8      8      1   
  0.15   0.65   0.56   0.26      6      6      1   
  0.26   0.42   0.75   0.63      8      7      1   
  0.43   0.69   0.05   0.19      6      6      1   
  0.81   0.00   0.90   0.63     10      7      1   
  0.09   0.16   0.64   0.84     10      9      1   
  0.17   0.34   0.81   0.00      8      8      1   
  0.17   0.50   0.26   0.49      1      1      1   
  0.06   0.36   0.95   0.94     12     12      1   
  0.84   0.45   0.52   0.89      6      6      1   
  0.95   0.25   0.88   0.85      6      6      1   
  0.60   0.52   0.28   0.55      4      4      1   
  0.57   0.00   0.18   0.11     15      8      1   
  0.04   0.12   0.20   0.96      9      9      1   
  0.18   0.97   0.44   0.38      7      7      1   
  0.41   0.35   0.43   0.92      6      6      1   
  0.10   0.25   0.71   0.73      9      9      1   
  0.14   0.86   0.91   0.74      9      8      1   
  0.30   0.66   0.84   0.53      9      7      1   
  0.70   0.81   0.95   0.82      3      3      1   
  0.56   0.12   0.06   0.39      6      6      1   
  0.64   0.84   0.46   0.88      2      2      1   
  0.49   0.23   0.74   0.08      3      3      1   
  0.37   0.40   0.65   0.08      4      4      1   
  0.27   0.60   0.31   0.65      1      1      1   
  0.81   0.89   0.32   0.98      5      5      1   
  0.80   0.60   0.22   0.91      9      7      1   
  0.67   0.30   0.65   0.13      2      2      1   
  0.09   0.16   0.42   0.86      8      8      1   
  0.17   0.34   0.64   0.22      6      6      1   
  0.91   0.62   0.56   0.39      4      4      1   
  0.10   0.17   0.56   0.56      7      7      1   
  0.22   0.91   0.03   0.02     10     10      1   
  0.22   0.39   0.01   0.69      3      3      1   
  0.95   0.25   0.09   0.08     13     12      1   
  0.01   0.69   0.88   0.85     10     10      1   
  0.17   0.19   0.26   0.49      3      3      1   
  0.91   0.01   0.17   0.50      8      8      1   
  0.08   0.59   0.69   0.45      7      6      1   
  0.91   0.01   0.45   0.38      6      6      1   
  0.78   0.72   0.41   0.04      9      8      1   
  0.79   0.70   0.91   0.36      4      4      1   
  0.65   0.13   0.13   0.05     13      9      1   
  0.65   0.13   0.08   0.44      7      7      1   
  0.25   0.53   0.08   0.59      2      2      1   
  0.72   0.63   0.17   0.02     36     11      1   
  0.91   0.36   0.55   0.08      6      6      1   
  0.91   0.74   0.69   0.45      5      4      1   
  0.81   0.00   0.22   0.95     12     12      1   
  0.30   0.40   0.08   0.86      5      5      1   
  0.47   0.12   0.66   0.24      3      3      1   
  0.16   0.86   0.91   0.62     12      8      1   
  0.04   0.12   0.74   0.08     17     10      1   
  0.23   0.85   0.65   0.13      9      9      1   
  0.54   0.01   0.44   0.85     10      9      1   
  0.79   0.70   0.92   0.83      2      2      1   
  0.69   0.06   0.67   0.82      9      9      1   
  0.20   0.47   0.71   0.91      7      7      1   
  0.30   0.40   0.37   0.83      4      4      1   
  0.73   0.90   0.20   0.47      7      7      1   
  0.91   0.36   0.03   0.31     10     10      1   
  0.73   0.83   0.17   0.19     15     10      1   
  0.46   0.10   0.81   0.49      6      6      1   
  0.85   0.43   0.74   0.08      4      4      1   
  0.56   0.26   0.79   0.70      6      6      1   
  0.81   0.42   0.59   0.19      4      4      1   
  0.09   0.16   0.31   0.65      5      5      1   
  0.26   0.49   0.64   0.84      6      6      1   
  0.88   0.85   0.20   0.47     15      9      1   
  0.24   0.49   0.28   0.51      1      1      1   
  0.31   0.65   0.30   0.53      1      1      1   
  0.84   0.53   0.25   0.53      7      7      1   
  0.57   0.00   0.91   0.01      4      4      1   
  0.91   0.01   0.44   0.99     11     11      1   
  0.84   0.53   0.75   0.63      2      2      1   
  0.49   0.10   0.70   0.81      9      8      1   
  0.22   0.91   0.81   0.00     12     12      1   
  0.94   0.79   0.05   0.79     10      9      1   
  0.88   0.94   0.89   0.06     16     11      1   
  0.16   0.17   0.09   0.08      1      1      1   
  0.27   0.72   0.45   0.29      5      5      1   
  0.60   0.03   0.94   0.79      9      9      1   
  0.01   0.44   0.56   0.56      7      7      1   
  0.10   0.25   0.49   0.23      9      5      1   
  0.10   0.17   0.01   0.24      1      1      1   
  0.95   0.94   0.06   0.36     18     12      1   
  0.43   0.50   0.17   0.21      5      5      1   
  0.03   0.40   0.04   0.95      8      7      1   
  0.92   0.83   0.70   0.81      3      3      1   
  0.79   0.70   0.97   0.74      2      2      1   
  0.16   0.86   0.20   0.96      1      1      1   
  0.42   0.86   0.01   0.99      6      6      1   
  0.17   0.34   0.09   0.08      3      3      1   
  0.37   0.83   0.17   0.34      5      5      1   
  0.95   0.82   0.32   0.98      7      6      1   
  0.06   0.36   0.03   0.40      1      1      1   
  0.94   0.79   0.67   0.82      3      3      1   
  0.41   0.35   0.80   0.60      5      5      1   
  0.49   0.10   0.02   0.14     14      8      1   
  0.70   0.19   0.91   0.01      3      3      1   
  0.57   0.82   0.17   0.50      6      6      1   
  0.41   0.04   0.04   0.12     11      9      1   
  0.16   0.86   0.12   0.24      7      7      1   
  0.77   0.45   0.06   0.36      7      7      1   
  0.27   0.60   0.18   0.11      5      5      1   
  0.03   0.02   0.56   0.78     10     10      1   
  0.70   0.81   0.27   0.68      5      5      1   
  0.14   0.23   0.09   0.08      2      2      1   
  0.18   0.75   0.71   0.91      6      6      1   
  0.16   0.52   0.84   0.45      8      8      1   
  0.20   0.51   0.56   0.78      5      5      1   
  0.14   0.86   0.83   0.73      8      7      1   
  0.84   0.45   0.74   0.08      4      4      1   
  0.25   0.53   0.12   0.71      3      3      1   
  0.05   0.19   0.35   0.54      5      5      1   
  0.08   0.59   0.14   0.86      3      3      1   
  0.39   0.52   0.13   0.05     19      6      1   
  0.03   0.02   0.95   0.25     14     13      1   
  0.20   0.96   0.22   0.91      1      1      1   
  0.27   0.60   0.94   0.49      9      7      1   
  0.60   0.52   0.88   0.85      7      6      1   
  0.17   0.21   0.81   0.63     11     10      1   
  0.02   0.14   0.50   0.69      8      8      1   
  0.03   0.32   0.95   0.67     12     11      1   
  0.71   0.73   0.16   0.52     12      7      1   
  0.83   0.73   0.25   0.53     13      8      1   
  0.45   0.28   0.43   0.50      2      2      1   
  0.16   0.17   0.60   0.52      7      7      1   
  0.24   0.49   0.55   0.56      4      4      1   
  0.25   0.53   0.38   0.62      2      2      1   
  0.37   0.40   0.25   0.74      4      4      1   
  0.08   0.26   0.74   0.77      9      9      1   
  0.81   0.00   0.38   0.91     12     11      1   
  0.22   0.91   0.77   0.41      9      9      1   
  0.44   0.99   0.13   0.05     10     10      1   
  0.04   0.80   0.69   0.06     10     10      1   
  0.01   0.24   0.17   0.50      3      3      1   
  0.77   0.34   0.56   0.26      2      2      1   
  0.44   0.38   0.18   0.97      7      7      1   
  0.44   0.85   0.31   0.55      4      4      1   
  0.55   0.56   0.77   0.41      3      3      1   
  0.41   0.04   0.24   0.49      6      6      1   
  0.81   0.49   0.41   1.00      7      7      1   
  0.77   0.41   0.25   0.53      6      6      1   
  0.77   0.34   0.03   0.32      9      8      1   
  0.06   0.39   0.74   0.44      7      7      1   
  0.03   0.89   0.70   0.19     10     10      1   
  0.09   0.43   0.08   0.86      5      5      1   
  0.60   0.52   0.67   0.30      3      3      1   
  0.57   0.76   0.64   0.22      6      6      1   
  0.03   0.02   0.64   0.22     10      9      1   
  0.21   0.73   0.30   0.40      3      3      1   
  0.04   0.80   0.95   0.94     11     10      1   
  0.44   0.38   0.27   0.72      4      4      1   
  0.57   0.82   0.89   0.06     17     10      1   
  0.22   0.91   0.10   0.17      8      8      1   
  0.09   0.08   0.66   0.24      9      8      1   
  0.92   0.83   0.31   1.00      7      7      1   
  0.03   0.31   0.09   0.16      2      2      1   
  0.06   0.04   0.31   1.00     11     10      1   
  0.30   0.66   0.44   0.38      3      3      1   
  0.41   0.29   0.43   0.92      6      6      1   
  0.69   0.45   0.30   0.40      4      4      1   
  0.22   0.39   0.56   0.26      4      4      1   
  0.08   0.59   0.12   0.18      4      4      1   
  0.03   0.02   0.17   0.27      3      3      1   
  0.21   0.73   0.05   0.19      7      6      1   
  0.27   0.72   0.06   0.04      7      7      1   
  0.26   0.49   0.24   0.49      1      1      1   
  0.20   0.96   0.79   0.70      6      6      1   
  0.13   0.05   0.95   0.94     14     14      1   
  0.96   0.37   0.89   0.06      9      7      1   
  0.70   0.19   0.03   0.02     19     10      1   
  0.57   0.82   0.79   0.70      3      3      1   
  0.77   0.45   0.01   0.94     11     10      1   
  0.83   0.73   0.70   0.23      6      6      1   
  0.09   0.43   0.01   0.44      1      1      1   
  0.94   0.79   0.25   0.74      8      8      1   
  0.41   0.04   0.28   0.53      6      6      1   
  0.25   0.53   0.13   0.05      5      5      1   
  0.96   0.36   0.77   0.34      2      2      1   
  0.91   0.62   0.05   0.29     16     10      1   
  0.86   0.34   0.91   0.36      1      1      1   
  0.17   0.21   0.59   0.19     12      7      1   
  0.03   0.02   0.44   0.85     10     10      1   
  0.38   0.91   0.88   0.94      6      6      1   
  0.71   0.91   0.39   0.72      4      4      1   
  0.39   0.52   0.80   0.60      6      6      1   
  0.86   0.34   0.69   0.06      4      4      1   
  0.33   0.51   0.85   0.70      7      7      1   
  0.50   0.69   0.42   0.86      3      3      1   
  0.95   0.94   0.41   0.35     10      9      1   
  0.55   0.08   0.27   0.68      8      7      1   
  0.64   0.87   0.14   0.68      6      6      1   
  0.01   0.24   0.22   0.39      3      3      1   
  0.49   0.23   0.57   0.00      2      2      1   
  0.13   0.05   0.39   0.52      6      6      1   
  0.01   0.94   0.01   0.69      3      3      1   
  0.90   0.01   0.15   0.65      9      9      1   
  0.31   1.00   0.90   0.63      7      7      1   
  0.43   0.92   0.77   0.34      8      8      1   
  0.41   0.04   0.20   0.96     10     10      1   
  0.45   0.28   0.03   0.81      7      7      1   
  0.86   0.34   0.05   0.19     10      9      1   
  0.17   0.02   0.56   0.26      8      8      1   
  0.08   0.86   0.03   0.89      1      1      1   
  0.84   0.53   0.17   0.02     35     10      1   
  0.50   0.39   0.35   0.54      2      2      1   
  0.03   0.02   0.06   0.04      1      1      1   
  0.03   0.81   0.12   0.35      5      5      1   
  0.91   0.74   0.85   0.43      3      3      1   
  0.78   0.95   0.01   0.99     10      9      1   
  0.33   0.51   0.91   0.62      7      7      1   
  0.22   0.91   0.69   0.11     10     10      1   
  0.95   0.94   0.57   0.76      5      5      1   
  0.95   0.94   0.78   0.95      2      2      1   
  0.44   0.99   0.64   0.22      8      8      1   
  0.30   0.40   0.50   0.69      4      4      1   
  0.03   0.89   0.08   0.44      5      5      1   
  0.58   0.39   0.12   0.18      9      6      1   
  0.05   0.29   0.18   0.75      6      6      1   
  0.03   0.31   0.86   0.34      9      9      1   
  0.80   0.05   0.94   0.79      9      9      1   
  0.41   0.35   0.16   0.17      4      4      1   
  0.70   0.23   0.25   0.74      7      7      1   
  0.04   0.95   0.03   0.31      8      8      1   
  0.06   0.36   0.44   0.99      8      8      1   
  0.41   0.35   0.50   0.69      6      5      1   
  0.18   0.11   0.55   0.08     21      8      1   
  0.91   0.01   0.95   0.25     12      8      1   
  0.73   0.83   0.38   0.91      4      4      1   
  0.14   0.23   0.44   0.85      7      7      1   
  0.28   0.53   0.81   0.89      7      7      1   
  0.90   0.01   0.22   0.95     12     12      1   
  0.94   0.79   0.20   0.96      7      7      1   
  0.38   0.91   0.56   0.39      7      7      1   
  0.54   0.01   0.26   0.42      6      5      1   
  0.45   0.38   0.83   0.73      6      6      1   
  0.97   0.74   0.31   0.55     11      8      1   
  0.20   0.47   0.41   0.35      2      2      1   
  0.24   0.49   0.02   0.14      4      4      1   
  0.97   0.74   0.01   0.69     11     10      1   
  0.04   0.80   0.52   0.89      6      5      1   
  0.55   0.56   0.95   0.67      6      6      1   
  0.78   0.95   0.95   0.94      2      2      1   
  0.08   0.26   0.49   0.10     25      6      1   
  0.79   0.70   0.20   0.96      7      6      1   
  0.91   0.01   0.13   0.05     15     11      1   
  0.17   0.19   0.22   0.91      8      8      1   
  0.56   0.12   0.94   0.49      5      5      1   
  0.69   0.45   0.49   0.10      4      4      1   
  0.25   0.74   0.94   0.79      8      8      1   
  0.67   0.82   0.88   0.94      3      3      1   
  0.70   0.19   0.30   0.53      7      6      1   
  0.81   0.42   0.24   0.49      7      7      1   
  0.33   0.51   0.45   0.28      3      3      1   
  0.17   0.34   0.25   0.74      4      4      1   
  0.22   0.39   0.09   0.16      3      3      1   
  0.06   0.04   0.77   0.41     10      9      1   
  0.84   0.78   0.86   0.89      1      1      1   
  0.08   0.44   0.52   0.89      7      7      1   
  0.27   0.72   0.81   0.49      7      7      1   
  0.57   0.00   0.65   0.08      1      1      1   
  0.74   0.44   0.90   0.63      3      3      1   
  0.84   0.53   0.32   0.98      7      7      1   
  0.17   0.27   0.69   0.45      6      6      1   
  0.06   0.39   0.80   0.60      9      8      1   
  0.17   0.21   0.56   0.26      7      6      1   
  0.13   0.11   0.84   0.53     10      9      1   
  0.05   0.79   0.10   0.09      7      7      1   
  0.91   0.36   0.81   0.89      6      6      1   
  0.80   0.05   0.28   0.53      7      7      1   
  0.92   0.59   0.01   0.67     11     10      1   
  0.74   0.77   0.74   0.08      8      8      1   
  0.60   0.52   0.73   0.90      5      5      1   
  0.78   0.95   0.06   0.39     10     10      1   
  0.74   0.77   0.16   0.52      7      7      1   
  0.08   0.26   0.80   0.60      9      8      1   
  0.03   0.89   0.20   0.96      2      2      1   
  0.77   0.45   0.84   0.53      1      1      1   
  0.17   0.19   0.37   0.83      7      7      1   
  0.47   0.12   0.16   0.86      8      8      1   
  0.13   0.11   0.08   0.44      3      3      1   
  0.91   0.36   0.95   0.25      1      1      1   
  0.79   0.70   0.57   0.82      3      3      1   
  0.37   0.40   0.65   0.44      3      3      1   
  0.45   0.29   0.92   0.83      8      8      1   
  0.45   0.38   0.13   0.11     17      5      1   
  0.39   0.72   0.39   0.52      2      2      1   
  0.86   0.89   0.12   0.24     16     11      1   
  0.60   0.03   0.24   0.49      6      6      1   
  0.91   0.74   0.04   0.80     10      9      1   
  0.10   0.17   0.85   0.43      9      9      1   
  0.77   0.41   0.05   0.79     10      9      1   
  0.20   0.51   0.28   0.51      1      1      1   
  0.03   0.81   0.22   0.95      2      2      1   
  0.56   0.12   0.28   0.55      5      5      1   
  0.70   0.81   0.30   0.53     12      6      1   
  0.52   0.89   0.97   0.74      4      4      1   
  0.17   0.27   0.75   0.63     10      9      1   
  0.95   0.94   0.51   0.23     10      9      1   
  0.79   0.70   0.55   0.56      8      5      1   
  0.41   0.04   0.78   0.72     11      8      1   
  0.01   0.24   0.04   0.12      1      1      1   
  0.60   0.31   0.49   0.10      2      2      1   
  0.74   0.08   0.17   0.19     15      9      1   
  0.03   0.89   0.31   1.00      3      3      1   
  0.27   0.72   0.17   0.50      3      3      1   
  0.22   0.39   0.87   0.65      9      8      1   
  0.84   0.45   0.23   0.85     10      9      1   
  0.14   0.68   0.39   0.72      3      3      1   
  0.64   0.84   0.60   0.52      4      4      1   
  0.22   0.39   0.78   0.72      9      8      1   
  0.49   0.10   0.10   0.09     14      8      1   
  0.28   0.53   0.09   0.08      5      5      1   
  0.55   0.56   0.96   0.36      5      5      1   
  0.30   0.53   0.08   0.86      4      4      1   
  0.59   0.19   0.03   0.89      9      9      1   
  0.44   0.85   0.91   0.36      9      8      1   
  0.49   0.23   0.71   0.73      8      8      1   
  0.22   0.91   0.47   0.12      9      9      1   
  0.57   0.00   0.37   0.40      4      4      1   
  0.05   0.19   0.64   0.84     10      9      1   
  0.84   0.53   0.05   0.29      9      9      1   
  0.32   0.98   0.22   0.91      1      1      1   
  0.17   0.02   0.83   0.73     14     12      1   
  0.31   0.55   0.31   0.65      1      1      1   
  0.86   0.34   0.41   0.29      5      5      1   
  0.10   0.25   0.55   0.08     22      7      1   
  0.03   0.31   0.08   0.59      4      4      1   
  0.26   0.49   0.69   0.11      6      6      1   
  0.15   0.65   0.03   0.31      5      5      1   
  0.78   0.95   0.35   0.54      7      7      1   
  0.15   0.65   0.32   0.98      4      4      1   
  0.01   0.44   0.78   0.72     10     10      1   
  0.03   0.81   0.74   0.44      9      9      1   
  0.05   0.29   0.44   0.85      8      8      1   
  0.56   0.39   0.12   0.71      6      6      1   
  0.58   0.65   0.96   0.37      6      6      1   
  0.45   0.38   0.14   0.86      6      6      1   
  0.51   0.23   0.17   0.50      4      4      1   
  0.22   0.91   0.29   0.91      1      1      1   
  0.72   0.63   0.71   0.91      3      3      1   
  0.44   0.99   0.01   0.69      5      5      1   
  0.03   0.81   0.28   0.51      4      4      1   
  0.08   0.59   0.43   0.69      4      4      1   
  0.41   0.04   0.81   0.89     11     10      1   
  0.56   0.12   0.69   0.06      2      2      1   
  0.03   0.89   0.04   0.12      8      8      1   
  0.65   0.13   0.69   0.45      5      4      1   
  0.96   0.36   0.57   0.76      7      7      1   
  0.04   0.95   0.92   0.59     15     11      1   
  0.90   0.63   0.77   0.34      3      3      1   
  0.45   0.38   0.21   0.73      4      4      1   
  0.95   0.25   0.73   0.90      7      7      1   
  0.08   0.26   0.42   0.86      7      7      1   
  0.60   0.03   0.54   0.01      1      1      1   
  0.55   0.08   0.32   0.98     10     10      1   
  0.44   0.99   0.46   0.10     11     10      1   
  0.74   0.08   0.16   0.17     13      9      1   
  0.30   0.53   0.50   0.69      3      3      1   
  0.13   0.05   0.49   0.10     22      8      1   
  0.54   0.01   0.56   0.78      8      8      1   
  0.46   0.88   0.90   0.63      5      5      1   
  0.03   0.31   0.43   0.69      6      6      1   
  0.41   0.04   0.01   0.67      8      8      1   
  0.56   0.12   0.47   0.12      1      1      1   
  0.17   0.21   0.56   0.26      7      6      1   
  0.95   0.94   0.64   0.84      4      4      1   
  0.84   0.45   0.31   0.65      8      7      1   
  0.03   0.89   0.45   0.29      7      7      1   
  0.05   0.29   0.64   0.84      9      9      1   
  0.25   0.74   0.14   0.86      2      2      1   
  0.29   0.91   0.03   0.31      8      8      1   
  0.01   0.99   0.74   0.44     10     10      1   
  0.79   0.70   0.91   0.36      4      4      1   
  0.03   0.89   0.13   0.05      8      8      1   
  0.49   0.23   0.55   0.56      5      5      1   
  0.06   0.39   0.73   0.90      9      9      1   
  0.57   0.00   0.51   0.23      2      2      1   
  0.35   0.54   0.26   0.42      2      2      1   
  0.71   0.73   0.17   0.34     13      8      1   
  0.08   0.26   0.14   0.23      1      1      1   
  0.64   0.87   0.08   0.44      7      7      1   
  0.77   0.45   0.66   0.24      3      3      1   
  0.73   0.83   0.51   0.23      8      7      1   
  0.27   0.72   0.30   0.66      1      1      1   
  0.73   0.83   0.43   0.50     12      6      1   
  0.67   0.82   0.97   0.74      3      3      1   
  0.14   0.68   0.50   0.39      5      5      1   
  0.33   0.51   0.47   0.12      4      4      1   
  0.08   0.86   0.84   0.78      9      8      1   
  0.45   0.38   0.78   0.95      8      8      1   
  0.12   0.24   0.39   0.52      4      4      1   
  0.64   0.22   0.17   0.02     14      9      1   
  0.02   0.14   0.91   0.62     11     11      1   
  0.54   0.52   0.41   1.00      6      6      1   
  0.73   0.83   0.74   0.77      1      1      1   
  0.75   0.63   0.01   0.67      9      9      1   
  0.25   0.74   0.16   0.86      2      2      1   
  0.01   0.44   0.03   0.89      7      6      1   
  0.80   0.60   0.31   1.00      7      7      1   
  0.56   0.56   0.14   0.68      7      6      1   
  0.96   0.37   0.05   0.19     11     10      1   
  0.49   0.23   0.91   0.01      4      4      1   
  0.09   0.16   0.09   0.43      3      3      1   
  0.09   0.08   0.56   0.78      9      9      1   
  0.31   0.55   0.77   0.45      5      5      1   
  0.42   0.86   0.41   0.29      6      6      1   
  0.81   0.49   0.26   0.49      6      6      1   
  0.12   0.18   0.85   0.70     11     10      1   
  0.26   0.42   0.55   0.08      5      5      1   
  0.09   0.08   0.12   0.35      3      3      1   
  0.91   0.36   0.12   0.24     13      9      1   
  0.24   0.49   0.18   0.11      4      4      1   
  0.03   0.89   0.50   0.39      6      6      1   
  0.74   0.77   0.85   0.70      1      1      1   
  0.03   0.89   0.60   0.03     10     10      1   
  0.54   0.01   0.59   0.19      2      2      1   
  0.08   0.44   0.30   0.40      2      2      1   
  0.01   0.99   0.49   0.23      9      9      1   
  0.18   0.11   0.49   0.23     11      6      1   
  0.47   0.12   0.22   0.95      9      9      1   
  0.04   0.12   0.12   0.35      3      3      1   
  0.17   0.50   0.22   0.39      1      1      1   
  0.77   0.34   0.15   0.65      8      8      1   
  0.20   0.47   0.01   0.24      3      3      1   
  0.13   0.11   0.70   0.19     13      8      1   
  0.43   0.69   0.64   0.87      3      3      1   
  0.20   0.47   0.70   0.19      6      6      1   
  0.43   0.92   0.14   0.86      3      3      1   
  0.67   0.82   0.56   0.26      8      7      1   
  0.95   0.25   0.22   0.95     12     11      1   
  0.43   0.69   0.43   0.50      3      3      1   
  0.91   0.01   0.59   0.19      3      3      1   
  0.12   0.35   0.43   0.69      5      5      1   
  0.10   0.25   0.58   0.65      7      7      1   
  0.16   0.17   0.69   0.11     14      8      1   
  0.86   0.34   0.01   0.69     11      9      1   
  0.79   0.70   0.27   0.68      6      6      1   
  0.69   0.45   0.37   0.83      6      6      1   
  0.32   0.98   0.56   0.12      9      9      1   
  0.01   0.69   0.50   0.69      5      5      1   
  0.25   0.53   0.79   0.70      9      8      1   
  0.69   0.45   0.17   0.34      5      5      1   
  0.03   0.02   0.03   0.31      3      3      1   
  0.12   0.24   0.17   0.02      2      2      1   
  0.60   0.31   0.70   0.19      2      2      1   
  0.94   0.79   0.91   0.74      1      1      1   
  0.31   0.65   0.94   0.79      7      7      1   
  0.41   0.04   0.15   0.65      7      7      1   
  0.75   0.63   0.28   0.51     10      8      1   
  0.37   0.83   0.91   0.62      6      6      1   
  0.37   0.40   0.21   0.53      2      2      1   
  0.41   0.29   0.84   0.45      5      5      1   
  0.96   0.37   0.01   0.69     12     10      1   
  0.94   0.49   0.67   0.82      5      5      1   
  0.57   0.76   0.08   0.59      5      5      1   
  0.75   0.63   0.12   0.71      8      8      1   
  0.44   0.99   0.28   0.51      6      6      1   
  0.09   0.43   0.51   0.23      5      5      1   
  0.31   1.00   0.03   0.81      3      3      1   
  0.56   0.78   0.95   0.82      4      4      1   
  0.51   0.23   0.77   0.41      4      4      1   
  0.06   0.39   0.86   0.34      8      8      1   
  0.33   0.51   0.55   0.56      3      3      1   
  0.26   0.42   0.90   0.01      8      7      1   
  0.57   0.82   0.35   0.54      5      5      1   
  0.70   0.81   0.91   0.74      2      2      1   
  0.64   0.22   0.34   0.52      5      5      1   
  0.44   0.99   0.67   0.82      3      3      1   
  0.57   0.00   0.17   0.02     17      9      1   
  0.75   0.63   0.03   0.89     10      9      1   
  0.47   0.12   0.04   0.80      8      8      1   
  0.70   0.19   0.28   0.53      7      6      1   
  0.41   0.35   0.43   0.92      6      6      1   
  0.43   0.69   0.83   0.73      5      5      1   
  0.01   0.24   0.16   0.17      2      2      1   
  0.80   0.05   0.22   0.91     11     11      1   
  0.39   0.52   0.01   0.67      4      4      1   
  0.01   0.99   0.16   0.86      3      3      1   
  0.79   0.70   0.46   0.10      9      8      1   
  0.20   0.96   0.03   0.02     10     10      1   
  0.46   0.88   0.31   0.55      4      4      1   
  0.31   0.55   0.28   0.51      1      1      1   
  0.60   0.03   0.95   0.94     10     10      1   
  0.91   0.74   0.86   0.89      2      2      1   
  0.08   0.59   0.43   0.69      4      4      1   
  0.92   0.59   0.01   0.44     51     10      1   
  0.74   0.77   0.79   0.70      1      1      1   
  0.59   0.19   0.08   0.86      9      9      1   
  0.03   0.81   0.17   0.02      8      8      1   
  0.17   0.34   0.54   0.01     30      6      1   
  0.03   0.02   0.96   0.37     13     12      1   
  0.54   0.01   0.86   0.34      5      5      1   
  0.88   0.85   0.69   0.06      8      8      1   
  0.73   0.90   0.18   0.75      7      6      1   
  0.95   0.25   0.70   0.19      5      5      1   
  0.38   0.62   0.06   0.36      4      4      1   
  0.31   0.55   0.95   0.67      8      8      1   
  0.56   0.26   0.45   0.38      2      2      1   
  0.13   0.05   0.57   0.00     30      9      1   
  0.43   0.92   0.81   0.42      8      7      1   
  0.69   0.06   0.06   0.04     17     10      1   
  0.17   0.27   0.84   0.45      8      8      1   
  0.38   0.62   0.57   0.82      4      4      1   
  0.69   0.45   0.03   0.81      9      8      1   
  0.18   0.75   0.05   0.29      6      6      1   
  0.66   0.24   0.37   0.40      4      4      1   
  0.80   0.05   0.54   0.52      5      5      1   
  0.96   0.36   0.56   0.26      4      4      1   
  0.13   0.05   0.41   0.29      6      6      1   
  0.74   0.77   0.03   0.81      8      7      1   
  0.16   0.52   0.08   0.26      3      3      1   
  0.16   0.17   0.54   0.52      6      6      1   
  0.02   0.14   0.57   0.00     30      9      1   
  0.88   0.85   0.17   0.21     16     12      1   
  0.95   0.94   0.03   0.31     19     13      1   
  0.42   0.86   0.17   0.50      5      5      1   
  0.56   0.26   0.18   0.75      7      7      1   
  0.17   0.50   0.59   0.19      5      5      1   
  0.69   0.45   0.08   0.44      6      6      1   
  0.05   0.29   0.83   0.73     12     11      1   
  0.50   0.39   0.25   0.53      3      3      1   
  0.73   0.83   0.39   0.72      4      4      1   
  0.95   0.67   0.64   0.22      6      6      1   
  0.17   0.27   0.03   0.02      3      3      1   
  0.41   0.29   0.75   0.63      6      6      1   
  0.05   0.29   0.71   0.73     10     10      1   
  0.86   0.89   0.46   0.88      5      5      1   
  0.77   0.34   0.80   0.05      4      4      1   
  0.90   0.63   0.09   0.43     12      9      1   
  0.03   0.02   0.65   0.08     17     10      1   
  0.47   0.12   0.16   0.86      8      8      1   
  0.01   0.44   0.44   0.85      7      7      1   
  0.27   0.68   0.57   0.76      3      3      1   
  0.18   0.11   0.05   0.19      2      2      1   
  0.27   0.68   0.10   0.09      6      6      1   
  0.20   0.47   0.25   0.53      1      1      1   
  0.32   0.98   0.84   0.45      9      8      1   
  0.87   0.65   0.86   0.89      3      3      1   
  0.20   0.51   0.91   0.62      8      8      1   
  0.28   0.55   0.23   0.85      3      3      1   
  0.26   0.49   0.14   0.23      3      3      1   
  0.01   0.24   0.50   0.69      7      7      1   
  0.78   0.95   0.24   0.49      8      8      1   
  0.50   0.69   0.85   0.70      7      4      1   
  0.70   0.19   0.46   0.88      9      9      1   
  0.65   0.08   0.18   0.75      8      8      1   
  0.67   0.82   0.96   0.37      6      6      1   
  0.57   0.76   0.06   0.04      9      9      1   
  0.18   0.75   0.08   0.86      2      2      1   
  0.01   0.44   0.38   0.62      4      4      1   
  0.44   0.99   0.23   0.85      3      3      1   
  0.41   0.04   0.77   0.41      6      6      1   
  0.01   0.94   0.12   0.35      7      7      1   
  0.27   0.68   0.47   0.12      6      6      1   
  0.10   0.17   0.17   0.27      1      1      1   
  0.80   0.05   0.85   0.70      8      8      1   
  0.08   0.26   0.01   0.24      1      1      1   
  0.55   0.08   0.69   0.45      4      4      1   
  0.20   0.51   0.41   0.29      3      3      1   
  0.64   0.87   0.27   0.72      4      4      1   
  0.28   0.55   0.57   0.82      5      5      1   
  0.06   0.36   0.71   0.73      9      9      1   
  0.85   0.70   0.73   0.83      2      2      1   
  0.80   0.05   0.64   0.22      2      2      1   
  0.95   0.25   0.04   0.12     13     12      1   
  0.69   0.11   0.39   0.52      6      5      1   
  0.65   0.44   0.88   0.94      6      6      1   
  0.01   0.69   0.03   0.02      7      7      1   
  0.79   0.70   0.20   0.51     11      8      1   
  0.18   0.75   0.17   0.50      3      3      1   
  0.86   0.89   0.37   0.83      6      6      1   
  0.60   0.31   0.65   0.13      2      2      1   
  0.70   0.23   0.03   0.89      9      9      1   
  0.08   0.26   0.77   0.41      7      7      1   
  0.81   0.42   0.94   0.79      4      4      1   
  0.84   0.78   0.09   0.43     15      9      1   
  0.05   0.29   0.95   0.25     11     11      1   
  0.56   0.39   0.06   0.36      5      5      1   
  0.60   0.52   0.69   0.45      1      1      1   
  0.17   0.50   0.20   0.51      1      1      1   
  0.33   0.51   0.08   0.44      3      3      1   
  0.08   0.44   0.85   0.70     12      9      1   
  0.95   0.94   0.12   0.24     17     12      1   
  0.84   0.78   0.38   0.62      6      6      1   
  0.03   0.02   0.34   0.52      6      6      1   
  0.54   0.52   0.30   0.66      3      3      1   
  0.01   0.94   0.05   0.29      8      8      1   
  0.25   0.53   0.94   0.79      9      9      1   
  0.20   0.51   0.03   0.81      5      4      1   
  0.95   0.82   0.15   0.65      8      8      1   
  0.31   0.65   0.85   0.43      8      7      1   
  0.56   0.39   0.80   0.05      4      4      1   
  0.01   0.94   0.24   0.49      6      6      1   
  0.54   0.01   0.92   0.59      7      7      1   
  0.60   0.03   0.81   0.49      6      6      1   
  0.74   0.08   0.95   0.67      7      7      1   
  0.09   0.08   0.22   0.95     10      9      1   
  0.12   0.71   0.65   0.13      8      8      1   
  0.52   0.89   0.94   0.49      6      6      1   
  0.56   0.26   0.52   0.89      7      7      1   
  0.25   0.53   0.66   0.24      6      6      1   
  0.56   0.78   0.45   0.38      5      5      1   
  0.78   0.72   0.34   0.52     10      7      1   
  0.78   0.72   0.08   0.59      8      8      1   
  0.95   0.25   0.45   0.28      6      6      1   
  0.10   0.09   0.06   0.39      3      3      1   
  0.06   0.39   0.39   0.72      5      5      1   
  0.12   0.71   0.71   0.91      7      7      1   
  0.57   0.00   0.91   0.62      7      7      1   
  0.96   0.37   0.31   0.55      7      7      1   
  0.69   0.11   0.16   0.52      7      7      1   
  0.43   0.92   0.20   0.47      5      5      1   
  0.46   0.10   0.51   0.23      2      2      1   
  0.23   0.85   0.47   0.12      8      8      1   
  0.12   0.24   0.13   0.11      1      1      1   
  0.20   0.51   0.89   0.06      9      8      1   
  0.17   0.21   0.20   0.96      8      8      1   
  0.31   0.55   0.17   0.50      2      2      1   
  0.55   0.08   0.57   0.82      8      8      1   
  0.03   0.31   0.13   0.05      3      3      1   
  0.01   0.94   0.01   0.69      3      3      1   
  0.39   0.52   0.77   0.41      5      5      1   
  0.57   0.76   0.34   0.52      4      4      1   
  0.01   0.44   0.96   0.37     10     10      1   
  0.29   0.91   0.56   0.56      5      5      1   
  0.14   0.84   0.83   0.73      8      7      1   
  0.08   0.86   0.17   0.34      7      6      1   
  0.41   0.29   0.54   0.52      3      3      1   
  0.14   0.23   0.97   0.74     11     10      1   
  0.97   0.74   0.13   0.05     29     12      1   
  0.56   0.12   0.84   0.78      8      8      1   
  0.87   0.65   0.74   0.08      6      6      1   
  0.22   0.95   0.70   0.23      9      9      1   
  0.86   0.89   0.41   0.04     11     10      1   
  0.58   0.65   0.14   0.23      7      7      1   
  0.70   0.81   0.50   0.69      3      3      1   
  0.69   0.06   0.38   0.62      8      7      1   
