  0.09   0.97   0.15   0.18      8      8      1   
  0.37   0.90   0.14   0.33      6      6      1   
  0.66   0.16   0.01   0.08     43     10      1   
  0.10   0.22   0.13   0.52      3      3      1   
  0.44   0.54   0.00   0.46      4      4      1   
  0.72   0.88   0.20   0.01     77     10      1   
  0.59   0.18   0.54   0.30      2      2      1   
  0.56   0.94   0.83   0.12      8      8      1   
  0.58   0.43   0.12   0.67      5      5      1   
  0.12   0.34   0.37   0.82      5      5      1   
  0.04   0.13   0.71   0.00     57     11      1   
  0.79   0.10   0.64   0.81      7      7      1   
  0.96   0.26   0.15   0.07     57     11      1   
  0.57   0.10   0.54   0.30      2      2      1   
  0.17   0.06   0.70   0.64      9      9      1   
  0.10   0.22   0.76   0.20     28      9      1   
  0.88   0.11   0.11   0.75     10      9      1   
  0.85   0.02   0.74   0.97      9      9      1   
  0.86   0.70   0.83   0.34      4      4      1   
  0.64   0.41   0.93   0.54      3      3      1   
  0.48   0.71   0.76   0.61      3      3      1   
  0.09   0.78   0.16   0.04      7      7      1   
  0.35   0.49   0.60   0.32      4      4      1   
  0.51   0.16   0.11   0.55      8      7      1   
  0.92   0.01   0.20   0.81     10     10      1   
  0.74   0.82   0.70   0.44      4      4      1   
  0.67   0.62   0.56   0.94      4      4      1   
  0.92   0.01   0.16   0.28     23     10      1   
  0.01   0.94   0.25   0.77      3      3      1   
  0.39   0.76   0.61   0.52      3      3      1   
  0.08   0.23   0.01   0.23      1      1      1   
  0.11   0.75   0.55   0.48      5      5      1   
  0.78   0.93   0.54   0.80      3      3      1   
  0.76   0.20   0.40   0.81      6      6      1   
  0.80   0.30   0.12   0.67      8      8      1   
  0.04   0.43   0.17   0.78      4      4      1   
  0.95   0.25   0.33   0.67      7      7      1   
  0.83   0.23   0.06   0.14     50     10      1   
  0.53   0.48   0.99   0.22      5      5      1   
  0.06   0.03   0.36   0.78      8      8      1   
  0.69   0.47   0.92   0.10      4      4      1   
  0.03   0.47   0.53   0.02     77      9      1   
  0.14   0.77   0.55   0.41      6      5      1   
  0.20   0.50   0.58   0.51      4      4      1   
  0.45   0.69   0.86   0.71      4      4      1   
  0.36   0.90   0.52   0.58      4      4      1   
  0.04   0.08   0.66   0.39      9      8      1   
  0.17   0.02   0.02   0.51      5      5      1   
  0.65   0.19   0.62   0.26      1      1      1   
  0.80   0.30   0.09   0.24     28      8      1   
  0.94   0.75   0.56   0.94      5      4      1   
  0.36   0.53   0.61   0.32      3      3      1   
  0.44   0.25   0.18   0.10     68      9      1   
  0.20   0.01   0.12   0.74      7      7      1   
  0.51   0.21   0.94   0.31      4      4      1   
  0.63   0.97   0.23   0.79      4      4      1   
  0.56   0.24   0.14   0.33     19      7      1   
  0.76   0.61   0.66   0.97      4      4      1   
  0.05   0.28   0.01   0.94      7      7      1   
  0.13   0.71   0.23   0.52      2      2      1   
  0.54   0.09   0.05   0.31     20      9      1   
  0.12   0.32   0.95   0.25     17      9      1   
  0.44   0.91   0.08   0.35      7      7      1   
  0.31   0.45   0.89   0.19      7      7      1   
  0.18   0.79   0.76   0.20      8      8      1   
  1.00   0.89   0.62   0.61      5      5      1   
  0.12   0.34   0.10   0.53      2      2      1   
  0.60   0.37   0.35   0.75      5      4      1   
  0.98   0.71   0.20   0.32      9      9      1   
  0.75   0.28   0.56   0.44      2      2      1   
  0.06   0.99   0.36   0.90      3      3      1   
  0.20   0.50   0.36   0.90      4      4      1   
  0.93   0.10   0.09   0.86     14     11      1   
  0.15   0.18   0.58   0.51      6      6      1   
  0.20   0.54   0.48   0.47      3      3      1   
  0.57   0.52   1.00   0.19      6      6      1   
  0.65   0.13   0.76   0.78      6      6      1   
  0.86   1.00   0.88   0.56      5      5      1   
  0.54   0.80   0.04   0.81      5      5      1   
  0.59   0.75   0.30   0.89      3      3      1   
  0.44   0.84   0.92   0.65      5      5      1   
  0.61   0.52   0.82   0.14      4      4      1   
  0.74   0.82   0.12   0.56      6      6      1   
  0.20   0.54   0.55   0.24      7      6      1   
  0.24   0.68   0.71   0.00     54      8      1   
  0.17   0.98   0.87   0.26     10     10      1   
  0.20   0.17   0.12   0.30      2      2      1   
  0.18   0.27   0.16   0.04      3      3      1   
  0.92   0.10   0.94   0.47      4      4      1   
  0.44   0.84   0.19   0.11      8      8      1   
  0.13   0.71   0.08   0.38      4      4      1   
  0.97   0.32   0.63   0.03      4      4      1   
  0.26   0.77   0.19   0.20      5      5      1   
  0.61   0.22   0.58   0.83      6      6      1   
  0.05   0.28   0.55   0.95      8      8      1   
  0.52   0.47   0.57   0.52      1      1      1   
  0.01   0.94   0.37   0.82      4      4      1   
  0.61   0.52   0.24   0.89      5      5      1   
  0.19   0.20   0.46   0.72      6      6      1   
  0.15   0.38   0.64   0.40      5      5      1   
  0.72   0.20   0.02   0.00     70     10      1   
  0.63   0.97   0.57   0.86      2      2      1   
  0.71   0.94   0.64   0.40      5      5      1   
  0.31   0.45   0.75   0.97      7      7      1   
  0.77   0.38   0.88   0.11      3      3      1   
  0.77   0.26   0.44   0.91      7      7      1   
  0.72   0.03   0.61   0.56      5      5      1   
  1.00   0.89   0.49   0.62      6      6      1   
  0.56   0.90   0.98   0.96      4      4      1   
  0.49   0.81   0.92   0.74      5      5      1   
  0.92   0.74   0.09   0.22     10     10      1   
  0.24   0.89   0.15   0.25      6      6      1   
  0.70   0.64   0.57   0.87      3      3      1   
  0.36   0.90   0.20   0.17      8      7      1   
  0.59   0.42   0.73   0.46      2      2      1   
  0.91   0.00   0.51   0.19      4      4      1   
  0.49   0.97   0.37   0.68      4      4      1   
  0.12   0.58   0.71   0.00     54      9      1   
  0.62   0.26   0.06   0.99      9      9      1   
  0.76   0.74   0.57   0.59      3      3      1   
  0.15   0.77   0.61   0.93      5      5      1   
  0.05   0.98   0.85   0.02     12     12      1   
  0.78   0.97   0.28   0.76      5      5      1   
  0.99   0.21   0.02   0.00     68     12      1   
  0.55   0.48   0.00   0.46      5      5      1   
  0.47   0.79   0.53   0.06      7      7      1   
  0.85   0.84   0.69   0.19      7      6      1   
  0.00   0.46   1.00   0.55      9      9      1   
  0.54   0.09   0.51   0.33      2      2      1   
  0.69   0.31   0.92   0.01      4      4      1   
  0.76   0.14   0.26   0.77      8      8      1   
  0.15   0.38   0.66   0.30      6      6      1   
  0.57   0.86   0.83   0.35      5      5      1   
  0.55   0.67   0.13   0.32      5      5      1   
  0.08   0.38   0.76   0.66      7      7      1   
  0.89   0.08   0.43   0.13      4      4      1   
  0.23   0.79   0.22   0.49      3      3      1   
  0.81   0.32   0.01   0.94     10     10      1   
  0.88   0.56   0.01   0.21     50      9      1   
  0.47   0.79   0.57   0.59      3      3      1   
  0.99   0.42   0.44   0.14      6      6      1   
  0.35   0.49   0.34   0.66      2      2      1   
  0.48   0.71   0.88   0.11      7      7      1   
  0.06   0.82   0.72   0.20      9      9      1   
  0.54   0.74   0.69   0.47      3      3      1   
  0.36   0.55   0.92   0.01      8      8      1   
  0.69   0.82   0.86   0.71      2      2      1   
  0.09   0.24   0.57   0.52      6      6      1   
  0.01   0.08   0.36   0.78      7      7      1   
  0.59   0.05   0.00   0.51     10      8      1   
  0.25   1.00   0.99   0.55      8      8      1   
  0.54   0.30   0.09   0.79     10      7      1   
  0.16   0.63   0.12   0.34      3      3      1   
  0.84   0.38   0.76   0.14      3      3      1   
  0.08   0.38   0.54   0.60      5      5      1   
  0.17   0.98   0.88   0.63      7      7      1   
  0.11   0.75   0.61   0.32      7      6      1   
  0.19   0.85   0.17   0.02      8      8      1   
  0.28   0.80   0.03   0.47      4      4      1   
  0.59   0.42   0.47   0.98      6      6      1   
  0.95   0.48   0.12   0.82      8      8      1   
  0.44   0.25   0.54   0.85      6      6      1   
  0.19   0.94   0.74   0.97      6      6      1   
  0.53   0.06   0.62   0.61      5      5      1   
  0.99   0.55   0.45   0.69      5      5      1   
  0.53   0.33   0.49   0.60      3      3      1   
  0.26   0.85   0.19   0.11      7      7      1   
  0.18   0.77   0.42   0.73      3      3      1   
  0.20   0.32   0.58   0.51      5      5      1   
  0.19   0.10   0.17   0.98      8      8      1   
  0.08   0.35   0.54   0.85      7      7      1   
  0.85   0.70   1.00   0.89      6      4      1   
  0.69   0.31   0.50   0.11      3      3      1   
  0.01   0.08   0.63   0.03     62     11      1   
  0.02   0.80   0.11   0.55      3      3      1   
  0.71   0.74   0.59   0.14      6      6      1   
  0.18   0.44   1.00   0.19      9      9      1   
  0.19   0.20   0.02   0.45      3      3      1   
  0.91   0.25   0.19   0.11     53     11      1   
  0.26   0.77   0.09   0.18      6      6      1   
  0.22   0.52   0.91   0.25      7      7      1   
  0.20   0.02   0.20   0.01      1      1      1   
  0.48   0.12   0.54   0.17      1      1      1   
  0.48   0.47   0.13   0.37      4      4      1   
  0.54   0.80   0.71   0.94      3      3      1   
  0.68   0.55   0.86   0.70      2      2      1   
  0.58   0.43   0.21   0.70      5      4      1   
  0.23   0.52   0.64   0.41      4      4      1   
  0.14   0.33   0.99   0.55      9      9      1   
  0.82   0.14   0.54   0.80      7      7      1   
  0.15   0.07   0.12   0.32      3      3      1   
  0.75   0.26   0.92   0.10      2      2      1   
  0.05   0.28   0.27   0.60      4      4      1   
  0.18   0.34   0.47   0.81      6      6      1   
  0.86   1.00   0.51   0.33      7      7      1   
  0.94   0.31   0.18   0.27     20      9      1   
  0.17   0.49   0.21   0.12      3      3      1   
  0.99   0.55   0.26   0.93      8      7      1   
  0.12   0.30   0.56   0.87      7      7      1   
  0.63   0.03   0.29   0.43     16      7      1   
  0.02   0.51   0.51   0.21     31      7      1   
  0.21   0.74   0.81   0.32      7      7      1   
  0.98   0.67   0.86   1.00      4      4      1   
  0.98   0.71   0.12   0.34      9      9      1   
  0.09   0.93   0.27   0.54      5      5      1   
  0.06   0.82   0.30   0.43      4      4      1   
  0.62   0.32   0.67   0.37      1      1      1   
  0.68   0.12   0.35   0.92      8      8      1   
  0.26   0.92   0.09   0.57      4      4      1   
  0.06   0.23   0.21   0.70      5      5      1   
  0.30   0.43   0.63   0.03     41      7      1   
  0.56   0.87   0.17   0.98      4      4      1   
  0.06   0.17   0.66   0.16     29      9      1   
  0.77   0.26   1.00   0.89     15      8      1   
  0.30   1.00   0.92   0.65      7      7      1   
  0.83   0.23   0.18   0.72      8      8      1   
  0.15   0.07   0.52   0.47      7      7      1   
  0.14   0.39   0.63   0.03     55      8      1   
  0.48   0.47   0.69   0.19      4      3      1   
  0.63   0.03   0.80   0.20      2      2      1   
  0.78   0.97   0.85   0.84      2      2      1   
  0.68   0.55   0.00   0.51      6      6      1   
  0.88   0.63   0.37   0.90      5      5      1   
  0.77   0.26   0.18   0.72     11      7      1   
  0.18   0.37   0.76   0.94      7      7      1   
  0.36   0.53   0.05   0.31      4      4      1   
  0.12   0.67   0.61   0.56      5      5      1   
  0.12   0.67   0.75   0.28      8      7      1   
  0.69   0.31   0.15   0.77      7      7      1   
  0.12   0.58   0.56   0.87      5      5      1   
  0.79   0.46   0.55   0.67      3      3      1   
  0.80   0.53   0.71   0.94      4      4      1   
  0.98   0.71   0.02   0.80      9      9      1   
  0.87   0.06   0.54   0.17      3      3      1   
  0.69   0.19   0.09   0.78      8      8      1   
  0.26   0.93   0.13   0.32      6      6      1   
  0.19   0.24   0.79   0.93      8      8      1   
  0.34   0.66   0.20   0.02      7      6      1   
  0.59   0.75   0.54   0.21      5      5      1   
  0.53   0.06   0.17   0.98     10     10      1   
  0.78   0.91   0.85   0.86      1      1      1   
  0.78   0.93   0.13   0.71      6      6      1   
  0.96   0.26   0.70   0.79      5      5      1   
  0.50   0.61   0.56   0.87      3      3      1   
  0.76   0.94   0.85   0.84      2      2      1   
  0.92   0.61   0.59   0.38      4      4      1   
  0.09   0.24   0.61   0.32      8      7      1   
  0.24   0.89   0.27   0.60      3      3      1   
  0.88   0.56   0.94   0.49      1      1      1   
  0.80   0.00   0.54   0.28      4      4      1   
  0.20   0.50   0.08   0.35      2      2      1   
  0.17   0.49   0.49   0.62      4      4      1   
  0.00   0.46   0.62   0.26     15      7      1   
  0.69   0.18   0.98   0.96      9      9      1   
  0.23   0.44   0.35   0.75      4      4      1   
  0.80   0.53   0.31   0.45      5      5      1   
  0.52   0.58   0.80   0.20      5      5      1   
  0.45   0.69   0.84   0.41      4      4      1   
  0.13   0.07   0.68   0.55      8      8      1   
  0.86   0.71   0.44   0.91      4      4      1   
  0.22   0.45   0.79   0.52      6      6      1   
  0.70   0.64   0.18   0.10     53      9      1   
  0.11   0.75   0.71   0.74      5      5      1   
  0.45   0.27   0.59   0.03      3      3      1   
  0.49   0.62   0.83   0.23      5      5      1   
  0.03   0.84   0.01   0.33      5      5      1   
  0.92   0.65   0.49   0.73      5      5      1   
  0.94   0.03   0.63   0.03      3      3      1   
  0.75   0.26   0.47   0.81      6      6      1   
  0.55   0.41   0.60   0.32      1      1      1   
  0.55   0.67   0.53   0.38      3      3      1   
  0.12   0.82   0.51   0.19     38      8      1   
  0.15   0.77   0.85   0.86      7      7      1   
  0.31   0.70   0.60   0.12     40      6      1   
  0.85   0.86   0.60   0.32      6      6      1   
  0.89   0.25   0.88   0.56      3      3      1   
  0.20   0.02   0.18   0.77      7      7      1   
  0.91   0.18   0.83   0.09      1      1      1   
  0.60   0.37   0.50   0.11      3      3      1   
  0.87   0.26   0.57   0.10      3      3      1   
  0.52   0.01   0.95   0.48      6      6      1   
  0.85   0.02   0.77   0.79      7      7      1   
  0.70   0.42   0.19   0.94      7      7      1   
  0.01   0.21   0.86   0.70     10      9      1   
  0.79   0.56   0.62   0.05      5      5      1   
  0.17   0.02   0.09   0.18      2      2      1   
  0.62   0.05   0.09   0.34     20      9      1   
  0.19   0.24   0.44   0.84      6      6      1   
  0.70   0.72   0.60   0.12      6      6      1   
  0.18   0.37   0.13   0.71      4      4      1   
  0.36   0.55   0.78   0.97      6      6      1   
  0.60   0.32   0.50   0.82      5      5      1   
  0.13   0.37   0.52   0.91      7      7      1   
  0.12   0.34   0.49   0.60      5      5      1   
  0.15   0.77   0.52   0.01     63      9      1   
  0.03   0.68   0.51   0.31      8      7      1   
  0.45   0.60   0.54   0.80      2      2      1   
  0.19   0.11   0.69   0.61      8      8      1   
  0.15   0.38   0.44   0.94      6      6      1   
  0.66   0.30   0.87   0.26      2      2      1   
  0.10   0.22   0.89   0.25     16     10      1   
  0.17   0.49   0.99   0.22      8      8      1   
  0.10   0.16   0.94   0.75     10     10      1   
  0.89   0.19   0.50   0.61      5      5      1   
  0.79   0.93   0.83   0.15      8      8      1   
  0.86   0.09   0.69   0.24      2      2      1   
  0.61   0.32   0.86   0.41      3      3      1   
  0.45   0.60   0.15   0.77      3      3      1   
  0.54   0.30   0.49   0.81      5      5      1   
  0.86   0.89   0.23   0.79      6      6      1   
  0.19   0.06   0.48   0.09     58     10      1   
  0.54   0.28   0.17   0.13     43      7      1   
  0.16   0.28   0.28   0.76      5      5      1   
  0.06   0.03   0.39   0.76      8      8      1   
  0.16   0.44   0.76   0.51      6      6      1   
  0.54   0.82   0.75   0.80      2      2      1   
  0.76   0.51   0.95   0.48      2      2      1   
  0.23   0.52   0.26   0.77      3      3      1   
  0.61   0.63   0.19   0.06     84      8      1   
  0.61   0.93   0.71   0.33      6      6      1   
  0.79   0.10   0.94   0.26      3      3      1   
  0.79   0.56   0.89   0.19      4      4      1   
  0.69   0.31   0.10   0.16     59      8      1   
  0.85   0.49   0.16   0.28     20      8      1   
  0.64   0.40   0.52   0.47      2      2      1   
  1.00   0.55   0.04   0.08     52     11      1   
  0.78   0.97   0.19   0.58      7      7      1   
  0.49   0.81   0.69   0.31      5      5      1   
  0.77   0.38   0.10   0.55      6      6      1   
  0.98   0.67   0.94   0.43      3      3      1   
  0.13   0.37   0.15   0.07      3      3      1   
  0.47   0.10   0.23   0.52      8      7      1   
  0.48   0.12   0.17   0.13     45      9      1   
  0.53   0.03   0.59   0.18      2      2      1   
  0.88   0.56   0.94   0.03      5      5      1   
  0.37   0.68   0.76   0.94      5      5      1   
  0.12   0.30   0.97   0.32     10      9      1   
  0.24   0.50   0.80   0.30      6      6      1   
  0.37   0.68   0.65   0.41      4      4      1   
  0.86   0.71   0.78   0.93      3      3      1   
  0.20   0.01   0.29   0.76      7      7      1   
  0.77   0.14   0.98   0.49      4      4      1   
  0.54   0.80   0.29   0.43      4      4      1   
  0.20   0.50   0.13   0.52      1      1      1   
  0.69   0.18   0.19   0.11     51     10      1   
  0.00   0.51   0.09   0.78      3      3      1   
  0.15   0.18   0.80   0.00     43     10      1   
  0.19   0.85   0.10   0.19      7      7      1   
  0.71   0.01   0.08   0.10     57     11      1   
  0.09   0.22   0.04   0.43      2      2      1   
  0.36   0.90   0.26   0.93      1      1      1   
  0.13   0.52   0.31   0.45      2      2      1   
  0.01   0.08   0.06   0.03      1      1      1   
  0.60   0.67   0.41   0.10      6      6      1   
  0.09   0.79   0.83   0.34      8      8      1   
  0.04   0.43   0.75   0.30      8      7      1   
  0.99   0.21   0.83   0.15      2      2      1   
  0.73   0.67   0.15   0.38      6      6      1   
  0.82   0.87   0.70   0.44      4      4      1   
  0.37   0.90   0.69   0.61      4      4      1   
  0.66   0.39   0.19   0.64      6      5      1   
  0.59   0.42   0.56   0.90      5      5      1   
  0.65   0.19   0.02   0.45     18      7      1   
  0.80   0.30   0.76   0.67      4      4      1   
  0.60   0.37   0.19   0.64      5      5      1   
  0.20   0.32   0.56   0.24     17      7      1   
  0.06   0.99   0.94   0.47      9      9      1   
  0.79   0.24   0.69   0.31      1      1      1   
  0.92   0.10   0.31   0.45     11      8      1   
  0.58   0.51   0.55   0.67      2      2      1   
  0.59   0.05   0.48   0.99      9      9      1   
  0.73   0.10   0.18   0.34     19      8      1   
  0.35   0.75   0.12   0.74      2      2      1   
  0.73   0.10   0.34   0.50     10      6      1   
  0.57   0.86   0.65   0.13      7      7      1   
  0.18   0.57   0.02   0.80      3      3      1   
  0.89   0.19   0.76   0.94      8      7      1   
  0.55   0.41   0.19   0.20     43      6      1   
  0.03   0.68   0.32   0.48      4      4      1   
  0.00   0.46   0.26   0.96      5      5      1   
  0.37   0.90   0.87   0.93      5      5      1   
  0.84   0.41   0.03   0.46      8      8      1   
  0.57   0.10   0.79   0.10      2      2      1   
  0.80   0.30   0.30   0.68      6      6      1   
  0.76   0.74   0.21   0.74      6      6      1   
  0.10   0.16   0.35   0.92      8      8      1   
  0.12   0.74   0.19   0.09      6      6      1   
  0.75   0.28   0.50   0.11      3      3      1   
  0.06   0.23   0.21   0.70      5      5      1   
  0.94   0.03   0.59   0.38      5      5      1   
  0.50   0.82   0.18   0.25      6      6      1   
  0.58   0.51   0.94   0.39      4      4      1   
  0.75   0.26   0.29   0.61     10      6      1   
  0.76   0.74   0.61   0.32      5      5      1   
  0.15   0.38   0.54   0.96      7      7      1   
  0.96   0.06   0.04   0.43     21     10      1   
  0.52   0.47   0.54   0.09      4      4      1   
  0.86   0.70   0.13   0.32      8      8      1   
  0.13   0.37   0.15   0.25      1      1      1   
  0.29   0.43   0.96   0.26      7      7      1   
  0.99   0.55   0.17   0.49      8      8      1   
  0.37   0.68   0.37   0.90      2      2      1   
  0.23   0.79   0.89   0.08      9      9      1   
  0.63   0.03   0.19   0.09     67     11      1   
  0.78   0.32   0.87   0.93      6      6      1   
  0.57   0.86   0.17   0.49      6      6      1   
  0.63   0.35   0.94   0.26      4      4      1   
  0.66   0.45   0.88   0.56      2      2      1   
  0.69   0.82   0.69   0.61      2      2      1   
  0.11   0.55   0.63   0.97      6      6      1   
  0.61   0.22   0.46   0.34      2      2      1   
  0.08   0.28   0.35   0.75      5      5      1   
  0.79   0.46   0.76   0.20      3      3      1   
  0.68   0.09   0.34   0.58      9      6      1   
  0.41   0.33   0.59   0.42      2      2      1   
  0.70   0.72   0.78   0.97      3      3      1   
  0.78   0.93   0.60   0.28      6      6      1   
  0.85   0.70   0.92   0.65      1      1      1   
  0.54   0.30   0.88   0.47      4      4      1   
  0.59   0.03   0.94   0.49      5      5      1   
  0.79   0.93   0.71   0.94      1      1      1   
  0.17   0.13   0.53   0.48      6      6      1   
  0.11   0.55   0.13   0.71      2      2      1   
  0.84   0.41   0.85   0.02      4      4      1   
  0.08   0.23   0.12   0.93      7      7      1   
  0.87   0.06   0.02   0.45     19      9      1   
  0.57   0.87   0.73   0.97      2      2      1   
  0.05   0.98   0.47   0.10     72     10      1   
  0.06   0.87   0.62   0.26      8      8      1   
  0.83   0.09   0.50   0.93      9      9      1   
  0.04   0.04   0.02   0.45      4      4      1   
  0.12   0.32   0.84   0.87      8      8      1   
  0.44   0.91   0.71   0.74      3      3      1   
  0.96   0.26   0.78   0.24      2      2      1   
  0.23   0.79   0.72   0.88      5      5      1   
  0.18   0.27   0.06   0.03      3      3      1   
  0.53   0.06   0.02   0.00     74     11      1   
  0.51   0.19   0.54   0.74      5      5      1   
  0.54   0.17   0.49   0.60      4      4      1   
  0.59   0.75   0.73   0.10      6      6      1   
  0.10   0.19   0.18   0.44      3      3      1   
  0.54   0.74   0.09   0.86      5      5      1   
  0.34   0.66   0.00   0.46      4      4      1   
  0.87   0.06   0.44   0.25      4      4      1   
  0.04   0.13   0.29   0.76      7      6      1   
  0.19   0.64   0.51   0.16     46      7      1   
  0.08   0.10   0.89   0.90     11     11      1   
  0.57   0.94   0.45   0.69      3      3      1   
  0.17   0.78   0.97   0.05     11     10      1   
  0.58   0.43   0.55   0.67      3      3      1   
  0.43   0.13   0.04   0.08     64     10      1   
  0.14   0.39   0.35   0.73      4      4      1   
  0.99   0.22   0.18   0.57      8      8      1   
  0.71   0.76   0.35   0.73      4      4      1   
  0.12   0.56   0.59   0.42      4      4      1   
  0.77   0.38   0.94   0.12      3      3      1   
  0.06   0.23   0.18   0.37      2      2      1   
  0.13   0.07   0.94   0.75     11     11      1   
  0.51   0.19   0.35   0.75      6      6      1   
  0.04   0.08   0.86   0.41     12     10      1   
  0.98   0.96   0.44   0.54      7      7      1   
  0.26   0.92   0.66   0.64      5      5      1   
  0.92   0.74   0.98   0.49      3      3      1   
  0.94   0.26   0.61   0.32      4      4      1   
  0.48   0.09   0.34   0.50      9      6      1   
  0.52   0.58   0.86   1.00      5      5      1   
  0.53   0.48   0.04   0.13     46      6      1   
  0.73   0.67   0.92   0.01      7      7      1   
  1.00   0.55   0.94   0.26      3      3      1   
  0.49   0.60   0.83   0.15      5      5      1   
  0.87   0.29   0.87   0.26      1      1      1   
  0.32   0.48   0.84   0.41      5      5      1   
  0.59   0.79   0.34   0.58      4      4      1   
  0.79   0.24   0.59   0.75      5      5      1   
  0.12   0.56   0.35   0.75      3      3      1   
  0.59   0.42   0.00   0.46      6      6      1   
  0.86   1.00   0.68   0.09      8      8      1   
  0.66   0.39   0.09   0.79      7      7      1   
  0.25   0.87   0.74   0.82      5      5      1   
  0.59   0.18   0.53   0.02      2      2      1   
  0.79   0.56   0.20   0.93      6      6      1   
  0.01   0.33   0.51   0.31     14      7      1   
  0.44   0.91   0.45   0.02      9      9      1   
  0.19   0.64   0.82   0.14      8      8      1   
  0.63   0.20   0.97   0.32      4      4      1   
  0.61   0.63   0.59   0.79      2      2      1   
  0.85   0.86   0.50   0.52      5      5      1   
  0.44   0.14   0.10   0.55      8      8      1   
  0.18   0.25   0.10   0.55      3      3      1   
  0.17   0.49   0.48   0.47      3      3      1   
  0.20   0.50   0.71   0.76      5      5      1   
  0.54   0.09   0.79   0.24      3      3      1   
  0.44   0.14   0.23   0.44      7      7      1   
  0.60   0.28   0.99   0.21      4      4      1   
  0.82   0.87   0.59   0.42      5      5      1   
  0.71   0.01   0.21   0.70     12      8      1   
  0.92   0.22   0.76   0.74      6      6      1   
  0.10   0.22   0.95   0.25     16     10      1   
  0.94   0.43   0.59   0.38      4      4      1   
  0.01   0.33   0.49   0.73      7      6      1   
  0.96   0.30   0.75   0.80      6      5      1   
  0.91   0.25   0.83   0.12      2      2      1   
  0.57   0.94   0.31   0.86      3      3      1   
  0.36   0.53   0.13   0.37      3      3      1   
  0.94   0.03   0.90   0.43      4      4      1   
  0.02   0.63   0.04   0.04      6      6      1   
  0.44   0.25   0.16   0.04     77      9      1   
  0.53   0.38   0.09   0.97      7      7      1   
  0.72   0.20   0.58   0.83      6      6      1   
  0.51   0.16   0.10   0.19     40      9      1   
  0.29   0.43   0.83   0.23      7      6      1   
  0.53   0.35   0.03   0.12     44      8      1   
  0.66   0.30   0.41   0.33      2      2      1   
  0.53   0.35   0.03   0.46      9      6      1   
  0.17   0.02   0.09   0.18      2      2      1   
  0.44   0.91   0.56   0.24      6      6      1   
  0.26   0.85   0.06   0.14      7      7      1   
  0.69   0.47   0.99   0.42      3      3      1   
  0.59   0.03   0.29   0.76      8      8      1   
  0.44   0.54   0.97   0.32      5      5      1   
  0.82   0.14   0.67   0.62      5      5      1   
  0.94   0.43   0.71   0.74      4      4      1   
  0.01   0.08   0.74   0.82      9      9      1   
  0.54   0.74   0.89   0.19      7      7      1   
  0.10   0.16   0.70   0.64      8      8      1   
  0.78   0.97   0.04   0.08     11     11      1   
  0.15   0.07   0.98   0.67     11     11      1   
  0.15   0.18   0.54   0.17     40      8      1   
  0.85   0.70   0.82   0.14      6      6      1   
  0.67   0.37   0.05   0.28     19      7      1   
  0.04   0.93   0.64   0.41      8      8      1   
  0.84   0.41   0.68   0.55      2      2      1   
  0.95   0.48   0.04   0.93     10     10      1   
  0.67   0.15   0.58   0.22      1      1      1   
  0.17   0.06   0.18   0.44      4      4      1   
  0.20   0.54   0.89   0.98      7      7      1   
  0.93   0.66   0.58   0.22      5      5      1   
  0.76   0.66   0.03   0.84      7      7      1   
  0.78   0.32   0.62   0.26      2      2      1   
  0.66   0.97   0.06   0.17      9      9      1   
  0.99   0.42   0.75   0.67      4      3      1   
  0.09   0.89   0.29   0.61      3      3      1   
  0.93   0.07   0.18   0.37     12      9      1   
  0.69   0.24   0.69   0.31      1      1      1   
  0.84   0.41   0.93   0.10      4      4      1   
  0.14   0.77   0.54   0.80      4      4      1   
  0.91   0.25   0.03   0.68     10     10      1   
  0.63   0.35   0.55   0.24      2      2      1   
  0.21   0.74   0.32   0.48      3      3      1   
  1.00   0.10   0.25   0.77      9      9      1   
  0.53   0.06   0.78   0.97      9      9      1   
  0.88   0.47   0.37   0.68      5      5      1   
  0.09   0.22   0.28   0.76      5      5      1   
  0.18   0.57   0.16   0.04      5      5      1   
  0.98   0.49   0.05   0.11     48     11      1   
  0.62   0.05   0.08   0.28     23      9      1   
  0.83   0.12   0.56   0.24      3      3      1   
  0.13   0.36   0.65   0.13     37      8      1   
  0.27   0.60   0.26   0.96      4      4      1   
  0.71   0.76   0.06   0.03      9      9      1   
  0.18   0.72   0.43   0.00     85      9      1   
  0.88   0.47   0.02   0.80      8      8      1   
  0.78   0.24   0.20   0.02     82     10      1   
  0.85   0.86   0.00   0.51      8      8      1   
  0.72   0.03   0.54   0.96      8      8      1   
  0.14   0.33   0.55   0.67      5      5      1   
  0.19   0.94   0.94   0.43      8      8      1   
  0.80   0.20   0.21   0.91      9      9      1   
  0.73   0.67   0.15   0.07     74      9      1   
  0.19   0.64   0.17   0.49      2      2      1   
  0.63   0.20   0.94   0.43      4      4      1   
  0.58   0.20   0.04   0.93     12      9      1   
  0.28   0.76   0.96   0.30      8      8      1   
  0.57   0.52   0.71   0.01      5      5      1   
  0.65   0.13   0.06   0.14     47     10      1   
  0.66   0.97   0.86   0.89      2      2      1   
  0.19   0.58   0.52   0.47      4      4      1   
  0.68   0.55   0.77   0.14      4      4      1   
  0.75   0.65   0.50   0.75      3      3      1   
  0.50   0.52   0.15   0.38      4      4      1   
  0.50   0.75   0.53   0.06      6      6      1   
  0.66   0.30   0.65   0.67      4      4      1   
  0.81   0.32   0.00   0.51      8      8      1   
  0.89   0.25   0.24   0.89      9      9      1   
  0.20   0.32   0.19   0.24      1      1      1   
  0.79   0.42   0.67   0.62      3      3      1   
  0.58   0.83   0.53   0.33      5      5      1   
  0.78   0.97   0.70   0.64      3      3      1   
  0.66   0.30   0.21   0.12     56      8      1   
  0.21   0.70   0.04   0.47      3      3      1   
  0.99   0.21   0.92   0.65      4      4      1   
  0.79   0.56   0.93   0.54      2      2      1   
  0.81   0.32   0.91   0.00      3      3      1   
  0.67   0.15   0.37   0.82      7      7      1   
  0.76   0.58   0.69   0.19      4      4      1   
  0.09   0.34   0.58   0.26     18      7      1   
  0.82   0.87   0.63   0.03      8      8      1   
  0.05   0.34   0.11   0.55      2      2      1   
  0.16   0.63   0.18   0.37      3      3      1   
  0.88   0.10   0.75   0.97      9      8      1   
  0.01   0.23   0.69   0.18     33      9      1   
  0.79   0.93   0.50   0.61      4      4      1   
  0.18   0.44   0.19   0.94      5      5      1   
  0.12   0.74   0.02   0.00      7      7      1   
  0.82   0.87   0.68   0.82      2      2      1   
  0.01   0.94   0.75   0.28      9      9      1   
  0.69   0.19   0.19   0.13     51      8      1   
  0.03   0.68   0.12   0.56      2      2      1   
  0.14   0.77   0.12   0.30      5      5      1   
  0.34   0.66   0.09   0.89      4      3      1   
  0.81   0.18   0.75   0.28      1      1      1   
  0.66   0.16   0.43   0.00      3      3      1   
  0.49   0.62   0.51   0.33      3      3      1   
  0.70   0.44   0.84   0.38      2      2      1   
  0.95   0.48   0.73   0.46      3      3      1   
  0.85   0.02   0.99   0.55      5      5      1   
  0.73   0.97   0.55   0.41      5      5      1   
  0.89   0.90   0.18   0.10     56     11      1   
  0.77   0.38   0.20   0.01     77      9      1   
  0.75   0.67   0.26   0.92      5      5      1   
  0.54   0.80   0.19   0.10      8      8      1   
  0.94   0.39   0.97   0.32      1      1      1   
  0.09   0.89   0.35   0.59      4      4      1   
  0.86   0.09   0.44   0.91      9      9      1   
  0.26   0.77   0.74   0.82      5      5      1   
  0.05   0.11   0.18   0.27      2      2      1   
  0.02   0.80   1.00   0.19     11     11      1   
  0.57   0.94   0.18   0.10      9      9      1   
  0.59   0.38   0.45   0.60      3      3      1   
  0.71   0.74   0.67   0.62      1      1      1   
  0.64   0.40   0.10   0.53      5      5      1   
  0.86   0.71   0.68   0.55      2      2      1   
  0.44   0.14   0.93   0.07      5      5      1   
  0.47   0.79   0.89   0.08      8      8      1   
  0.66   0.39   0.67   0.15      3      3      1   
  1.00   0.10   0.74   0.82      7      7      1   
  0.22   0.16   0.78   0.97     10     10      1   
  0.12   0.58   0.57   0.59      4      4      1   
  0.68   0.12   0.71   0.76      6      6      1   
  0.89   0.90   0.86   0.09      8      8      1   
  0.27   0.60   0.26   0.96      4      4      1   
  0.18   0.34   0.70   0.79      7      7      1   
  0.59   0.03   0.59   0.15      1      1      1   
  0.34   0.50   0.92   0.10      7      7      1   
  0.01   0.87   0.31   0.70      3      3      1   
  0.27   0.60   0.98   0.71      7      7      1   
  0.16   0.44   0.63   0.03     54      8      1   
  0.89   0.35   0.48   0.71      5      5      1   
  0.75   0.30   0.36   0.55      5      5      1   
  0.77   0.38   0.53   0.33      3      3      1   
  0.18   0.44   0.26   0.77      3      3      1   
  0.15   0.07   0.09   0.86      7      7      1   
  0.92   0.74   0.17   0.49      8      8      1   
  0.08   0.35   0.43   0.00     83      9      1   
  0.94   0.39   0.04   0.81      9      9      1   
  0.26   0.93   0.83   0.12      9      9      1   
  0.29   0.61   0.86   0.89      6      6      1   
  0.89   0.35   0.36   0.55      5      5      1   
  0.53   0.60   0.94   0.12      6      6      1   
  0.60   0.12   0.48   0.99      8      8      1   
  0.09   0.79   0.29   0.43      4      4      1   
  0.73   0.10   0.58   0.26      2      2      1   
  0.27   0.54   0.09   0.18      4      4      1   
  0.97   0.22   0.20   0.02     84     11      1   
  0.94   0.31   0.54   0.80      6      6      1   
  0.45   0.69   0.88   0.10      7      7      1   
  0.41   0.10   0.67   0.37      4      4      1   
  0.79   0.56   0.57   0.52      2      2      1   
  0.88   0.10   0.52   0.58      6      6      1   
  0.35   0.49   0.76   0.78      5      5      1   
  0.00   0.51   0.23   0.79      4      4      1   
  0.06   0.82   0.69   0.24      9      8      1   
  0.10   0.53   0.27   0.54      2      2      1   
  0.60   0.37   0.12   0.74      6      6      1   
  0.36   0.53   0.50   0.93      4      4      1   
  0.17   0.13   0.72   0.20     23      9      1   
  0.36   0.55   0.56   0.90      4      4      1   
  0.04   0.93   0.26   0.77      3      3      1   
  0.05   0.07   0.56   0.44      8      7      1   
  0.09   0.34   0.95   0.48     10      9      1   
  0.65   0.55   0.92   0.61      3      3      1   
  0.83   0.23   0.56   0.94      7      7      1   
  0.53   0.03   0.81   0.32      4      4      1   
  0.84   0.38   0.88   0.63      3      3      1   
  0.08   0.23   0.27   0.60      4      4      1   
  0.58   0.26   0.71   0.94      7      7      1   
  0.84   0.87   0.89   0.98      1      1      1   
  0.07   0.20   0.50   0.52      6      6      1   
  0.49   0.60   0.21   0.70      3      3      1   
  0.61   0.22   0.54   0.30      1      1      1   
  0.30   1.00   1.00   0.89      7      7      1   
  0.11   0.55   0.63   0.97      6      6      1   
  0.25   1.00   0.22   0.49      5      5      1   
  0.55   0.03   0.15   0.77     12      9      1   
  0.14   0.77   0.12   0.74      1      1      1   
  0.78   0.93   0.43   0.13      8      8      1   
  0.59   0.18   0.99   0.42      4      4      1   
  1.00   0.19   0.15   0.38     13      9      1   
  0.17   0.49   0.21   0.70      2      2      1   
  0.59   0.38   0.76   0.61      3      3      1   
  0.18   0.57   0.77   0.38      6      6      1   
  0.61   0.63   0.94   0.43      4      4      1   
  0.76   0.94   1.00   0.55      5      5      1   
  0.06   0.96   0.73   0.97      7      7      1   
  0.86   0.71   0.01   0.87      9      8      1   
  0.65   0.13   0.51   0.21      2      2      1   
  0.50   0.75   0.88   0.63      4      4      1   
  0.19   0.64   0.54   0.80      4      4      1   
  0.21   0.91   0.51   0.19     38      8      1   
  0.64   0.40   0.42   0.73      4      4      1   
  0.24   0.68   0.94   0.31      7      7      1   
  0.59   0.15   0.05   0.98     10     10      1   
  0.01   0.87   0.85   0.70      8      8      1   
  0.26   0.49   0.22   0.52      1      1      1   
  0.51   0.16   0.69   0.31      2      2      1   
  0.19   0.94   0.64   0.81      4      4      1   
  0.57   0.87   0.95   0.48      6      5      1   
  0.36   0.94   0.77   0.38      6      6      1   
  0.87   0.06   0.34   0.66      7      7      1   
  0.30   1.00   0.02   0.00      9      9      1   
  0.56   0.94   0.32   0.48      5      5      1   
  0.59   0.03   0.09   0.24     34      9      1   
  0.73   0.67   0.65   0.55      2      2      1   
  0.63   0.03   0.57   0.59      5      5      1   
  0.37   0.90   0.92   0.01     10     10      1   
  0.19   0.64   0.86   1.00      7      7      1   
  0.20   0.54   0.08   0.35      2      2      1   
  0.94   0.49   0.53   0.06      6      5      1   
  0.81   0.89   0.84   0.87      1      1      1   
  0.08   0.10   0.85   0.70     10     10      1   
  0.48   0.09   0.92   0.01      4      4      1   
  0.31   0.86   0.01   0.94      3      3      1   
  0.18   0.10   0.05   0.28      2      2      1   
  0.88   0.47   0.91   0.25      2      2      1   
  0.35   0.92   0.51   0.33      6      6      1   
  0.28   0.76   0.85   0.02      9      9      1   
  0.36   0.53   0.17   0.78      3      3      1   
  0.85   0.70   0.89   0.08      6      6      1   
  0.82   0.14   0.54   0.28      3      3      1   
  0.76   0.61   0.37   0.82      4      4      1   
  0.22   0.49   0.37   0.82      4      4      1   
  0.64   0.41   0.95   0.48      4      4      1   
  0.90   0.43   0.89   0.35      1      1      1   
  0.56   0.87   0.17   0.02      9      9      1   
  0.10   0.46   0.12   0.32      2      2      1   
  0.19   0.20   0.21   0.74      5      5      1   
  0.61   0.22   0.94   0.31      3      3      1   
  0.19   0.58   0.57   0.10     41      7      1   
  0.87   0.26   1.00   0.55      3      3      1   
  0.69   0.47   0.12   0.56      5      5      1   
  0.47   0.79   0.69   0.82      2      2      1   
  0.36   0.94   0.20   0.54      5      5      1   
  0.24   0.68   0.16   0.04      6      6      1   
  0.44   0.94   0.71   0.33      6      6      1   
  0.46   0.34   0.06   0.23     40      7      1   
  0.83   0.09   0.27   0.60      8      7      1   
  0.82   0.87   0.05   0.98      8      8      1   
  0.69   0.31   0.64   0.41      1      1      1   
  0.09   0.79   0.53   0.35      6      6      1   
  0.10   0.55   0.08   0.10      4      4      1   
  0.01   0.33   0.88   0.10     31     10      1   
  0.99   0.42   0.67   0.72      4      4      1   
  0.57   0.95   0.75   0.80      3      3      1   
  0.06   0.45   0.49   0.62      5      5      1   
  0.81   0.89   0.54   0.30      6      6      1   
  0.49   0.97   0.36   0.94      2      2      1   
  0.67   0.62   0.53   0.33      3      3      1   
  0.78   0.91   0.19   0.24      8      8      1   
  0.66   0.64   0.94   0.03      7      7      1   
  0.01   0.08   0.82   0.87     10     10      1   
  0.88   0.47   0.16   0.44     13      7      1   
  0.06   0.17   0.78   0.91      9      9      1   
  0.65   0.55   0.14   0.77      5      5      1   
  0.13   0.36   0.76   0.51      6      6      1   
  0.36   0.53   0.12   0.30      3      3      1   
  0.51   0.33   0.80   0.00      4      4      1   
  0.20   0.17   0.77   0.48      9      8      1   
  0.76   0.58   0.86   0.41      2      2      1   
  0.51   0.16   0.92   0.65      7      6      1   
  0.76   0.61   0.80   0.30      3      3      1   
  0.10   0.16   0.26   0.96      8      8      1   
  0.11   0.75   0.76   0.58      6      6      1   
  0.18   0.44   0.10   0.55      2      2      1   
  0.60   0.12   0.63   0.35      2      2      1   
  0.04   0.81   0.75   0.30      8      8      1   
  0.52   0.91   0.06   0.45      6      6      1   
  0.68   0.82   0.44   0.94      3      3      1   
  0.25   0.77   0.79   0.56      6      6      1   
  0.02   0.00   0.74   0.97     12     11      1   
  0.45   0.27   0.34   0.50      5      4      1   
  0.19   0.58   0.60   0.28      6      5      1   
  0.08   0.28   0.10   0.46      2      2      1   
  0.44   0.94   0.73   0.97      3      3      1   
  0.27   0.54   0.86   1.00      7      7      1   
  0.45   0.27   0.12   0.56      6      6      1   
  0.78   0.24   0.78   0.91      6      6      1   
  0.04   0.13   0.68   0.55      8      8      1   
  0.40   0.81   0.71   0.33      5      5      1   
  0.09   0.79   0.71   0.00     57     10      1   
  0.73   0.10   0.80   0.00      1      1      1   
  0.22   0.45   0.94   0.12      8      8      1   
  0.75   0.80   0.75   0.73      1      1      1   
  0.92   0.10   0.59   0.42      5      5      1   
  0.02   0.80   0.15   0.38      4      4      1   
  0.19   0.64   0.12   0.67      1      1      1   
  0.79   0.52   0.73   0.97      5      5      1   
  0.26   0.77   0.96   0.06     10     10      1   
  0.45   0.69   0.62   0.61      2      2      1   
  0.44   0.95   0.10   0.55      5      5      1   
  0.63   0.03   0.18   0.25     35      9      1   
  0.30   0.89   0.36   0.55      3      3      1   
  0.81   0.89   0.54   0.80      3      3      1   
  0.35   0.75   0.54   0.85      2      2      1   
  0.09   0.89   0.49   0.81      4      4      1   
  0.53   0.38   0.82   0.87      6      6      1   
  0.60   0.28   0.59   0.42      2      2      1   
  0.26   0.49   0.65   0.55      4      4      1   
  0.52   0.01   0.01   0.87     14     11      1   
  0.56   0.90   0.28   0.76      3      3      1   
  0.13   0.37   0.06   0.14      3      3      1   
  0.83   0.35   0.07   0.20     43      9      1   
  0.57   0.86   0.79   0.46      4      4      1   
  0.35   0.49   0.16   0.44      2      2      1   
  0.64   0.41   0.01   0.33     18      6      1   
  0.22   0.45   0.30   0.89      4      4      1   
  0.03   0.46   0.05   0.07      4      4      1   
  0.35   0.92   0.70   0.44      5      5      1   
  0.05   0.98   0.94   0.39     10     10      1   
  0.72   0.20   0.59   0.38      2      2      1   
  0.68   0.82   0.57   0.52      3      3      1   
  0.96   0.06   0.68   0.82      8      8      1   
  0.12   0.74   0.65   0.41      6      6      1   
  0.47   0.81   0.10   0.22      7      7      1   
  0.71   0.76   0.51   0.31      5      5      1   
  0.37   0.82   0.69   0.19      7      7      1   
  0.61   0.52   0.06   0.87      7      6      1   
  0.71   0.01   0.62   0.61      6      6      1   
  0.57   0.52   0.52   0.47      1      1      1   
  0.93   0.07   0.24   0.68     12      9      1   
  0.70   0.79   0.05   0.34      7      7      1   
  0.71   0.74   0.24   0.68      5      5      1   
  0.49   0.73   0.86   0.09      7      7      1   
  0.54   0.17   0.20   0.50      7      6      1   
  0.98   0.67   0.53   0.35      5      5      1   
  0.34   0.66   0.60   0.37      4      4      1   
  0.04   0.08   0.64   0.81      9      9      1   
  0.53   0.48   1.00   0.10      5      5      1   
  0.51   0.16   0.66   0.16      2      2      1   
  0.23   0.52   0.09   0.24      3      3      1   
  0.64   0.40   0.99   0.55      4      4      1   
  0.06   0.99   0.94   0.75      9      9      1   
  0.67   0.37   0.02   0.00     66      9      1   
  0.86   0.71   0.58   0.85      3      3      1   
  0.50   0.61   0.98   0.67      5      5      1   
  0.83   0.15   0.09   0.24     29      9      1   
  0.71   0.94   0.47   0.98      3      3      1   
  0.29   0.43   0.45   0.60      2      2      1   
  0.17   0.98   0.84   0.87      7      7      1   
  0.58   0.83   0.03   0.12      9      9      1   
  0.18   0.34   0.50   0.61      4      4      1   
  0.89   0.90   0.76   0.58      4      4      1   
  0.75   0.65   0.65   0.23      4      4      1   
  0.65   0.19   0.13   0.37     18      7      1   
  0.75   0.26   0.86   1.00      7      7      1   
  0.09   0.86   0.00   0.51      4      4      1   
  0.28   0.76   0.09   0.89      3      3      1   
  0.01   0.94   0.04   0.81      2      2      1   
  0.65   0.55   0.21   0.74      5      5      1   
  0.41   0.10   0.18   0.77      9      9      1   
  0.99   0.55   0.05   0.07     58     11      1   
  0.50   0.93   0.22   0.52      5      5      1   
  0.50   0.61   0.58   0.43      2      2      1   
  0.02   0.80   0.18   0.27      5      5      1   
  0.92   0.10   0.13   0.71     13     10      1   
  0.56   0.94   0.97   0.05     10     10      1   
  0.06   0.17   0.68   0.12     42      9      1   
  0.13   0.52   0.31   0.45      2      2      1   
  0.06   0.17   0.95   0.48     11     10      1   
  0.58   0.85   0.20   0.32      7      7      1   
  0.58   0.43   0.56   0.44      1      1      1   
  0.55   0.48   0.83   0.09      5      5      1   
  0.79   0.52   0.85   0.86      4      4      1   
  0.12   0.32   0.03   0.84      5      5      1   
  0.94   0.47   0.24   0.89      8      7      1   
  0.78   0.97   0.04   0.47      9      8      1   
  0.18   0.57   0.77   0.79      6      6      1   
  0.21   0.74   0.10   0.55      2      2      1   
  1.00   0.55   0.85   0.70      2      2      1   
  0.19   0.20   0.78   0.32      8      8      1   
  0.05   0.11   0.93   0.66     11     11      1   
  0.13   0.36   0.34   0.66      4      4      1   
  0.75   0.73   1.00   0.10      7      6      1   
  0.94   0.75   0.10   0.55      8      8      1   
  0.76   0.58   0.35   0.75      4      4      1   
  1.00   0.19   0.80   0.20      2      2      1   
  0.19   0.10   0.31   0.86      7      7      1   
  0.54   0.74   0.29   0.43      4      4      1   
  0.45   0.02   0.61   0.93      9      9      1   
  0.01   0.21   0.37   0.90      7      7      1   
  0.16   0.63   0.64   0.40      5      5      1   
  0.34   0.66   0.13   0.18      5      5      1   
  0.50   0.75   0.35   0.73      2      2      1   
  0.87   0.93   0.13   0.36      9      9      1   
  0.49   0.46   0.21   0.70      4      4      1   
  0.87   0.93   0.59   0.38      6      6      1   
  0.82   0.87   0.80   0.20      7      7      1   
  0.93   0.54   0.36   0.78      6      6      1   
  0.08   0.23   0.93   0.07     40     11      1   
  0.70   0.72   0.24   0.50      5      5      1   
  0.04   0.04   0.97   0.32     13     11      1   
  0.18   0.25   0.13   0.37      2      2      1   
  0.73   0.10   0.69   0.86      7      7      1   
  0.34   0.50   0.70   0.44      4      4      1   
  0.54   0.30   0.65   0.23      1      1      1   
  0.91   0.00   0.20   0.17     64     11      1   
  0.86   0.09   0.77   0.38      3      3      1   
  0.08   0.38   0.42   0.73      5      5      1   
  0.36   0.53   0.63   0.03      6      6      1   
  0.90   0.43   0.88   0.10      3      3      1   
  0.18   0.72   0.71   0.00     56      9      1   
  0.45   0.69   0.10   0.16      6      6      1   
  0.65   0.23   0.60   0.67      4      4      1   
  0.55   0.41   0.61   0.32      1      1      1   
  0.17   0.78   0.51   0.33      7      6      1   
  0.09   0.24   0.54   0.80      7      7      1   
  0.62   0.21   0.14   0.39     10      7      1   
  0.81   0.89   0.35   0.59      6      5      1   
  0.12   0.56   0.16   0.28      3      3      1   
  0.83   0.09   0.66   0.30      3      3      1   
  0.65   0.23   0.88   0.51      3      3      1   
  0.09   0.93   0.99   0.55      9      9      1   
  0.02   0.63   0.19   0.94      4      4      1   
  0.53   0.33   0.16   0.44      8      5      1   
  0.06   0.99   0.63   0.97      6      6      1   
  0.61   0.63   0.26   0.92      5      5      1   
  0.04   0.81   0.89   0.90      8      8      1   
  0.06   0.23   0.92   0.10     30     10      1   
  0.04   0.47   0.63   0.35      7      6      1   
  0.54   0.17   0.52   0.47      3      3      1   
  0.43   0.13   0.00   0.51      8      8      1   
  0.65   0.19   0.53   0.35      2      2      1   
  0.81   0.32   0.09   0.24     28      8      1   
  0.20   0.81   0.12   0.82      1      1      1   
  0.54   0.21   0.12   0.56      7      6      1   
  0.08   0.10   0.62   0.26     10      9      1   
  0.68   0.12   0.22   0.52     10      7      1   
  0.02   0.45   0.35   0.49      3      3      1   
  0.47   0.98   0.04   0.43      7      7      1   
  0.29   0.43   0.02   0.45      3      3      1   
  0.82   0.87   0.65   0.23      6      6      1   
  0.75   0.67   0.84   0.38      3      3      1   
  0.00   0.46   0.16   0.63      2      2      1   
  0.09   0.22   0.29   0.61      4      4      1   
  0.77   0.14   0.69   0.19      1      1      1   
  0.82   0.14   0.90   0.43      3      3      1   
  0.49   0.73   0.61   0.52      3      3      1   
  0.03   0.12   0.59   0.03     63     11      1   
  0.94   0.49   0.83   0.15      4      4      1   
  0.19   0.64   0.16   0.44      2      2      1   
  0.52   0.91   0.15   0.38      6      6      1   
  0.68   0.55   0.98   0.67      3      3      1   
  0.02   0.45   0.12   0.30      2      2      1   
  0.83   0.23   0.73   0.67      4      4      1   
  0.53   0.48   0.55   0.48      1      1      1   
  0.93   0.10   0.90   0.43      3      3      1   
  0.57   0.10   0.67   0.15      1      1      1   
  0.76   0.78   0.67   0.15      6      6      1   
  0.92   0.74   0.71   0.76      3      3      1   
  0.49   0.81   0.83   0.35      5      5      1   
  0.66   0.30   0.35   0.49      8      4      1   
  0.06   0.23   0.69   0.61      7      7      1   
  0.41   0.10   0.55   0.24      2      2      1   
  0.23   0.44   0.57   0.94      6      6      1   
  0.68   0.12   0.50   0.52      4      4      1   
  0.06   0.17   0.55   0.95      8      8      1   
  0.34   0.58   0.69   0.31      4      4      1   
  0.78   0.24   0.34   0.50      5      5      1   
  0.54   0.09   0.53   0.33      2      2      1   
  0.66   0.97   0.80   0.20      7      7      1   
  0.86   1.00   0.81   0.32      7      7      1   
  0.90   0.43   0.09   0.79      9      8      1   
  0.53   0.03   0.79   0.93      9      8      1   
  0.95   0.25   0.62   0.26      3      3      1   
  0.47   0.81   0.96   0.30      7      7      1   
  0.09   0.79   0.18   0.27      5      5      1   
  0.04   0.47   0.08   0.10      3      3      1   
  1.00   0.10   0.20   0.32     21     10      1   
  0.67   0.15   0.41   0.33      3      3      1   
  0.09   0.18   0.85   0.49     10      9      1   
  1.00   0.19   0.60   0.28      4      4      1   
  0.15   0.07   0.10   0.16      1      1      1   
  0.34   0.66   0.19   0.10      6      6      1   
  0.62   0.61   0.20   0.81      5      5      1   
  0.31   0.45   0.36   0.53      1      1      1   
  0.26   0.92   0.62   0.21      8      8      1   
  0.54   0.09   0.10   0.19     40      9      1   
  0.81   0.32   0.34   0.58      5      5      1   
  0.19   0.24   0.57   0.87      7      7      1   
  0.39   0.76   0.33   0.67      1      1      1   
  0.61   0.56   0.65   0.67      1      1      1   
