  0.74   0.25   0.60   0.42      2      2      1   
  0.85   0.01   0.63   0.43      4      4      1   
  0.50   0.87   0.04   0.46     46      6      1   
  0.10   0.85   0.22   0.98      2      2      1   
  0.83   0.13   0.51   0.21      3      3      1   
  0.72   0.13   0.50   0.11      2      2      1   
  0.22   0.40   0.61   0.12     27      5      1   
  0.11   0.87   0.61   0.00     11     10      1   
  0.96   0.83   0.44   0.35      7      7      1   
  0.18   0.84   0.34   0.98      2      2      1   
  0.27   0.80   0.02   0.32     22      8      1   
  0.86   0.82   0.65   0.24      6      6      1   
  0.96   0.01   0.70   0.45      5      5      1   
  0.62   0.43   0.20   0.11     83      7      1   
  0.09   0.26   0.47   0.61      5      5      1   
  0.65   0.95   0.60   0.51      5      5      1   
  0.71   0.14   0.92   0.15      2      2      1   
  0.16   0.98   0.31   0.85      2      2      1   
  0.09   0.26   0.56   0.16     16      6      1   
  0.81   0.79   0.75   0.87      1      1      1   
  0.12   0.15   0.84   0.76     10      9      1   
  0.20   0.11   0.37   0.49      5      5      1   
  0.50   0.27   0.19   0.43      3      3      1   
  0.19   0.37   0.61   0.00     32      6      1   
  0.92   0.11   0.24   0.48      8      7      1   
  0.16   0.99   0.77   0.98      6      6      1   
  0.92   0.84   0.19   0.98      7      7      1   
  0.57   0.24   0.22   0.27      9      5      1   
  0.04   0.46   0.62   0.26      6      6      1   
  0.54   0.69   0.64   0.80      2      2      1   
  0.87   0.10   0.01   0.11     28     10      1   
  0.81   0.20   0.86   0.26      1      1      1   
  0.00   0.93   1.00   0.09     12     12      1   
  0.36   0.85   0.20   0.13     16      8      1   
  0.62   0.95   0.56   0.06      8      8      1   
  0.46   0.13   0.94   0.23      5      5      1   
  0.63   0.38   0.44   0.14      3      3      1   
  0.83   0.27   0.32   0.83      8      7      1   
  0.70   0.99   0.65   0.24      7      7      1   
  0.26   0.56   0.43   0.01      6      6      1   
  0.06   0.98   0.47   0.06     11     10      1   
  0.03   0.01   0.02   0.93     34     12      1   
  0.92   0.11   0.43   0.44      6      6      1   
  0.51   0.01   0.12   0.15     18      8      1   
  0.45   0.48   0.59   0.07      4      4      1   
  0.50   0.03   0.51   0.45      4      4      1   
  0.29   0.85   0.43   0.66      3      3      1   
  0.87   1.00   0.63   0.58      4      4      1   
  0.19   0.98   0.51   0.21      8      8      1   
  0.22   0.20   0.93   0.26      9      9      1   
  0.14   0.55   0.48   0.11      6      6      1   
  0.77   0.98   0.01   0.46     49      9      1   
  0.20   0.13   0.54   0.17     13      7      1   
  0.64   0.49   0.49   0.36      2      2      1   
  0.19   0.98   0.44   0.14      9      9      1   
  0.86   0.98   0.44   0.35      7      7      1   
  0.27   0.99   0.25   0.95      1      1      1   
  0.16   0.13   0.64   0.80      8      8      1   
  0.11   0.49   0.37   0.56      3      3      1   
  0.43   0.66   0.11   0.20      6      6      1   
  0.93   0.24   0.15   0.87     38     10      1   
  0.69   0.38   0.01   0.46      6      6      1   
  0.14   0.06   0.44   0.14     32      7      1   
  0.63   0.66   0.30   0.79      4      4      1   
  0.50   0.47   0.06   0.52      5      5      1   
  0.43   0.66   0.78   0.23      5      5      1   
  0.86   0.77   0.12   0.15      9      9      1   
  0.78   0.23   0.08   0.88     40      9      1   
  0.42   0.05   0.64   0.79      7      7      1   
  0.60   0.17   0.03   0.24     12      7      1   
  0.82   0.87   0.94   0.23     13      8      1   
  0.43   0.65   0.70   0.45      3      3      1   
  0.33   0.47   0.00   0.57      3      3      1   
  0.62   0.81   0.81   0.05      7      7      1   
  0.42   0.46   0.53   0.64      2      2      1   
  0.00   0.29   0.58   0.56      6      6      1   
  0.78   0.04   0.47   0.02      3      3      1   
  0.48   0.41   0.11   0.32      4      4      1   
  0.16   0.94   0.56   0.06      9      9      1   
  0.55   0.58   0.04   0.27      5      5      1   
  0.49   0.83   0.94   0.01      9      8      1   
  0.00   0.52   0.79   0.09      8      8      1   
  0.76   0.80   0.98   0.09      8      8      1   
  0.73   0.08   0.62   0.26      2      2      1   
  0.18   0.09   0.47   0.26      6      6      1   
  0.90   0.08   0.88   0.18      1      1      1   
  0.41   0.36   0.62   0.10      3      3      1   
  0.76   0.09   0.51   0.77      7      7      1   
  0.48   0.54   0.72   0.13      5      5      1   
  0.04   0.27   0.93   0.04     25      9      1   
  0.95   0.26   0.03   0.01     33     11      1   
  0.61   0.12   0.19   0.20     13      7      1   
  0.74   0.95   0.60   0.42      6      6      1   
  0.79   0.28   0.64   0.31      2      2      1   
  0.28   0.95   0.22   0.98      1      1      1   
  0.78   0.24   0.60   0.51      3      3      1   
  0.24   0.46   0.01   0.28      3      3      1   
  0.89   0.75   0.52   0.39      6      6      1   
  0.66   0.17   0.01   0.37     11      7      1   
  0.03   0.88   0.22   0.20     18     11      1   
  0.11   0.45   0.76   0.05      7      7      1   
  0.05   0.36   0.36   0.85      7      7      1   
  0.92   0.84   0.83   0.27      9      8      1   
  0.91   0.25   0.57   0.63      5      5      1   
  0.75   0.76   0.55   0.23      6      5      1   
  0.54   0.85   0.20   0.48      5      5      1   
  0.09   0.95   0.87   0.91      8      8      1   
  0.22   0.40   0.25   0.89      7      7      1   
  0.20   0.17   0.12   0.80     34     10      1   
  0.78   0.24   0.51   0.77      6      6      1   
  0.45   0.63   0.64   0.31      4      4      1   
  0.67   0.79   0.16   0.13      8      8      1   
  0.06   0.10   0.07   0.02      1      1      1   
  0.73   0.00   0.01   0.46      8      8      1   
  0.48   0.53   0.47   0.91      4      4      1   
  0.08   0.88   0.81   0.17      9      9      1   
  0.05   0.41   0.69   0.17     20      7      1   
  0.56   0.20   0.73   0.12      2      2      1   
  0.51   0.21   0.67   0.70      5      5      1   
  0.92   0.76   0.45   0.05      9      9      1   
  0.11   0.32   0.70   0.11     28      7      1   
  0.47   0.26   0.98   0.29      5      5      1   
  0.19   0.99   0.58   0.56      6      6      1   
  0.77   1.00   0.05   0.41     30      9      1   
  0.53   0.64   0.63   0.94      3      3      1   
  0.56   0.32   0.72   0.13      3      3      1   
  0.22   0.39   0.12   0.15      3      3      1   
  0.60   0.51   0.32   0.83      4      4      1   
  0.19   0.37   0.20   0.11      3      3      1   
  0.61   0.93   0.83   0.79      3      3      1   
  0.24   0.46   0.56   0.06      5      5      1   
  0.79   0.09   0.62   0.43      4      4      1   
  0.22   0.18   0.93   0.04     23      9      1   
  0.04   0.46   0.71   0.22      7      7      1   
  0.15   0.78   0.96   0.02     11     10      1   
  0.84   0.30   0.11   0.20     16      8      1   
  0.97   0.17   0.48   0.11      5      5      1   
  0.02   0.93   0.63   0.94      6      6      1   
  0.94   0.23   0.73   0.00      3      3      1   
  0.30   0.79   0.78   0.92      5      5      1   
  0.26   0.56   0.09   0.95     34      7      1   
  0.10   1.00   0.25   0.89      2      2      1   
  0.45   0.05   0.50   0.11      1      1      1   
  0.71   0.14   0.61   0.00      2      2      1   
  0.03   0.88   0.15   0.87      1      1      1   
  0.51   0.62   0.70   0.45      3      3      1   
  0.17   0.14   0.87   1.00     11     11      1   
  0.06   0.52   0.45   0.05     53      7      1   
  0.50   0.03   0.03   0.86     39     11      1   
  0.20   0.13   0.97   0.17     18     10      1   
  0.79   0.28   0.32   0.55      6      6      1   
  0.75   0.08   0.45   0.05      3      3      1   
  0.63   0.94   0.61   0.24      7      7      1   
  0.82   0.78   0.09   0.08     10     10      1   
  0.75   0.77   0.03   0.14      9      9      1   
  1.00   0.87   0.66   0.88      3      3      1   
  0.81   0.05   0.03   0.88     41     11      1   
  0.09   0.95   0.09   0.08     23     12      1   
  0.12   0.05   1.00   0.92     13     12      1   
  0.02   0.36   0.32   0.79      7      7      1   
  0.81   0.07   0.47   0.26      4      4      1   
  0.83   0.13   0.66   0.17      2      2      1   
  0.09   0.35   0.23   0.48      2      2      1   
  0.63   0.08   0.64   0.55      5      5      1   
  0.84   0.98   0.48   0.72      5      5      1   
  0.16   0.94   0.69   0.38      7      7      1   
  0.75   0.30   0.09   0.01     93      9      1   
  0.20   0.48   0.03   0.14      4      4      1   
  0.40   0.21   0.61   0.07      3      3      1   
  0.38   0.55   0.40   0.56      1      1      1   
  0.64   0.55   0.34   0.98      5      5      1   
  0.12   0.05   0.43   0.10     56      8      1   
  0.92   0.84   0.44   0.35      7      7      1   
  0.68   0.77   0.50   0.06      7      7      1   
  0.95   0.89   0.47   0.61      5      5      1   
  0.81   0.07   0.47   0.02      3      3      1   
  0.31   0.79   0.25   0.95      2      2      1   
  0.01   0.22   0.88   0.18     17      9      1   
  0.12   0.15   0.26   0.42      3      3      1   
  0.15   0.19   0.87   1.00     11     11      1   
  0.75   0.82   0.12   0.18      9      9      1   
  0.15   0.12   0.43   0.66      6      6      1   
  0.85   0.04   0.15   0.12     37     10      1   
  0.31   0.79   0.10   1.00      3      3      1   
  0.79   0.09   0.50   0.03      3      3      1   
  0.87   0.97   0.02   0.25     10     10      1   
  0.44   0.35   0.00   0.15     11      5      1   
  0.51   0.07   0.02   0.42      8      7      1   
  0.06   0.10   0.57   0.27      8      7      1   
  0.57   0.72   0.70   0.99      3      3      1   
  0.67   0.25   0.28   0.81      7      7      1   
  0.75   0.76   0.88   0.96      2      2      1   
  0.16   0.99   0.98   0.29     10     10      1   
  1.00   0.13   0.47   0.02      5      5      1   
  0.64   0.55   0.86   0.98      5      5      1   
  0.25   0.89   0.64   0.55      5      5      1   
  0.15   0.05   0.11   0.49      4      4      1   
  0.18   0.92   0.94   0.01     11     10      1   
  0.07   0.08   0.58   0.26      8      7      1   
  0.82   0.78   0.43   0.76      4      4      1   
  0.40   0.42   0.90   0.22      5      5      1   
  0.41   0.36   0.97   0.96      8      8      1   
  0.22   0.03   0.24   0.46      4      4      1   
  0.61   0.00   0.63   0.43      4      4      1   
  0.81   0.05   0.87   1.00     10      9      1   
  0.88   0.99   0.18   0.92      7      7      1   
  0.75   0.82   0.01   0.46      8      8      1   
  0.48   0.23   0.54   0.69      4      4      1   
  0.62   0.44   0.99   0.01      5      5      1   
  0.80   0.21   0.88   0.96      8      8      1   
  0.75   0.82   0.22   0.18      9      9      1   
  0.45   0.09   0.00   0.85     48     10      1   
  0.50   0.87   0.61   0.21      6      6      1   
  0.48   0.11   1.00   0.92     10      9      1   
  0.84   0.98   0.53   0.21      8      8      1   
  0.62   0.95   0.38   0.55      4      4      1   
  0.05   0.36   0.62   0.10     39      7      1   
  0.51   0.21   0.58   0.56      4      4      1   
  0.10   0.28   0.39   0.94      8      8      1   
  0.63   0.65   0.87   0.10      6      6      1   
  0.63   0.94   0.15   0.19      9      9      1   
  0.03   0.88   0.99   0.01     12     12      1   
  0.62   0.10   0.60   0.42      3      3      1   
  0.93   0.26   0.44   0.41      5      5      1   
  0.52   0.95   0.32   0.55      5      5      1   
  0.01   0.22   0.03   0.86     30     11      1   
  0.18   0.81   0.67   0.56      5      5      1   
  0.05   0.36   0.43   0.76      6      6      1   
  0.43   0.76   0.22   0.08     58      8      1   
  0.44   0.69   0.11   0.87      4      4      1   
  0.18   0.85   0.94   0.93      7      7      1   
  0.16   0.94   0.28   0.95      1      1      1   
  0.75   0.82   0.27   0.99      5      5      1   
  0.41   1.00   0.92   0.84      5      5      1   
  0.18   0.53   0.48   0.41      4      3      1   
  0.78   0.92   0.02   0.36      9      9      1   
  0.62   0.46   0.60   0.42      1      1      1   
  0.20   0.11   0.67   0.79      9      9      1   
  0.16   0.40   0.13   0.37      1      1      1   
  0.47   0.26   0.95   0.89      8      8      1   
  0.45   0.05   0.36   0.97      9      9      1   
  0.01   0.20   0.61   0.12     21      7      1   
  0.42   0.86   0.18   0.81      3      3      1   
  0.64   0.49   0.14   0.53      5      5      1   
  0.84   0.04   0.62   0.14      2      2      1   
  0.94   0.84   0.64   0.92      3      3      1   
  0.48   0.23   0.17   0.34      8      5      1   
  0.43   0.76   0.07   0.22      7      7      1   
  0.14   0.56   0.49   0.08      6      6      1   
  0.03   0.24   0.43   0.76      7      7      1   
  0.19   0.98   0.46   0.25      8      8      1   
  0.22   0.98   0.10   0.28     21      9      1   
  0.76   0.09   0.51   0.65      6      6      1   
  0.92   0.11   0.50   0.15      4      4      1   
  0.98   0.29   0.60   0.17      4      4      1   
  0.13   0.37   0.64   0.79      6      6      1   
  0.11   0.84   0.61   0.64      5      5      1   
  0.45   0.05   0.10   1.00     24     10      1   
  0.71   0.22   0.05   0.16     25      7      1   
  0.68   0.77   0.75   0.76      1      1      1   
  0.47   0.91   0.79   0.09      9      8      1   
  0.36   0.97   0.74   0.87      4      4      1   
  0.48   0.15   0.18   0.09     42      7      1   
  0.45   0.05   0.01   0.88     51     11      1   
  0.69   0.91   0.18   0.84      5      5      1   
  0.75   0.08   0.09   0.95     11     11      1   
  0.48   0.15   0.87   0.91      8      8      1   
  0.55   0.76   0.22   0.08     91      8      1   
  0.39   0.94   0.61   0.93      2      2      1   
  0.45   0.80   0.50   0.47      4      4      1   
  0.13   0.37   0.78   0.92      8      8      1   
  0.85   0.01   0.53   0.75      7      7      1   
  0.54   0.10   0.05   0.41     10      7      1   
  0.11   0.20   0.64   0.55      7      7      1   
  0.19   0.20   0.16   0.13      1      1      1   
  0.31   0.85   0.38   0.55      3      3      1   
  0.88   0.99   0.03   0.88      8      8      1   
  0.50   0.74   0.44   0.35      4      4      1   
  0.51   0.21   0.50   0.87      6      6      1   
  0.03   0.88   0.65   0.16     10     10      1   
  0.15   0.05   0.66   0.60      8      8      1   
  0.96   0.01   0.00   0.93     42     12      1   
  0.09   0.26   0.01   0.28      1      1      1   
  0.88   0.99   0.51   0.19      8      8      1   
  0.22   0.55   0.34   0.50      2      2      1   
  1.00   0.05   0.92   0.86     13     10      1   
  0.85   0.23   0.51   0.21      3      3      1   
  0.63   0.66   0.30   0.79      4      4      1   
  0.09   0.04   0.27   0.99     11     11      1   
  0.74   0.25   0.59   0.07      2      2      1   
  0.05   0.16   0.11   0.49      3      3      1   
  0.18   0.92   0.56   0.32      7      7      1   
  0.44   0.41   0.34   0.50      2      2      1   
  0.11   0.32   0.93   0.95     10     10      1   
  0.45   0.05   0.57   0.27      3      3      1   
  0.18   0.53   0.48   0.54      3      3      1   
  0.01   0.88   0.09   0.08     22     12      1   
  0.51   0.21   0.62   0.81      6      6      1   
  0.50   0.74   0.05   0.16      7      7      1   
  0.84   0.76   0.18   0.53      7      7      1   
  0.10   0.28   0.50   0.47      4      4      1   
  0.17   0.34   0.43   0.10     36      6      1   
  0.63   0.65   0.19   0.20      7      7      1   
  0.81   0.79   0.03   0.08     10     10      1   
  0.85   0.01   0.12   0.01     79     11      1   
  0.31   0.79   0.61   0.55      4      4      1   
  0.66   0.88   0.68   0.56      3      3      1   
  0.98   0.29   0.96   0.01      3      3      1   
  0.38   0.94   0.25   1.00      2      2      1   
  0.01   0.22   0.09   0.26      1      1      1   
  0.50   0.11   0.63   0.38      3      3      1   
  0.23   0.48   0.66   0.89      6      6      1   
  0.59   0.07   0.99   0.01      4      4      1   
  0.03   0.26   0.15   0.44      2      2      1   
  0.50   0.03   0.69   0.50      5      5      1   
  0.18   0.92   0.48   0.72      3      3      1   
  0.23   0.48   0.48   0.72      4      4      1   
  0.44   0.41   0.76   0.05      5      5      1   
  0.56   0.05   0.56   0.32      3      3      1   
  0.34   0.98   0.52   0.39      6      6      1   
  0.04   0.27   0.22   0.18      2      2      1   
  0.06   0.98   0.22   0.40     17      9      1   
  0.70   0.99   0.55   0.23      7      7      1   
  0.47   0.97   0.59   0.03      8      8      1   
  0.18   0.53   0.93   0.04      8      8      1   
  0.36   0.85   0.65   0.44      5      5      1   
  0.57   0.16   0.61   0.64      5      5      1   
  0.09   0.01   0.38   0.94     10     10      1   
  0.20   0.17   0.50   0.47      5      5      1   
  0.90   0.26   0.65   0.44      4      4      1   
  0.99   0.01   0.17   0.38      9      9      1   
  0.36   0.97   0.43   0.66      3      3      1   
  0.23   0.99   0.68   0.77      5      5      1   
  0.92   0.11   0.16   0.19     24      9      1   
  0.66   0.89   0.85   0.23      7      7      1   
  0.81   0.17   0.49   0.89      8      7      1   
  0.51   0.21   0.56   0.32      1      1      1   
  0.25   0.95   0.42   0.22      7      7      1   
  0.60   0.51   0.12   0.15     29      6      1   
  0.38   0.94   0.44   0.44      5      5      1   
  0.09   0.08   0.50   0.03     38      8      1   
  0.65   0.51   0.81   0.17      4      4      1   
  0.23   0.99   0.14   0.99      1      1      1   
  0.70   0.05   0.92   0.11      2      2      1   
  0.15   0.05   0.01   0.22      2      2      1   
  0.12   0.18   0.84   0.98     10     10      1   
  0.52   0.18   0.75   0.30      3      3      1   
  0.78   0.04   0.03   0.86     40     11      1   
  0.28   0.81   0.37   0.49      5      5      1   
  0.93   0.04   0.24   0.87     11     10      1   
  0.04   0.27   0.56   0.06     34      7      1   
  0.28   0.81   0.18   0.53     14      6      1   
  0.18   0.53   0.96   0.83      8      8      1   
  0.31   0.42   0.07   0.22      3      3      1   
  0.63   0.60   1.00   0.13      6      6      1   
  0.70   0.05   0.50   0.11      2      2      1   
  0.24   0.87   0.78   0.24      8      8      1   
  0.70   0.05   0.48   0.53      5      5      1   
  0.78   0.04   0.41   0.07      4      4      1   
  0.64   0.49   0.06   0.95      7      7      1   
  0.12   0.18   0.56   0.06     32      7      1   
  0.18   0.09   0.43   0.76      8      8      1   
  0.94   0.84   0.23   0.84      7      7      1   
  0.28   0.81   0.81   0.05      9      9      1   
  0.27   0.87   0.50   0.47      5      5      1   
  0.95   0.89   0.17   0.24     10     10      1   
  0.02   0.93   0.23   0.42     12      8      1   
  0.50   0.47   0.92   0.11      5      5      1   
  0.64   0.79   0.48   0.53      3      3      1   
  0.26   0.56   0.40   0.56      2      2      1   
  0.59   0.07   0.44   0.66      6      5      1   
  0.47   0.97   0.11   0.02     18     10      1   
  0.09   0.26   0.38   0.55      4      4      1   
  0.41   0.78   1.00   0.05      8      8      1   
  0.01   0.37   0.11   0.20      2      2      1   
  0.13   0.83   0.36   0.80      3      3      1   
  0.18   0.85   0.66   0.88      5      5      1   
  0.65   0.16   0.36   0.80      7      7      1   
  0.70   0.99   0.74   0.95      1      1      1   
  0.10   0.28   0.63   0.66      6      6      1   
  0.42   0.46   0.38   0.94      5      5      1   
  0.01   0.11   0.89   0.75     12     11      1   
  0.22   0.20   0.57   0.27      6      6      1   
  0.51   0.01   0.03   0.01     40     10      1   
  0.69   0.61   0.49   0.36      3      3      1   
  0.83   0.27   0.46   0.78      6      6      1   
  0.49   0.08   0.61   0.64      5      5      1   
  0.15   0.94   0.71   0.22      9      9      1   
  0.96   0.02   0.49   0.89      9      9      1   
  0.51   0.01   0.43   0.78      7      7      1   
  0.45   0.09   0.11   0.84     37      9      1   
  0.05   0.14   0.56   0.19     13      7      1   
  0.92   0.76   0.84   0.76      1      1      1   
  0.67   0.25   0.68   0.42      2      2      1   
  0.87   0.91   0.93   0.04     13     10      1   
  0.02   0.87   0.26   0.56     10      7      1   
  0.84   0.30   0.67   0.79      6      6      1   
  0.48   0.41   0.42   0.46      1      1      1   
  0.13   0.83   0.36   0.43      6      6      1   
  0.61   0.00   0.48   0.11      2      2      1   
  0.05   0.16   0.62   0.44      7      6      1   
  0.09   0.01   0.82   0.87     11     11      1   
  0.03   0.19   0.62   0.43      7      6      1   
  0.26   0.56   0.50   0.87      4      4      1   
  0.09   0.26   0.92   0.86     10     10      1   
  0.15   0.94   0.57   0.72      5      5      1   
  0.62   0.26   0.03   0.01     32      8      1   
  0.67   0.70   0.09   0.77      5      5      1   
  0.24   0.48   0.73   0.12      6      6      1   
  0.73   0.32   0.18   0.09     40      8      1   
  0.16   0.98   0.82   0.87      6      6      1   
  0.70   0.68   0.84   0.04      6      6      1   
  0.41   1.00   0.17   0.34     22      8      1   
  0.46   0.20   0.22   0.39      7      4      1   
  0.78   0.04   0.41   1.00     10     10      1   
  0.52   0.39   0.63   0.58      2      2      1   
  0.48   0.53   0.54   0.10      4      4      1   
  1.00   0.92   0.07   0.08     12     12      1   
  0.09   0.35   0.46   0.20     10      5      1   
  0.07   0.52   0.16   0.13      4      4      1   
  0.79   0.99   0.43   0.44      6      6      1   
  0.11   0.12   0.55   0.04     29      8      1   
  0.46   0.40   0.52   0.70      3      3      1   
  0.49   0.83   0.43   0.66      2      2      1   
  0.58   0.26   0.65   0.95      7      7      1   
  0.19   0.37   0.47   0.97      7      7      1   
  0.59   0.07   0.89   0.84      9      8      1   
  0.60   0.51   0.16   0.19     12      6      1   
  0.42   0.46   0.18   0.92      6      6      1   
  0.53   0.64   0.59   0.07      5      5      1   
  0.38   0.94   0.71   0.22      7      7      1   
  0.61   0.12   0.92   0.86      9      8      1   
  0.81   0.20   0.75   0.82      7      7      1   
  0.11   0.20   0.49   0.50      5      5      1   
  0.11   0.32   0.59   0.07     47      6      1   
  0.15   0.94   0.94   0.10     11     11      1   
  0.09   0.95   0.53   0.75      5      5      1   
  0.09   0.08   0.03   0.24      2      2      1   
  0.17   0.14   0.18   0.84     33     10      1   
  0.02   0.25   0.64   0.55      7      7      1   
  0.20   0.28   0.66   0.17     10      6      1   
  0.50   0.87   0.81   0.17      7      7      1   
  0.16   0.26   0.01   0.47      3      3      1   
  0.06   0.10   0.15   0.53      4      4      1   
  0.60   0.17   0.45   0.09      2      2      1   
  0.52   0.95   0.11   0.49     39      7      1   
  0.75   0.30   0.48   0.23      3      3      1   
  0.69   0.38   0.57   0.81      4      4      1   
  0.17   0.34   0.09   0.77     31      8      1   
  0.64   0.49   0.46   0.40      2      2      1   
  0.65   0.44   0.44   0.35      3      3      1   
  0.69   0.17   0.81   0.05      2      2      1   
  0.32   0.83   0.47   0.29      5      5      1   
  0.00   0.93   0.25   1.00      3      3      1   
  0.37   0.56   1.00   0.13      7      7      1   
  0.76   0.05   0.48   0.72      7      7      1   
  0.69   0.17   0.50   0.15      2      2      1   
  0.34   0.50   0.15   0.78     33      6      1   
  0.81   0.07   0.54   0.17      3      3      1   
  0.86   0.26   0.85   0.12      2      2      1   
  0.66   0.88   0.89   0.84      2      2      1   
  0.81   0.20   0.74   0.25      1      1      1   
  0.11   0.02   0.69   0.91     10     10      1   
  0.22   0.18   0.05   0.16      2      2      1   
  0.09   0.26   0.49   0.36      5      5      1   
  0.83   0.30   0.22   0.18     30      8      1   
  0.76   0.09   0.44   0.69      7      7      1   
  0.77   0.98   0.22   0.40      8      8      1   
  0.43   0.76   0.43   0.65      1      1      1   
  0.42   0.22   0.75   0.77      6      6      1   
  0.66   0.17   0.16   0.40     10      6      1   
  0.98   0.09   0.51   0.62      7      7      1   
  0.45   0.08   0.74   0.25      3      3      1   
  0.09   0.08   0.81   0.17     14      9      1   
  0.79   0.99   0.92   0.76      3      3      1   
  0.66   0.08   0.01   0.88     51     11      1   
  0.15   0.05   0.76   0.09     31      9      1   
  0.22   0.18   0.50   0.15     14      6      1   
  0.65   0.24   0.22   0.03     93      8      1   
  1.00   0.92   0.12   0.96      9      8      1   
  0.39   0.94   0.64   0.80      3      3      1   
  0.90   0.08   0.90   0.22      2      2      1   
  0.95   0.26   0.76   0.05      3      3      1   
  0.11   0.53   0.56   0.06      6      6      1   
  0.24   0.87   0.89   0.75      6      6      1   
  0.70   0.45   0.81   0.17      3      3      1   
  0.50   0.11   0.13   0.07     48      8      1   
  0.93   0.95   0.88   0.99      1      1      1   
  0.81   0.17   0.92   0.84     12      8      1   
  0.51   0.19   0.23   0.84      7      7      1   
  0.41   0.07   0.16   0.99     36     10      1   
  0.38   0.55   0.59   0.07      5      5      1   
  0.34   0.98   0.80   0.21      9      8      1   
  0.01   0.20   0.56   0.20     13      6      1   
  0.56   0.02   0.12   0.05     94      9      1   
  0.19   0.98   0.43   0.44      6      6      1   
  0.61   0.21   0.47   0.97      7      7      1   
  0.81   0.17   0.03   0.14     19      9      1   
  0.10   0.28   0.83   0.79      8      8      1   
  0.09   0.77   0.63   0.08     10     10      1   
  0.50   0.47   0.92   0.76      6      5      1   
  0.81   0.79   0.44   0.14      7      7      1   
  0.22   0.40   0.96   0.90      8      8      1   
  0.47   0.02   0.39   0.94      8      8      1   
  0.05   0.41   0.09   0.77     28      9      1   
  0.36   0.43   0.79   0.99      6      6      1   
  0.31   0.85   0.78   0.23      7      7      1   
  0.09   0.01   0.19   0.43      4      4      1   
  0.22   0.40   0.12   0.27      2      2      1   
  0.03   0.26   0.19   0.98     22      9      1   
  0.65   0.51   0.44   0.14      4      4      1   
  0.96   0.83   0.60   0.51      5      5      1   
  0.22   0.98   0.56   0.05     10     10      1   
  0.73   0.25   0.89   0.75      7      7      1   
  0.40   0.56   0.18   0.92      5      5      1   
  0.40   0.56   0.22   0.80      4      4      1   
  0.57   0.81   0.11   0.20      8      8      1   
  0.83   0.96   0.12   0.15     10     10      1   
  0.96   0.26   0.63   0.08      4      4      1   
  1.00   0.13   0.84   0.30      2      2      1   
  0.27   0.99   0.01   0.11     23     11      1   
  0.56   0.02   0.01   0.81     49     11      1   
  0.85   0.12   0.02   0.87     49     11      1   
  0.92   0.15   0.84   0.76      9      8      1   
  0.68   0.77   0.71   0.14      6      6      1   
  0.03   0.08   0.10   0.28      2      2      1   
  0.82   0.97   0.31   0.85      5      5      1   
  0.10   0.49   0.48   0.11      6      6      1   
  0.72   0.13   0.48   0.11      3      3      1   
  0.95   0.89   0.55   0.23      8      7      1   
  0.12   0.96   0.47   0.01     11     11      1   
  0.02   0.87   0.20   0.13     18     11      1   
  0.61   0.12   0.92   0.84      9      8      1   
  0.75   0.96   0.76   0.05     13      9      1   
  0.67   0.70   0.06   0.95      6      6      1   
  0.69   0.24   0.78   0.92      8      6      1   
  0.47   0.97   0.24   0.48     12      6      1   
  0.50   0.15   0.06   0.21     13      6      1   
  0.01   0.46   0.92   0.84      9      9      1   
  0.43   0.78   0.89   0.84      4      4      1   
  0.56   0.19   0.98   0.28      4      4      1   
  0.02   0.25   0.75   0.76      8      8      1   
  0.99   0.29   0.66   0.88      8      8      1   
  0.12   0.15   0.87   0.91     10     10      1   
  0.13   0.57   0.62   0.95      6      6      1   
  0.32   0.83   0.87   1.00      5      5      1   
  0.85   0.01   0.94   0.84     11      9      1   
  0.92   0.15   0.08   0.88     34     10      1   
  0.62   0.46   0.62   0.26      2      2      1   
  0.17   0.38   0.69   0.61      6      6      1   
  0.15   0.78   0.65   0.44      6      6      1   
  0.17   0.14   0.86   0.82     10      9      1   
  0.48   0.23   0.82   0.87      7      7      1   
  0.05   0.14   0.47   0.97      9      9      1   
  0.90   0.76   0.13   0.29      9      9      1   
  0.09   0.14   0.61   0.12     28      8      1   
  0.66   0.89   0.28   0.81      4      4      1   
  0.06   0.21   0.31   0.42      3      3      1   
  0.24   0.48   0.06   0.10      4      4      1   
  0.63   0.26   0.62   0.44      2      2      1   
  0.66   0.60   0.06   0.98      7      7      1   
  0.07   0.82   0.83   0.27      9      9      1   
  0.99   0.01   0.62   0.26      4      4      1   
  0.92   0.11   0.13   0.83     11     10      1   
  0.48   0.54   0.75   0.82      4      4      1   
  0.93   0.95   0.40   0.81      5      5      1   
  0.19   0.51   0.11   0.53      1      1      1   
  0.63   0.94   0.27   0.99      4      4      1   
  0.82   0.78   0.51   0.19      7      7      1   
  0.22   0.39   0.59   0.67      5      5      1   
  0.93   0.95   0.70   0.45      6      6      1   
  0.36   0.43   0.07   0.02      5      5      1   
  0.19   0.98   0.73   0.32      8      8      1   
  0.01   0.37   0.53   0.75      6      6      1   
  0.71   0.22   0.25   0.89      8      8      1   
  0.22   0.40   0.51   0.07     49      5      1   
  0.96   0.02   0.65   0.16      3      3      1   
  0.58   0.26   0.47   0.02      3      3      1   
  0.60   0.51   0.22   0.03    110      7      1   
  0.75   0.96   0.47   0.61      4      4      1   
  0.02   0.32   0.15   0.94     33      9      1   
  0.15   0.87   0.00   0.52     69      9      1   
  0.42   0.05   0.76   0.05      4      3      1   
  0.01   0.22   0.14   0.53      4      4      1   
  0.48   0.23   0.16   0.99      8      8      1   
  0.73   0.00   0.11   0.53      7      7      1   
  0.57   0.27   0.79   0.99      7      7      1   
  0.03   0.19   0.12   0.27      1      1      1   
  0.02   0.87   0.68   0.56      7      7      1   
  0.75   0.87   0.97   0.17      9      9      1   
  0.84   0.98   0.87   0.97      1      1      1   
  0.07   0.82   0.50   0.15     10      9      1   
  0.12   0.01   0.94   0.93     13     12      1   
  0.73   0.25   0.07   0.22     11      7      1   
  0.49   0.36   0.63   0.65      3      3      1   
  0.70   0.05   0.04   0.46     11      8      1   
  0.92   0.11   0.06   0.98     12     11      1   
  0.59   0.65   0.01   0.20      7      7      1   
  0.43   0.76   0.84   0.76      4      4      1   
  0.63   0.64   0.83   0.79      3      3      1   
  0.22   0.55   0.96   0.01      8      8      1   
  0.69   0.38   0.45   0.24      3      3      1   
  0.61   0.21   0.66   0.88      6      6      1   
  0.84   0.04   0.92   0.76     11      9      1   
  0.39   0.94   0.69   0.50      5      5      1   
  0.46   0.97   0.92   0.86      5      5      1   
  0.12   0.80   0.89   0.84      7      7      1   
  0.15   0.78   0.98   0.09     11     10      1   
  0.90   0.26   0.40   0.81      7      7      1   
  0.23   0.42   0.63   0.64      4      4      1   
  0.70   0.11   0.64   0.55      4      4      1   
  0.63   0.64   0.07   0.52      6      6      1   
  0.73   0.25   0.00   0.52      7      7      1   
  0.64   0.79   0.50   0.15      6      6      1   
  0.22   0.78   0.59   0.03      9      9      1   
  0.77   0.25   0.50   0.87      7      6      1   
  0.36   0.85   0.09   0.77      3      3      1   
  0.15   0.87   0.63   0.60      5      5      1   
  0.12   0.01   0.06   0.95     42     12      1   
  0.43   0.66   0.93   0.04      7      7      1   
  0.85   0.01   0.56   0.20      3      3      1   
  0.57   0.27   0.19   0.03    109      7      1   
  0.83   0.96   0.44   0.41      6      6      1   
  0.83   0.13   0.48   0.41      4      4      1   
  0.80   0.21   0.37   0.49      5      5      1   
  0.23   0.99   0.68   0.77      5      5      1   
  0.12   0.15   0.63   0.08     31      7      1   
  0.00   0.52   0.15   0.94     32      9      1   
  0.85   0.04   0.60   0.42      4      4      1   
  0.28   0.81   0.13   0.03     16     10      1   
  0.43   0.78   0.24   0.46      4      4      1   
  0.10   0.28   0.11   0.45      2      2      1   
  0.97   0.96   0.78   0.92      2      2      1   
  0.97   0.17   0.22   0.98     12     11      1   
  0.12   0.05   0.75   0.76     10      9      1   
  0.80   0.21   0.24   0.87      9      8      1   
  0.81   0.17   0.17   0.24     12      8      1   
  0.51   0.01   0.63   0.38      4      4      1   
  0.17   0.38   0.07   0.08      3      3      1   
  0.64   0.79   0.91   0.25      7      7      1   
  0.65   0.24   0.06   0.32     10      6      1   
  0.98   0.09   0.55   0.15      4      4      1   
  0.61   0.55   0.78   0.92      4      4      1   
  0.12   0.15   0.55   0.58      6      6      1   
  0.05   0.36   0.04   0.27      1      1      1   
  0.23   0.42   0.85   0.04      7      7      1   
  0.15   0.44   0.45   0.08     37      6      1   
  0.23   0.99   0.14   0.35     20      8      1   
  0.03   0.14   0.43   0.44      5      5      1   
  0.48   0.23   0.48   0.11      1      1      1   
  0.72   0.13   0.00   0.52     11      8      1   
  0.45   0.63   0.62   0.10      5      5      1   
  0.58   0.39   0.77   1.00      6      6      1   
  0.96   0.90   0.58   0.26      7      7      1   
  0.11   0.84   0.90   0.89      7      7      1   
  0.01   0.46   0.19   0.20      3      3      1   
  0.07   0.02   0.12   0.27      3      3      1   
  0.90   0.22   0.23   0.84     10      9      1   
  0.80   0.21   0.11   0.45      7      7      1   
  0.90   0.76   0.50   0.47      6      5      1   
  0.49   0.36   0.51   0.01      3      3      1   
  0.74   0.95   0.58   0.26      7      7      1   
  0.52   0.18   0.56   0.19      1      1      1   
  0.50   0.87   0.66   0.88      2      2      1   
  0.50   0.27   0.55   0.76      5      5      1   
  0.74   0.95   0.42   0.05      9      9      1   
  0.98   0.29   0.75   0.77      7      7      1   
  0.53   0.22   0.85   0.01      4      4      1   
  0.36   0.85   0.07   0.82      3      3      1   
  0.10   0.28   0.94   0.10     23      8      1   
  0.13   0.29   0.64   0.49      6      6      1   
  0.09   0.26   0.43   0.01     70      8      1   
  0.46   0.20   0.82   0.78      7      7      1   
  0.50   0.47   0.02   0.42      5      5      1   
  0.90   0.26   0.78   0.04      3      3      1   
  0.61   0.12   0.58   0.23      1      1      1   
  0.57   0.27   0.66   0.60      3      3      1   
  0.40   0.56   0.44   0.66      1      1      1   
  0.81   0.05   0.87   0.97     10      9      1   
  0.63   0.43   0.80   0.13      3      3      1   
  0.36   0.81   0.16   0.26     21      7      1   
  0.45   0.08   0.55   0.04      1      1      1   
  0.15   0.94   0.97   0.17     11     11      1   
  0.99   0.01   0.12   0.80     12     11      1   
  0.78   0.04   0.74   0.87      8      8      1   
  0.19   0.37   0.94   0.23      7      7      1   
  0.58   0.56   0.50   0.74      2      2      1   
  0.22   0.03   0.04   0.10      2      2      1   
  0.48   0.23   0.55   0.04      2      2      1   
  0.27   0.53   0.02   0.87     47      7      1   
  0.31   0.85   0.14   0.06     16      9      1   
  0.67   0.56   0.43   0.66      3      3      1   
  0.96   0.02   0.42   0.03      5      5      1   
  0.09   0.26   0.48   0.53      5      5      1   
  0.86   0.82   0.07   0.08     10     10      1   
  0.18   0.81   0.58   0.56      5      5      1   
  0.48   0.15   0.44   0.69      5      5      1   
  0.56   0.02   0.94   0.93     11     10      1   
  0.59   0.03   0.33   0.47      5      5      1   
  0.61   0.24   0.24   0.46      4      4      1   
  0.24   0.46   0.62   0.10      5      5      1   
  0.42   0.54   0.03   0.26      5      5      1   
  0.12   0.15   0.16   0.98     33     10      1   
  0.16   0.26   0.50   0.47      4      4      1   
  0.19   0.99   0.07   0.02     23     11      1   
  0.84   0.98   0.64   0.49      5      5      1   
  0.05   0.36   0.27   0.80      8      8      1   
  0.66   0.08   0.01   0.37      7      7      1   
  0.69   0.91   0.67   0.15      7      7      1   
  0.57   0.24   0.22   0.40      4      4      1   
  0.11   0.12   0.50   0.11     31      8      1   
  0.88   0.18   0.58   0.56      5      5      1   
  0.06   0.10   0.70   0.45      9      8      1   
  0.01   0.28   0.00   0.57      3      3      1   
  0.64   0.80   0.42   0.54      3      3      1   
  0.09   0.14   0.64   0.80      8      8      1   
  0.73   0.32   0.00   0.29     11      7      1   
  0.27   0.80   0.23   0.84      1      1      1   
  0.49   0.84   1.00   0.05      9      8      1   
  0.62   0.14   0.79   0.99      8      8      1   
  0.01   0.88   0.58   0.39      8      8      1   
  0.00   0.57   0.48   0.11      7      7      1   
  0.61   0.00   0.93   0.24      4      4      1   
  0.31   0.79   0.65   0.44      5      5      1   
  0.63   0.94   0.57   0.63      3      3      1   
  0.03   0.01   0.01   0.28      3      3      1   
  0.12   0.15   0.57   0.24      7      6      1   
  0.41   0.36   0.56   0.16      2      2      1   
  0.58   0.23   0.34   0.50      4      4      1   
  0.44   0.66   0.10   1.00      5      5      1   
  0.22   0.18   0.96   0.83     10     10      1   
  0.18   0.27   0.11   0.02      3      3      1   
  0.84   0.30   0.48   0.53      5      4      1   
  0.78   0.92   0.19   0.43      7      7      1   
  0.96   0.02   0.45   0.63      7      7      1   
  0.50   0.87   0.10   0.11      9      9      1   
  0.68   0.56   0.59   0.65      1      1      1   
  1.00   0.92   0.55   0.58      5      5      1   
  0.65   0.44   0.59   0.68      2      2      1   
  0.19   0.37   0.02   0.87     45      9      1   
  0.51   0.45   0.13   0.07     39      6      1   
  0.59   0.03   0.90   0.22      4      4      1   
  0.30   0.79   0.92   0.15      8      8      1   
  0.66   0.60   0.26   0.42      4      4      1   
  0.11   0.02   0.24   0.46      4      4      1   
  0.06   0.10   0.16   0.94     18     11      1   
  0.42   0.46   0.27   0.53      2      2      1   
  0.24   0.46   0.44   0.44      2      2      1   
  0.02   0.87   0.63   0.94      6      6      1   
  0.12   0.18   0.81   0.17     15      8      1   
  0.39   0.94   0.69   0.91      3      3      1   
  0.75   0.77   0.66   0.60      2      2      1   
  0.67   0.25   0.57   0.72      5      5      1   
  0.49   0.36   0.14   0.06     40      6      1   
  0.31   0.79   0.06   0.21     20      8      1   
  0.52   0.95   0.65   0.44      5      5      1   
  0.13   0.29   0.01   0.46      2      2      1   
  0.05   0.26   0.11   0.12      2      2      1   
  0.00   0.85   0.45   0.24      9      9      1   
  0.43   0.01   0.73   0.12      3      3      1   
  0.95   0.89   0.13   0.57      8      8      1   
  0.69   0.61   0.87   0.91      4      4      1   
  0.53   0.21   0.17   0.14     20      6      1   
  0.48   0.23   0.07   0.52      6      6      1   
  0.86   0.82   0.20   0.17      9      9      1   
  0.75   0.30   0.09   0.26     11      7      1   
  0.57   0.81   0.12   0.80      4      4      1   
  1.00   0.92   0.61   0.12     10      9      1   
  0.75   0.83   0.63   0.26      6      6      1   
  0.17   0.38   0.52   0.95      7      7      1   
  0.81   0.05   0.49   0.89      9      8      1   
  0.54   0.69   0.68   0.77      2      2      1   
  0.82   0.78   0.53   0.64      4      4      1   
  0.06   0.21   0.48   0.53      5      5      1   
  0.14   0.53   0.17   0.38      2      2      1   
  0.63   0.08   0.75   0.03      1      1      1   
  0.63   0.08   0.92   0.11      3      3      1   
  0.66   0.88   0.86   0.26      7      7      1   
  0.16   0.13   0.11   0.84     32     10      1   
  0.74   0.25   0.57   0.72      5      5      1   
  0.10   0.11   0.52   0.17     23      7      1   
  0.60   0.42   0.16   0.26      5      5      1   
  0.62   0.46   0.62   0.43      1      1      1   
  0.50   0.11   0.09   0.14     25      8      1   
  0.58   0.39   0.20   0.48      4      4      1   
  0.68   0.77   0.70   0.45      3      3      1   
  0.46   0.40   0.05   0.14      6      5      1   
  0.79   0.99   0.62   0.43      5      5      1   
  0.48   0.23   0.66   0.08      2      2      1   
  0.47   0.29   0.75   0.83      6      6      1   
  0.38   0.55   0.03   0.08      6      6      1   
  0.04   0.46   0.13   0.29      2      2      1   
  0.96   0.02   0.31   0.79     10      9      1   
  0.43   0.65   0.09   0.01      7      7      1   
  0.63   0.38   0.59   0.03      3      3      1   
  0.31   0.79   0.92   0.86      6      6      1   
  0.98   0.09   0.96   0.08      1      1      1   
  0.62   0.44   0.75   0.83      4      4      1   
  0.84   0.04   0.11   0.02     65     10      1   
  0.31   0.79   0.43   0.76      1      1      1   
  0.76   0.09   0.96   0.26      3      3      1   
  0.73   0.25   0.26   0.42      5      5      1   
  0.50   0.47   0.87   0.91      5      5      1   
  0.66   0.88   0.50   0.27      6      6      1   
  0.99   0.01   0.12   0.15     20     10      1   
  0.13   0.07   0.00   0.93     34     12      1   
  1.00   0.92   0.34   0.98      7      7      1   
  0.96   0.01   0.51   0.45      6      6      1   
  0.78   0.92   0.07   0.82      7      7      1   
  0.51   0.07   0.24   0.87      8      8      1   
  0.11   0.20   0.16   0.94     17     10      1   
  0.52   0.70   0.79   0.09      7      6      1   
  0.61   0.07   0.16   0.98      9      9      1   
  0.92   0.11   0.05   0.36      9      9      1   
  0.86   0.95   0.46   0.78      4      4      1   
  0.45   0.48   0.07   0.52      4      4      1   
  0.18   0.27   1.00   0.09     23      9      1   
  0.80   0.13   0.19   0.37      6      6      1   
  0.73   0.00   0.01   0.28     10      8      1   
  0.93   0.24   0.16   0.99     11     10      1   
  0.42   0.86   0.04   0.27     20      7      1   
  0.56   0.05   0.20   0.28      7      6      1   
  0.13   0.29   0.50   0.74      6      6      1   
  0.11   0.19   0.76   0.09     21      8      1   
  0.23   0.42   0.58   0.56      4      4      1   
  0.61   0.00   0.94   0.23      4      4      1   
  0.87   0.10   0.92   0.76     10      9      1   
  0.48   0.54   0.77   1.00      5      5      1   
  0.11   0.20   0.77   0.25      9      8      1   
  0.41   0.36   0.48   0.11      3      3      1   
  0.06   0.10   0.96   0.83     12     11      1   
  0.27   0.99   0.41   0.07     10      9      1   
  0.57   0.24   0.43   0.44      3      3      1   
  0.74   0.87   0.49   0.89      3      3      1   
  0.10   0.11   0.12   0.01      1      1      1   
  0.11   0.02   0.09   0.08      1      1      1   
  0.61   0.12   0.05   0.36     10      7      1   
  0.67   0.56   0.01   0.46      6      6      1   
  0.59   0.68   0.42   0.54      2      2      1   
  0.05   0.41   0.85   0.23      8      8      1   
  0.92   0.88   0.02   0.08     11     11      1   
  0.48   0.15   0.98   0.29      5      5      1   
  0.73   0.12   0.13   0.83     38     10      1   
  0.10   0.11   0.77   0.98     11     11      1   
  0.06   0.21   0.70   0.05     21      8      1   
  0.96   0.26   0.42   0.03      6      6      1   
  0.79   0.28   0.11   0.49      7      7      1   
  0.11   0.53   0.02   0.32      3      3      1   
  0.19   0.51   0.44   0.35      3      3      1   
  0.00   0.93   0.19   0.98      2      2      1   
  0.10   0.85   0.46   0.40      6      6      1   
  0.14   0.06   0.47   0.97     10     10      1   
  0.06   0.21   0.17   0.34      2      2      1   
  0.61   0.93   0.44   0.53      4      4      1   
  0.81   0.79   0.02   0.25      9      9      1   
  0.84   0.30   0.11   0.87     39      9      1   
  0.54   0.17   0.45   0.09      1      1      1   
  0.01   0.46   0.05   0.26      2      2      1   
  0.09   0.77   0.52   0.39      7      7      1   
  0.01   0.88   0.47   0.61      6      6      1   
  0.12   0.80   0.58   0.39      7      7      1   
  0.24   0.48   0.75   0.82      6      6      1   
  0.61   0.24   0.54   0.17      1      1      1   
  0.49   0.83   0.22   0.27      7      7      1   
  0.99   0.29   0.43   0.44      6      6      1   
  0.76   0.09   0.00   0.52     12      8      1   
  0.99   0.29   0.78   0.24      2      2      1   
  0.10   0.11   0.19   0.98     14     11      1   
  0.55   0.04   0.43   0.01      2      2      1   
  0.11   0.84   0.22   0.98      2      2      1   
  0.95   0.89   0.65   0.44      5      5      1   
  0.84   0.76   0.63   0.26      6      6      1   
  0.40   0.42   0.41   0.07      4      4      1   
  0.61   0.21   0.17   0.38      5      5      1   
  0.09   0.95   0.07   0.82      2      2      1   
  0.44   0.35   0.98   0.28      5      5      1   
  0.98   0.28   0.53   0.22      4      4      1   
  0.60   0.17   0.03   0.88     39     10      1   
  0.12   0.18   0.97   0.17     18     10      1   
  0.86   0.98   0.50   0.11      9      8      1   
  0.69   0.61   0.00   0.85      7      7      1   
  0.55   0.23   0.31   0.79      6      6      1   
  0.76   0.09   0.55   0.58      5      5      1   
  0.94   0.84   0.13   0.07     11     11      1   
  0.05   0.41   0.86   0.82      9      9      1   
  0.27   0.99   0.25   0.89      1      1      1   
  0.49   0.36   0.87   0.91      7      6      1   
  0.46   0.97   0.12   0.27     21      8      1   
  0.79   0.28   0.06   0.98     33     10      1   
  0.01   0.88   0.69   0.17     10     10      1   
  0.15   0.78   0.51   0.21      8      8      1   
  0.52   0.95   0.49   0.89      1      1      1   
  0.87   0.91   0.78   0.04     12      9      1   
  0.72   0.13   0.09   0.35      8      7      1   
  0.10   0.85   0.23   0.48     11      7      1   
  0.12   0.18   0.62   0.26      7      6      1   
  0.14   0.53   0.63   0.58      5      5      1   
  0.40   0.42   0.37   0.49      1      1      1   
  0.57   0.81   0.40   0.21      6      6      1   
  0.59   0.67   0.36   0.43      3      3      1   
  0.59   0.03   0.23   0.48      6      5      1   
  0.17   0.38   0.67   0.56      5      5      1   
  0.16   0.26   0.60   0.17     10      6      1   
  0.13   0.83   0.86   0.77      7      7      1   
  0.78   0.23   0.48   0.72      5      5      1   
  0.02   0.32   0.23   0.42      2      2      1   
  0.05   0.16   0.45   0.48      5      5      1   
  0.42   0.03   0.11   0.20     15      7      1   
  0.46   0.40   0.10   1.00     21      7      1   
  0.74   0.25   0.78   0.24      1      1      1   
  0.54   0.69   0.66   0.08      6      6      1   
  0.98   0.09   0.06   0.21     21     10      1   
  0.66   0.89   0.01   0.22      9      9      1   
  0.85   0.04   0.09   0.04     86     10      1   
  0.02   0.36   0.85   0.04     33      9      1   
  0.53   0.75   0.50   0.03      6      6      1   
  0.03   0.24   0.14   0.99     35     10      1   
  0.44   0.69   0.10   0.28      6      6      1   
  0.15   0.19   0.32   0.55      4      4      1   
  0.49   0.08   0.34   0.98      9      9      1   
  0.01   0.11   0.56   0.16     14      7      1   
  0.84   0.30   0.43   0.10      4      4      1   
  0.03   0.01   0.22   0.55      5      5      1   
  0.06   0.32   0.03   0.88     29     10      1   
  0.25   0.95   0.28   0.81      2      2      1   
  0.57   0.27   0.63   0.64      4      4      1   
  0.19   0.98   0.19   0.37     23      8      1   
  0.86   0.98   0.11   0.84      7      7      1   
  0.18   0.85   0.49   0.84      3      3      1   
  0.43   0.44   0.48   0.23      2      2      1   
  0.51   0.62   0.32   0.55      2      2      1   
  0.88   0.18   0.56   0.16      3      3      1   
  0.68   0.42   0.01   0.22      7      7      1   
  0.87   0.10   0.06   0.95     34     10      1   
  0.86   0.95   0.09   0.08     11     11      1   
  0.61   0.00   0.93   0.24      4      4      1   
  0.44   0.53   0.43   0.78      2      2      1   
  0.67   0.56   0.75   0.82      3      3      1   
  0.16   0.19   0.52   0.39      5      5      1   
  0.31   0.79   0.89   0.84      5      5      1   
  0.11   0.92   0.54   0.17     10      9      1   
  0.13   0.57   0.69   0.24      6      6      1   
  0.48   0.15   0.05   0.36      7      6      1   
  0.96   0.26   0.31   0.85      9      9      1   
  0.52   0.18   0.61   0.12      1      1      1   
  0.83   0.13   0.88   0.96      9      9      1   
  0.54   0.85   0.69   0.61      3      3      1   
  0.20   0.28   0.15   0.44      2      2      1   
  0.27   0.87   0.02   0.42     39      8      1   
  0.23   0.99   0.05   0.36     26      9      1   
  0.84   0.76   0.23   0.99      7      6      1   
  0.85   0.23   0.06   0.52      8      8      1   
  0.62   0.43   0.99   0.29      4      4      1   
  1.00   0.05   0.73   0.00      3      3      1   
  0.22   0.03   0.93   0.95     13     12      1   
  0.27   0.99   0.70   0.05     10     10      1   
  0.83   0.30   0.78   0.92      8      7      1   
  0.43   0.66   0.70   0.68      3      3      1   
  0.80   0.21   0.41   0.78      6      6      1   
  0.50   0.87   0.52   0.70      2      2      1   
  0.62   0.44   0.36   0.97      6      6      1   
  0.12   0.05   0.60   0.42      8      7      1   
  0.13   0.03   0.98   0.09     19     11      1   
  0.04   0.10   0.48   0.54      6      6      1   
  0.22   0.08   0.71   0.22      8      8      1   
  0.13   0.37   0.90   0.08     29      8      1   
  0.22   0.55   0.94   0.01      8      8      1   
  0.03   0.01   0.06   0.98     39     12      1   
  1.00   0.13   0.61   0.55      6      6      1   
  0.79   0.09   0.90   0.26      2      2      1   
  0.50   0.27   0.85   0.23      3      3      1   
  0.49   0.89   0.69   0.91      2      2      1   
  0.22   0.18   0.44   0.69      7      7      1   
  0.29   0.85   0.45   0.05      9      8      1   
  0.40   0.81   0.01   0.47     49      7      1   
  0.33   0.47   0.59   0.07      4      4      1   
  0.67   0.15   0.63   0.43      3      3      1   
  0.45   0.09   0.49   0.83      7      7      1   
  0.79   0.09   0.27   0.80      9      8      1   
  0.09   0.35   0.04   0.27      1      1      1   
  0.71   0.22   0.73   0.00      2      2      1   
  0.93   0.26   0.11   0.87     40     10      1   
  0.14   0.35   0.91   0.25     13      8      1   
  0.13   0.83   0.41   0.78      3      3      1   
  0.85   0.23   0.10   0.28     11      7      1   
  0.03   0.08   0.96   0.02     21     11      1   
  0.05   0.41   0.28   0.95      8      8      1   
  0.17   0.24   0.63   0.60      7      6      1   
  0.69   0.24   0.61   0.00      3      3      1   
  0.00   0.85   0.23   0.84      2      2      1   
  0.74   0.95   0.69   0.50      5      5      1   
  0.12   0.18   0.57   0.72      7      7      1   
  0.39   0.94   0.41   0.78      2      2      1   
  0.69   0.61   0.47   0.97      4      4      1   
  0.36   0.80   0.54   0.17      7      7      1   
  0.03   0.19   0.50   0.11     31      7      1   
  0.57   0.27   0.87   0.91      7      7      1   
  0.83   0.30   0.64   0.80      6      6      1   
  0.97   0.96   0.65   0.44      6      6      1   
  0.17   0.38   0.61   0.07     40      6      1   
