  0.58   0.26   0.22   0.55      5      5      1   
  0.04   0.27   0.31   0.43      3      3      1   
  0.15   0.78   0.00   0.65      2      2      1   
  0.44   0.35   0.29   0.58      3      3      1   
  0.19   0.51   0.39   0.63      2      2      1   
  0.78   0.92   0.15   0.65      7      7      1   
  0.39   0.94   0.42   0.86      1      1      1   
  0.03   0.14   0.97   0.17     19     10      1   
  0.54   0.69   0.97   0.17      6      6      1   
  0.90   0.22   0.99   0.71      5      5      1   
  0.06   0.61   0.69   0.50      6      6      1   
  0.17   0.14   0.27   0.59      5      5      1   
  0.43   0.44   0.54   0.85      4      4      1   
  0.77   0.47   0.45   0.48      3      3      1   
  0.69   0.17   0.63   0.60      4      4      1   
  0.43   0.78   0.81   0.17      7      7      1   
  0.45   0.80   0.04   0.27      6      6      1   
  0.12   0.18   0.94   0.65     10     10      1   
  0.57   0.16   0.61   0.24      1      1      1   
  0.38   0.55   1.00   0.87      7      7      1   
  0.18   0.27   0.75   0.30      8      7      1   
  0.57   0.72   0.83   0.96      3      3      1   
  0.15   0.65   0.19   0.99      3      3      1   
  0.51   0.77   0.84   0.75      3      3      1   
  0.92   0.15   0.03   0.01     35     11      1   
  0.62   0.81   0.64   0.92      1      1      1   
  0.01   0.11   0.94   0.84     11     11      1   
  0.37   0.56   0.67   0.15      5      5      1   
  0.18   0.09   0.00   0.29      3      3      1   
  0.17   0.24   0.13   0.57      3      3      1   
  0.22   0.55   0.27   0.53      1      1      1   
  0.86   0.98   0.18   0.92      7      7      1   
  0.27   0.59   0.40   0.42      3      3      1   
  0.64   0.55   0.03   0.14      8      7      1   
  0.11   0.12   0.15   0.78      6      6      1   
  0.10   0.11   0.98   0.09     20     11      1   
  0.38   0.55   0.36   0.80      3      3      1   
  0.43   0.66   0.17   0.14      6      6      1   
  0.86   0.38   0.57   0.81      5      5      1   
  0.11   0.12   0.70   0.45      8      7      1   
  0.11   0.12   0.03   0.86      7      7      1   
  0.36   0.80   0.60   0.17      7      7      1   
  0.80   0.72   0.64   0.49      3      3      1   
  0.52   0.18   0.64   0.79      6      6      1   
  0.83   0.61   0.23   0.48      6      6      1   
  0.83   0.61   0.15   0.19      9      9      1   
  0.04   0.10   0.12   0.27      2      2      1   
  0.26   0.42   0.88   0.17      7      7      1   
  0.65   0.51   0.24   0.87      6      5      1   
  0.32   0.83   0.58   0.56      4      4      1   
  0.81   0.17   0.60   0.42      3      3      1   
  0.84   0.98   0.44   0.66      5      5      1   
  0.38   0.94   0.49   0.89      1      1      1   
  0.20   0.13   0.64   0.79      9      8      1   
  0.11   0.32   0.00   0.52      2      2      1   
  0.92   0.15   0.05   0.36      9      9      1   
  0.78   0.04   0.71   0.22      2      2      1   
  0.10   0.11   0.76   0.05     30      9      1   
  0.24   0.46   0.87   0.91      7      7      1   
  0.10   1.00   0.74   0.64      7      7      1   
  0.46   0.25   0.18   0.09     81      6      1   
  0.62   0.95   0.77   1.00      2      2      1   
  0.50   0.47   0.74   0.38      3      3      1   
  0.66   0.89   0.90   0.64      3      3      1   
  0.03   0.24   0.65   0.24     12      7      1   
  0.09   0.16   0.32   0.79      6      6      1   
  0.40   0.42   0.63   0.58      3      3      1   
  0.93   0.59   0.83   0.67      2      2      1   
  0.75   0.66   0.27   0.87      5      5      1   
  0.49   0.50   0.79   0.28      4      4      1   
  0.22   0.55   0.11   0.87      3      3      1   
  0.47   0.01   0.71   0.39      5      5      1   
  0.93   0.04   0.27   0.64      9      8      1   
  0.19   0.20   0.46   0.97      8      8      1   
  0.36   0.43   0.44   0.66      2      2      1   
  0.06   0.98   0.10   1.00      1      1      1   
  0.89   0.75   0.00   0.52      8      8      1   
  0.83   0.59   0.94   0.65      1      1      1   
  0.41   0.36   0.97   0.99      8      8      1   
  0.62   0.95   0.61   0.07      9      9      1   
  0.25   1.00   0.19   0.37      6      6      1   
  0.39   0.94   0.87   0.91      5      5      1   
  0.92   0.11   0.85   0.49      4      4      1   
  0.92   0.11   0.72   0.51      4      4      1   
  0.16   0.94   0.51   0.62      4      4      1   
  0.02   0.08   0.51   0.01     33      9      1   
  0.58   0.56   0.86   0.26      4      4      1   
  0.40   0.81   0.03   0.88      4      4      1   
  0.71   0.22   0.72   0.13      1      1      1   
  0.45   0.08   0.48   0.41      3      3      1   
  0.70   0.05   0.59   0.67      6      6      1   
  0.24   0.48   0.71   0.39      5      5      1   
  0.61   0.00   0.51   0.77      7      7      1   
  0.22   0.27   0.20   0.28      1      1      1   
  0.76   0.09   0.04   0.10     21      9      1   
  0.83   0.47   0.29   0.58      5      5      1   
  0.72   0.51   1.00   0.92      5      5      1   
  0.87   0.38   0.47   0.29      5      4      1   
  0.22   0.03   0.60   0.42      8      7      1   
  0.93   0.59   0.53   0.21      5      5      1   
  0.53   0.75   0.27   0.59      3      3      1   
  0.55   0.50   0.51   0.01      5      5      1   
  0.88   0.99   0.13   0.57      8      8      1   
  0.74   0.95   0.50   0.11      9      8      1   
  0.88   0.99   0.12   0.05     12     12      1   
  0.64   0.49   0.82   0.64      2      2      1   
  0.31   0.42   0.22   0.27      2      2      1   
  0.90   0.22   0.26   0.56      7      7      1   
  0.90   0.64   0.12   0.57      8      8      1   
  0.10   0.74   0.82   0.97      7      7      1   
  0.43   0.92   0.22   0.18      8      8      1   
  0.92   0.11   0.29   0.65      8      8      1   
  0.48   0.54   0.75   0.83      4      4      1   
  0.12   0.15   0.64   0.55      8      7      1   
  0.81   0.17   0.65   0.95      7      7      1   
  0.63   0.65   0.86   0.98      5      5      1   
  0.10   0.69   0.60   0.42      6      6      1   
  0.99   0.29   0.25   0.74      9      9      1   
  0.48   0.41   0.13   0.29      4      4      1   
  0.52   0.70   0.93   0.58      4      4      1   
  0.88   0.68   0.42   0.46      5      5      1   
  0.47   0.26   0.18   0.84      6      6      1   
  0.71   0.14   0.93   0.04      2      2      1   
  0.93   0.04   0.22   0.55      9      8      1   
  0.40   0.73   0.59   0.65      2      2      1   
  0.88   0.99   0.25   0.95      6      6      1   
  0.21   0.70   0.92   0.84      7      7      1   
  0.79   0.28   0.61   0.12      3      3      1   
  0.78   0.24   0.01   0.88     11     10      1   
  0.64   0.55   0.55   0.76      2      2      1   
  0.02   0.36   0.06   0.52      2      2      1   
  0.20   0.17   0.57   0.24      6      6      1   
  0.46   0.13   0.93   0.60      7      6      1   
  0.93   0.59   0.40   0.21      7      6      1   
  0.90   0.64   0.64   0.80      3      3      1   
  0.63   0.64   0.03   0.01      8      8      1   
  0.02   0.32   0.06   0.32      1      1      1   
  0.47   0.26   0.06   0.21      9      5      1   
  0.22   0.27   0.02   0.57      3      3      1   
  0.87   0.38   0.85   0.23      2      2      1   
  0.93   0.04   0.10   0.69     10      9      1   
  0.51   0.62   0.18   0.53      3      3      1   
  0.11   0.19   0.15   0.94      7      7      1   
  0.45   0.08   0.14   0.56      6      6      1   
  0.81   0.20   0.61   0.12      2      2      1   
  0.88   0.45   0.11   0.49      7      7      1   
  0.98   0.29   0.58   0.26      4      4      1   
  0.86   0.26   0.18   0.09     81      9      1   
  0.55   0.23   0.61   0.93      7      7      1   
  0.12   0.76   0.15   0.78      1      1      1   
  0.70   0.11   0.46   0.78      7      7      1   
  0.14   0.56   0.15   0.65      1      1      1   
  0.69   0.38   0.06   0.98      9      8      1   
  0.18   0.92   0.06   0.21      7      7      1   
  0.22   0.55   0.27   0.99      4      4      1   
  0.25   1.00   0.79   0.09     11     10      1   
  0.40   0.63   0.75   0.87      4      4      1   
  0.44   0.41   0.50   0.03      4      4      1   
  0.93   0.60   0.50   0.27      6      5      1   
  0.11   0.12   0.05   0.14      1      1      1   
  1.00   0.92   0.90   0.22      7      7      1   
  0.44   0.35   0.52   0.70      4      4      1   
  0.90   0.76   0.83   0.27      5      5      1   
  0.80   0.72   0.45   0.24      7      6      1   
  0.63   0.60   0.01   0.47      6      6      1   
  0.44   0.35   0.01   0.37      4      4      1   
  0.27   0.87   0.11   0.84      2      2      1   
  0.09   0.77   0.25   0.74      2      2      1   
  0.19   0.99   0.18   0.53      4      4      1   
  0.72   0.40   0.31   0.43      4      4      1   
  0.56   0.16   0.67   0.25      2      2      1   
  0.55   0.76   0.99   0.71      4      4      1   
  0.71   0.39   0.42   0.03      5      5      1   
  0.83   0.67   0.72   0.13      5      5      1   
  0.40   0.56   0.53   0.75      2      2      1   
  0.10   0.74   0.38   0.94      3      3      1   
  0.16   0.19   0.03   0.08      2      2      1   
  0.49   0.89   0.61   0.21      7      7      1   
  0.75   0.87   0.64   0.80      2      2      1   
  0.09   0.04   0.87   0.97     13     12      1   
  0.11   0.53   0.88   0.18      8      8      1   
  0.79   0.09   0.05   0.26     13      8      1   
  0.45   0.24   0.74   0.87      6      6      1   
  0.69   0.17   0.07   0.52      7      7      1   
  0.75   0.87   0.11   0.84      6      6      1   
  0.56   0.20   0.90   0.89      8      8      1   
  0.39   0.63   0.20   0.13      6      6      1   
  0.76   0.09   0.05   0.14     19      9      1   
  0.66   0.17   0.17   0.24     10      7      1   
  0.03   0.08   0.11   0.66      6      5      1   
  0.47   0.61   0.38   0.65      1      1      1   
  0.74   0.64   0.05   0.26      7      7      1   
  0.89   0.84   0.11   0.84      7      7      1   
  0.12   0.27   0.47   0.29      5      4      1   
  0.99   0.49   0.97   0.45      1      1      1   
  0.03   0.08   0.12   0.01      1      1      1   
  0.54   0.69   0.70   0.11      6      6      1   
  0.12   0.01   0.17   0.14      2      2      1   
  0.67   0.56   0.88   0.17      5      5      1   
  0.81   0.79   0.48   0.54      4      4      1   
  0.87   0.91   0.01   0.37      9      9      1   
  0.93   0.56   0.15   0.94      8      8      1   
  0.99   0.56   0.96   0.08      5      5      1   
  0.31   0.42   0.76   0.05      5      5      1   
  0.20   0.28   0.60   0.42      5      5      1   
  0.13   0.03   0.93   0.33     12     10      1   
  0.24   0.48   0.08   0.60      2      2      1   
  0.83   0.96   0.44   0.02     10      9      1   
  0.11   0.32   0.01   0.47      2      2      1   
  0.51   0.19   0.49   0.08      1      1      1   
  0.13   0.29   0.65   0.95      9      9      1   
  1.00   0.09   0.26   0.42      8      8      1   
  0.47   0.01   0.92   0.15      5      5      1   
  0.63   0.43   0.50   0.27      3      3      1   
  0.98   0.09   0.65   0.44      5      5      1   
  0.75   0.76   0.59   0.67      2      2      1   
  0.94   0.01   0.01   0.20     21     11      1   
  0.02   0.18   0.70   0.99     10     10      1   
  0.33   0.68   0.63   0.64      3      3      1   
  0.49   0.08   0.19   0.51      6      6      1   
  0.65   0.51   0.55   0.76      3      3      1   
  0.06   0.32   0.06   0.98      7      6      1   
  0.99   0.01   0.06   0.52     10     10      1   
  0.09   0.01   0.13   0.37      4      4      1   
  0.94   0.10   0.40   0.21      5      5      1   
  0.36   0.43   0.11   0.49      3      3      1   
  1.00   0.05   0.54   0.85      8      8      1   
  0.73   0.32   0.75   0.66      4      4      1   
  0.80   0.74   0.22   0.40      7      7      1   
  0.30   0.74   0.09   0.04      7      7      1   
  0.16   0.65   0.49   0.89      4      4      1   
  0.43   0.76   0.80   0.72      4      4      1   
  0.62   0.95   0.09   0.77      6      6      1   
  0.40   0.65   0.48   0.15      5      5      1   
  0.12   0.05   0.92   0.86     12     11      1   
  0.92   0.76   0.79   0.99      3      3      1   
  0.65   0.24   0.94   0.23      3      3      1   
  0.02   0.32   0.51   0.01     34      8      1   
  0.01   0.81   1.00   0.87     10      9      1   
  0.36   0.43   0.70   0.99      6      6      1   
  0.79   0.47   0.13   0.37      6      6      1   
  0.49   0.50   0.76   0.09      5      5      1   
  0.13   0.57   0.19   0.37      2      2      1   
  0.61   0.24   0.05   0.26     10      6      1   
  0.43   0.66   0.78   0.92      4      4      1   
  0.17   0.14   0.24   0.65      5      5      1   
  0.24   0.87   0.63   0.58      5      5      1   
  0.90   0.08   0.69   0.91      8      8      1   
  0.64   0.80   0.96   0.45      5      5      1   
  0.43   0.78   0.62   0.43      4      4      1   
  0.44   0.02   0.82   0.78      9      9      1   
  0.65   0.44   0.62   0.10      4      4      1   
  0.54   0.17   0.93   0.33      4      4      1   
  0.86   0.95   0.24   0.87      6      6      1   
  0.60   0.42   0.61   0.00      5      5      1   
  0.40   0.81   0.63   0.64      3      3      1   
  0.84   0.75   0.70   0.11      7      7      1   
  0.11   0.49   0.25   0.74      3      3      1   
  0.18   0.92   0.14   0.56      4      4      1   
  0.38   0.55   0.38   0.74      2      2      1   
  1.00   0.05   0.01   0.47     10     10      1   
  0.26   0.42   0.45   0.08      5      5      1   
  0.83   0.69   0.19   0.51      6      6      1   
  0.93   0.60   0.14   0.06     81     11      1   
  0.01   0.46   0.78   0.23      8      8      1   
  0.97   0.58   0.11   0.66      9      9      1   
  0.27   0.64   0.88   0.18      7      7      1   
  0.99   0.71   0.61   0.00      8      7      1   
  0.01   0.37   0.61   0.24     11      6      1   
  0.47   0.29   0.16   0.94      7      7      1   
  0.72   0.40   0.65   0.24      2      2      1   
  0.71   0.22   0.51   0.01      3      3      1   
  0.62   0.43   0.03   0.01      8      8      1   
  0.98   0.29   0.06   0.21     13      9      1   
  0.30   0.74   0.38   0.65      1      1      1   
  0.11   0.45   0.15   0.94      5      5      1   
  0.12   0.18   0.49   0.89      8      8      1   
  0.97   0.45   0.62   0.43      4      4      1   
  0.10   0.74   0.48   0.53      4      4      1   
  0.45   0.24   0.27   0.64      4      4      1   
  0.09   0.01   0.52   0.18     13      8      1   
  0.51   0.77   0.62   0.43      4      3      1   
  0.61   0.00   0.00   0.57      9      8      1   
  0.82   0.40   0.86   0.38      1      1      1   
  0.04   0.10   0.09   0.16      1      1      1   
  0.16   0.13   0.06   0.95      8      8      1   
  0.76   0.05   0.30   0.74      8      8      1   
  0.65   0.24   0.86   0.38      3      3      1   
  0.74   0.95   0.66   0.60      4      4      1   
  0.45   0.63   0.02   0.25      6      6      1   
  0.61   0.64   0.65   0.44      2      2      1   
  0.90   0.64   0.80   0.74      2      2      1   
  0.00   0.52   0.95   0.26     10      9      1   
  0.01   0.22   0.85   0.01     23      9      1   
  0.00   0.15   0.41   0.07     45      8      1   
  0.11   0.32   0.74   0.64      7      7      1   
  0.11   0.02   0.84   0.30     11     10      1   
  0.79   0.99   0.09   0.16     10     10      1   
  0.50   0.87   0.16   0.70      4      4      1   
  0.93   0.58   0.70   0.05      6      6      1   
  0.85   0.01   0.85   0.23      2      2      1   
  0.74   0.95   0.88   0.68      3      3      1   
  0.62   0.95   0.90   0.89      3      3      1   
  0.41   0.36   0.82   0.97      7      7      1   
  0.48   0.23   0.61   0.12      2      2      1   
  0.61   0.64   0.08   0.60      5      5      1   
  0.73   0.00   0.20   0.13     71      9      1   
  0.99   0.34   0.59   0.67      5      5      1   
  0.70   0.11   0.34   0.58      6      6      1   
  0.05   0.41   0.49   0.89      6      6      1   
  0.43   0.44   0.18   0.84      4      4      1   
  0.89   0.47   0.03   0.08     10     10      1   
  0.29   0.58   0.89   0.47      6      6      1   
  0.73   0.00   0.71   0.22      2      2      1   
  0.26   0.42   0.10   0.74      3      3      1   
  0.77   0.47   0.15   0.19      8      8      1   
  0.90   0.89   0.59   0.03      9      9      1   
  0.05   0.36   0.47   0.02     33      7      1   
  0.13   0.57   0.19   0.43      2      2      1   
  0.43   0.01   0.19   0.99     11     10      1   
  0.79   0.44   0.18   0.81      7      6      1   
  0.12   0.05   0.23   0.42      4      4      1   
  0.25   1.00   0.62   0.10      9      9      1   
  0.03   0.26   0.08   0.60      4      4      1   
  0.85   0.01   0.56   0.20      3      3      1   
  0.51   0.01   0.85   0.01      3      3      1   
  0.90   0.26   0.66   0.17      3      3      1   
  0.36   0.97   0.65   0.95      4      4      1   
  0.85   0.49   0.64   0.79      4      4      1   
  0.82   0.40   0.46   0.40      4      4      1   
  0.76   0.09   0.42   0.46      5      5      1   
  0.94   0.01   0.71   0.59      6      6      1   
  0.75   0.82   1.00   0.05      7      7      1   
  0.06   0.21   0.57   0.24      7      6      1   
  0.76   0.05   0.49   0.89      8      8      1   
  0.83   0.61   0.36   0.97      6      6      1   
  0.66   0.89   0.05   0.26      8      8      1   
  0.24   0.67   0.11   0.12      5      5      1   
  0.75   0.96   0.35   0.66      5      5      1   
  0.88   0.99   0.23   0.42      8      8      1   
  0.66   0.89   0.83   0.69      3      3      1   
  0.96   0.69   0.00   0.85      9      9      1   
  0.46   0.13   0.41   1.00      8      8      1   
  0.88   0.18   0.66   0.60      4      4      1   
  0.00   0.15   0.44   0.66      6      6      1   
  0.63   0.60   0.93   0.58      3      3      1   
  0.43   0.76   0.01   0.20      7      7      1   
  0.64   0.80   0.93   0.33      6      6      1   
  0.77   0.25   0.28   0.81      7      7      1   
  0.63   0.65   1.00   0.92      4      4      1   
  0.61   0.00   0.05   0.41      9      8      1   
  0.30   0.74   0.35   0.66      1      1      1   
  0.01   0.20   0.06   0.52      3      3      1   
  0.87   0.97   0.96   0.02      9      9      1   
  0.94   0.84   0.52   0.18      8      8      1   
  0.99   0.34   0.48   0.53      6      6      1   
  0.13   0.07   0.83   0.59     10     10      1   
  0.43   0.76   0.46   0.40      4      4      1   
  0.46   0.40   0.80   0.22      5      4      1   
  0.14   0.53   0.47   0.26      4      4      1   
  0.77   1.00   0.98   0.28      7      7      1   
  0.11   0.32   0.94   0.10     25      9      1   
  0.66   0.89   0.39   0.63      4      4      1   
  0.74   0.38   0.40   0.63      4      4      1   
  0.32   0.79   0.83   0.96      5      5      1   
  0.16   0.94   0.45   0.63      4      4      1   
  0.83   0.30   0.06   0.52      8      8      1   
  0.14   0.56   0.49   0.50      3      3      1   
  0.22   0.03   0.50   0.15     22      8      1   
  0.65   0.44   0.48   0.23      4      3      1   
  0.62   0.43   0.96   0.35      4      4      1   
  0.09   0.26   0.53   0.22     10      6      1   
  0.73   0.12   0.13   0.07     76      9      1   
  0.93   0.95   0.76   0.67      3      3      1   
  0.01   0.11   0.45   0.48      6      6      1   
  0.54   0.10   0.80   0.13      3      3      1   
  0.24   0.67   0.67   0.15      6      6      1   
  0.46   0.40   0.03   0.14      6      5      1   
  0.10   0.49   0.92   0.84      8      8      1   
  0.48   0.54   0.46   0.40      2      2      1   
  0.75   0.87   0.76   0.40      4      4      1   
  0.40   0.21   0.77   0.25      3      3      1   
  0.02   0.18   0.48   0.11     21      8      1   
  0.71   0.39   0.15   0.44      5      5      1   
  0.62   0.10   0.81   0.79      8      7      1   
  0.50   0.15   0.88   0.17      4      4      1   
  0.14   0.35   0.73   0.25     11      6      1   
  0.62   0.43   0.71   0.22      3      3      1   
  0.14   0.06   0.37   0.49      5      5      1   
  0.41   0.36   0.12   0.05     45      5      1   
  0.78   0.92   0.26   0.42      7      7      1   
  0.96   0.35   0.24   0.46      7      7      1   
  0.97   0.99   0.98   0.09      9      9      1   
  0.62   0.43   0.39   0.94      5      5      1   
  0.55   0.15   0.87   0.38      4      4      1   
  0.51   0.77   0.65   0.24      6      6      1   
  0.97   0.99   0.94   0.23      7      7      1   
  0.87   0.38   0.80   0.22      2      2      1   
  0.28   0.81   0.38   0.55      3      3      1   
  0.99   0.29   0.99   0.49      3      3      1   
  0.50   0.15   0.16   0.94      8      8      1   
  0.20   0.17   0.46   0.20     12      6      1   
  0.94   0.93   0.24   0.87      7      7      1   
  0.11   0.66   0.85   0.01      9      9      1   
  0.06   0.98   0.76   0.09     11     11      1   
  0.18   0.09   0.93   0.58     11     11      1   
  0.83   0.61   0.30   0.74      5      5      1   
  0.44   0.53   0.90   0.89      6      6      1   
  0.64   0.80   0.46   0.13      7      7      1   
  0.30   0.74   0.83   0.47      5      5      1   
  0.90   0.26   0.61   0.12      3      3      1   
  0.11   0.19   0.90   0.76      9      9      1   
  0.55   0.23   0.54   0.85      6      6      1   
  0.83   0.61   0.79   0.28      3      3      1   
  0.23   0.99   0.60   0.17      9      9      1   
  0.57   0.81   0.46   0.97      2      2      1   
  0.89   0.75   0.64   0.80      3      3      1   
  0.12   0.27   0.47   0.29      5      4      1   
  0.01   0.88   0.39   0.63      5      5      1   
  0.02   0.36   0.53   0.75      6      6      1   
  0.37   0.49   0.66   0.17      4      4      1   
  0.36   0.97   0.40   0.81      2      2      1   
  0.96   0.02   0.60   0.17      4      4      1   
  0.44   0.02   0.46   0.25      2      2      1   
  0.62   0.43   0.19   0.43      4      4      1   
  0.32   0.79   0.33   0.68      1      1      1   
  0.39   0.94   0.86   0.38      8      7      1   
  0.64   0.80   0.31   0.42      5      5      1   
  0.44   0.53   0.37   0.49      1      1      1   
  0.46   0.78   0.32   0.79      2      2      1   
  0.77   0.25   0.99   0.49      3      3      1   
  0.67   0.15   0.88   0.68      5      5      1   
  0.63   0.65   0.06   0.98      6      6      1   
  0.12   0.76   0.42   0.86      4      4      1   
  0.20   0.17   0.71   0.14     16      7      1   
  0.73   0.00   0.97   0.56      6      6      1   
  0.06   0.95   0.29   0.65      4      4      1   
  0.62   0.10   0.11   0.19     16      7      1   
  0.30   0.79   0.29   0.85      1      1      1   
  0.99   0.34   0.55   0.23      4      4      1   
  0.03   0.01   0.27   0.87      8      8      1   
  0.95   0.26   0.72   0.51      3      3      1   
  0.53   0.75   0.35   0.66      2      2      1   
  0.05   0.16   0.26   0.56      4      4      1   
  0.10   0.74   0.48   0.41      5      5      1   
  0.36   0.97   0.41   0.07      9      9      1   
  0.95   0.26   0.41   0.07      5      5      1   
  0.96   0.02   0.49   0.89      9      9      1   
  0.19   0.98   0.40   0.81      3      3      1   
  0.85   0.23   0.75   0.66      5      5      1   
  0.49   0.08   0.83   0.69      7      7      1   
  0.56   0.16   0.02   0.32      6      6      1   
  0.19   0.99   0.92   0.86      8      8      1   
  0.10   0.11   0.12   0.15      1      1      1   
  0.32   0.79   0.19   0.51      3      3      1   
  0.80   0.72   0.25   0.57      6      6      1   
  0.80   0.41   0.73   0.25      2      2      1   
  0.84   0.30   0.30   0.79      7      7      1   
  0.01   0.81   0.99   0.49     10     10      1   
  0.15   0.87   0.25   0.57      3      3      1   
  0.35   0.66   0.03   0.86      4      4      1   
  0.96   0.35   0.03   0.08     26     10      1   
  0.79   0.71   0.41   0.36      5      5      1   
  0.22   0.55   0.13   0.83      3      3      1   
  0.72   0.51   0.89   0.75      3      3      1   
  0.34   0.98   0.83   0.79      6      6      1   
  0.64   0.80   0.40   0.81      3      3      1   
  0.20   0.13   0.62   0.26      7      7      1   
  0.11   0.49   0.70   0.11     29      7      1   
  0.30   0.79   0.67   0.79      4      4      1   
  0.86   0.38   0.10   0.74      8      8      1   
  0.80   0.21   0.34   0.98      9      9      1   
  0.79   0.71   0.92   0.11      6      6      1   
  0.64   0.55   0.71   0.39      2      2      1   
  0.90   0.26   0.99   0.34      1      1      1   
  0.18   0.84   0.00   0.15      7      7      1   
  0.62   0.81   0.11   0.02      9      9      1   
  0.24   0.48   0.48   0.53      3      3      1   
  0.18   0.81   0.15   0.65      2      2      1   
  0.19   0.51   0.64   0.49      5      5      1   
  0.49   0.08   0.01   0.47      8      7      1   
  0.18   0.81   0.32   0.79      2      2      1   
  0.32   0.79   0.22   0.27      5      5      1   
  0.55   0.04   0.03   0.14     19      8      1   
  0.36   0.85   0.03   0.26      7      6      1   
  0.64   0.55   0.03   0.01     46      8      1   
  0.64   0.49   0.36   0.43      3      3      1   
  0.64   0.55   0.43   0.66      3      3      1   
  0.24   0.48   0.00   0.93      5      5      1   
  0.69   0.17   0.40   0.73      7      6      1   
  0.18   0.84   0.01   0.47      4      4      1   
  0.98   0.09   0.46   0.40      6      6      1   
  0.54   0.10   0.71   0.40      4      4      1   
  0.18   0.81   0.76   0.05      9      9      1   
  0.90   0.48   0.99   0.49      1      1      1   
  0.48   0.23   0.69   0.24      2      2      1   
  0.99   0.71   0.75   0.82      3      3      1   
  0.99   0.49   0.71   0.39      3      3      1   
  0.88   0.17   0.43   0.66      7      7      1   
  0.72   0.40   0.70   0.05      4      4      1   
  0.53   0.75   0.98   0.49      5      5      1   
  0.10   0.11   0.68   0.56      8      8      1   
  0.55   0.23   0.93   0.58      5      5      1   
  0.63   0.66   0.57   0.81      2      2      1   
  0.22   0.40   0.11   0.66      3      3      1   
  0.10   1.00   1.00   0.13     11     11      1   
  0.77   1.00   0.06   0.95      7      7      1   
  0.83   0.47   1.00   0.13      4      4      1   
  0.19   0.99   0.99   0.01     12     11      1   
  0.77   0.25   0.12   0.27     10      7      1   
  0.20   0.28   0.30   0.79      5      5      1   
  0.90   0.22   0.73   0.32      2      2      1   
  0.09   0.04   0.19   0.43      4      4      1   
  0.83   0.67   0.55   0.76      3      3      1   
  0.81   0.17   0.07   0.52      8      8      1   
  0.09   0.77   0.71   0.51      6      6      1   
  0.92   0.84   0.73   0.25      6      6      1   
  0.92   0.57   0.14   0.06     51     11      1   
  0.78   0.23   0.83   0.79      6      6      1   
  0.83   0.67   0.42   0.22      7      6      1   
  0.96   0.69   0.14   0.35      8      8      1   
  0.06   0.61   0.31   0.85      4      3      1   
  0.43   0.78   0.46   0.78      1      1      1   
  0.79   0.44   0.40   0.42      4      4      1   
  0.25   0.95   0.19   0.51      5      5      1   
  0.85   0.34   0.72   0.40      2      2      1   
  0.97   0.58   0.49   0.50      5      5      1   
  0.83   0.96   0.20   0.28      9      9      1   
  0.10   1.00   0.22   0.98      1      1      1   
  0.06   0.21   0.88   0.18     13      9      1   
  0.37   0.49   0.75   0.96      6      6      1   
  0.84   0.30   0.87   0.91      6      6      1   
  0.27   0.59   0.45   0.08      6      6      1   
  0.72   0.40   0.46   0.13      4      4      1   
  0.55   0.23   0.46   0.97      7      7      1   
  0.92   0.57   0.43   0.01      7      7      1   
  0.50   0.27   0.55   0.76      5      5      1   
  0.96   0.45   0.43   0.92      7      7      1   
  0.27   0.99   0.69   0.91      4      4      1   
  0.64   0.92   0.98   0.09      9      9      1   
  0.86   0.26   0.87   0.91      6      6      1   
  0.22   0.08   0.01   0.11      2      2      1   
  0.74   0.38   0.67   0.15      2      2      1   
  0.58   0.56   0.84   0.75      3      3      1   
  0.24   0.48   0.74   0.38      6      5      1   
  0.75   0.66   0.61   0.21      5      5      1   
  0.43   0.66   0.94   0.93      5      5      1   
  0.66   0.60   0.85   0.49      2      2      1   
  0.00   0.52   0.58   0.56      6      6      1   
  0.67   0.70   0.76   0.09      6      6      1   
  0.04   0.46   0.42   0.03     45      7      1   
  0.01   0.28   0.34   0.65      5      5      1   
  0.75   0.30   0.87   0.91      6      6      1   
  0.13   0.29   0.03   0.08      2      2      1   
  0.64   0.79   0.88   0.45      5      5      1   
  0.18   0.92   0.10   0.11      8      8      1   
  0.53   0.75   0.74   0.52      3      3      1   
  0.11   0.49   0.13   0.83      4      4      1   
  0.20   0.28   0.36   0.97      7      7      1   
  0.60   0.42   0.53   0.75      3      3      1   
  0.30   0.79   0.14   0.06      7      7      1   
  0.06   0.32   0.46   0.97      7      7      1   
  0.44   0.35   0.43   0.44      1      1      1   
  0.11   0.66   0.60   0.51      5      5      1   
  0.44   0.02   0.53   0.75      7      7      1   
  0.92   0.57   0.64   0.49      3      3      1   
  0.65   0.24   0.46   0.20      2      2      1   
  0.86   0.38   0.48   0.54      4      4      1   
  0.12   0.18   0.87   0.38      9      9      1   
  0.15   0.19   0.85   0.01     31      9      1   
  0.18   0.27   0.80   0.74      8      8      1   
  0.46   0.13   0.24   0.65      5      5      1   
  0.84   0.98   0.96   0.83      2      2      1   
  0.13   0.57   0.32   0.55      2      2      1   
  0.81   0.79   0.96   0.69      2      2      1   
  0.94   0.84   0.66   0.17      7      7      1   
  0.11   0.02   0.24   0.67      6      6      1   
  0.74   0.64   0.70   0.45      2      2      1   
  0.67   0.15   0.43   0.92      8      8      1   
  0.93   0.95   0.75   0.30      7      6      1   
  0.25   0.57   0.90   0.89      7      7      1   
  0.63   0.58   0.76   0.05      5      5      1   
  0.25   0.74   0.69   0.50      5      5      1   
  0.90   0.76   0.29   0.85      6      6      1   
  0.17   0.24   0.03   0.26      2      2      1   
  0.49   0.89   0.41   0.07      8      8      1   
  0.63   0.58   0.15   0.44      5      5      1   
  0.60   0.17   0.01   0.46      8      7      1   
  0.61   0.64   0.74   0.87      3      3      1   
  0.52   0.70   0.57   0.16      6      6      1   
  0.06   0.95   0.74   0.52      8      7      1   
  0.44   0.35   0.02   0.36      4      4      1   
  0.68   0.56   0.55   0.15      4      4      1   
  0.83   0.69   0.37   0.49      5      5      1   
  0.55   0.23   0.07   0.52      6      6      1   
  0.86   0.98   0.83   0.69      3      3      1   
  0.02   0.18   0.14   0.53      4      4      1   
  0.79   0.09   0.02   0.32      8      8      1   
  0.46   0.40   0.93   0.56      6      6      1   
  0.62   0.26   0.04   0.10     27      7      1   
  0.80   0.74   0.22   0.03    105     10      1   
  0.92   0.15   0.11   0.45      8      8      1   
  0.81   0.07   0.02   0.36      8      8      1   
  0.86   0.38   0.24   0.65      6      6      1   
  0.04   0.46   0.43   0.78      5      5      1   
  0.22   0.55   0.39   0.94      4      4      1   
  0.90   0.26   0.21   0.70      8      8      1   
  0.83   0.69   0.15   0.44      7      7      1   
  0.18   0.53   0.75   0.82      6      6      1   
  0.66   0.60   0.07   0.22      7      7      1   
  0.28   0.81   0.05   0.14      7      7      1   
  0.75   0.76   0.42   0.46      4      4      1   
  0.65   0.51   0.49   0.89      4      4      1   
  0.47   0.91   0.01   0.47      6      6      1   
  0.64   0.49   0.73   0.32      2      2      1   
  0.15   0.94   0.34   0.98      2      2      1   
  0.03   0.01   0.53   0.64      8      8      1   
  0.46   0.25   0.83   0.61      5      5      1   
  0.34   0.98   0.62   0.95      4      4      1   
  0.79   0.28   0.71   0.40      2      2      1   
  0.00   0.93   0.25   1.00      3      3      1   
  0.93   0.58   0.53   0.75      5      5      1   
  0.85   0.23   0.88   0.99      7      7      1   
  0.09   0.26   0.90   0.08     20      9      1   
  0.33   0.47   0.74   0.95      6      6      1   
  0.75   0.87   0.42   0.03      8      8      1   
  0.41   1.00   0.10   0.11     10      9      1   
  0.34   0.98   0.09   0.16      8      8      1   
  0.77   0.25   0.38   0.74      6      6      1   
  0.43   0.92   0.01   0.22      8      8      1   
  0.99   0.49   0.43   0.78      6      6      1   
  0.12   0.76   0.11   0.84      1      1      1   
  0.02   0.32   0.27   0.53      3      3      1   
  0.08   0.60   0.28   0.81      3      3      1   
  0.24   0.87   0.43   0.92      2      2      1   
  0.22   0.98   0.04   0.46      5      5      1   
  0.18   0.09   0.12   0.01      1      1      1   
  0.84   0.30   0.06   0.98     10      9      1   
  0.02   0.32   0.16   0.40      2      2      1   
  0.05   0.16   0.75   0.87      9      9      1   
  0.80   0.21   0.11   0.84     10      9      1   
  0.22   0.27   0.11   0.49      2      2      1   
  0.40   0.21   0.19   0.98      8      8      1   
  0.45   0.80   0.73   0.32      6      6      1   
  0.70   0.05   0.36   0.97      9      9      1   
  0.70   0.05   0.66   0.08      1      1      1   
  0.70   0.45   0.11   0.66      6      6      1   
  0.57   0.72   0.72   0.13      6      6      1   
  0.93   0.26   0.01   0.22     13      9      1   
  0.03   0.26   0.97   0.58     10     10      1   
  0.39   0.63   0.90   0.22      6      6      1   
  0.33   0.47   0.19   0.20      4      4      1   
  0.57   0.16   0.85   0.34      3      3      1   
  0.58   0.26   0.46   0.78      5      5      1   
  0.41   0.36   0.98   0.29      5      5      1   
  0.42   0.86   0.77   0.25      6      6      1   
  0.65   0.16   0.18   0.09     42      8      1   
  0.15   0.12   0.88   0.18     16     10      1   
  0.63   0.64   0.88   0.18      5      5      1   
  0.48   0.23   0.92   0.86      7      7      1   
  0.07   0.22   0.12   0.57      4      4      1   
  0.85   0.34   0.45   0.24      4      4      1   
  0.06   0.32   0.40   0.63      4      4      1   
  0.11   0.87   0.49   0.89      4      4      1   
  0.96   0.45   0.40   0.73      6      6      1   
  0.50   0.11   0.16   0.94      8      8      1   
  0.10   0.11   0.27   0.99      8      8      1   
  0.15   0.44   0.04   0.27      2      2      1   
  0.05   0.26   0.40   0.63      5      5      1   
  0.42   0.22   0.74   0.52      5      5      1   
  0.31   0.85   0.27   0.63      2      2      1   
  0.15   0.19   0.12   0.05      2      2      1   
  0.51   0.07   0.06   0.95     10     10      1   
  0.70   0.11   0.94   0.23      3      3      1   
  0.80   0.33   0.63   0.60      3      3      1   
  0.25   0.74   0.49   0.89      3      3      1   
  0.20   0.17   0.54   0.10     19      7      1   
  0.58   0.26   0.17   0.14     26      7      1   
  0.83   0.30   0.50   0.27      3      3      1   
  0.03   0.86   0.81   0.17     10     10      1   
  0.01   0.46   0.25   0.57      3      3      1   
  0.12   0.18   0.51   0.62      6      6      1   
  0.24   0.67   0.87   0.91      6      6      1   
  0.06   0.61   0.10   0.11      5      5      1   
  0.02   0.08   0.07   0.71      6      6      1   
  0.20   0.11   0.53   0.22     12      7      1   
  0.72   0.51   0.18   0.81      6      5      1   
  0.04   0.27   0.55   0.04     29      7      1   
  0.27   0.99   0.13   0.57      4      4      1   
  0.15   0.53   0.75   0.96      7      7      1   
  0.61   0.12   0.78   0.24      2      2      1   
  0.15   0.62   0.09   0.77      2      2      1   
  0.35   0.66   0.50   0.27      4      4      1   
  0.71   0.39   0.10   1.00      8      8      1   
  0.33   0.68   0.43   0.44      3      3      1   
  0.46   0.25   0.50   0.47      2      2      1   
  0.85   0.38   0.47   0.91      6      6      1   
  0.61   0.00   0.39   0.63      6      6      1   
  0.82   0.40   0.79   0.28      1      1      1   
  0.84   0.75   0.75   0.08      7      7      1   
  0.46   0.25   0.15   0.94      7      7      1   
  0.22   0.98   0.19   0.37      6      6      1   
  0.75   0.87   0.64   0.92      1      1      1   
  0.22   0.40   0.46   0.20     17      4      1   
  0.14   0.06   0.51   0.01     32      9      1   
  0.02   0.32   0.05   0.36      1      1      1   
  0.78   0.23   0.83   0.47      3      3      1   
  0.64   0.79   0.08   0.60      5      5      1   
  0.11   0.49   0.75   0.82      6      6      1   
  0.11   0.87   0.61   0.12      9      9      1   
  0.10   0.69   0.92   0.57      8      8      1   
  0.38   0.65   1.00   0.09      8      8      1   
  0.67   0.56   0.49   0.89      4      4      1   
  0.99   0.34   0.76   0.67      4      4      1   
  0.24   0.67   0.25   1.00      3      3      1   
  0.61   0.24   0.47   0.91      7      7      1   
  0.19   0.43   0.04   0.46      2      2      1   
  0.27   0.59   0.16   0.40      2      2      1   
  0.85   0.34   0.29   0.65      6      6      1   
  0.15   0.78   0.27   0.64      2      2      1   
  0.00   0.15   0.77   0.47      9      8      1   
  0.15   0.62   0.15   0.44      2      2      1   
  0.71   0.14   0.98   0.28      3      3      1   
  0.45   0.80   0.03   0.14      7      7      1   
  0.07   0.52   0.63   0.65      5      5      1   
  0.64   0.55   0.93   0.60      3      3      1   
  0.71   0.39   0.78   0.24      2      2      1   
  0.53   0.21   0.09   0.26      9      6      1   
  0.46   0.40   0.46   0.78      4      4      1   
  0.17   0.38   0.38   0.74      4      4      1   
  0.63   0.38   0.11   0.19     11      7      1   
  0.74   0.64   0.74   0.25      4      4      1   
  0.41   1.00   0.06   0.95      4      4      1   
  0.01   0.11   0.43   0.78      8      8      1   
  0.28   0.81   0.48   0.41      4      4      1   
  0.50   0.74   0.46   0.97      3      3      1   
  1.00   0.87   0.74   0.52      4      4      1   
  0.01   0.46   0.92   0.15      9      9      1   
  0.15   0.87   0.50   0.47      6      6      1   
  0.75   0.82   0.17   0.38      7      7      1   
  0.82   0.78   0.85   0.01      8      7      1   
  0.17   0.38   0.67   0.70      6      6      1   
  0.45   0.80   1.00   0.09      8      8      1   
  0.88   0.17   0.15   0.44     11      8      1   
  0.41   0.68   0.12   0.15      6      6      1   
  0.97   0.17   0.46   0.13      5      5      1   
  0.80   0.72   0.43   0.92      5      5      1   
  0.38   0.65   0.36   0.85      2      2      1   
  0.71   0.14   0.40   0.73      7      7      1   
  0.03   0.08   0.19   0.51      4      4      1   
  0.20   0.17   0.90   0.08     21      9      1   
  0.19   0.43   0.61   0.07      5      5      1   
  0.57   0.72   0.96   0.02      8      8      1   
  0.90   0.64   0.83   0.96      3      3      1   
  0.88   0.99   0.15   0.65      8      8      1   
  0.79   0.71   0.41   0.36      5      5      1   
  0.72   0.13   0.01   0.22     17      8      1   
  1.00   0.09   0.92   0.57      5      5      1   
  0.29   0.58   0.06   0.52      2      2      1   
  0.18   0.81   0.57   0.63      4      4      1   
  0.42   0.22   1.00   0.05      6      6      1   
  0.77   0.25   0.16   0.65      8      7      1   
  0.71   0.59   0.16   0.94      6      6      1   
  0.27   0.64   0.40   0.21      5      5      1   
  0.74   0.95   0.12   0.05     11     11      1   
  0.88   0.99   0.64   0.49      6      6      1   
  0.24   0.65   0.69   0.24      7      6      1   
  0.83   0.67   0.27   0.87      6      6      1   
  0.03   0.86   0.85   0.49      9      9      1   
  0.88   0.17   0.40   0.65      7      7      1   
  0.18   0.53   0.10   0.85      3      3      1   
  0.92   0.15   0.96   0.26      1      1      1   
  0.97   0.56   0.16   0.94      9      9      1   
  0.72   0.13   0.51   0.19      2      2      1   
  0.43   0.76   0.49   0.08      6      6      1   
  0.75   0.82   0.29   0.58      5      5      1   
  0.26   0.56   0.81   0.07      7      7      1   
  0.79   0.71   0.55   0.50      3      3      1   
  0.09   0.16   0.42   0.03     33      7      1   
  0.24   0.67   0.88   0.18      9      8      1   
  0.63   0.64   1.00   0.09      6      6      1   
  0.79   0.47   0.01   0.20      9      8      1   
  0.13   0.69   0.86   0.95      8      8      1   
  0.27   0.53   0.64   0.79      4      4      1   
  0.14   0.35   0.00   0.29      2      2      1   
  0.05   0.26   0.06   0.98      8      7      1   
  0.19   0.37   0.16   0.40      1      1      1   
  0.42   0.46   0.71   0.40      3      3      1   
  0.88   0.99   0.16   0.65      7      7      1   
  0.02   0.08   0.99   0.49     12     11      1   
  0.07   0.52   0.83   0.67      7      7      1   
  0.99   0.01   0.64   0.79      8      8      1   
  0.62   0.81   0.31   0.85      3      3      1   
  0.46   0.13   0.06   0.95      9      9      1   
  0.69   0.38   0.87   0.38      2      2      1   
  0.99   0.01   0.67   0.56      6      6      1   
  0.62   0.10   0.04   0.10     22      8      1   
  0.94   0.65   0.20   0.17     26     10      1   
  0.80   0.72   0.15   0.62      6      6      1   
  0.77   0.25   0.64   0.49      3      3      1   
  0.07   0.71   0.93   0.95      9      8      1   
  0.81   0.20   0.31   0.43      5      5      1   
  0.58   0.56   0.82   0.40      3      3      1   
  0.99   0.49   0.47   0.02      7      7      1   
  0.15   0.87   0.24   0.48      4      4      1   
  0.53   0.22   0.50   0.06      2      2      1   
  0.19   0.43   0.61   0.12      5      5      1   
  0.70   0.05   0.98   0.49      5      5      1   
  0.76   0.05   0.77   0.47      4      4      1   
  0.57   0.24   0.51   0.65      4      4      1   
  0.47   0.97   0.84   0.98      5      5      1   
  0.81   0.07   0.34   0.65      8      7      1   
  0.92   0.57   0.27   0.64      6      6      1   
  0.35   0.66   1.00   0.87      7      7      1   
  0.24   0.48   0.24   0.46      1      1      1   
  0.18   0.92   0.01   0.37      5      5      1   
  0.93   0.33   0.44   0.53      5      5      1   
  0.75   0.82   0.86   0.67      2      2      1   
  0.24   0.67   0.34   0.65      1      1      1   
  0.85   0.40   0.85   0.34      1      1      1   
  0.18   0.09   0.89   0.84     11     11      1   
  0.83   0.59   0.03   0.08     10     10      1   
  0.78   0.23   0.80   0.62      4      4      1   
  0.55   0.23   0.43   0.66      4      4      1   
  0.51   0.62   0.85   0.49      4      4      1   
  0.13   0.07   0.93   0.33     11     10      1   
  0.97   0.99   0.14   0.53      9      9      1   
  0.33   0.47   0.98   0.28      7      7      1   
  0.12   0.15   0.99   0.56     11     10      1   
  0.00   0.57   1.00   0.05     10     10      1   
  1.00   0.05   0.01   0.20     22     11      1   
  0.48   0.72   0.05   0.16      6      6      1   
  0.70   0.11   0.86   0.26      2      2      1   
  0.84   0.98   0.99   0.49      5      5      1   
  0.54   0.17   0.19   0.37      4      4      1   
  0.00   0.15   0.69   0.17     15      8      1   
  0.43   0.76   0.93   0.04      8      8      1   
  0.22   0.55   0.22   0.40      2      2      1   
  0.55   0.15   0.23   0.48      4      4      1   
  0.44   0.41   0.02   0.32      4      4      1   
  0.01   0.28   0.03   0.01      3      3      1   
  0.59   0.67   0.93   0.33      5      5      1   
  0.13   0.57   0.15   0.94      4      4      1   
  0.54   0.85   0.96   0.08      9      8      1   
  0.05   0.14   0.48   0.72      7      7      1   
  0.20   0.11   0.05   0.14      2      2      1   
  0.64   0.92   0.13   0.03     10     10      1   
  0.93   0.04   0.71   0.40      4      4      1   
  0.85   0.12   0.57   0.81      7      7      1   
  0.45   0.48   0.04   0.46      4      4      1   
  0.39   0.94   0.13   0.69      4      4      1   
  0.96   0.08   0.88   0.18      2      2      1   
  0.06   0.21   0.47   0.61      6      6      1   
  0.73   0.00   0.25   0.57      7      7      1   
  0.61   0.00   0.48   0.15      2      2      1   
  0.55   0.76   0.54   0.85      1      1      1   
  0.70   0.11   0.44   0.41      4      4      1   
  0.94   0.01   0.61   0.93     10      9      1   
  0.50   0.06   0.60   0.17      2      2      1   
  0.98   0.49   0.71   0.22      4      4      1   
  0.83   0.69   0.22   0.27      8      8      1   
  0.09   0.08   0.68   0.56      8      8      1   
  0.97   0.58   0.43   0.66      6      6      1   
  0.16   0.94   0.06   0.98      1      1      1   
  0.78   0.23   0.79   0.47      3      3      1   
  0.46   0.13   0.02   0.87      8      8      1   
  0.29   0.65   0.53   0.21      5      5      1   
  0.66   0.60   0.51   0.19      5      5      1   
  0.25   0.57   0.75   0.77      5      5      1   
  0.18   0.92   0.85   0.34      8      8      1   
  0.38   0.94   0.53   0.64      3      3      1   
  0.12   0.15   0.42   0.46      5      4      1   
  0.47   0.29   0.58   0.26      1      1      1   
  0.61   0.12   0.34   0.58      5      5      1   
  0.68   0.56   1.00   0.05      5      5      1   
  0.13   0.57   0.11   0.32      3      3      1   
  0.20   0.28   0.85   0.40      8      8      1   
  1.00   0.05   0.67   0.79      7      7      1   
  0.85   0.34   0.61   0.00      4      4      1   
  0.18   0.84   0.34   0.98      2      2      1   
  0.28   0.81   0.55   0.15      7      7      1   
  0.04   0.10   0.61   0.12     24      8      1   
  0.79   0.44   0.43   0.01      5      5      1   
  0.07   0.52   0.89   0.84      8      8      1   
  0.73   0.00   0.04   0.27     12      8      1   
  0.94   0.84   0.25   0.57      7      7      1   
  0.07   0.71   0.05   0.26      4      4      1   
  0.36   0.80   0.01   0.28      6      6      1   
  0.00   0.85   0.74   0.25     10      9      1   
  0.31   0.43   0.69   0.91      6      6      1   
  0.48   0.23   0.80   0.33      4      4      1   
  0.81   0.17   0.25   0.95      9      9      1   
  0.44   0.66   0.12   0.18      6      6      1   
  0.24   0.67   0.67   0.70      4      4      1   
  0.51   0.62   0.01   0.81      5      5      1   
  0.11   0.02   0.55   0.23      8      8      1   
  0.70   0.45   1.00   0.87      5      5      1   
  0.66   0.60   0.53   0.22      4      4      1   
  0.58   0.23   0.15   0.53      5      5      1   
  0.03   0.86   0.94   0.84      9      9      1   
  0.76   0.05   0.83   0.79      7      7      1   
  0.11   0.12   0.41   0.36      5      5      1   
  0.82   0.40   0.60   0.42      2      2      1   
  0.04   0.27   0.43   0.66      5      5      1   
  0.76   0.67   0.03   0.86      7      7      1   
  0.01   0.22   0.82   0.64      9      9      1   
  0.01   0.22   0.22   0.55      4      4      1   
  0.06   0.95   0.52   0.70      5      5      1   
  0.76   0.09   0.14   0.35     10      7      1   
  0.02   0.36   0.43   0.01     42      8      1   
  0.02   0.87   0.49   0.36      6      6      1   
  0.06   0.52   0.84   0.98      9      9      1   
  0.83   0.30   0.45   0.08      4      4      1   
  0.03   0.01   0.20   0.11      2      2      1   
  0.13   0.69   0.79   0.99      7      7      1   
  0.41   0.36   0.15   0.94      6      6      1   
  0.75   0.30   0.06   0.61      7      7      1   
  0.04   0.46   0.45   0.08     28      7      1   
  0.24   0.67   0.22   0.55      1      1      1   
  0.69   0.50   0.58   0.23      3      3      1   
  0.93   0.58   0.42   0.86      6      6      1   
  0.93   0.60   0.07   0.71      8      8      1   
  0.78   0.23   0.73   0.00      2      2      1   
  0.93   0.56   0.84   0.30      3      3      1   
  0.27   0.87   0.12   0.15      7      7      1   
  0.73   0.00   0.46   0.97     10      9      1   
  0.92   0.15   0.28   0.95     10      9      1   
  0.75   0.96   0.58   0.23      8      8      1   
  0.01   0.11   0.68   0.56      8      8      1   
  0.73   0.00   0.46   0.40      5      5      1   
  0.02   0.18   0.93   0.26     12     10      1   
  0.45   0.80   0.34   0.58      2      2      1   
  0.99   0.49   0.25   0.95      8      8      1   
  0.06   0.95   0.69   0.38      8      8      1   
  0.35   0.66   0.70   0.11      7      7      1   
  0.53   0.64   0.90   0.76      4      4      1   
  0.66   0.60   0.85   0.23      4      4      1   
  0.11   0.19   0.38   0.94      7      7      1   
  0.16   0.94   0.15   0.62      3      3      1   
  0.05   0.36   0.64   0.49      6      6      1   
  0.11   0.66   0.11   0.32      3      3      1   
  0.87   0.91   0.26   0.42      7      7      1   
  0.16   0.70   0.86   0.26      8      8      1   
  0.22   0.55   0.43   0.76      3      3      1   
  0.03   0.88   0.71   0.51      7      7      1   
  0.40   0.56   0.67   0.70      3      3      1   
  0.09   0.08   0.83   0.27     10      9      1   
  0.51   0.65   0.18   0.92      4      4      1   
  0.61   0.24   0.54   0.85      7      7      1   
  0.47   0.61   0.25   1.00      4      4      1   
  0.73   0.12   0.49   0.08      2      2      1   
  0.19   0.98   0.18   0.27      7      7      1   
  0.07   0.71   0.44   0.53      4      4      1   
  0.75   0.83   0.21   0.70      5      5      1   
  0.75   0.82   0.93   0.33      5      5      1   
  0.06   0.21   0.01   0.37      2      2      1   
  1.00   0.92   0.43   0.78      6      6      1   
  0.33   0.68   0.86   0.95      6      6      1   
  0.11   0.66   0.97   0.17      9      9      1   
  0.94   0.01   0.88   0.18      2      2      1   
  0.13   0.57   0.22   0.27      3      3      1   
  0.39   0.63   0.00   0.93      5      5      1   
  0.44   0.41   0.42   0.03      4      4      1   
  0.24   0.46   0.37   0.56      2      2      1   
  0.02   0.87   0.71   0.14     10      9      1   
  0.68   0.56   0.86   0.38      3      3      1   
  0.06   0.32   0.43   0.76      5      5      1   
  0.83   0.59   0.05   0.26      8      8      1   
  0.75   0.77   0.48   0.72      3      3      1   
  0.24   0.87   0.89   0.75      7      6      1   
  0.02   0.93   0.32   0.83      3      3      1   
  0.97   0.99   0.62   0.10      9      9      1   
  0.69   0.91   0.10   1.00      6      6      1   
  0.02   0.87   0.79   0.09     10     10      1   
  0.04   0.27   0.64   0.55      6      6      1   
  0.93   0.26   0.80   0.62      4      4      1   
  0.09   0.01   0.66   0.17     15      9      1   
  0.47   0.91   0.10   0.69      4      4      1   
  0.85   0.38   0.02   0.57      8      8      1   
  0.90   0.76   0.75   0.87      2      2      1   
  0.93   0.59   0.75   0.30      3      3      1   
  0.89   0.84   0.10   0.11     11     11      1   
  0.04   0.27   0.67   0.15     16      7      1   
  0.38   0.55   0.22   0.18      5      5      1   
  0.12   0.76   0.15   0.19      5      5      1   
  0.97   0.58   0.47   0.26      6      6      1   
  0.74   0.87   0.96   0.69      3      3      1   
  0.05   0.26   0.36   0.80      6      6      1   
  0.43   0.92   0.75   0.66      4      4      1   
  0.39   0.94   0.61   0.12      8      8      1   
  1.00   0.87   0.13   0.69      9      9      1   
  0.27   0.99   0.66   0.89      4      4      1   
  0.00   0.57   0.74   0.87      7      7      1   
  0.13   0.29   0.50   0.03     34      6      1   
  0.51   0.07   0.42   0.03      1      1      1   
  0.02   0.18   1.00   0.09     24     11      1   
  0.51   0.07   0.36   0.43      4      4      1   
  0.02   0.87   0.75   0.87      7      7      1   
  0.34   0.65   0.31   0.43      2      2      1   
  0.14   0.35   0.40   0.21     17      5      1   
