  0.17   0.23   0.95   0.25      7      7      1   
  0.30   0.18   0.73   0.96      8      8      1   
  0.66   0.36   0.92   0.83      7      6      1   
  0.44   0.31   0.04   0.80     58      9      1   
  0.34   0.52   0.91   0.01      7      7      1   
  0.06   0.33   0.52   0.12      5      5      1   
  0.55   0.74   0.45   0.29      5      5      1   
  0.84   0.20   0.30   0.40      6      6      1   
  0.13   0.04   0.50   0.68      7      7      1   
  0.26   0.49   0.94   0.13      7      7      1   
  0.22   0.17   0.44   0.20      2      2      1   
  0.41   0.30   0.84   0.03      5      5      1   
  0.26   0.37   0.89   0.79      9      8      1   
  0.80   0.24   0.16   0.86     67      9      1   
  0.75   0.17   0.44   0.99      8      8      1   
  0.27   0.24   0.06   0.33      2      2      1   
  0.17   0.21   0.25   0.12      1      1      1   
  0.44   0.31   0.16   0.30      3      3      1   
  0.26   0.36   0.86   0.12      6      6      1   
  0.84   0.03   0.07   0.99     12     11      1   
  0.86   0.32   0.09   0.52      8      8      1   
  0.21   0.53   0.28   0.17      4      4      1   
  0.91   0.94   0.08   0.82      8      8      1   
  0.57   0.82   0.17   0.19      7      7      1   
  0.95   0.25   0.51   0.23      5      5      1   
  0.14   0.86   0.49   0.71      4      4      1   
  0.49   0.20   0.92   0.83      9      8      1   
  0.03   0.02   0.10   0.79     60     12      1   
  0.37   0.04   0.88   0.94     10     10      1   
  0.09   0.43   0.65   0.44      6      6      1   
  0.67   0.01   0.86   0.05      2      2      1   
  0.13   0.86   0.29   0.12     11     10      1   
  0.88   0.94   0.39   0.52      6      6      1   
  0.65   0.08   0.25   0.53      6      6      1   
  0.54   0.67   0.98   0.31      8      7      1   
  0.36   0.83   0.62   0.34      6      6      1   
  0.36   0.00   0.52   0.34      4      4      1   
  0.19   0.82   0.41   0.30      8      8      1   
  0.57   0.05   0.17   0.98     10     10      1   
  0.03   0.81   0.48   0.60      6      6      1   
  0.01   0.42   0.22   0.39      2      2      1   
  0.58   0.93   0.57   0.38      5      5      1   
  0.25   0.10   0.08   0.44      4      4      1   
  0.69   0.27   0.80   0.87      6      6      1   
  0.36   0.05   0.58   0.34      4      4      1   
  0.61   0.31   0.52   0.89      5      5      1   
  0.60   0.03   0.69   0.06      1      1      1   
  0.63   0.90   0.69   0.03      8      8      1   
  0.59   0.74   0.60   0.52      2      2      1   
  0.28   0.25   0.37   0.19      1      1      1   
  0.16   0.30   0.51   0.55      4      4      1   
  0.44   0.31   0.36   0.46      2      2      1   
  0.46   0.10   0.14   0.23      3      3      1   
  0.26   0.42   0.09   0.08      4      4      1   
  0.66   0.39   0.27   0.52      4      4      1   
  0.26   0.36   0.73   0.08      6      5      1   
  0.73   0.08   0.45   0.29      4      4      1   
  0.69   0.03   0.28   0.25      4      4      1   
  0.03   0.81   0.23   0.31     10      9      1   
  0.84   0.03   0.27   0.04      5      5      1   
  0.19   0.82   0.75   0.24      8      8      1   
  0.37   0.19   0.98   0.31      6      6      1   
  0.14   1.00   0.89   0.06     12     11      1   
  0.44   0.31   0.66   0.40      3      3      1   
  0.46   0.10   0.65   0.13      2      2      1   
  0.51   0.93   0.69   0.03      9      8      1   
  0.44   0.36   0.06   0.39      4      4      1   
  0.08   0.20   0.80   0.11      7      7      1   
  0.86   0.32   0.53   0.17      4      4      1   
  0.73   0.90   0.70   0.01      8      8      1   
  0.13   0.29   0.57   0.00      5      5      1   
  0.08   0.04   0.50   0.69      8      7      1   
  0.16   0.45   0.43   0.92      7      6      1   
  0.57   0.56   0.45   0.38      2      2      1   
  0.50   0.69   0.44   0.81      1      1      1   
  0.25   0.53   0.06   0.90     55      8      1   
  0.20   0.96   0.46   0.88      3      3      1   
  0.56   0.39   0.69   0.06      3      3      1   
  0.03   0.47   0.13   0.05      4      4      1   
  0.08   0.20   0.23   0.46      3      3      1   
  0.30   0.05   0.57   0.05      3      3      1   
  0.76   0.03   0.30   0.40      6      6      1   
  0.88   0.94   0.89   0.29     17      9      1   
  0.49   0.50   0.64   0.71      3      3      1   
  0.75   0.24   0.28   0.53      5      5      1   
  0.03   0.90   0.84   0.78      8      8      1   
  0.39   0.17   0.57   0.05      2      2      1   
  0.45   0.04   0.44   0.36      4      4      1   
  0.30   0.95   0.17   0.50      9      7      1   
  0.86   0.93   0.44   0.08      9      9      1   
  0.13   0.86   0.35   0.08     11     10      1   
  0.44   0.36   0.71   0.31      3      3      1   
  0.08   0.00   0.44   0.99     10     10      1   
  0.21   0.27   0.26   0.79     25      8      1   
  0.22   0.17   0.28   0.53      4      4      1   
  0.35   0.23   0.15   0.86     61      9      1   
  0.62   0.34   0.28   0.88      6      6      1   
  0.37   0.18   0.09   0.52      4      4      1   
  0.65   0.98   0.06   0.90      6      6      1   
  0.07   0.99   0.25   0.10     13     11      1   
  0.12   0.13   0.84   0.02      7      6      1   
  0.57   0.00   0.28   0.55      6      6      1   
  0.41   0.19   0.03   0.02      4      4      1   
  0.44   0.31   0.05   0.29      4      4      1   
  0.74   0.94   0.70   0.88      1      1      1   
  0.15   0.86   0.76   0.03     11     11      1   
  0.84   0.89   0.17   0.34      9      8      1   
  0.45   0.28   0.02   0.78     63      9      1   
  0.27   0.24   0.70   0.19      4      4      1   
  0.67   0.52   0.34   0.91      5      5      1   
  0.88   0.94   0.23   0.21      9      9      1   
  0.67   0.52   0.45   0.38      3      3      1   
  0.19   0.01   0.74   0.77      9      9      1   
  0.08   0.91   0.71   0.91      6      6      1   
  0.58   0.62   0.94   0.02      7      7      1   
  0.12   0.13   0.34   0.82     10      8      1   
  0.14   1.00   0.41   0.82      3      3      1   
  0.08   0.04   0.05   0.05      1      1      1   
  0.70   0.01   0.17   0.21      5      5      1   
  0.64   0.22   0.56   0.78      5      5      1   
  0.26   0.32   0.68   0.04      5      5      1   
  0.74   0.06   0.78   1.00     15      9      1   
  0.06   0.99   0.25   0.26     12     10      1   
  0.62   0.36   0.65   0.80      4      4      1   
  0.36   0.37   0.84   0.89      7      7      1   
  0.94   0.13   0.81   0.76     10      9      1   
  0.01   0.99   0.34   0.82      4      4      1   
  0.27   0.22   0.28   0.51      3      3      1   
  0.39   0.91   0.03   0.81      4      4      1   
  0.16   0.37   0.33   0.84      8      6      1   
  0.39   0.05   0.36   0.42      4      4      1   
  0.09   0.43   0.26   0.37      2      2      1   
  0.03   0.90   0.44   0.31     10      9      1   
  0.28   0.88   0.63   0.90      3      3      1   
  0.05   0.05   0.41   0.82      9      9      1   
  0.70   0.19   0.17   0.27      5      5      1   
  0.31   0.05   0.76   0.93     10      9      1   
  0.49   0.50   0.03   0.40      5      5      1   
  0.45   0.38   0.20   0.35      2      2      1   
  0.33   0.23   0.18   0.14      2      2      1   
  0.80   0.87   0.49   0.71      3      3      1   
  0.44   0.31   0.36   0.42      2      2      1   
  0.76   0.03   0.91   0.01      2      2      1   
  0.01   0.82   0.60   0.70      6      6      1   
  0.16   0.86   0.01   0.42     42      9      1   
  0.13   0.14   0.20   0.96     34     10      1   
  0.06   0.04   0.59   0.19      5      5      1   
  0.31   0.05   0.07   0.99     51     11      1   
  0.48   0.01   0.44   0.94     10      9      1   
  0.57   0.00   0.24   0.23      4      4      1   
  0.03   0.47   0.70   0.88      8      8      1   
  0.33   0.84   0.75   0.17      7      7      1   
  0.12   0.18   0.56   0.58      6      6      1   
  0.74   0.08   0.43   0.20      3      3      1   
  0.21   0.18   0.84   0.03      6      6      1   
  0.50   0.68   0.94   0.79      5      5      1   
  0.06   0.99   0.26   0.32     11      9      1   
  0.57   0.56   0.01   0.99      7      7      1   
  0.24   0.50   0.58   0.62      4      4      1   
  0.13   0.05   0.24   0.23      2      2      1   
  0.52   0.89   0.28   0.51      5      5      1   
  0.08   0.86   0.90   0.75      8      8      1   
  0.85   0.05   0.44   0.38      5      5      1   
  0.69   0.11   0.84   0.89      9      9      1   
  0.92   0.83   0.17   0.34      8      8      1   
  0.30   0.95   0.10   0.09     12     10      1   
  0.13   0.14   0.33   0.84     10      8      1   
  0.28   0.33   0.49   0.20      3      3      1   
  0.34   0.91   0.23   0.85      2      2      1   
  0.65   0.08   0.09   0.21      6      5      1   
  0.74   0.25   0.46   0.88      6      6      1   
  0.16   0.30   0.26   0.26      1      1      1   
  0.08   0.91   0.40   0.77      4      4      1   
  0.84   0.20   0.53   0.17      3      3      1   
  0.06   0.12   0.11   0.50      4      4      1   
  0.28   0.37   0.46   0.81      5      5      1   
  0.35   0.23   0.60   0.70      5      5      1   
  0.21   0.18   0.33   0.23      1      1      1   
  0.21   0.18   0.66   0.36      5      5      1   
  0.62   0.34   0.74   0.77      5      5      1   
  0.41   0.30   0.74   0.08      4      4      1   
  0.10   0.27   0.16   0.17      1      1      1   
  0.04   0.80   0.33   0.37     10      9      1   
  0.10   0.17   0.08   0.86     62     11      1   
  0.49   0.84   0.66   0.24      6      6      1   
  0.05   0.24   0.03   0.81     55     11      1   
  0.56   0.26   0.41   1.00      7      7      1   
  0.81   0.89   0.44   0.81      4      4      1   
  0.43   0.50   0.18   0.11      4      4      1   
  0.29   0.12   0.64   0.71      6      6      1   
  0.84   0.03   0.48   0.01      4      4      1   
  0.19   0.82   0.49   0.23      9      9      1   
  0.22   0.91   0.23   0.46      8      6      1   
  0.57   0.20   0.48   0.01      2      2      1   
  0.73   0.90   0.78   0.20      7      7      1   
  0.41   0.35   0.41   0.84      6      6      1   
  0.49   0.10   0.44   0.20      1      1      1   
  0.52   0.59   0.14   0.23      5      5      1   
  0.74   0.08   0.08   0.26      6      6      1   
  0.32   0.98   0.17   0.86      2      2      1   
  0.46   0.42   0.69   0.97      6      6      1   
  0.36   0.46   0.13   0.83     47      7      1   
  0.06   0.96   0.28   0.17     12     11      1   
  0.26   0.37   0.16   0.98     38      8      1   
  0.07   0.44   0.07   0.02      4      4      1   
  0.58   0.62   0.62   0.44      2      2      1   
  0.38   0.24   0.94   0.02      6      6      1   
  0.21   0.27   0.19   0.82     55      9      1   
  0.44   0.31   0.03   0.90     62      9      1   
  0.30   0.18   0.58   0.28      3      3      1   
  0.46   0.56   0.57   0.05      5      5      1   
  0.04   0.12   0.09   0.21      1      1      1   
  0.95   0.25   0.19   0.82     74     10      1   
  0.44   0.99   0.52   0.59      4      4      1   
  0.86   0.12   0.18   0.97     10     10      1   
  0.37   0.19   0.89   0.89      9      8      1   
  0.84   0.03   0.71   0.93      9      9      1   
  0.28   0.37   0.24   0.49      1      1      1   
  0.17   0.02   0.49   0.71      7      7      1   
  0.36   0.46   0.86   0.89      7      7      1   
  0.36   0.42   0.13   0.11      4      4      1   
  0.17   0.98   0.56   0.56      6      6      1   
  0.52   0.12   0.64   0.87      8      7      1   
  0.39   0.05   0.39   0.26      2      2      1   
  0.58   0.62   0.81   0.89      4      4      1   
  0.65   0.44   0.01   0.82      8      8      1   
  0.80   0.25   0.27   0.22      5      5      1   
  0.03   0.81   0.69   0.45      8      8      1   
  0.30   0.95   0.01   0.24     23      9      1   
  0.92   0.77   0.25   0.10     10     10      1   
  0.16   0.17   0.48   0.60      5      5      1   
  0.48   0.60   0.23   0.02      6      6      1   
  0.91   0.94   0.57   0.20     10      9      1   
  0.80   0.05   0.47   0.12      3      3      1   
  0.09   0.27   0.75   0.24      6      6      1   
  0.37   0.43   0.49   0.71      3      3      1   
  0.44   0.08   0.21   0.53      5      5      1   
  0.06   0.12   0.77   0.13      6      6      1   
  0.68   0.76   0.67   0.82      1      1      1   
  0.51   0.23   0.26   0.07      3      3      1   
  0.23   0.85   0.17   0.34      8      7      1   
  0.60   0.52   0.36   0.00      6      5      1   
  0.33   0.39   0.03   0.31      3      3      1   
  0.13   0.86   0.22   0.26     10      9      1   
  0.13   0.04   0.23   0.79     34     10      1   
  0.83   0.92   0.01   0.94      8      8      1   
  0.18   0.11   0.41   0.22      3      3      1   
  0.08   0.44   0.56   0.12      5      5      1   
  0.15   0.86   0.16   0.17     16     10      1   
  0.73   0.83   0.24   0.23      8      8      1   
  0.56   0.60   0.04   0.95      6      6      1   
  0.69   0.27   0.13   0.86     65      8      1   
  0.26   0.49   0.14   0.84     39      7      1   
  0.05   0.05   0.94   0.79     12     11      1   
  0.15   0.86   0.80   0.25      9      9      1   
  0.65   0.01   0.29   0.12      4      4      1   
  0.16   0.37   0.17   0.19      2      2      1   
  0.40   0.08   0.32   0.25      2      2      1   
  0.41   0.30   0.14   0.13      3      3      1   
  0.84   0.02   0.07   0.44      8      8      1   
  0.03   0.81   0.03   0.95      2      2      1   
  0.94   0.02   0.80   0.11      2      2      1   
  0.83   0.92   0.12   0.24      9      9      1   
  0.44   0.31   0.66   0.36      3      3      1   
  0.65   0.98   0.12   0.18      9      9      1   
  0.30   0.39   0.24   0.14      3      3      1   
  0.25   0.05   0.33   0.39      4      4      1   
  0.23   0.85   0.78   1.00      6      6      1   
  0.49   0.20   0.89   0.06      4      4      1   
  0.43   0.12   0.24   0.23      3      3      1   
  0.63   0.90   0.55   0.49      4      4      1   
  0.26   0.32   0.73   0.83      7      7      1   
  0.02   0.78   0.88   0.94      8      8      1   
  0.33   0.32   0.66   0.36      3      3      1   
  0.24   0.14   0.13   0.05      2      2      1   
  0.47   0.12   0.39   0.17      1      1      1   
  0.88   0.03   0.01   0.82     92     12      1   
  0.41   0.29   0.38   0.91      6      6      1   
  0.59   0.19   0.55   0.49      3      3      1   
  0.44   0.85   0.91   0.94      5      5      1   
  0.03   0.40   0.98   0.27      9      9      1   
  0.67   0.82   0.71   0.93      1      1      1   
  0.14   0.84   0.08   0.00     15     11      1   
  0.61   0.10   0.09   0.16      5      5      1   
  0.65   0.08   0.44   0.94      8      8      1   
  0.27   0.22   0.57   0.05      3      3      1   
  0.30   0.41   0.45   0.04      4      4      1   
  0.28   0.55   0.44   0.08      5      5      1   
  0.33   0.84   0.89   0.89      5      5      1   
  0.61   0.31   0.97   0.05      4      4      1   
  0.18   0.11   0.27   0.22      2      2      1   
  0.85   0.05   0.36   0.37      6      6      1   
  0.90   0.75   0.49   0.95      5      5      1   
  0.58   0.79   0.60   0.31      5      5      1   
  0.28   0.55   0.45   0.29      3      3      1   
  0.41   0.04   0.38   0.24      2      2      1   
  0.08   0.91   0.65   0.44      8      8      1   
  0.01   0.42   0.78   0.20      7      7      1   
  0.52   0.34   0.91   0.74      8      7      1   
  0.86   0.89   0.26   0.49      7      7      1   
  0.15   0.86   0.11   0.18     20     10      1   
  0.80   0.11   0.91   0.74     13      9      1   
  0.67   0.82   0.55   0.56      3      3      1   
  0.13   0.17   0.07   0.99     54     11      1   
  0.54   0.01   0.33   0.37      4      4      1   
  0.16   0.37   0.06   0.36      1      1      1   
  0.17   0.23   0.23   0.00      2      2      1   
  0.76   0.93   0.57   0.20      8      8      1   
  0.90   0.92   0.09   0.52     10      9      1   
  0.23   0.85   0.12   0.18     10      9      1   
  0.06   0.33   0.95   0.25      9      9      1   
  0.01   0.82   0.67   0.52      7      7      1   
  0.37   0.19   0.21   0.97     34      9      1   
  0.02   0.14   0.07   0.99     51     12      1   
  0.46   0.42   0.65   0.18      3      3      1   
  0.23   0.79   0.26   0.79      1      1      1   
  0.02   0.25   0.09   0.27      1      1      1   
  0.67   0.30   0.89   0.79      7      7      1   
  0.97   0.05   0.56   0.39      5      5      1   
  0.62   0.34   0.68   0.66      4      4      1   
  0.44   0.99   0.86   0.93      4      4      1   
  0.39   0.52   0.28   0.53      1      1      1   
  0.23   0.02   0.05   0.31      3      3      1   
  0.53   0.32   0.18   0.38      3      3      1   
  0.99   0.76   0.61   0.31      8      8      1   
  0.49   0.84   0.52   0.73      1      1      1   
  0.76   0.93   0.20   0.47      7      7      1   
  0.75   0.91   0.13   0.86      6      6      1   
  0.49   0.50   0.88   0.85      5      5      1   
  0.63   0.90   0.76   0.19      7      7      1   
  0.63   0.90   0.26   0.25      7      7      1   
  0.27   0.24   0.08   0.44      3      3      1   
  0.01   0.42   0.65   0.44      6      6      1   
  0.13   0.54   0.11   0.18      4      4      1   
  0.05   0.79   0.18   0.11     12     11      1   
  0.45   0.38   0.39   1.00      6      6      1   
  0.54   0.52   0.13   0.04      6      6      1   
  0.27   0.24   0.91   0.01      6      6      1   
  0.24   0.50   0.35   0.08      5      4      1   
  0.24   0.49   0.31   1.00     12      6      1   
  0.70   0.23   0.11   0.16      5      5      1   
  0.99   0.76   0.67   0.79      3      3      1   
  0.70   0.01   0.66   0.39      4      4      1   
  0.02   0.25   0.73   0.90      9      9      1   
  0.66   0.06   0.21   0.91     10     10      1   
  0.49   0.50   0.32   0.98      5      5      1   
  0.30   0.35   0.80   0.11      5      5      1   
  0.49   0.20   0.20   0.52      4      4      1   
  0.30   0.35   0.17   0.50      2      2      1   
  0.86   0.12   0.01   0.99     87     12      1   
  0.18   0.11   0.46   0.81      7      7      1   
  0.75   0.17   0.45   0.98      8      8      1   
  0.03   0.02   0.17   0.98     46     11      1   
  0.73   0.96   0.06   0.12      9      9      1   
  0.04   0.95   0.95   0.94      9      9      1   
  0.41   0.22   0.09   0.21      3      3      1   
  0.75   0.24   0.21   0.29      5      5      1   
  0.82   0.30   0.70   0.88      7      7      1   
  0.30   0.35   0.68   0.76      6      6      1   
  0.52   0.34   0.65   0.60      3      3      1   
  0.44   0.81   0.80   0.24      6      6      1   
  0.18   0.14   0.55   0.49      5      5      1   
  0.70   0.88   0.09   0.43      8      8      1   
  0.87   0.01   0.08   0.82     78     12      1   
  0.26   0.49   0.61   0.10      5      5      1   
  0.24   0.50   0.89   0.25      7      7      1   
  0.12   0.23   0.28   0.53      3      3      1   
  0.98   0.27   0.80   0.11      3      3      1   
  0.90   0.75   0.49   0.50      5      5      1   
  0.43   0.20   0.39   0.52      3      3      1   
  0.74   0.94   0.85   0.05     15      9      1   
  0.07   0.02   0.07   0.93     63     12      1   
  0.59   0.19   0.50   0.68      5      5      1   
  0.98   0.27   0.40   0.77      8      8      1   
  0.20   0.96   0.32   0.25     10      9      1   
  0.26   0.37   0.19   0.82     52      8      1   
  0.55   0.49   0.21   0.29      4      4      1   
  0.68   0.76   0.40   0.77      3      3      1   
  0.27   0.24   0.69   0.27      4      4      1   
  0.89   0.79   0.59   0.19      8      8      1   
  0.18   0.37   0.51   0.55      4      4      1   
  0.11   0.50   0.52   0.89      7      6      1   
  0.05   0.31   0.28   0.09      3      3      1   
  0.13   0.86   0.58   0.39      7      7      1   
  0.28   0.37   0.24   0.26      1      1      1   
  0.91   0.74   0.01   0.99      9      9      1   
  0.60   0.70   0.31   0.55      4      4      1   
  0.84   0.03   0.69   0.06      2      2      1   
  0.70   0.81   0.19   0.44      6      6      1   
  0.52   0.73   0.30   0.53      4      4      1   
  0.06   0.96   0.70   0.19     10     10      1   
  0.69   0.11   0.57   0.56      4      4      1   
  0.22   0.39   0.39   0.05      4      4      1   
  0.56   0.60   0.33   0.39      3      3      1   
  0.37   0.40   0.49   0.23      2      2      1   
  0.22   0.91   0.67   0.79      4      4      1   
  0.56   0.58   0.16   0.45      4      4      1   
  0.02   0.14   0.34   0.22      3      3      1   
  0.12   0.13   0.07   0.99     51     11      1   
  0.61   0.10   0.07   0.02      5      5      1   
  0.92   0.83   0.13   0.24     10      9      1   
  0.69   0.45   0.37   0.83      5      5      1   
  0.34   0.02   0.08   0.44      5      5      1   
  0.07   0.02   0.28   0.45      5      5      1   
  0.76   0.03   0.92   0.83     14     10      1   
  0.94   0.13   0.66   0.39      4      4      1   
  0.39   0.91   0.49   0.84      1      1      1   
  0.32   0.25   0.09   0.21      2      2      1   
  0.30   0.39   0.70   0.19      5      5      1   
  0.52   0.34   0.11   0.40      4      4      1   
  0.80   0.87   0.84   0.20     13      8      1   
  0.01   0.50   0.03   0.81     56     10      1   
  0.54   0.52   0.90   0.75      6      5      1   
  0.08   0.26   0.29   0.12      3      3      1   
  0.09   0.52   0.46   0.81      6      6      1   
  0.18   0.11   0.67   0.01      5      5      1   
  0.39   0.52   0.94   0.02      7      7      1   
  0.60   0.03   0.07   0.02      5      5      1   
  0.09   0.21   0.23   0.31      2      2      1   
  0.17   0.57   0.45   0.29      4      4      1   
  0.11   0.40   0.88   0.16      8      8      1   
  0.54   0.01   0.52   0.67      7      6      1   
  0.28   0.53   0.43   0.92      5      5      1   
  0.55   0.04   0.37   0.34      3      3      1   
  0.43   0.92   0.66   0.39      5      5      1   
  0.80   0.11   0.46   0.42      4      4      1   
  0.59   0.25   0.61   0.10      2      2      1   
  0.66   0.40   0.35   0.08      4      4      1   
  0.17   0.86   0.60   0.31      8      8      1   
  0.31   0.05   0.15   0.02      2      2      1   
  0.81   0.76   0.13   0.17      9      9      1   
  0.41   0.22   0.30   0.18      1      1      1   
  0.62   0.34   0.22   0.39      4      4      1   
  0.14   0.84   0.69   0.95      6      6      1   
  0.11   0.40   0.55   0.49      4      4      1   
  0.05   0.29   0.54   0.67      6      6      1   
  0.37   0.19   0.41   0.35      2      2      1   
  0.84   0.03   0.69   0.11      2      2      1   
  0.65   0.01   0.69   0.97      9      9      1   
  0.57   0.56   0.41   1.00      4      4      1   
  0.65   0.80   0.67   0.82      1      1      1   
  0.95   0.94   0.65   0.60      5      5      1   
  0.11   0.50   0.06   0.33      2      2      1   
  0.83   0.92   0.94   0.13     18     10      1   
  0.14   0.23   0.56   0.12      4      4      1   
  0.15   0.02   0.02   0.35      3      3      1   
  0.13   0.83   0.29   0.12     11     10      1   
  0.93   0.08   0.94   0.02      1      1      1   
  0.13   0.17   0.78   0.95     10      9      1   
  0.56   0.39   0.37   0.40      2      2      1   
  0.26   0.42   0.71   0.31      5      4      1   
  0.21   0.53   0.92   0.83      8      8      1   
  0.59   0.19   0.84   0.03      3      3      1   
  0.16   0.37   0.28   0.33      1      1      1   
  0.54   0.11   0.79   0.77      8      8      1   
  0.08   0.20   0.05   0.05      2      2      1   
  0.32   0.98   0.20   0.96      1      1      1   
  0.71   0.03   0.75   0.17      2      2      1   
  0.68   0.76   0.13   0.29      7      7      1   
  0.78   0.95   0.19   0.44      7      7      1   
  0.41   0.04   0.52   0.67      6      6      1   
  0.13   0.83   0.35   0.08     11     10      1   
  0.34   0.82   0.73   0.96      4      4      1   
  0.28   0.88   0.70   0.23      7      7      1   
  0.65   0.80   0.03   0.02      9      9      1   
  0.75   0.17   0.36   0.42      5      5      1   
  0.80   0.87   0.21   0.18      8      8      1   
  0.18   0.14   0.31   0.05      2      2      1   
  0.69   0.45   0.65   0.18      3      3      1   
  0.49   0.10   0.16   0.18      3      3      1   
  0.32   0.98   0.08   0.00     24     10      1   
  0.65   0.80   0.82   0.30      6      6      1   
  0.24   0.04   0.88   0.85     11     10      1   
  0.13   0.05   0.41   0.29      4      4      1   
  0.26   0.79   0.65   0.18      8      8      1   
  0.35   0.23   0.02   0.25      3      3      1   
  0.86   0.93   0.82   0.30     15      8      1   
  0.75   0.24   0.37   0.18      4      4      1   
  0.67   0.01   0.49   0.50      5      5      1   
  0.90   0.01   0.49   0.84      9      9      1   
  0.21   0.97   0.91   0.74      7      7      1   
  0.49   0.20   0.13   0.29      3      3      1   
  0.91   0.74   0.17   0.86      7      7      1   
  0.68   0.66   0.21   0.91      5      5      1   
  0.16   0.18   0.09   0.08      1      1      1   
  0.21   0.29   0.25   0.53      3      3      1   
  0.55   0.08   0.04   0.93     67     11      1   
  0.88   0.03   0.27   0.25      6      6      1   
  0.80   0.87   0.19   0.01     10     10      1   
  0.14   0.13   0.08   0.26      2      2      1   
  0.18   0.97   0.39   0.17     10      9      1   
  0.23   0.46   0.99   0.76      9      8      1   
  0.84   0.89   0.65   0.80      2      2      1   
  0.16   0.98   0.67   0.52      7      7      1   
  0.31   0.05   0.20   0.35      3      3      1   
  0.26   0.37   0.22   0.26      1      1      1   
  0.36   0.05   0.07   0.99     47     11      1   
  0.13   0.24   0.17   0.57      3      3      1   
  0.05   0.31   0.33   0.84      9      7      1   
  0.53   0.17   0.58   0.28      1      1      1   
  0.28   0.17   0.55   0.74      6      6      1   
  0.56   0.39   0.94   0.02      5      5      1   
  0.95   0.94   0.23   0.46      8      8      1   
  0.23   0.00   0.46   0.81      8      8      1   
  0.04   0.95   0.55   0.49      7      7      1   
  0.09   0.43   0.96   0.05      9      9      1   
  0.65   0.98   0.28   0.45      6      6      1   
  0.05   0.19   0.45   0.98      9      9      1   
  0.48   0.01   0.07   0.93     66     11      1   
  0.43   0.50   0.99   0.76      8      7      1   
  0.81   0.89   0.60   0.31      7      7      1   
  0.76   0.87   0.26   0.49      6      6      1   
  0.67   0.52   0.41   0.35      3      3      1   
  0.08   0.86   0.03   0.02     23     12      1   
  0.41   0.04   0.16   0.52      5      5      1   
  0.64   0.71   0.23   0.85      4      4      1   
  0.92   0.83   0.13   0.11     10     10      1   
  0.28   0.09   0.07   0.93     51     11      1   
  0.14   0.86   0.05   0.29     22     10      1   
  0.60   0.03   0.87   0.01      3      3      1   
  0.65   0.80   0.40   0.77      3      3      1   
  0.51   0.23   0.57   0.56      4      4      1   
  0.50   0.68   0.68   0.66      2      2      1   
  0.37   0.40   0.39   0.52      1      1      1   
  0.30   0.53   0.34   0.82      9      5      1   
  0.65   0.13   0.01   0.94     70     11      1   
  0.69   0.03   0.57   0.38      4      4      1   
  0.64   0.84   0.41   0.84      2      2      1   
  0.42   0.41   0.74   0.77      5      5      1   
  0.78   0.95   0.28   0.37      7      7      1   
  0.36   0.37   0.24   0.23      2      2      1   
  0.45   0.38   0.10   0.17      4      4      1   
  0.76   0.05   0.16   0.30      6      6      1   
  0.76   0.93   0.52   0.73      3      3      1   
  0.60   0.31   0.06   0.90     65      9      1   
  0.56   0.60   0.03   0.31      6      6      1   
  0.30   0.39   0.46   0.10      4      4      1   
  0.20   0.35   0.55   0.49      4      4      1   
  0.02   0.25   0.15   0.86     56     10      1   
  0.38   0.91   0.87   0.01      9      9      1   
  0.20   0.80   0.33   0.23      9      9      1   
  0.16   0.18   0.56   0.60      5      5      1   
  0.08   0.26   0.06   0.36      1      1      1   
  0.09   0.81   0.69   0.45      8      8      1   
  0.74   0.98   0.52   0.73      3      3      1   
  0.66   0.40   0.16   0.17      6      5      1   
  0.52   0.12   0.40   0.77      7      7      1   
  0.90   0.01   0.91   0.24      2      2      1   
  0.81   0.00   0.18   0.14      6      6      1   
  0.16   0.30   0.89   0.25      7      7      1   
  0.96   0.05   0.06   0.99     13     12      1   
  0.24   0.50   0.16   0.18      3      3      1   
  0.76   0.03   0.87   0.01      1      1      1   
  0.52   0.73   0.16   0.37      6      5      1   
  0.17   0.02   0.13   0.83     50     11      1   
  0.44   0.08   0.53   0.17      1      1      1   
  0.03   0.95   0.80   0.05     12     12      1   
  0.28   0.09   0.13   0.86     60     10      1   
  0.79   0.77   0.43   0.20      7      7      1   
  0.69   0.27   0.21   0.27      4      4      1   
  0.44   0.81   0.84   0.78      4      4      1   
  0.70   0.01   0.44   0.20      3      3      1   
  0.06   0.90   0.06   0.33     23     10      1   
  0.62   0.44   0.69   0.95      5      5      1   
  0.39   0.05   0.19   0.87     50     10      1   
  0.76   0.03   0.53   0.32      4      4      1   
  0.61   0.07   0.13   0.11      5      5      1   
  0.58   0.79   0.22   0.91      4      4      1   
  0.06   0.12   0.17   0.23      2      2      1   
  0.23   0.79   0.30   0.95      2      2      1   
  0.23   0.02   0.77   0.13      5      5      1   
  0.24   0.49   0.24   0.23      3      3      1   
  0.74   0.98   0.07   0.99      7      7      1   
  0.54   0.67   0.50   0.39      3      3      1   
  0.26   0.49   0.90   0.75      8      7      1   
  0.07   0.99   0.57   0.05     12     11      1   
  0.42   0.41   0.86   0.05      5      5      1   
  0.94   0.13   0.80   0.11      2      2      1   
  0.27   0.24   0.71   0.93      8      8      1   
  0.04   0.95   0.52   0.12     12     11      1   
  0.52   0.73   0.41   0.82      2      2      1   
  0.49   0.50   0.52   0.15      4      4      1   
  0.13   0.83   0.91   0.74      7      7      1   
  0.59   0.74   0.08   0.20      7      7      1   
  0.49   0.84   0.58   0.28      5      5      1   
  0.24   0.31   0.33   0.37      1      1      1   
  0.03   0.47   0.73   0.96      8      8      1   
  0.67   0.52   0.30   0.18      5      5      1   
  0.71   0.31   0.60   0.03      3      3      1   
  0.55   0.56   0.87   0.01      6      6      1   
  0.77   0.13   0.09   0.08      6      6      1   
  0.38   0.91   0.17   0.02      9      9      1   
  0.39   0.52   0.69   0.46      3      3      1   
  0.69   0.46   0.43   0.12      4      4      1   
  0.43   0.12   0.23   0.02      2      2      1   
  0.75   0.91   0.81   0.00      9      9      1   
  0.03   0.47   0.44   0.81      7      6      1   
  0.44   0.20   0.81   0.89      8      8      1   
  0.23   0.79   0.83   0.92      6      6      1   
  0.37   0.04   0.57   0.76      7      7      1   
  0.86   0.32   0.28   0.45      6      6      1   
  0.37   0.83   0.16   0.52     31      6      1   
  0.65   0.44   0.48   0.77      4      4      1   
  0.79   0.77   0.87   0.01     13      9      1   
  0.24   0.49   0.14   1.00     37      7      1   
  0.37   0.04   0.41   0.22      2      2      1   
  0.90   0.01   0.12   0.18      7      7      1   
  0.40   0.80   0.18   0.37      5      5      1   
  0.06   0.39   0.10   0.25      2      2      1   
  0.26   0.32   0.76   0.03      5      5      1   
  0.22   0.56   0.65   0.44      4      4      1   
  0.32   0.98   0.25   0.05     14     10      1   
  0.18   0.11   0.65   0.01      5      5      1   
  0.41   0.04   0.56   0.12      2      2      1   
  0.80   0.87   0.28   0.51      6      6      1   
  0.56   0.58   0.67   0.01      6      6      1   
  0.11   0.18   0.91   0.74     11     10      1   
  0.89   0.25   0.06   0.12      8      8      1   
  0.88   0.85   0.27   0.25      8      8      1   
  0.47   0.12   0.25   0.05      2      2      1   
  0.16   0.52   0.88   0.94      8      8      1   
  0.67   0.01   0.11   0.50      7      7      1   
  0.26   0.37   0.33   0.51      2      2      1   
  0.78   0.95   0.91   0.25     14      9      1   
  0.88   0.94   0.67   0.52      5      5      1   
  0.13   0.14   0.58   0.39      5      5      1   
  0.60   0.03   0.44   0.08      2      2      1   
  0.02   0.14   0.71   0.31      7      7      1   
  0.38   0.24   0.85   0.05      5      5      1   
  0.43   0.20   0.09   0.81     68     10      1   
  0.13   0.04   0.08   0.26      2      2      1   
  0.48   0.01   0.33   0.39      4      4      1   
  0.64   0.22   0.76   0.03      2      2      1   
  0.55   0.04   0.01   0.24      5      5      1   
  0.44   0.94   0.17   0.21      8      8      1   
  0.58   0.34   0.49   0.10      3      3      1   
  0.22   0.39   0.44   0.94      7      7      1   
  0.26   0.42   0.46   0.14      3      3      1   
  0.13   0.14   0.26   0.25      2      2      1   
  0.58   0.62   0.15   0.02      7      7      1   
  0.58   0.34   0.36   0.83      6      6      1   
  0.04   0.80   0.07   0.99      2      2      1   
  0.41   0.19   0.24   0.50      4      4      1   
  0.86   0.05   0.24   0.26      6      6      1   
  0.52   0.15   0.69   0.46      3      3      1   
  0.26   0.36   0.17   0.23      2      2      1   
  0.84   0.78   0.88   0.94      2      2      1   
  0.31   0.55   0.13   0.11      5      5      1   
  0.89   0.06   0.69   0.45      5      5      1   
  0.52   0.12   0.48   0.01      1      1      1   
  0.54   0.67   0.71   0.93      3      3      1   
  0.31   0.05   0.60   0.31      4      4      1   
  0.61   0.10   0.49   0.23      2      2      1   
  0.38   0.12   0.09   0.81     53     11      1   
  0.14   0.13   0.48   0.77      7      7      1   
  0.89   0.06   0.58   0.93     10      9      1   
  0.52   0.59   0.91   0.94      5      5      1   
  0.17   0.86   0.03   0.32     43     10      1   
  0.34   0.02   0.11   0.16      3      3      1   
  0.64   0.09   0.04   0.80     75     10      1   
  0.39   0.91   0.64   0.09      8      8      1   
  0.86   0.93   0.19   0.44      8      8      1   
  0.93   0.08   0.54   0.52      6      6      1   
  0.70   0.01   0.07   0.99     65     11      1   
  0.13   0.14   0.12   0.18      1      1      1   
  0.20   0.96   0.58   0.93      4      4      1   
  0.09   0.27   0.49   0.50      4      4      1   
  0.57   0.76   0.76   0.03      7      7      1   
  0.27   0.24   0.04   0.80     82     10      1   
  0.54   0.52   0.55   0.49      1      1      1   
  0.37   0.83   0.76   0.93      4      4      1   
  0.30   0.95   0.58   0.39      6      6      1   
  0.82   0.30   0.42   0.86      7      7      1   
  0.58   0.39   0.16   0.18      4      4      1   
  0.24   0.14   0.75   0.17      5      5      1   
  0.28   0.88   0.17   0.57     26      7      1   
  0.88   0.16   0.43   0.20      4      4      1   
  0.87   0.01   0.49   0.10      4      4      1   
  0.57   0.38   0.86   0.93      6      6      1   
  0.23   0.85   0.45   0.04     11     10      1   
  0.60   0.31   0.02   0.25      5      5      1   
  0.49   0.50   0.98   0.31      6      6      1   
  0.64   0.84   0.74   0.94      2      2      1   
  0.73   0.96   0.33   0.37      7      7      1   
  0.08   0.26   0.73   0.96      8      8      1   
  0.62   0.36   0.58   0.34      1      1      1   
  0.67   0.01   0.52   0.89      8      8      1   
  0.32   0.25   0.65   0.13      3      3      1   
  0.03   0.81   0.51   0.55      6      6      1   
  0.14   1.00   0.08   0.44     21      9      1   
  0.13   0.54   0.20   0.96     26      8      1   
  0.61   0.10   0.10   0.09      5      5      1   
  0.34   0.52   0.71   0.93      5      5      1   
  0.49   0.10   0.05   0.24      4      4      1   
  0.74   0.94   0.25   0.10      9      9      1   
  0.15   0.86   0.16   0.45      9      8      1   
  0.84   0.89   0.28   0.33      8      8      1   
  0.88   0.94   0.51   0.23      8      8      1   
  0.28   0.37   0.66   0.40      4      4      1   
  0.15   0.02   0.06   0.04      1      1      1   
  0.58   0.28   0.68   0.76      5      5      1   
  0.88   0.03   0.89   0.79     17     10      1   
  0.98   0.31   0.87   0.01      3      3      1   
  0.06   0.99   0.25   0.05     14     12      1   
  0.12   0.24   0.48   0.60      5      5      1   
  0.23   0.11   0.21   0.53      4      4      1   
  0.23   0.31   0.67   0.30      4      4      1   
  0.57   0.20   0.20   0.52      5      5      1   
  0.03   0.95   0.71   0.91      7      7      1   
  0.37   0.18   0.84   0.03      5      5      1   
  0.24   0.14   0.54   0.11      3      3      1   
  0.45   0.04   0.75   0.91      9      9      1   
  0.41   0.30   0.14   1.00     49      8      1   
  0.16   0.98   0.69   0.06     11     10      1   
  0.37   0.34   0.29   0.12      2      2      1   
  0.21   0.97   0.14   0.23     10      9      1   
  0.49   0.71   0.61   0.10      6      6      1   
  0.25   0.53   0.52   0.15      5      5      1   
  0.06   0.90   0.68   0.66      6      6      1   
  0.92   0.77   0.16   0.98      7      7      1   
  0.24   0.50   0.06   0.90     67      8      1   
  0.16   0.45   0.18   0.97     30      8      1   
  0.44   0.85   0.06   0.12      8      8      1   
  0.73   0.83   0.95   0.25     19      9      1   
  0.20   0.80   0.26   0.49      7      7      1   
  0.19   0.01   0.14   0.23      2      2      1   
  0.05   0.24   0.22   0.56      4      4      1   
  0.16   0.17   0.22   0.91     25      9      1   
  0.12   0.18   0.26   0.25      2      2      1   
  0.78   0.20   0.57   0.20      2      2      1   
  0.51   0.23   0.78   1.00      8      8      1   
  0.58   0.28   0.65   0.91      6      6      1   
  0.91   0.24   0.03   0.02      9      8      1   
  0.16   0.17   0.32   0.98     11      9      1   
  0.04   0.12   0.01   0.94     60     13      1   
  0.16   0.17   0.86   0.89     10     10      1   
  0.41   0.22   0.47   0.12      1      1      1   
  0.13   0.11   0.39   0.52      5      5      1   
  0.17   0.50   0.83   0.92      8      8      1   
  0.17   0.50   0.01   0.42      2      2      1   
  0.13   0.83   0.28   0.53      8      7      1   
  0.91   0.01   0.65   0.08      3      3      1   
  0.49   0.10   0.58   0.39      3      3      1   
  0.33   0.51   0.46   0.88      5      5      1   
  0.70   0.19   0.17   0.98      9      9      1   
  0.44   0.08   0.37   0.83      8      8      1   
  0.55   0.04   0.69   0.95      8      8      1   
  0.17   0.98   0.84   0.03     11     11      1   
  0.04   0.95   0.95   0.94      9      9      1   
  0.45   0.04   0.41   0.04      1      1      1   
  0.18   0.11   0.74   0.94      9      9      1   
  0.45   0.98   0.07   0.02     10     10      1   
  0.24   0.49   0.52   0.12      5      4      1   
  0.36   0.05   0.81   0.89      9      9      1   
  0.65   0.13   0.23   0.46      5      5      1   
  0.36   0.37   0.80   0.24      4      4      1   
  0.30   0.53   0.79   0.77      6      6      1   
  0.64   0.87   0.22   0.56      6      5      1   
  0.74   0.98   0.52   0.15      8      8      1   
  0.68   0.76   0.07   0.99      6      6      1   
  0.51   0.55   0.05   0.79     86      6      1   
  0.30   0.35   0.28   0.88     21      7      1   
  0.05   0.90   0.45   0.28     10      9      1   
  0.27   0.24   0.68   0.66      6      6      1   
  0.49   0.10   0.54   0.52      4      4      1   
  0.66   0.40   0.57   0.38      1      1      1   
  0.51   0.55   0.17   0.34      4      4      1   
  0.48   0.01   0.57   0.56      6      5      1   
  0.27   0.25   0.21   0.27      1      1      1   
  0.44   0.99   0.99   0.12     10     10      1   
  0.89   0.29   0.24   0.50      7      7      1   
  0.46   0.42   0.68   0.34      2      2      1   
  0.78   0.09   0.52   0.15      3      3      1   
  0.38   0.91   0.41   1.00      1      1      1   
  0.50   0.69   0.26   0.37      4      4      1   
  0.16   0.98   0.58   0.34      8      8      1   
  0.36   0.05   0.85   0.05      5      5      1   
  0.95   0.31   0.05   0.19      8      8      1   
  0.28   0.88   0.08   0.44     21      8      1   
  0.14   0.13   0.63   0.90      8      8      1   
  0.10   0.25   0.05   0.79     57     10      1   
  0.69   0.27   0.62   0.36      1      1      1   
  0.25   0.10   0.91   0.25      6      6      1   
  0.36   0.37   0.46   0.81      5      5      1   
  0.30   0.39   0.65   0.08      5      5      1   
  0.11   0.18   0.61   0.10      5      5      1   
  0.03   0.89   0.28   0.17     12     11      1   
  0.94   0.13   0.69   0.27      3      3      1   
  0.88   0.16   0.34   0.52      6      6      1   
  0.64   0.87   0.46   0.88      2      2      1   
  0.01   0.99   0.17   0.19     13     12      1   
  0.37   0.04   0.23   0.85     38      9      1   
  0.03   0.40   0.67   0.01      7      7      1   
  0.98   0.27   0.05   0.19      9      9      1   
  0.66   0.06   0.03   0.47      7      7      1   
  0.57   0.38   0.58   0.93      5      5      1   
  0.56   0.56   0.17   0.98      6      6      1   
  0.26   0.07   0.13   0.04      2      2      1   
  0.94   0.02   0.80   0.05      2      2      1   
  0.64   0.71   0.87   0.01      7      7      1   
  0.56   0.26   0.06   0.12      5      5      1   
  0.65   0.47   0.31   0.55      3      3      1   
  0.08   0.26   0.70   0.23      6      6      1   
  0.05   0.19   0.12   0.13      1      1      1   
  0.86   0.32   0.24   0.04      7      6      1   
  0.92   0.77   0.39   0.52      6      6      1   
  0.09   0.43   0.44   0.85      8      7      1   
  0.50   0.39   0.17   0.98     62      7      1   
  0.01   0.44   0.24   0.31      3      3      1   
  0.08   0.91   0.09   0.08     21     12      1   
  0.65   0.44   0.30   0.53      4      4      1   
  0.27   0.25   0.09   0.81     60     10      1   
  0.16   0.86   0.67   0.82      5      5      1   
  0.44   0.31   0.03   0.02      5      5      1   
  0.20   0.35   0.13   0.05      3      3      1   
  0.23   0.85   0.22   0.17     10      9      1   
  0.09   0.16   0.55   0.56      6      6      1   
  0.09   0.16   0.26   0.42      3      3      1   
  0.91   0.01   0.74   0.08      2      2      1   
  0.81   0.00   0.85   0.05      1      1      1   
  0.08   0.26   0.21   0.29      2      2      1   
  0.51   0.55   0.26   0.07      6      5      1   
  0.39   0.52   0.92   0.83      6      6      1   
  0.28   0.33   0.33   0.23      1      1      1   
  0.27   0.25   0.30   0.41      2      2      1   
  0.10   0.27   0.21   0.97     34      9      1   
  0.21   0.53   0.13   0.04      5      5      1   
  0.13   0.86   0.09   0.08     15     11      1   
  0.55   0.49   0.13   0.24      4      4      1   
  0.02   0.14   0.17   0.98     45     11      1   
  0.67   0.30   0.22   0.91      7      7      1   
  0.17   0.98   0.03   0.02     24     11      1   
  0.30   0.05   0.06   0.39      4      4      1   
  0.60   0.31   0.09   0.21      5      5      1   
  0.37   0.34   0.13   0.83     48      8      1   
  0.06   0.36   0.09   0.21      2      2      1   
  0.88   0.16   0.09   0.27      7      7      1   
  0.16   0.37   0.63   0.90      7      7      1   
  0.93   0.08   0.34   0.52      7      7      1   
  0.32   0.25   0.65   0.01      4      4      1   
  0.05   0.05   0.03   0.40      4      4      1   
  0.92   0.77   0.95   0.94      2      2      1   
  0.89   0.79   0.65   0.44      6      6      1   
  0.74   0.06   0.53   0.32      3      3      1   
  0.41   0.30   0.03   0.95     56      9      1   
  0.03   0.95   0.57   0.05     12     11      1   
  0.28   0.09   0.24   0.31      2      2      1   
  0.56   0.39   0.49   0.20      2      2      1   
  0.41   0.30   0.25   0.26      2      2      1   
  0.27   0.22   0.25   0.53      3      3      1   
  0.64   0.22   0.02   0.14      6      6      1   
  0.70   0.19   0.26   0.79      8      8      1   
  0.98   0.27   0.27   0.25      7      7      1   
  0.52   0.73   0.65   0.13      6      6      1   
  0.71   0.03   0.35   0.23      4      4      1   
  0.68   0.76   0.26   0.49      5      5      1   
  0.15   0.02   0.44   0.36      4      4      1   
  0.51   0.23   0.65   0.60      4      4      1   
  0.57   0.56   0.18   0.38      4      4      1   
  0.52   0.12   0.24   0.23      3      3      1   
  0.16   0.37   0.21   0.97     38      8      1   
  0.49   0.95   0.21   0.91      3      3      1   
  0.28   0.33   0.52   0.15      3      3      1   
  0.05   0.31   0.61   0.31      6      6      1   
  0.51   0.55   0.03   0.47      5      5      1   
  0.65   0.44   0.57   0.76      4      4      1   
  0.26   0.25   0.20   0.96     26      9      1   
  0.18   0.11   0.78   0.09      6      6      1   
  0.36   0.05   0.36   0.46      4      4      1   
  0.16   0.52   0.13   0.04      4      4      1   
  0.01   0.99   0.10   0.45     20     11      1   
  0.87   0.01   0.58   0.39      5      5      1   
  0.65   0.91   0.16   0.86      5      5      1   
  0.15   0.02   0.31   0.55      5      5      1   
  0.30   0.40   0.81   0.89      7      7      1   
  0.25   0.53   0.27   0.22      3      3      1   
  0.08   0.44   0.18   0.11      3      3      1   
  0.49   0.71   0.18   0.11      6      6      1   
  0.03   0.90   0.16   0.86      2      2      1   
  0.07   0.93   0.39   1.00      3      3      1   
  0.37   0.43   0.01   0.94     60      9      1   
  0.86   0.93   0.52   0.67      4      4      1   
  0.87   0.01   0.36   0.37      6      6      1   
  0.57   0.76   0.26   0.42      4      4      1   
  0.15   0.86   0.27   0.24     10      9      1   
  0.43   0.12   0.49   0.20      1      1      1   
  0.57   0.05   0.08   1.00     55     11      1   
  0.98   0.31   0.68   0.34      4      4      1   
  0.74   0.98   0.53   0.17      8      8      1   
  0.43   0.92   0.69   0.45      5      5      1   
  0.21   0.18   0.24   0.23      1      1      1   
  0.90   0.75   0.68   0.66      3      3      1   
  0.75   0.24   0.13   0.04      6      6      1   
  0.26   0.32   0.80   0.05      6      6      1   
  0.28   0.09   0.22   0.39      3      3      1   
  0.39   0.05   0.08   0.20      3      3      1   
  0.21   0.29   0.23   0.46      2      2      1   
  0.69   0.86   0.52   0.15      7      7      1   
  0.49   0.23   0.17   0.23      3      3      1   
  0.14   0.23   0.59   0.25      4      4      1   
  0.92   0.77   0.13   0.11     10     10      1   
  0.71   0.31   0.53   0.32      2      2      1   
  0.27   0.52   0.58   0.93      6      6      1   
  0.08   0.00   0.86   0.32      8      8      1   
  0.05   0.29   0.61   0.10      6      6      1   
  0.28   0.45   0.16   0.86     42      7      1   
  0.16   0.17   0.08   0.04      2      2      1   
  0.69   0.97   0.16   0.98      6      6      1   
  0.28   0.55   0.56   0.78      4      4      1   
  0.11   0.18   0.65   0.91      9      9      1   
  0.76   0.05   0.74   0.94      9      9      1   
  0.39   0.05   0.05   0.90     71     11      1   
  0.89   0.79   0.73   0.08     12      9      1   
  0.46   0.81   0.87   0.01      8      8      1   
  0.41   0.22   0.20   0.51      3      3      1   
  0.49   0.62   0.94   0.13      6      6      1   
  0.41   0.30   0.12   0.16      3      3      1   
  0.10   0.45   0.19   0.82     39      9      1   
  0.81   0.89   0.16   0.17      9      9      1   
  0.17   0.02   0.89   0.29      7      7      1   
  0.92   0.77   0.56   0.58      4      4      1   
  0.23   0.02   0.46   0.88      9      9      1   
  0.01   0.42   0.18   0.14      3      3      1   
  0.25   0.05   0.21   0.97     37     11      1   
  0.91   0.24   0.30   0.40      6      6      1   
  0.10   0.25   0.17   0.57      3      3      1   
  0.35   0.23   0.33   0.39      2      2      1   
  0.07   0.02   0.94   0.19      8      8      1   
  0.69   0.45   0.57   0.00      4      4      1   
  0.00   0.01   0.37   0.19      4      4      1   
  0.64   0.09   0.65   0.08      1      1      1   
  0.19   0.01   0.89   0.89     11     10      1   
  0.74   0.08   0.09   0.52      7      7      1   
  0.09   0.21   0.70   0.19      6      6      1   
  0.24   0.23   0.50   0.69      5      5      1   
  0.74   0.25   0.11   0.40      7      6      1   
  0.58   0.65   0.04   0.12      7      7      1   
  0.29   0.91   0.46   0.88      2      2      1   
  0.28   0.88   0.94   0.79      6      6      1   
  0.61   0.07   0.16   0.98     10     10      1   
  0.37   0.43   0.44   0.31      2      2      1   
  0.34   0.08   0.36   0.05      1      1      1   
  0.68   0.76   0.39   0.91      3      3      1   
  0.77   0.13   0.85   0.05      1      1      1   
  0.25   0.10   0.07   0.99     52     11      1   
  0.44   0.20   0.23   0.46      3      3      1   
  0.37   0.19   0.20   0.30      2      2      1   
  0.39   0.17   0.40   0.80      6      6      1   
  0.31   0.55   0.24   0.49      1      1      1   
  0.16   0.52   0.03   0.40      2      2      1   
  0.52   0.73   0.07   0.99      5      5      1   
  0.81   0.00   0.37   0.83      9      9      1   
  0.36   0.46   0.24   0.04      4      4      1   
  0.05   0.05   0.39   0.52      5      5      1   
  0.10   0.27   0.12   0.16      1      1      1   
  0.13   0.54   0.06   0.33      2      2      1   
  0.98   0.27   0.37   0.19      6      6      1   
  0.20   0.47   0.30   0.05      4      4      1   
  0.88   0.16   0.57   0.20      3      3      1   
  0.65   0.47   0.49   0.62      2      2      1   
  0.60   0.70   0.09   0.08      8      7      1   
  0.36   0.46   0.65   0.44      3      3      1   
  0.26   0.26   0.22   0.95     36      9      1   
  0.49   0.95   0.23   0.85      3      3      1   
  0.67   0.01   0.44   0.99      9      9      1   
  0.36   0.46   0.25   0.05      4      4      1   
  0.24   0.14   0.65   0.91      8      8      1   
  0.28   0.25   0.10   0.17      2      2      1   
  0.37   0.19   0.44   0.99      8      8      1   
  0.09   0.81   0.52   0.73      5      5      1   
  0.44   0.38   0.41   1.00      6      6      1   
  0.64   0.71   0.58   0.25      4      4      1   
  0.16   0.18   0.05   0.05      2      2      1   
  0.93   0.08   0.70   0.23      3      3      1   
  0.19   0.87   0.13   0.11     16     10      1   
  0.55   0.04   0.45   0.04      1      1      1   
  0.69   0.95   0.23   0.02      9      9      1   
  0.41   0.82   0.48   0.60      3      3      1   
  0.49   0.10   0.36   0.42      3      3      1   
  0.69   0.46   0.28   0.45      4      4      1   
  0.52   0.67   0.69   0.46      3      3      1   
  0.90   0.75   0.55   0.49      5      5      1   
  0.54   0.11   0.13   0.04      4      4      1   
  0.05   0.05   0.58   0.62      7      7      1   
  0.34   0.82   0.49   0.95      2      2      1   
  0.74   0.06   0.36   0.37      5      5      1   
  0.95   0.31   0.08   0.44      8      8      1   
  0.58   0.34   0.57   0.00      3      3      1   
  0.12   0.18   0.83   0.92     10     10      1   
  0.57   0.56   0.86   0.05      5      5      1   
  0.64   0.87   0.06   0.04      9      9      1   
  0.03   0.81   0.98   0.31     13     12      1   
  0.14   0.86   0.50   0.68      5      5      1   
  0.56   0.60   0.30   0.18      5      5      1   
  0.65   0.60   0.81   0.00      6      6      1   
  0.25   0.10   0.13   0.04      1      1      1   
  0.09   0.52   0.21   0.18      3      3      1   
  0.08   0.00   0.28   0.09      2      2      1   
  0.12   0.13   0.08   0.04      1      1      1   
  0.76   0.05   0.12   0.18      6      6      1   
