  0.18   0.09   0.22   0.55      5      5      1   
  0.18   0.09   0.02   0.08      2      2      1   
  0.01   0.11   0.11   0.45      3      3      1   
  0.25   1.00   0.76   0.40      7      7      1   
  0.93   0.33   0.63   0.60      4      4      1   
  0.44   0.02   0.18   0.53      6      6      1   
  0.19   0.43   0.62   0.26      4      4      1   
  0.48   0.23   0.53   0.22      1      1      1   
  0.13   0.29   0.64   0.49      6      6      1   
  0.57   0.24   0.46   0.25      1      1      1   
  0.26   0.56   0.64   0.80      4      4      1   
  0.89   0.84   0.98   0.29      6      6      1   
  0.42   0.86   0.45   0.80      1      1      1   
  0.27   0.53   0.03   0.08      5      5      1   
  0.03   0.24   0.80   0.41      9      8      1   
  0.97   0.58   0.36   0.43      6      6      1   
  0.43   0.76   0.63   0.64      2      2      1   
  0.93   0.58   0.88   0.96      3      3      1   
  0.62   0.44   0.59   0.67      2      2      1   
  0.22   0.27   0.01   0.22      2      2      1   
  0.74   0.87   0.97   0.56      4      4      1   
  0.76   0.09   0.09   0.01     74     10      1   
  0.71   0.59   0.92   0.86      3      3      1   
  0.92   0.76   0.19   0.98      8      8      1   
  0.91   0.25   0.15   0.78     36      9      1   
  0.63   0.66   0.05   0.14      7      7      1   
  0.83   0.30   0.42   0.46      4      4      1   
  0.11   0.84   0.07   0.02     18     11      1   
  0.68   0.42   0.83   0.59      2      2      1   
  0.51   0.07   0.50   0.87      7      7      1   
  0.73   0.32   0.53   0.22      2      2      1   
  0.85   0.23   0.97   0.58      3      3      1   
  0.58   0.26   0.64   0.80      5      5      1   
  0.80   0.22   0.44   0.41      4      4      1   
  0.12   0.96   0.54   0.17     10     10      1   
  0.93   0.58   0.71   0.39      3      3      1   
  0.67   0.79   1.00   0.87      4      4      1   
  0.01   0.28   0.83   0.46      9      8      1   
  0.59   0.65   0.00   0.52      6      6      1   
  0.59   0.65   0.62   0.81      2      2      1   
  0.67   0.70   0.13   0.57      5      5      1   
  0.10   0.85   0.09   0.95      1      1      1   
  0.18   0.53   0.75   0.66      6      6      1   
  1.00   0.92   0.90   0.22      7      7      1   
  0.45   0.80   0.66   0.17      7      7      1   
  0.46   0.20   0.92   0.84      8      8      1   
  0.20   0.13   0.44   0.53      6      5      1   
  0.73   0.12   0.07   0.02    100     10      1   
  0.47   0.02   0.83   0.69      7      7      1   
  0.95   0.26   0.13   0.83     34      9      1   
  0.40   0.56   0.01   0.11      6      6      1   
  0.81   0.05   0.75   0.37      3      3      1   
  0.62   0.81   0.86   0.77      2      2      1   
  0.13   0.03   0.18   0.84     32     11      1   
  0.01   0.46   0.62   0.26      6      6      1   
  0.92   0.76   0.19   0.51      8      8      1   
  0.83   0.43   0.47   0.01      5      5      1   
  0.83   0.79   0.09   0.95      8      7      1   
  0.75   0.82   0.23   0.84      5      5      1   
  0.02   0.32   0.44   0.35      4      4      1   
  0.75   0.82   0.88   0.99      2      2      1   
  0.09   0.26   0.97   0.63     11      9      1   
  0.89   0.47   0.95   0.26      3      3      1   
  0.86   0.98   0.12   0.15     11     11      1   
  0.01   0.22   0.09   0.04      2      2      1   
  0.73   0.25   0.43   0.01      4      4      1   
  0.38   0.55   0.03   0.01      6      6      1   
  0.59   0.65   0.27   0.99      4      4      1   
  0.24   0.46   0.15   0.19      3      3      1   
  0.65   0.51   0.94   0.23      4      4      1   
  0.19   0.43   0.50   0.15      4      4      1   
  0.63   0.65   0.04   0.10      8      8      1   
  0.71   0.14   0.62   0.26      2      2      1   
  0.12   0.01   0.43   0.44      6      6      1   
  0.92   0.84   0.82   0.64      2      2      1   
  0.97   0.17   0.31   0.85      9      8      1   
  0.73   0.08   0.52   0.18      2      2      1   
  0.79   0.71   0.56   0.16      6      6      1   
  0.24   0.87   0.68   0.42      6      6      1   
  0.68   0.42   0.44   0.35      3      3      1   
  0.46   0.78   0.93   0.56      5      5      1   
  0.75   0.82   0.23   0.42      6      6      1   
  0.70   0.05   0.47   0.26      3      3      1   
  0.05   0.14   0.14   0.53      4      4      1   
  0.89   0.75   0.32   0.55      6      6      1   
  0.94   0.23   0.00   0.29     11      9      1   
  0.18   0.27   0.50   0.27      5      4      1   
  0.80   0.74   0.71   0.51      3      3      1   
  0.61   0.21   0.76   0.67      5      5      1   
  0.92   0.76   0.11   0.02    103     11      1   
  0.01   0.22   0.96   0.90     11     11      1   
  0.02   0.36   0.90   0.89     10     10      1   
  0.09   0.08   0.36   0.97     10     10      1   
  0.79   0.71   0.94   0.01      7      7      1   
  0.95   0.26   0.86   0.67      4      4      1   
  0.94   0.65   0.92   0.15      5      5      1   
  0.68   0.42   0.71   0.14      3      3      1   
  0.13   0.57   0.14   0.56      1      1      1   
  0.54   0.85   0.15   0.94      4      4      1   
  0.46   0.20   0.10   0.11     28      7      1   
  0.79   0.99   0.14   0.53      8      8      1   
  0.23   0.99   0.39   0.94      2      2      1   
  0.64   0.49   0.93   0.95      5      5      1   
  0.75   0.66   0.63   0.64      1      1      1   
  0.22   0.98   0.66   0.89      5      5      1   
  0.75   0.82   0.00   0.93      7      7      1   
  0.03   0.19   0.60   0.17     11      7      1   
  0.10   0.11   0.94   0.10     19     10      1   
  0.78   0.24   0.13   0.37     11      7      1   
  0.53   0.21   0.94   0.01      4      4      1   
  0.44   0.35   0.69   0.91      6      6      1   
  0.67   0.79   0.83   0.13      7      7      1   
  0.77   1.00   0.79   0.28      6      6      1   
  0.16   0.19   0.15   0.12      1      1      1   
  0.76   0.67   0.74   0.52      2      2      1   
  0.12   0.18   0.65   0.24      8      7      1   
  0.86   0.77   0.86   0.98      2      2      1   
  0.86   0.95   0.97   0.17      8      8      1   
  0.61   0.93   0.65   0.95      1      1      1   
  0.80   0.62   0.27   0.87      6      6      1   
  0.13   0.07   0.87   0.91     11     11      1   
  0.96   0.26   0.90   0.48      3      3      1   
  0.15   0.78   0.87   1.00      8      7      1   
  0.11   0.87   0.43   0.44      6      6      1   
  0.57   0.63   0.14   0.56      4      4      1   
  0.85   0.01   0.06   0.98     12     12      1   
  0.07   0.52   0.58   0.23      6      6      1   
  0.00   0.29   0.25   0.95      9      9      1   
  0.07   0.02   1.00   0.13     20     12      1   
  0.19   0.98   0.66   0.17      9      9      1   
  0.81   0.79   0.83   0.43      4      4      1   
  0.73   0.25   0.13   0.29     10      6      1   
  0.10   0.49   0.97   0.45      8      8      1   
  0.75   0.77   0.46   0.97      4      4      1   
  0.79   0.28   0.96   0.90      6      6      1   
  0.01   0.47   0.75   0.08      8      8      1   
  0.51   0.45   0.50   0.74      3      3      1   
  0.83   0.13   0.43   0.92      8      8      1   
  0.27   0.87   0.97   0.99      8      7      1   
  0.55   0.23   0.50   0.47      3      3      1   
  0.79   0.28   0.87   1.00      7      7      1   
  0.94   0.93   0.93   0.26      6      6      1   
  0.46   0.13   0.57   0.24      2      2      1   
  0.93   0.60   0.65   0.24      4      4      1   
  0.96   0.02   0.63   0.58      6      6      1   
  0.97   0.45   0.64   0.31      3      3      1   
  0.58   0.39   0.83   0.27      3      3      1   
  0.36   0.43   0.43   0.92      5      5      1   
  0.36   0.85   0.87   1.00      6      5      1   
  0.11   0.45   0.18   0.84     30      8      1   
  0.85   0.38   0.69   0.38      2      2      1   
  0.97   0.45   0.12   0.05     52     10      1   
  0.20   0.11   0.03   0.19      2      2      1   
  0.12   0.05   0.51   0.01     34      9      1   
  0.33   0.47   0.76   0.40      5      4      1   
  0.40   0.42   0.24   0.46      2      2      1   
  0.83   0.46   0.90   0.48      1      1      1   
  0.52   0.17   0.15   0.94     18      9      1   
  0.57   0.16   0.82   0.97      8      8      1   
  0.89   0.47   0.03   0.08     10     10      1   
  0.13   0.83   0.62   0.26      8      8      1   
  0.77   0.47   0.09   0.16      8      8      1   
  0.73   0.12   0.90   0.26      2      2      1   
  0.62   0.95   0.48   0.41      5      5      1   
  0.26   0.56   0.87   0.91      6      6      1   
  0.70   0.11   0.45   0.24      3      3      1   
  0.82   0.64   0.50   0.15      6      6      1   
  0.47   0.91   0.25   1.00      2      2      1   
  0.11   0.84   0.89   0.84      8      7      1   
  0.81   0.20   0.74   0.52      3      3      1   
  0.74   0.95   0.72   0.40      5      5      1   
  0.01   0.37   0.44   0.53      4      4      1   
  0.07   0.22   0.37   0.49      4      4      1   
  0.98   0.28   0.87   0.38      2      2      1   
  1.00   0.05   0.02   0.36     10     10      1   
  0.45   0.24   0.19   0.37      3      3      1   
  0.93   0.33   0.00   0.29     11      9      1   
  0.36   0.97   0.85   0.23      9      8      1   
  0.79   0.44   0.50   0.27      4      4      1   
  0.78   0.92   0.48   0.72      4      4      1   
  0.83   0.47   0.11   0.02     98     10      1   
  0.73   0.32   0.39   0.94      6      6      1   
  0.48   0.54   0.02   0.18      6      6      1   
  0.64   0.79   0.91   0.25      6      6      1   
  0.78   0.23   0.75   0.83      6      6      1   
  0.16   0.40   0.01   0.47      2      2      1   
  0.60   0.51   0.64   0.49      1      1      1   
  0.62   0.10   0.80   0.62      5      5      1   
  0.93   0.58   0.11   0.87      8      8      1   
  0.94   0.84   0.19   0.99      8      8      1   
  0.88   0.99   0.40   0.21     10      9      1   
  0.31   0.79   0.44   0.69      2      2      1   
  0.97   0.56   0.85   0.34      3      3      1   
  0.09   0.08   0.09   0.95     36     12      1   
  0.83   0.61   0.11   0.53      7      7      1   
  0.73   0.32   0.87   0.38      2      2      1   
  0.86   0.38   0.48   0.72      5      5      1   
  0.63   0.66   0.93   0.60      3      3      1   
  0.23   0.84   1.00   0.87      8      7      1   
  0.81   0.17   0.43   0.92      8      8      1   
  0.06   0.52   0.11   0.12      4      4      1   
  0.51   0.01   0.04   0.46      9      8      1   
  0.63   0.60   0.92   0.86      4      4      1   
  0.61   0.64   0.51   0.65      1      1      1   
  0.96   0.90   0.64   0.55      5      5      1   
  0.73   0.00   0.79   0.09      1      1      1   
  0.48   0.41   0.67   0.56      3      3      1   
  0.72   0.40   0.05   0.16     16      7      1   
  0.48   0.15   0.09   0.16     15      6      1   
  0.71   0.40   0.63   0.60      2      2      1   
  0.62   0.26   0.47   0.02      3      3      1   
  1.00   0.92   0.02   0.36     11     10      1   
  0.45   0.09   0.03   0.19     14      7      1   
  0.39   0.94   0.43   0.44      5      5      1   
  0.53   0.21   0.10   0.11     19      7      1   
  0.96   0.35   0.87   0.91      5      5      1   
  0.48   0.54   0.87   0.91      5      5      1   
  0.25   1.00   0.46   0.20      8      8      1   
  0.55   0.76   0.19   0.37      5      5      1   
  0.76   0.67   0.67   0.25      4      4      1   
  0.87   0.38   0.31   0.42      5      5      1   
  0.11   0.32   0.64   0.31      9      6      1   
  0.83   0.59   0.50   0.74      4      4      1   
  0.25   0.95   0.47   0.02      9      9      1   
  0.90   0.48   0.81   0.17      3      3      1   
  0.18   0.84   0.67   0.70      5      5      1   
  0.85   0.01   0.97   0.56      5      5      1   
  0.45   0.80   0.09   0.95      4      4      1   
  0.79   0.09   0.90   0.89      8      8      1   
  0.64   0.49   0.94   0.01      5      5      1   
  0.16   0.40   0.83   0.27      7      7      1   
  0.49   0.50   0.15   0.94     32      6      1   
  0.66   0.60   0.75   0.77      2      2      1   
  0.69   0.38   0.79   0.09      3      3      1   
  0.73   0.25   0.60   0.42      2      2      1   
  0.27   0.87   0.83   0.59      6      6      1   
  0.78   0.92   0.81   0.07      8      8      1   
  0.83   0.69   0.79   0.09      6      6      1   
  0.47   0.02   0.34   0.98     10     10      1   
  0.75   0.87   0.14   0.06     10     10      1   
  0.01   0.11   0.76   0.09     28      9      1   
  0.06   0.98   0.56   0.06     13     10      1   
  0.03   0.08   0.16   0.40      3      3      1   
  0.97   0.56   0.14   0.06     44     11      1   
  0.02   0.32   0.54   0.69      6      6      1   
  0.43   0.78   0.09   0.77      3      3      1   
  0.16   0.94   0.72   0.40      7      7      1   
  0.01   0.22   0.78   0.23      9      8      1   
  0.64   0.80   0.01   0.88      6      6      1   
  0.06   0.95   0.80   0.21     10      9      1   
  0.61   0.12   0.83   0.67      6      6      1   
  0.26   0.56   0.36   0.43      2      2      1   
  0.78   0.04   0.88   0.45      4      4      1   
  0.44   0.69   0.76   0.09      7      7      1   
  0.68   0.56   0.80   0.33      3      3      1   
  0.31   0.85   0.20   0.13     16      8      1   
  0.80   0.21   0.92   0.15      1      1      1   
  0.02   0.32   0.73   0.08     21      8      1   
  0.93   0.58   0.93   0.26      3      3      1   
  0.12   0.96   0.43   0.01     11     11      1   
  0.96   0.51   0.14   0.53      8      8      1   
  0.16   0.94   0.90   0.26      9      9      1   
  0.65   0.44   0.57   0.24      2      2      1   
  0.14   0.35   0.44   0.53      3      3      1   
  0.03   0.19   0.85   0.40      9      8      1   
  0.32   0.83   0.75   0.77      4      4      1   
  0.55   0.04   0.56   0.16      1      1      1   
  0.28   0.81   0.97   0.45      7      7      1   
  0.75   0.37   0.28   0.81      7      6      1   
  0.65   0.44   0.45   0.80      4      4      1   
  0.25   1.00   0.73   0.25      8      8      1   
  0.51   0.77   0.02   0.08      8      8      1   
  0.93   0.26   0.03   0.88     11     10      1   
  0.98   0.29   0.15   0.05     82     10      1   
  0.23   0.84   0.07   0.08     19     10      1   
  0.19   0.20   0.57   0.63      6      6      1   
  0.50   0.06   0.05   0.26     15      7      1   
  0.88   0.99   0.45   0.48      7      7      1   
  0.67   0.79   0.05   0.16      8      8      1   
  0.03   0.86   0.90   0.26     10     10      1   
  0.80   0.21   0.94   0.93      8      7      1   
  0.09   0.95   0.80   0.21     10      9      1   
  0.62   0.43   0.96   0.02      5      5      1   
  0.59   0.03   0.50   0.15      2      2      1   
  0.00   0.52   0.46   0.25     10      5      1   
  0.75   0.87   0.01   0.20      9      9      1   
  0.40   0.56   0.52   0.18      4      4      1   
  0.07   0.22   0.41   0.36      5      4      1   
  0.10   1.00   0.48   0.54      6      6      1   
  0.94   0.01   0.71   0.51      5      5      1   
  0.03   0.08   0.75   0.77     10      9      1   
  0.18   0.09   0.59   0.03     28      8      1   
  0.22   0.27   0.43   0.92      8      8      1   
  0.85   0.49   0.12   0.18      9      9      1   
  0.18   0.92   0.05   0.36     24      9      1   
  0.75   0.82   0.45   0.48      5      5      1   
  0.22   0.27   0.55   0.76      7      6      1   
  0.61   0.00   0.00   0.85     50     11      1   
  0.61   0.21   0.88   0.18      3      3      1   
  0.50   0.74   0.54   0.69      1      1      1   
  0.61   0.12   0.53   0.22      2      2      1   
  0.13   0.07   0.31   0.85      9      9      1   
  0.62   0.10   0.37   0.49      4      4      1   
  0.96   0.90   0.09   0.16     11     11      1   
  0.07   0.82   0.56   0.19      9      9      1   
  0.63   0.65   0.86   0.77      3      3      1   
  0.47   0.02   0.32   0.83      8      8      1   
  0.16   0.40   0.05   0.36      1      1      1   
  0.37   0.49   0.50   0.27      3      3      1   
  0.75   0.08   0.02   0.25     15      8      1   
  0.93   0.46   0.81   0.07      4      4      1   
  0.14   0.35   0.60   0.42      4      4      1   
  0.05   0.41   0.80   0.22      8      8      1   
  0.62   0.10   0.01   0.20     17      8      1   
  0.01   0.20   0.26   0.42      4      4      1   
  0.40   0.81   0.79   0.71      4      4      1   
  0.88   0.96   0.96   0.01      8      8      1   
  0.26   0.56   0.83   0.47      5      5      1   
  0.22   0.27   0.46   0.13     23      5      1   
  0.59   0.67   0.77   1.00      4      4      1   
  0.09   0.01   0.62   0.95     10     10      1   
  0.67   0.70   0.43   0.78      2      2      1   
  0.47   0.61   0.50   0.27      4      4      1   
  0.10   0.11   0.63   0.66      8      8      1   
  0.01   0.46   0.16   0.13      4      4      1   
  0.72   0.40   0.96   0.51      3      3      1   
  0.79   0.09   0.90   0.08      1      1      1   
  0.76   0.05   0.22   0.55      7      7      1   
  0.80   0.13   0.05   0.41      8      8      1   
  0.96   0.08   0.00   0.15     20     11      1   
  0.61   0.07   0.84   0.75      7      7      1   
  0.63   0.43   0.49   0.89      4      4      1   
  0.85   0.49   0.66   0.08      5      5      1   
  0.01   0.20   0.06   0.21      1      1      1   
  0.02   0.87   0.47   0.26     10      9      1   
  0.24   0.46   0.01   0.20      4      4      1   
  0.79   0.28   0.46   0.40      4      4      1   
  0.11   0.02   0.07   0.82     34     11      1   
  0.98   0.28   0.17   0.24     13      9      1   
  0.07   0.02   0.99   0.49     12     11      1   
  0.05   0.16   0.40   0.42      4      4      1   
  0.16   0.13   0.76   0.40      9      8      1   
  0.51   0.62   0.11   0.19      6      6      1   
  0.79   0.09   0.45   0.80      8      7      1   
  0.67   0.25   0.28   0.95      8      7      1   
  0.12   0.96   0.88   0.99      8      7      1   
  0.11   0.12   0.25   1.00     11     10      1   
  0.90   0.08   0.03   0.24     13      9      1   
  0.54   0.17   0.74   0.95      8      8      1   
  0.79   0.09   0.01   0.28     12      8      1   
  0.48   0.11   0.94   0.65      7      7      1   
  0.83   0.69   0.97   0.56      2      2      1   
  0.54   0.17   0.85   0.34      3      3      1   
  0.13   0.03   0.26   0.42      5      4      1   
  0.56   0.19   0.96   0.35      4      4      1   
  0.12   0.01   0.85   0.38     10     10      1   
  0.16   0.13   0.67   0.70      8      8      1   
  0.80   0.74   0.90   0.64      2      2      1   
  0.63   0.38   0.63   0.60      2      2      1   
  0.64   0.31   0.80   0.21      2      2      1   
  0.85   0.23   0.93   0.60      4      4      1   
  0.63   0.64   0.31   0.85      4      4      1   
  0.18   0.09   0.16   0.40      3      3      1   
  0.50   0.11   0.93   0.26      4      4      1   
  0.96   0.90   0.61   0.21      8      8      1   
  0.16   0.40   0.81   0.05      8      8      1   
  0.62   0.43   0.03   0.14     17      7      1   
  0.54   0.85   0.61   0.93      1      1      1   
  0.22   0.98   0.02   0.18     27     10      1   
  0.18   0.09   0.05   0.14      2      2      1   
  0.56   0.20   0.14   0.99      8      8      1   
  0.57   0.81   0.50   0.87      1      1      1   
  0.58   0.26   0.96   0.90      7      7      1   
  0.11   0.45   0.18   0.84     30      8      1   
  0.32   0.55   0.46   0.13      4      4      1   
  0.18   0.27   0.83   0.43      8      7      1   
  0.28   0.95   0.96   0.02     10     10      1   
  0.59   0.03   1.00   0.92      9      9      1   
  0.02   0.25   0.14   0.99     22     10      1   
  0.48   0.41   0.43   0.76      4      4      1   
  0.79   0.09   0.07   0.08     27      9      1   
  0.09   0.01   1.00   0.05     31     12      1   
  0.01   0.28   0.14   0.06      3      3      1   
  0.96   0.90   0.89   0.47      4      4      1   
  0.50   0.11   0.28   0.95      8      8      1   
  0.60   0.17   0.09   0.01     98      9      1   
  0.07   0.82   0.85   0.38      8      8      1   
  0.66   0.08   0.73   0.08      1      1      1   
  0.63   0.65   0.85   0.23      5      5      1   
  0.75   0.82   0.64   0.92      2      2      1   
  0.80   0.74   0.24   0.87      6      6      1   
  0.65   0.44   0.85   0.12      4      4      1   
  0.56   0.06   0.27   0.99      9      9      1   
  0.05   0.16   0.54   0.85      8      8      1   
  1.00   0.09   0.52   0.70      7      7      1   
  0.14   0.35   0.22   0.98      9      8      1   
  0.90   0.89   0.15   0.78      7      7      1   
  0.01   0.88   0.62   0.81      6      6      1   
  0.83   0.43   0.05   0.36      7      7      1   
  0.48   0.53   0.12   0.15      6      5      1   
  0.73   0.25   0.92   0.84      6      6      1   
  0.59   0.03   0.83   0.67      7      7      1   
  0.01   0.88   0.83   0.67      8      8      1   
  0.02   0.25   0.64   0.49      7      7      1   
  0.22   0.08   1.00   0.92     12     12      1   
  0.92   0.15   0.91   0.25      1      1      1   
  0.45   0.24   0.55   0.76      5      5      1   
  0.07   0.52   0.09   0.08      4      4      1   
  0.57   0.63   0.40   0.21      5      5      1   
  0.27   0.53   0.65   0.51      4      4      1   
  0.09   0.01   0.19   0.37      4      4      1   
  0.80   0.62   0.83   0.96      4      4      1   
  0.29   0.85   0.11   0.19     16      9      1   
  0.88   0.45   1.00   0.09      4      4      1   
  0.83   0.61   0.85   0.38      2      2      1   
  0.41   0.07   0.83   0.96     10      9      1   
  0.05   0.36   0.79   0.47      7      7      1   
  0.90   0.08   0.97   0.45      4      4      1   
  0.50   0.03   0.12   0.96     20     11      1   
  0.44   0.35   0.90   0.76      6      6      1   
  0.62   0.81   0.58   0.26      5      5      1   
  0.98   0.09   0.99   0.34      3      3      1   
  0.96   0.90   1.00   0.92      1      1      1   
  0.57   0.24   0.99   0.01      5      5      1   
  0.39   0.94   0.03   0.19     27      9      1   
  1.00   0.09   0.41   0.78      8      8      1   
  0.14   0.06   0.73   0.25      8      8      1   
  0.22   0.03   0.98   0.09     16     12      1   
  0.50   0.03   0.59   0.65      6      6      1   
  0.94   0.23   0.07   0.02    104     11      1   
  0.62   0.43   0.14   0.35      5      5      1   
  0.56   0.16   0.61   0.12      1      1      1   
  0.84   0.30   0.78   0.04      3      3      1   
  0.73   0.12   0.60   0.42      3      3      1   
  0.05   0.26   0.94   0.10     22      9      1   
  0.19   0.37   0.00   0.57      3      3      1   
  0.45   0.24   0.87   0.91      8      7      1   
  0.05   0.26   0.09   0.01      3      3      1   
  0.09   0.01   0.95   0.26     12     11      1   
  0.22   0.40   0.06   0.21      3      3      1   
  0.53   0.64   0.03   0.86      6      6      1   
  0.94   0.23   0.90   0.89      6      6      1   
  0.00   0.57   0.73   0.32      8      7      1   
  0.94   0.23   0.06   0.52      9      9      1   
  0.73   0.12   0.61   0.12      1      1      1   
  0.55   0.23   0.46   0.78      5      5      1   
  0.56   0.16   0.87   0.91      8      8      1   
  0.74   0.95   0.01   0.20     10     10      1   
  0.63   0.43   0.84   0.98      6      6      1   
  0.05   0.26   0.03   0.08      2      2      1   
  0.69   0.50   0.85   0.38      2      2      1   
  0.96   0.51   0.55   0.15      5      5      1   
  0.25   0.95   0.99   0.71      8      8      1   
  0.85   0.38   0.07   0.02     76     10      1   
  0.76   0.40   0.06   0.52      7      7      1   
  0.85   0.01   0.20   0.13     91     10      1   
  0.83   0.43   0.11   0.49      7      7      1   
  0.27   0.53   0.24   0.48      1      1      1   
  0.22   0.98   0.31   0.85      2      2      1   
  0.02   0.93   0.57   0.81      5      5      1   
  0.75   0.83   0.64   0.31      5      5      1   
  0.97   0.58   0.61   0.24      5      5      1   
  0.88   0.96   0.56   0.06      9      9      1   
  0.81   0.05   0.61   0.24      3      3      1   
  0.57   0.63   0.79   0.44      3      3      1   
  0.07   0.82   0.11   0.45     17      8      1   
  0.13   0.83   1.00   0.09     11     11      1   
  0.86   0.98   0.64   0.79      3      3      1   
  0.01   0.47   0.07   0.08      4      4      1   
  0.19   0.98   0.00   0.29     27     10      1   
  0.19   0.43   0.50   0.47      3      3      1   
  0.11   0.87   0.54   0.10     11      9      1   
  0.47   0.26   0.11   0.19      9      5      1   
  0.92   0.57   0.67   0.25      4      4      1   
  0.31   0.42   0.99   0.34      7      7      1   
  0.19   0.98   0.01   0.81      3      3      1   
  0.61   0.00   0.51   0.62      6      6      1   
  0.30   0.79   0.72   0.13      8      8      1   
  0.73   0.00   0.60   0.17      2      2      1   
  0.50   0.06   0.71   0.59      5      5      1   
  0.23   0.42   0.19   0.37      1      1      1   
  0.15   0.44   0.85   0.01      8      8      1   
  0.11   0.32   0.63   0.66      6      6      1   
  0.62   0.95   0.13   0.83      5      5      1   
  0.97   0.58   0.75   0.30      3      3      1   
  0.94   0.01   0.50   0.74      8      8      1   
  0.28   0.95   0.18   0.92      1      1      1   
  0.88   0.45   0.83   0.46      1      1      1   
  0.47   0.01   0.46   0.20      2      2      1   
  0.85   0.01   0.61   0.21      3      3      1   
  0.22   0.98   0.50   0.87      3      3      1   
  0.92   0.57   0.19   0.20     10     10      1   
  0.74   0.52   0.00   0.29      8      8      1   
  0.64   0.55   0.38   0.55      3      3      1   
  0.69   0.91   0.51   0.65      3      3      1   
  0.74   0.64   0.74   0.95      3      3      1   
  0.75   0.66   0.83   0.46      3      3      1   
  0.77   0.25   0.61   0.07      2      2      1   
  0.59   0.67   0.66   0.08      6      6      1   
  0.18   0.53   0.45   0.09      6      6      1   
  0.73   0.12   0.59   0.67      5      5      1   
  0.91   0.25   0.46   0.97      8      8      1   
  0.06   0.52   0.63   0.38      6      6      1   
  0.54   0.69   0.00   0.52      6      6      1   
  0.64   0.80   0.18   0.53      5      5      1   
  0.44   0.66   0.93   0.60      5      5      1   
  0.96   0.69   1.00   0.13      5      5      1   
  0.04   0.27   0.99   0.29     11      9      1   
  0.88   0.17   0.80   0.41      3      3      1   
  0.82   0.64   0.97   0.45      3      3      1   
  0.46   0.25   0.23   0.99      8      8      1   
  0.53   0.21   0.27   0.53      4      4      1   
  0.83   0.43   0.80   0.72      3      3      1   
  0.39   0.94   0.90   0.76      6      6      1   
  0.13   0.83   0.59   0.03     11     10      1   
  0.62   0.26   0.83   0.43      3      3      1   
  1.00   0.09   0.67   0.25      4      4      1   
  0.36   0.97   0.50   0.87      2      2      1   
  0.86   0.95   0.55   0.04      9      9      1   
  0.64   0.31   0.55   0.50      2      2      1   
  0.48   0.41   0.83   0.43      3      3      1   
  0.92   0.57   0.09   0.26      9      9      1   
  0.97   0.56   0.90   0.64      1      1      1   
  0.14   0.06   0.24   0.46      4      4      1   
  0.66   0.60   0.94   0.65      3      3      1   
  0.02   0.08   0.80   0.21     10      9      1   
  0.75   0.76   0.78   0.23      5      5      1   
  0.61   0.21   0.04   0.46      6      6      1   
  0.48   0.23   0.23   0.48      4      4      1   
  0.23   0.84   0.99   0.56      8      8      1   
  0.40   0.42   0.61   0.00      5      5      1   
  0.93   0.46   0.96   0.02      4      4      1   
  0.78   0.04   0.85   0.49      5      5      1   
  0.36   0.43   0.70   0.45      3      3      1   
  0.66   0.08   0.38   0.55      5      5      1   
  0.96   0.08   0.88   0.17      1      1      1   
  0.83   0.96   0.93   0.26      7      7      1   
  0.92   0.86   0.03   0.08     11     11      1   
  0.43   0.44   0.49   0.08      4      4      1   
  0.61   0.93   0.52   0.70      2      2      1   
  0.63   0.58   0.03   0.86      7      7      1   
  0.64   0.49   0.83   0.67      3      3      1   
  0.92   0.86   0.99   0.49      4      4      1   
  0.14   0.99   0.87   0.38      8      8      1   
  0.16   0.94   0.97   0.99      8      8      1   
  0.97   0.17   0.49   0.89      8      8      1   
  0.56   0.06   0.80   0.72      7      7      1   
  0.86   0.95   0.18   0.27     10     10      1   
  0.24   0.48   0.48   0.11      5      5      1   
  0.55   0.76   0.28   0.95      3      3      1   
  0.22   0.98   0.50   0.47      6      6      1   
  0.04   0.10   0.55   0.76      9      8      1   
  0.98   0.28   0.40   0.81      7      7      1   
  0.83   0.13   0.09   0.08     28      9      1   
  0.01   0.20   0.52   0.17     24      7      1   
  0.99   0.01   0.01   0.11     26     11      1   
  0.78   0.23   0.01   0.46     11      8      1   
  0.89   0.84   0.49   0.50      6      5      1   
  0.82   0.40   0.18   0.27      7      7      1   
  0.14   0.06   0.04   0.46      4      4      1   
  0.96   0.69   0.73   0.00      6      6      1   
  0.83   0.30   0.01   0.28     12      8      1   
  0.62   0.43   0.70   0.05      4      4      1   
  0.55   0.76   0.99   0.49      5      5      1   
  0.14   0.56   0.10   1.00     14      8      1   
  0.54   0.69   0.51   0.19      5      5      1   
  0.56   0.19   0.65   0.24      1      1      1   
  0.01   0.37   0.52   0.18     19      6      1   
  0.93   0.33   0.64   0.49      3      3      1   
  0.38   0.94   0.87   0.91      5      5      1   
  0.00   0.57   0.64   0.79      7      7      1   
  0.15   0.94   0.98   0.09     11     11      1   
  0.90   0.89   0.42   0.22      9      8      1   
  0.43   0.76   0.18   0.09      8      8      1   
  0.98   0.09   0.93   0.58      5      5      1   
  0.05   0.14   0.84   0.98     12     11      1   
  0.61   0.12   0.67   0.79      6      6      1   
  0.31   0.85   0.83   0.43      6      6      1   
  0.92   0.15   0.75   0.82      6      6      1   
  0.76   0.05   0.61   0.64      6      6      1   
  0.22   0.20   0.02   0.32      2      2      1   
  0.79   0.28   1.00   0.13      2      2      1   
  0.88   0.18   0.27   0.53      7      7      1   
  0.98   0.09   0.76   0.09      3      3      1   
  0.07   0.82   0.87   0.91      7      7      1   
  0.38   0.55   0.06   0.95     36      6      1   
  0.85   0.38   0.73   0.00      4      4      1   
  0.75   0.82   0.87   1.00      2      2      1   
  0.09   0.08   0.86   0.26     10      9      1   
  0.90   0.26   0.56   0.19      3      3      1   
  0.63   0.60   0.38   0.55      3      3      1   
  0.75   0.30   0.96   0.69      4      4      1   
  0.63   0.64   0.12   0.05      8      8      1   
  0.88   0.45   0.13   0.37      7      7      1   
  0.09   0.08   0.32   0.79      9      9      1   
  0.48   0.53   0.79   0.28      4      4      1   
  0.22   0.03   0.87   1.00     13     12      1   
  0.95   0.26   0.39   0.94      8      8      1   
  0.11   0.02   0.22   0.08      1      1      1   
  0.18   0.81   0.64   0.79      4      4      1   
  0.20   0.13   0.59   0.03     20      8      1   
  0.20   0.13   0.93   0.71     11     10      1   
  0.70   0.45   0.64   0.31      2      2      1   
  0.17   0.38   0.66   0.17     19      6      1   
  0.74   0.38   0.06   0.95      9      8      1   
  0.03   0.86   0.11   0.32     12     10      1   
  0.46   0.13   0.86   0.98      9      9      1   
  0.22   0.20   0.51   0.07     19      7      1   
  0.49   0.89   0.15   0.44      6      6      1   
  0.93   0.95   0.60   0.17      8      8      1   
  0.12   0.96   0.64   0.49      7      7      1   
  0.64   0.92   0.07   0.82      6      6      1   
  0.31   0.43   0.63   0.64      4      4      1   
  0.06   0.32   0.50   0.74      6      6      1   
  0.02   0.36   0.50   0.74      6      6      1   
  0.96   0.51   0.40   0.21      6      6      1   
  0.51   0.19   0.09   0.04     73      7      1   
  0.15   0.44   0.27   0.87      7      7      1   
  0.36   0.97   0.77   1.00      5      5      1   
  0.42   0.46   0.64   0.49      3      3      1   
  0.64   0.55   0.46   0.78      3      3      1   
  0.44   0.35   0.67   0.70      4      4      1   
  0.27   0.53   0.69   0.91      5      5      1   
  0.99   0.49   0.75   0.96      5      5      1   
  0.43   0.92   0.77   1.00      4      4      1   
  0.01   0.81   0.80   0.72      8      8      1   
  0.72   0.13   0.20   0.28      8      7      1   
  0.02   0.08   0.88   0.99     12     12      1   
  0.42   0.03   0.56   0.06      2      2      1   
  0.03   0.19   0.85   0.34     10      8      1   
  0.92   0.11   0.13   0.07    102     10      1   
  0.43   0.44   0.75   0.77      4      4      1   
  0.80   0.74   0.63   0.43      3      3      1   
  0.93   0.95   0.51   0.01     10     10      1   
  0.47   0.61   0.74   0.52      3      3      1   
  0.79   0.47   0.19   0.43      6      6      1   
  0.87   0.38   0.83   0.96      6      6      1   
  0.66   0.60   0.13   0.57      5      5      1   
  0.85   0.49   0.83   0.46      1      1      1   
  0.30   0.79   0.27   0.53      4      4      1   
  0.10   0.85   0.82   0.78      7      7      1   
  0.53   0.75   0.22   0.55      4      4      1   
  0.62   0.81   0.05   0.26      7      7      1   
  0.75   0.96   0.22   0.40      8      8      1   
  0.69   0.91   0.23   0.84      5      5      1   
  0.88   0.68   0.18   0.92      7      7      1   
  0.03   0.14   0.89   0.75     11     10      1   
  0.67   0.15   0.11   0.87     44      9      1   
  0.05   0.36   0.74   0.52      7      7      1   
  0.07   0.02   0.97   0.58     12     11      1   
  1.00   0.05   0.55   0.04      5      5      1   
  0.43   0.76   0.62   0.44      4      4      1   
  0.76   0.09   0.38   0.94      9      8      1   
  0.47   0.02   0.46   0.13      1      1      1   
  0.75   0.87   0.05   0.14      9      9      1   
  0.45   0.09   0.22   0.18     14      7      1   
  0.43   0.76   0.15   0.94      3      3      1   
  0.75   0.30   1.00   0.87      6      6      1   
  0.79   0.28   0.74   0.64      3      3      1   
  0.75   0.83   0.90   0.64      2      2      1   
  0.67   0.25   0.09   0.95      9      9      1   
  0.09   0.08   0.98   0.29     12     10      1   
  0.31   0.42   0.81   0.05      6      6      1   
  0.46   0.25   0.90   0.26      4      4      1   
  0.39   0.94   0.10   1.00      3      3      1   
  0.42   0.46   0.14   0.53      3      3      1   
  0.71   0.14   0.92   0.57      4      4      1   
  0.83   0.27   0.47   0.91      7      7      1   
  0.33   0.47   0.64   0.49      3      3      1   
  0.14   0.35   0.00   0.15      2      2      1   
  0.85   0.49   0.67   0.79      4      4      1   
  0.81   0.17   0.38   0.94      8      8      1   
  0.07   0.08   0.96   0.69     12     11      1   
  0.47   0.01   0.32   0.79      8      8      1   
  0.15   0.44   0.27   0.99      8      8      1   
  0.00   0.93   0.83   0.59      8      8      1   
  0.61   0.12   0.51   0.77      6      6      1   
  0.67   0.15   0.99   0.49      5      5      1   
  0.24   0.87   0.96   0.01     10     10      1   
  0.18   0.81   0.06   0.21     20      9      1   
  0.50   0.47   0.63   0.65      2      2      1   
  0.94   0.23   0.76   0.67      5      5      1   
  0.07   0.02   0.89   0.75     11     11      1   
  0.19   0.51   0.76   0.05      7      7      1   
  0.01   0.20   0.60   0.17     15      8      1   
  0.45   0.63   0.87   0.91      5      5      1   
  0.96   0.83   0.54   0.85      4      4      1   
  0.36   0.43   0.72   0.51      4      4      1   
  0.88   0.18   0.56   0.06      4      4      1   
  0.61   0.07   0.73   0.00      2      2      1   
  0.56   0.19   0.92   0.84      8      7      1   
  0.69   0.24   0.50   0.87      6      6      1   
  0.11   0.53   0.80   0.72      7      7      1   
  0.87   0.38   0.89   0.84      5      5      1   
  0.41   0.07   0.62   0.44      5      5      1   
  0.99   0.71   0.45   0.63      5      5      1   
  0.67   0.56   0.80   0.21      4      4      1   
  0.45   0.63   0.44   0.66      1      1      1   
  0.18   0.81   0.47   0.91      3      3      1   
  0.76   0.40   0.99   0.49      3      3      1   
  0.87   0.69   0.65   0.51      3      3      1   
  0.15   0.53   0.61   0.21      5      5      1   
  0.80   0.62   0.38   0.55      5      5      1   
  0.83   0.27   0.53   0.64      5      5      1   
  0.24   0.87   0.46   0.78      2      2      1   
  0.97   0.45   0.19   0.37      8      7      1   
  0.80   0.74   0.61   0.64      3      3      1   
  0.07   0.08   0.71   0.39      9      8      1   
  0.17   0.38   0.02   0.25      2      2      1   
  0.01   0.22   0.62   0.95      9      9      1   
  0.75   0.82   0.94   0.10      7      7      1   
  0.50   0.03   0.12   0.96     20     11      1   
  0.66   0.17   0.06   0.95     10     10      1   
  0.47   0.91   0.92   0.57      6      6      1   
  0.75   0.37   0.50   0.27      3      3      1   
  0.05   0.26   0.70   0.99      9      9      1   
  0.01   0.81   0.48   0.54      6      6      1   
  0.07   0.82   0.60   0.51      6      6      1   
  0.41   0.36   0.67   0.70      4      4      1   
  0.83   0.59   0.11   0.02    104     10      1   
  0.02   0.32   0.88   0.99     10     10      1   
  0.75   0.82   0.00   0.57      8      8      1   
  0.04   0.46   0.55   0.15      6      6      1   
  0.19   0.98   0.15   0.78      2      2      1   
  0.79   0.47   0.00   0.52      8      8      1   
  0.76   0.40   0.94   0.84      5      5      1   
  0.14   0.56   0.96   0.45      7      7      1   
  0.89   0.84   0.41   1.00      5      5      1   
  0.85   0.12   0.67   0.70      6      6      1   
  0.66   0.17   0.70   0.11      1      1      1   
  0.62   0.10   0.45   0.24      2      2      1   
  0.99   0.71   0.75   0.37      4      4      1   
  0.12   0.15   0.82   0.40      9      8      1   
  0.50   0.03   0.83   0.79      8      8      1   
  0.76   0.09   1.00   0.13      3      3      1   
  0.85   0.49   0.50   0.74      4      4      1   
  0.02   0.36   0.47   0.91      8      8      1   
  0.86   0.38   0.37   0.49      5      5      1   
  0.81   0.17   0.71   0.40      3      3      1   
  0.86   0.26   0.46   0.25      4      4      1   
  0.51   0.62   0.87   0.97      5      5      1   
  0.43   0.92   0.85   0.23      8      8      1   
  1.00   0.87   0.32   0.79      6      6      1   
  0.52   0.18   0.84   0.98      9      9      1   
  0.75   0.82   0.60   0.51      4      4      1   
  0.10   0.85   0.85   0.38      8      8      1   
  0.50   0.47   0.19   0.98      6      6      1   
  0.79   0.44   0.46   0.25      4      4      1   
  0.84   0.30   0.72   0.13      2      2      1   
  0.61   0.21   0.56   0.06      2      2      1   
  0.78   0.24   0.13   0.03     75      9      1   
  0.79   0.44   0.33   0.47      5      5      1   
  0.05   0.16   0.01   0.11      1      1      1   
  0.44   0.41   0.80   0.74      5      5      1   
  0.80   0.62   0.67   0.15      5      5      1   
  0.07   0.82   0.09   0.26     12      9      1   
  0.82   0.78   0.96   0.08      7      7      1   
  0.79   0.99   0.06   0.98      7      7      1   
  0.18   0.53   0.75   0.87      7      7      1   
  0.85   0.38   0.15   0.05     54      9      1   
  0.41   0.07   0.73   0.12      3      3      1   
  0.22   0.55   0.57   0.72      4      4      1   
  0.07   0.08   0.03   0.14      1      1      1   
  0.20   0.13   0.11   0.49      4      4      1   
  0.03   0.08   0.51   0.77      8      8      1   
  0.71   0.51   0.37   0.56      3      3      1   
  0.42   0.05   0.48   0.23      2      2      1   
  0.82   0.40   0.99   0.29      3      3      1   
  0.92   0.57   0.83   0.59      1      1      1   
  0.05   0.36   0.11   0.53      2      2      1   
  0.73   0.12   0.03   0.24     16      8      1   
  0.53   0.21   0.90   0.48      4      4      1   
  0.09   0.16   0.50   0.11     20      7      1   
  0.10   1.00   0.12   0.27     16     10      1   
  0.85   0.49   0.99   0.29      3      3      1   
  0.45   0.08   0.15   0.44      9      6      1   
  0.63   0.64   0.36   0.85      3      3      1   
  0.80   0.22   0.97   0.45      3      3      1   
  0.31   0.42   0.03   0.26      3      3      1   
  0.22   0.98   0.06   0.52     29      8      1   
  0.13   0.57   0.00   0.52      2      2      1   
  0.05   0.41   0.09   0.16      3      3      1   
  0.54   0.17   0.40   0.81      7      7      1   
  0.22   0.20   0.96   0.01     21     10      1   
  0.65   0.51   0.57   0.16      3      3      1   
  0.34   0.98   0.48   0.54      5      5      1   
  0.48   0.54   0.37   0.49      1      1      1   
  0.47   0.97   0.48   0.53      5      4      1   
  0.03   0.19   0.75   0.66      8      8      1   
  0.48   0.23   0.85   0.38      4      4      1   
  0.48   0.15   1.00   0.87      8      8      1   
  0.61   0.12   0.55   0.23      1      1      1   
  0.62   0.10   0.68   0.42      3      3      1   
  0.83   0.30   0.75   0.83      5      5      1   
  0.48   0.11   0.22   0.55      6      6      1   
  0.16   0.19   0.09   0.08      2      2      1   
  0.04   0.27   0.90   0.89     10     10      1   
  0.44   0.53   0.09   0.16      5      5      1   
  0.23   0.84   0.15   0.94      1      1      1   
  0.02   0.18   0.82   0.97     10     10      1   
  0.65   0.24   0.47   0.97      7      7      1   
  0.53   0.75   0.65   0.24      5      5      1   
  0.74   0.64   0.77   0.47      2      2      1   
  0.68   0.42   0.84   0.98      6      6      1   
  0.16   0.99   0.57   0.81      4      4      1   
  0.84   0.75   0.96   0.69      2      2      1   
  0.01   0.28   0.81   0.17     15      8      1   
  0.82   0.97   0.50   0.74      4      4      1   
  0.94   0.01   0.58   0.39      5      5      1   
  0.65   0.44   0.83   0.96      5      5      1   
  0.47   0.02   0.19   0.99     35     10      1   
  0.00   0.29   0.02   0.18      1      1      1   
  0.03   0.19   0.16   0.19      1      1      1   
  0.07   0.22   0.66   0.89      9      9      1   
  0.57   0.72   0.14   0.99      5      5      1   
  0.11   0.49   0.45   0.80      6      6      1   
  0.55   0.76   0.95   0.26      6      6      1   
  0.20   0.17   0.24   0.48      3      3      1   
  0.11   0.32   0.06   0.52      2      2      1   
  0.67   0.70   0.13   0.37      6      6      1   
  0.31   0.42   0.86   0.38      5      5      1   
  0.61   0.21   0.15   0.87     18      9      1   
  0.27   0.99   0.19   0.51     12      7      1   
  0.54   0.69   0.70   0.11      6      6      1   
  0.83   0.96   0.84   0.04      9      8      1   
  0.53   0.21   0.15   0.44      9      5      1   
  0.13   0.29   0.42   0.22     19      5      1   
  0.65   0.51   0.52   0.18      4      4      1   
  0.18   0.84   0.93   0.95      7      7      1   
  0.03   0.14   0.85   0.40     10      9      1   
  0.24   0.48   0.48   0.54      3      3      1   
  0.23   0.84   0.26   0.56      5      5      1   
  0.13   0.83   0.45   0.08     10      9      1   
  0.48   0.54   0.41   0.78      2      2      1   
  0.15   0.44   0.47   0.02     45      6      1   
  0.56   0.16   0.98   0.09      5      4      1   
  0.56   0.19   0.48   0.11      1      1      1   
  0.01   0.11   0.03   0.14      1      1      1   
  0.50   0.06   0.19   0.20     15      7      1   
  0.50   0.47   0.36   0.85      4      4      1   
  0.65   0.44   0.75   0.96      5      5      1   
  0.93   0.46   0.83   0.96      5      5      1   
  0.82   0.78   0.43   0.92      5      5      1   
  0.47   0.06   0.04   0.27     11      7      1   
  0.00   0.85   0.72   0.51      7      7      1   
  0.06   0.98   0.51   0.65      6      6      1   
  0.96   0.51   0.92   0.11      4      4      1   
  0.19   0.43   0.23   0.42      1      1      1   
  0.53   0.22   0.66   0.60      4      4      1   
  0.85   0.49   0.44   0.66      4      4      1   
  0.13   0.57   0.83   0.61      7      7      1   
  0.78   0.04   0.22   0.98     11     10      1   
  0.70   0.45   0.11   0.53      6      6      1   
  0.54   0.69   0.22   0.55      4      4      1   
  0.71   0.22   0.88   0.68      5      5      1   
  0.79   0.47   0.93   0.46      2      2      1   
  0.03   0.08   0.99   0.34     12     11      1   
  0.12   0.18   0.12   0.96     24     11      1   
  0.75   0.87   0.62   0.26      6      6      1   
  0.75   0.96   0.06   0.52      8      8      1   
  0.00   0.15   0.79   0.47      9      8      1   
  0.06   0.95   0.97   0.63      9      9      1   
  0.06   0.95   0.44   0.35      9      8      1   
  0.56   0.06   0.97   0.17      4      4      1   
  0.93   0.60   0.51   0.62      4      4      1   
  0.18   0.27   0.19   0.20      1      1      1   
  0.15   0.87   0.17   0.14     14     10      1   
  0.50   0.27   0.48   0.23      1      1      1   
  0.47   0.61   0.46   0.20      4      4      1   
  0.90   0.89   0.53   0.75      4      4      1   
  0.81   0.17   0.44   0.69      6      6      1   
  0.12   0.96   0.15   0.94      1      1      1   
  0.88   0.17   0.30   0.79      9      8      1   
  0.96   0.69   0.46   0.20      7      7      1   
  0.85   0.49   0.83   0.30      2      2      1   
  0.49   0.08   0.71   0.22      3      3      1   
  0.31   0.85   0.64   0.92      3      3      1   
  0.76   0.67   0.82   0.78      2      2      1   
  0.31   0.42   0.65   0.44      4      4      1   
  0.52   0.17   0.88   0.45      5      5      1   
  0.15   0.78   0.65   0.51      6      6      1   
  0.65   0.44   0.50   0.87      4      4      1   
  0.89   0.84   0.65   0.16      7      7      1   
  0.18   0.92   0.71   0.22      9      8      1   
  0.61   0.07   0.24   0.48      5      5      1   
  0.65   0.44   0.01   0.20      7      7      1   
  0.98   0.28   0.74   0.38      3      3      1   
  0.18   0.81   0.85   0.40      7      7      1   
  0.85   0.38   0.23   0.42      6      6      1   
  0.56   0.06   0.78   0.24      3      3      1   
  0.05   0.36   0.03   0.19      2      2      1   
  0.42   0.22   0.61   0.93      7      7      1   
  0.54   0.69   0.92   0.15      6      6      1   
  0.54   0.85   0.13   0.29      7      7      1   
  0.67   0.70   0.67   0.15      5      5      1   
  0.98   0.29   0.00   0.57     10      9      1   
  0.64   0.31   0.26   0.56      5      5      1   
  0.80   0.41   0.25   1.00      8      8      1   
  0.80   0.33   0.75   0.66      4      4      1   
  0.44   0.35   0.62   0.10      3      3      1   
  0.90   0.22   0.54   0.10      4      4      1   
  0.81   0.79   0.44   0.66      4      4      1   
  0.20   0.17   0.65   0.95     10     10      1   
  0.37   0.56   0.53   0.21      4      4      1   
  0.81   0.17   0.02   0.18     13      9      1   
  0.58   0.39   0.67   0.79      4      4      1   
  0.80   0.13   0.45   0.24      4      4      1   
  0.22   0.08   0.75   0.76      9      9      1   
  0.82   0.78   0.50   0.11      7      7      1   
  0.15   0.19   0.70   0.05     28      8      1   
  0.99   0.71   0.09   0.16     11     10      1   
  0.94   0.01   0.90   0.48      5      5      1   
  0.86   0.77   0.73   0.00      7      7      1   
  1.00   0.05   0.71   0.40      4      4      1   
  0.64   0.31   0.15   0.53      5      5      1   
  0.07   0.22   0.50   0.74      7      7      1   
  0.23   0.84   0.95   0.26      8      8      1   
  0.46   0.13   0.61   0.12      2      2      1   
  0.16   0.19   1.00   0.13     16     10      1   
  0.03   0.24   0.69   0.17     15      7      1   
  0.15   0.87   0.24   0.87      1      1      1   
  0.24   0.48   0.14   0.06      4      4      1   
  0.36   0.97   0.62   0.10      9      8      1   
  0.80   0.22   0.43   0.92      7      7      1   
  0.84   0.04   0.47   0.97      9      9      1   
  0.63   0.60   0.58   0.26      3      3      1   
  0.93   0.04   0.44   0.02      5      5      1   
  0.54   0.17   0.05   0.16     10      6      1   
  0.51   0.65   0.97   0.58      5      5      1   
  0.15   0.87   0.83   0.13     10     10      1   
  0.75   0.96   0.94   0.23      7      7      1   
  0.74   0.38   0.03   0.26      8      7      1   
  0.78   0.92   0.96   0.02      9      8      1   
  0.38   0.94   0.71   0.14      9      8      1   
  0.76   0.09   0.86   0.67      6      6      1   
  0.61   0.93   0.79   0.28      6      6      1   
  0.92   0.76   0.88   0.17      6      6      1   
  0.36   0.85   0.27   0.53      8      4      1   
  0.75   0.96   0.66   0.08      8      8      1   
  0.96   0.35   0.03   0.01     32     11      1   
  0.75   0.82   0.02   0.08     10     10      1   
  0.11   0.32   0.79   0.71      7      7      1   
  0.97   0.99   0.61   0.00     10     10      1   
  0.43   0.92   0.47   0.06      8      8      1   
  0.38   0.55   0.91   0.25      6      6      1   
  0.01   0.28   0.14   0.53      3      3      1   
  0.11   0.53   0.81   0.17      8      8      1   
  0.69   0.91   0.22   0.27      8      8      1   
  0.34   0.98   0.97   0.99      7      7      1   
  0.82   0.64   0.15   0.12     37      9      1   
  0.42   0.03   1.00   0.13      6      6      1   
  0.98   0.28   0.47   0.91      8      8      1   
  0.42   0.03   0.73   0.32      4      4      1   
  0.15   0.87   0.79   0.28      8      8      1   
  0.99   0.29   0.06   0.98     12     11      1   
  0.51   0.62   0.11   0.02      7      7      1   
  0.96   0.51   0.83   0.96      5      5      1   
  0.60   0.17   0.88   0.68      6      6      1   
  0.40   0.56   0.61   0.12      5      5      1   
  0.88   0.18   0.79   0.47      3      3      1   
  0.97   0.56   0.67   0.15      5      5      1   
  0.93   0.26   0.20   0.28     12      8      1   
  0.20   0.28   0.44   0.41      4      4      1   
  0.40   0.42   0.16   0.40      3      3      1   
  0.56   0.16   0.83   0.59      5      5      1   
  0.94   0.93   0.90   0.89      1      1      1   
  0.19   0.43   0.00   0.85     41      8      1   
  0.40   0.21   0.65   0.44      4      4      1   
  0.70   0.05   0.70   0.11      1      1      1   
  0.63   0.43   0.42   0.22      4      3      1   
  0.63   0.60   0.13   0.57      5      5      1   
  0.46   0.13   0.09   0.95     19     10      1   
  0.50   0.47   0.85   0.34      4      4      1   
  0.69   0.24   0.32   0.79      7      7      1   
  0.78   0.92   0.07   0.52      8      8      1   
  0.01   0.28   0.92   0.86     10     10      1   
  0.87   0.38   0.96   0.90      5      5      1   
  0.93   0.46   0.69   0.17      4      4      1   
  0.85   0.34   0.73   0.12      2      2      1   
  0.02   0.36   0.64   0.80      7      7      1   
  0.92   0.76   0.01   0.88      9      9      1   
  0.56   0.16   0.74   0.52      4      4      1   
  0.00   0.15   0.46   0.97      9      9      1   
  0.40   0.56   0.94   0.10      7      7      1   
  0.70   0.45   0.68   0.56      1      1      1   
  0.22   0.18   0.75   0.30      8      8      1   
  0.65   0.51   0.01   0.88      8      7      1   
  0.79   0.47   0.80   0.22      3      3      1   
  0.48   0.23   0.40   0.42      2      2      1   
  0.97   0.58   0.20   0.11     41     11      1   
  0.12   0.05   0.83   0.67     11     10      1   
  0.71   0.14   0.99   0.71      6      6      1   
  0.28   0.95   0.81   0.79      6      6      1   
  0.03   0.26   0.64   0.31     10      7      1   
  0.88   0.17   0.45   0.80      7      7      1   
  0.18   0.27   0.73   0.32      8      6      1   
  0.12   0.18   0.83   0.30     10      8      1   
  0.89   0.84   0.75   0.96      2      2      1   
  0.62   0.81   0.14   0.35      6      6      1   
  0.75   0.37   0.32   0.55      4      4      1   
