  0.09   0.08   0.08   0.04      1      1      1   
  0.16   0.24   0.96   0.05     23      9      1   
  0.67   0.32   0.52   0.89      5      5      1   
  0.08   0.32   0.54   0.01     43      7      1   
  0.28   0.51   0.44   0.08      4      4      1   
  0.98   0.95   0.84   0.03     17     10      1   
  0.27   0.52   0.47   0.12      4      4      1   
  1.00   0.80   0.07   0.99      9      9      1   
  0.66   0.40   0.58   0.34      1      1      1   
  0.84   0.03   0.09   0.27      9      9      1   
  0.47   0.81   0.17   0.50      6      5      1   
  0.99   0.12   0.56   0.58      6      6      1   
  0.94   0.19   0.52   0.89      8      8      1   
  0.09   0.16   0.65   0.80      8      8      1   
  0.11   0.50   0.03   0.90     66      9      1   
Routing Failed to deliver
  0.10   0.45   0.87   0.17      8      8      1   
  0.92   0.77   0.77   0.13     14      8      1   
  0.68   0.66   0.18   0.29      6      6      1   
  0.46   0.10   0.01   0.44      7      7      1   
  0.37   0.43   0.73   0.90      6      6      1   
  0.05   0.05   0.69   0.97     10     10      1   
  0.91   0.24   0.58   0.25      3      3      1   
  0.65   0.80   0.57   0.20      6      6      1   
  0.16   0.98   0.75   0.17     10      9      1   
  0.05   0.19   0.82   0.12     23      9      1   
  0.91   0.74   0.45   0.28      7      7      1   
  0.21   0.18   0.17   0.57      4      4      1   
  0.09   0.08   0.84   0.78     10     10      1   
  0.21   0.18   0.88   0.94     10     10      1   
  0.21   0.27   0.54   0.11     36      6      1   
  0.09   0.83   0.39   0.52      7      7      1   
  0.15   0.86   0.45   0.04     11     10      1   
  0.68   0.66   0.13   0.04     49      8      1   
  0.89   0.29   0.15   0.46      7      7      1   
  0.12   0.13   0.94   0.13     18     10      1   
  0.10   0.27   0.10   0.25      1      1      1   
  0.20   0.47   0.13   0.83     50      8      1   
  0.04   0.80   0.78   1.00      8      8      1   
  0.90   0.75   0.58   0.62      4      4      1   
  0.36   0.42   0.77   0.13      5      5      1   
  0.84   0.03   0.17   0.23     10      9      1   
  0.46   0.88   0.16   0.98      3      3      1   
  0.85   0.05   0.89   0.79     12      9      1   
  0.74   0.94   0.13   0.04     10     10      1   
  0.36   0.83   0.70   0.23      7      7      1   
  0.74   0.25   0.78   0.20      1      1      1   
  0.48   0.01   0.75   0.17      3      3      1   
  0.39   0.41   0.75   0.03      5      5      1   
  0.12   0.18   0.45   0.29      5      5      1   
  0.08   0.32   0.05   0.05      3      3      1   
  0.03   0.90   0.83   0.92      8      8      1   
  0.94   0.13   0.15   0.46      8      8      1   
  0.45   0.28   0.11   0.40      4      4      1   
  0.38   0.51   0.67   0.79      4      4      1   
  0.16   0.24   0.94   0.79      9      9      1   
  0.06   0.33   0.08   0.00      3      3      1   
  0.08   0.82   0.06   0.96      2      2      1   
  0.55   0.74   0.65   0.01      7      7      1   
  0.05   0.05   0.75   0.03     31     10      1   
  0.57   0.20   0.08   0.86     58      9      1   
  0.40   0.77   0.86   0.93      5      5      1   
  0.50   0.69   0.93   0.06      7      7      1   
  0.70   0.88   0.40   0.08      8      8      1   
  0.03   0.32   0.31   0.55      4      4      1   
  0.38   0.51   0.23   0.46      2      2      1   
  0.52   0.34   0.15   0.02     50      6      1   
  0.46   0.10   0.01   0.99     67     12      1   
  0.52   0.15   0.58   0.25      1      1      1   
  0.75   0.17   0.41   0.22      3      3      1   
  0.29   0.91   0.30   0.41      6      6      1   
  0.78   0.95   0.05   0.31      9      9      1   
  0.09   0.81   0.63   0.04     11     11      1   
  0.02   0.18   0.33   0.51      4      4      1   
  0.36   0.42   0.04   0.80     61      8      1   
  0.50   0.03   0.74   0.94      8      8      1   
  0.66   0.72   0.15   0.86      5      5      1   
  0.41   0.29   0.55   0.04      3      3      1   
  0.55   0.24   0.70   0.23      2      2      1   
  0.49   0.23   0.16   0.98     44      9      1   
  0.65   0.91   0.18   0.11     36      9      1   
  0.60   0.31   0.16   0.98      8      8      1   
  0.02   0.14   0.75   0.17     15      9      1   
  0.27   0.52   0.18   0.11      5      4      1   
  0.70   0.88   0.75   0.17      7      7      1   
  0.52   0.15   0.19   0.82     62      9      1   
  0.17   0.57   0.70   0.19      6      6      1   
  0.74   0.08   0.20   0.30      8      7      1   
  0.36   0.46   0.69   0.45      3      3      1   
  0.25   0.48   0.01   0.82     58      8      1   
  0.09   0.83   0.44   0.94      4      4      1   
  0.20   0.96   0.23   0.97      1      1      1   
  0.21   0.24   0.13   0.04      2      2      1   
  0.06   0.90   0.41   0.82      4      4      1   
  0.09   0.16   0.86   0.93     10     10      1   
  0.09   0.81   0.08   0.82      1      1      1   
  0.09   0.81   0.03   0.95      2      2      1   
  0.11   0.50   0.54   0.11      6      6      1   
  0.13   0.29   0.78   0.95      9      8      1   
  0.90   0.92   0.30   0.40      8      7      1   
  0.55   0.56   0.37   0.83      3      3      1   
  0.18   0.38   0.49   0.23      4      4      1   
  0.74   0.06   0.03   0.40      9      8      1   
  0.59   0.25   0.78   0.20      2      2      1   
  0.43   0.20   0.69   0.06      3      3      1   
  0.32   0.98   0.75   0.91      4      4      1   
  0.41   0.35   0.81   0.89      6      6      1   
  0.64   0.84   0.96   0.05      8      8      1   
  0.63   0.04   0.52   0.34      3      3      1   
  0.86   0.05   0.57   0.76      8      7      1   
  0.03   0.02   0.21   0.97     33     11      1   
  0.19   0.87   0.52   0.34      8      8      1   
  0.17   0.02   0.57   0.05     36      8      1   
  0.56   0.78   0.38   0.91      2      2      1   
  0.65   0.08   0.24   0.50      6      6      1   
  0.80   0.25   0.43   0.69      6      6      1   
  0.78   0.95   0.26   0.42      7      7      1   
  0.70   0.81   0.74   0.98      2      2      1   
  0.05   0.05   0.58   0.28      8      7      1   
  0.17   0.03   0.18   0.14      1      1      1   
  0.02   0.35   0.37   0.40      4      4      1   
  0.45   0.29   0.80   0.24      3      3      1   
  0.76   0.05   0.08   1.00     50     11      1   
  0.15   0.86   0.22   0.17     11     10      1   
  0.14   0.86   0.45   0.04     11     10      1   
  0.99   0.12   0.86   0.05      2      2      1   
  0.05   0.05   0.08   0.32      3      3      1   
  0.49   0.10   0.28   0.45      4      4      1   
  0.59   0.74   0.44   0.08      6      6      1   
  0.65   0.18   0.20   0.30      7      6      1   
  0.56   0.12   0.86   0.05      3      3      1   
  0.17   0.50   0.80   0.25      6      6      1   
  0.79   0.31   0.01   0.24      8      8      1   
  0.62   0.44   0.75   0.24      2      2      1   
  0.16   0.18   0.86   0.10     18      9      1   
  0.06   0.90   0.44   0.38      9      8      1   
  0.22   0.95   0.65   0.01     11     10      1   
  0.17   0.03   0.92   0.83     11     11      1   
  0.75   0.03   0.16   0.45      7      7      1   
  0.61   0.31   0.56   0.26      1      1      1   
  0.20   0.35   0.10   0.79     61      9      1   
  0.39   0.41   0.56   0.60      3      3      1   
  0.15   0.86   0.32   0.98      2      2      1   
  0.17   0.34   0.95   0.31      7      7      1   
  0.02   0.25   0.36   0.83      9      8      1   
  0.78   0.20   0.73   0.83      6      6      1   
  0.27   0.52   0.30   0.53      1      1      1   
  0.70   0.01   0.77   0.13      2      2      1   
  0.30   0.40   0.52   0.12      4      4      1   
  0.52   0.12   0.33   0.84      8      8      1   
  0.45   0.98   0.19   0.87      3      3      1   
  0.06   0.36   0.14   0.23      2      2      1   
  0.03   0.80   0.67   0.32      8      8      1   
  0.27   0.43   0.65   0.01      6      6      1   
  0.07   0.99   0.07   0.02     19     12      1   
  0.21   0.24   0.25   0.95     32      8      1   
  0.69   0.03   0.05   0.29      9      8      1   
  0.57   0.00   0.51   0.21      2      2      1   
  0.70   0.19   0.75   0.17      1      1      1   
  0.03   0.81   0.60   0.52      7      7      1   
  0.02   0.18   0.05   0.79     64     11      1   
  0.66   0.40   0.76   0.87      5      5      1   
  0.68   0.04   0.66   0.39      4      4      1   
  0.09   0.21   0.08   0.44      2      2      1   
  0.88   0.03   0.51   0.56      6      6      1   
  0.08   0.26   0.58   0.93      9      8      1   
  0.65   0.80   0.30   0.40      5      5      1   
  0.66   0.24   0.55   0.04      3      3      1   
  0.24   0.79   0.41   0.04     10      9      1   
  0.73   0.96   0.66   0.40      5      5      1   
  0.98   0.27   0.12   0.24     15      9      1   
  0.94   0.13   0.33   0.51      7      7      1   
  0.65   0.80   0.02   0.25      8      8      1   
  0.71   0.31   0.64   0.84      5      5      1   
  0.48   0.01   0.44   0.85     12      8      1   
  0.16   0.31   0.84   0.20     17      8      1   
  0.13   0.29   0.79   0.77      8      8      1   
  0.18   0.29   0.76   0.05     22      8      1   
  0.78   0.20   0.84   0.89      8      7      1   
  0.45   0.04   0.16   0.30      7      6      1   
  0.09   0.21   0.34   0.52      4      4      1   
  0.05   0.05   0.03   0.95     63     12      1   
  0.10   0.45   0.29   0.91     24      8      1   
  0.30   0.56   0.81   0.00      7      7      1   
  0.17   0.27   0.02   0.18      2      2      1   
  0.70   0.19   0.58   0.62      5      5      1   
  0.19   0.82   0.45   0.38      7      7      1   
  0.41   0.19   0.55   0.04      2      2      1   
  0.83   0.92   0.91   0.25     16      8      1   
  0.04   0.80   0.66   0.24     10      9      1   
  0.82   0.12   0.09   0.08     25     10      1   
  0.95   0.82   0.03   0.95      9      9      1   
  0.81   0.00   0.41   0.29      5      5      1   
  0.14   0.23   0.28   0.51      3      3      1   
  0.88   0.16   0.40   0.77      8      7      1   
  0.80   0.05   0.89   0.06      1      1      1   
  0.31   0.55   0.91   0.25      6      6      1   
  0.59   0.19   0.45   0.98      7      7      1   
  0.94   0.79   0.54   0.67      4      4      1   
  0.05   0.29   0.86   0.10     23      9      1   
  0.12   0.24   0.47   0.81      8      7      1   
  0.62   0.60   0.17   0.21      6      6      1   
  0.74   0.08   0.15   0.02     33      9      1   
  0.36   0.83   0.44   0.08      8      8      1   
  0.41   0.23   0.98   0.95     10      9      1   
  0.01   0.44   0.07   0.99     45     10      1   
  0.75   0.17   0.75   0.24      1      1      1   
  0.61   0.07   0.45   0.38      4      4      1   
  0.81   0.89   0.36   0.83      4      4      1   
  0.65   0.91   0.46   0.88      2      2      1   
  0.16   0.98   0.82   0.30     10      9      1   
  0.80   0.11   0.22   0.39      7      7      1   
  0.01   0.44   0.41   1.00      9      8      1   
  0.13   0.11   0.14   0.86     44     10      1   
  0.09   0.83   0.17   0.34      9      9      1   
  0.93   0.06   0.57   0.05      4      4      1   
  0.13   0.54   0.04   0.12      4      4      1   
  0.92   0.83   0.86   0.12     16      9      1   
  0.65   0.80   0.20   0.80      5      5      1   
  0.16   0.30   0.04   0.12      2      2      1   
  0.05   0.29   0.65   0.13     21      7      1   
  0.68   0.34   0.23   0.46      4      4      1   
  0.74   0.77   0.37   0.83      4      4      1   
  0.48   0.01   0.25   0.53      6      6      1   
  0.87   0.23   0.68   0.10      2      2      1   
  0.67   0.79   0.19   0.87      5      5      1   
  0.64   0.09   0.02   0.78     71     10      1   
  0.70   0.19   0.29   0.91      8      8      1   
  0.01   0.82   0.56   0.12     11     10      1   
  0.40   0.77   0.21   0.18      7      7      1   
  0.62   0.44   0.49   0.50      2      2      1   
  0.16   0.17   0.92   0.77     10     10      1   
  0.05   0.05   0.55   0.49      7      7      1   
  0.66   0.39   0.56   0.58      2      2      1   
  0.08   0.11   0.03   0.80     70     11      1   
  0.17   0.19   0.66   0.58      7      7      1   
  0.45   0.38   0.46   0.14      3      3      1   
  0.11   0.50   0.12   0.16      3      3      1   
  0.17   0.50   1.00   0.80      9      9      1   
  0.06   0.39   0.52   0.89      7      7      1   
  0.33   0.84   0.13   0.86      2      2      1   
  0.49   0.20   0.07   0.93     49     10      1   
  0.46   0.42   0.61   0.07      4      4      1   
  0.74   0.06   0.03   0.47      8      8      1   
  0.67   0.79   0.09   0.43      7      7      1   
  0.46   0.81   0.66   0.40      4      4      1   
  0.16   0.24   0.43   0.92      8      7      1   
  0.83   0.92   0.80   0.87      1      1      1   
  0.83   0.92   0.67   0.01     11      9      1   
  0.91   0.74   0.08   0.26     10      9      1   
  0.93   0.06   0.17   0.34      8      8      1   
  0.08   0.91   0.20   0.80      2      2      1   
  0.67   0.82   0.81   0.89      2      2      1   
  0.06   0.33   0.18   0.19      2      2      1   
  0.64   0.87   0.68   0.04      8      8      1   
  0.91   0.74   0.08   0.86      8      8      1   
  0.66   0.72   0.58   0.34      4      4      1   
  0.44   0.38   0.88   0.85      7      7      1   
  0.95   0.25   0.07   0.36      9      9      1   
  0.46   0.42   0.48   0.77      4      4      1   
  0.10   0.27   0.98   0.31     10      9      1   
  0.08   0.11   0.17   0.02      1      1      1   
  0.99   0.76   0.49   0.84      5      5      1   
  0.16   0.24   0.70   0.81      7      7      1   
  0.26   0.49   0.16   0.30      2      2      1   
  0.19   0.82   0.58   0.47      6      6      1   
  0.26   0.49   0.47   0.12      4      4      1   
  0.79   0.31   0.74   0.94      7      7      1   
  0.81   0.89   0.41   0.82      4      4      1   
  0.89   0.25   0.28   0.88      8      8      1   
  0.26   0.49   0.61   0.31      4      4      1   
  0.22   0.48   0.21   0.24      2      2      1   
  0.41   0.04   0.23   0.85     65      9      1   
  0.51   0.56   0.20   0.30      4      4      1   
  0.67   0.32   0.44   0.81      5      5      1   
  0.57   0.85   0.58   0.25      6      6      1   
  0.26   0.49   0.69   0.03      6      6      1   
  0.13   0.54   0.93   0.08      8      8      1   
  0.75   0.91   0.87   0.01      9      9      1   
  0.06   0.96   0.91   0.25     11     10      1   
  0.58   0.25   0.12   0.18     11      6      1   
  0.74   0.21   0.76   0.19      1      1      1   
  0.86   0.12   0.62   0.60      5      5      1   
  0.66   0.72   0.13   0.14     17      7      1   
  0.40   0.80   0.71   0.30      6      6      1   
  0.54   0.67   0.16   0.30      5      5      1   
  0.16   0.98   0.16   0.24     10      9      1   
  0.05   0.31   0.06   0.39      1      1      1   
  0.91   0.24   0.65   0.91      8      8      1   
  0.08   1.00   0.14   1.00      1      1      1   
  0.31   0.55   0.02   0.18      4      4      1   
  0.54   0.67   0.44   0.94      3      3      1   
  0.40   0.08   0.84   0.20      4      4      1   
  0.45   0.29   0.86   0.05      5      5      1   
  0.91   0.25   0.44   0.81      7      7      1   
  0.69   0.03   0.44   0.94      9      9      1   
  0.91   0.74   0.73   0.96      3      3      1   
  0.66   0.58   0.31   0.55      4      4      1   
  0.45   0.78   0.62   0.34      5      5      1   
  0.13   0.04   0.55   0.24     13      7      1   
  0.13   0.86   0.51   0.55      6      6      1   
  0.66   0.40   0.04   0.95      8      8      1   
  0.06   0.90   0.16   0.52     12      9      1   
  0.04   0.12   0.74   0.94     10     10      1   
  0.86   0.93   0.50   0.39      6      6      1   
  0.63   0.04   0.28   0.55      6      6      1   
  0.65   0.47   0.07   0.44      6      6      1   
  0.03   0.47   0.03   0.89     61     10      1   
  0.02   0.35   0.45   0.28      8      5      1   
  0.60   0.31   0.50   0.03      3      3      1   
  0.10   0.17   0.39   0.41      4      4      1   
  0.24   0.79   0.02   0.18     23      9      1   
  0.71   0.91   0.57   0.76      2      2      1   
  0.03   0.02   0.48   0.77      9      8      1   
  0.30   0.41   0.05   0.24      3      3      1   
  0.16   0.17   0.56   0.39      6      6      1   
  0.68   0.66   0.92   0.77      3      3      1   
  0.62   0.60   0.08   1.00      6      6      1   
  0.02   0.14   0.14   0.13      1      1      1   
  0.73   0.83   0.67   0.30      5      5      1   
  0.46   0.56   0.08   0.26      4      4      1   
  0.08   1.00   0.13   0.24     13     10      1   
  0.57   0.20   0.02   0.14     15      7      1   
  0.85   0.05   0.98   0.31      3      3      1   
  0.74   0.25   0.74   0.06      2      2      1   
  0.84   0.20   0.20   0.30      8      8      1   
  0.30   0.56   0.45   0.28      3      3      1   
  0.13   0.54   0.69   0.86      7      7      1   
  0.55   0.74   0.20   0.96      4      4      1   
  0.85   0.26   0.78   0.20      1      1      1   
  0.64   0.87   0.16   0.98      5      5      1   
  0.26   0.42   0.64   0.84      5      5      1   
  0.02   0.78   0.41   0.82      4      4      1   
  0.88   0.03   0.63   0.90      9      9      1   
  0.06   0.39   0.45   0.04     70      6      1   
  0.16   0.86   0.08   1.00      2      2      1   
  0.20   0.30   0.01   0.94     73     11      1   
  0.05   0.90   0.41   1.00      4      4      1   
  0.69   0.86   0.52   0.73      2      2      1   
  0.74   0.77   0.01   0.50      7      7      1   
  0.71   0.30   0.35   0.54      4      4      1   
  0.58   0.67   0.44   0.31      4      4      1   
  0.35   0.54   0.98   0.31      7      7      1   
  0.16   0.30   0.05   0.05      3      3      1   
  0.68   0.76   0.62   0.60      2      2      1   
  0.48   0.60   0.58   0.34      3      3      1   
  0.74   0.98   0.22   0.56      7      7      1   
  0.38   0.51   0.57   0.38      2      2      1   
  0.89   0.79   0.68   0.34      6      6      1   
  0.51   0.56   0.49   0.10      5      5      1   
  0.11   0.50   0.10   0.17      3      3      1   
  0.12   0.24   0.41   0.84      9      7      1   
  0.69   0.86   0.91   0.25      7      7      1   
  0.69   0.97   0.97   0.05     15     10      1   
  0.62   0.44   0.56   0.78      3      3      1   
  0.63   0.04   0.60   0.31      3      3      1   
  0.71   0.31   0.58   0.28      2      2      1   
  0.50   0.03   0.69   0.06      2      2      1   
  0.17   0.23   0.05   0.29      2      2      1   
  0.23   0.85   0.93   0.08     10     10      1   
  0.13   0.04   0.01   0.82     68     12      1   
  0.09   0.21   0.85   0.05     18      9      1   
  0.43   0.69   0.58   0.93      3      3      1   
  0.57   0.38   0.58   0.79      4      4      1   
  0.18   0.14   0.64   0.84      8      8      1   
  0.12   0.23   0.45   0.04     53      7      1   
  0.68   0.34   0.64   0.22      2      2      1   
  0.46   0.14   0.71   0.91      8      8      1   
  0.69   0.11   0.09   0.27      8      7      1   
  0.07   0.02   0.02   0.14      1      1      1   
  0.31   0.55   0.16   0.18      4      4      1   
  0.48   0.01   0.52   0.15      2      2      1   
  0.62   0.36   0.69   0.27      1      1      1   
  0.52   0.67   0.94   0.13      6      6      1   
  0.70   0.81   0.21   0.53      7      6      1   
  0.40   0.09   0.41   0.22      1      1      1   
  0.69   0.03   0.19   0.01     57     10      1   
  0.64   0.22   0.07   0.44      6      6      1   
  0.13   0.11   0.01   0.50      4      4      1   
  0.18   0.14   0.58   0.34      6      6      1   
  0.13   0.04   0.22   0.48      4      4      1   
  0.03   0.90   0.95   0.25     12     11      1   
  0.17   0.23   0.26   0.49      3      3      1   
  0.41   0.22   0.75   0.03      4      4      1   
  0.55   0.74   0.09   0.81      5      5      1   
  0.06   0.96   0.38   0.51      8      7      1   
  0.73   0.83   0.55   0.49      4      4      1   
  0.65   0.08   0.42   0.41      4      4      1   
  0.70   0.81   0.47   0.81      2      2      1   
  0.17   0.23   0.57   0.85      7      7      1   
  0.50   0.68   0.43   0.92      3      3      1   
  0.41   0.29   0.80   0.05      4      4      1   
  0.56   0.58   0.55   0.49      1      1      1   
  0.09   0.16   0.08   0.11      1      1      1   
  1.00   0.80   0.57   0.85      4      4      1   
  0.67   0.32   0.88   0.14      3      3      1   
  0.63   0.90   0.16   0.24      7      7      1   
  0.12   0.35   0.74   0.06     35      7      1   
  0.49   0.50   0.04   0.12      6      6      1   
  0.19   0.82   0.19   0.01     12     11      1   
  0.04   0.12   0.74   0.98     11     11      1   
  0.12   0.16   0.49   0.84      8      8      1   
  0.42   0.41   0.60   0.03      4      4      1   
  0.44   0.81   0.14   0.84      3      3      1   
  0.06   0.04   0.69   0.95     10     10      1   
  0.88   0.16   0.89   0.89     13      9      1   
  0.55   0.74   0.21   0.27      6      6      1   
  0.79   0.77   0.26   0.42      7      6      1   
  0.01   0.24   0.28   0.51      4      4      1   
  0.21   0.97   0.46   0.42      8      7      1   
  0.16   0.98   0.17   0.23     10      9      1   
  0.01   0.21   0.21   0.18      2      2      1   
  0.38   0.51   0.08   0.00      6      6      1   
  0.45   0.29   0.76   0.87      6      6      1   
  0.73   0.08   0.23   0.46      7      6      1   
  0.14   0.13   0.05   0.90     62     11      1   
  0.13   0.86   0.75   0.17      9      9      1   
  0.23   0.97   0.28   0.45      8      6      1   
  0.37   0.40   0.39   0.91      5      5      1   
  0.46   0.14   0.45   0.04      1      1      1   
  0.23   0.85   0.21   0.97      1      1      1   
  0.68   0.10   0.41   0.82      7      7      1   
  0.41   0.04   0.91   0.25      5      5      1   
  0.12   0.18   0.17   0.86     42     10      1   
  0.10   0.45   0.13   0.24      2      2      1   
  0.03   0.02   0.28   0.88     26     10      1   
  0.52   0.34   0.14   1.00     50      8      1   
  0.41   0.35   0.46   0.42      1      1      1   
  0.32   0.98   0.22   0.56     10      6      1   
  0.67   0.52   0.86   0.12      4      4      1   
  0.21   0.18   0.56   0.78      7      7      1   
  0.49   0.23   0.26   0.49      3      3      1   
  0.13   0.11   0.86   0.89     10     10      1   
  0.96   0.05   0.70   0.19      3      3      1   
  0.02   0.14   0.16   0.45      3      3      1   
  0.51   0.55   0.14   1.00      6      6      1   
  0.66   0.06   0.69   0.97      9      9      1   
  0.16   0.86   0.61   0.66      5      5      1   
  0.17   0.23   0.44   0.94     10      8      1   
  0.57   0.00   0.50   0.03      1      1      1   
  0.02   0.18   0.12   0.16      1      1      1   
  0.71   0.91   0.06   0.39      8      8      1   
  0.03   0.89   0.13   0.04     14     12      1   
  0.95   0.94   0.08   0.44      9      9      1   
  0.76   0.93   0.69   0.24      6      6      1   
  0.20   0.96   0.38   0.91      2      2      1   
  0.51   0.93   0.54   0.11      8      8      1   
  0.64   0.22   0.06   0.90     63      9      1   
  0.46   0.88   0.55   0.04      8      8      1   
  0.88   0.94   0.18   0.38      8      8      1   
  0.04   0.93   0.25   0.48      9      8      1   
  0.67   0.79   0.03   0.47      7      7      1   
  0.22   0.56   0.87   0.17      7      7      1   
  0.24   0.79   0.05   0.79      2      2      1   
  0.30   0.56   0.28   0.53      1      1      1   
  0.08   0.00   0.91   0.25     16     10      1   
  0.08   0.11   0.65   0.80      9      8      1   
  0.89   0.06   0.61   0.66      7      7      1   
  0.52   0.59   0.08   0.82      6      6      1   
  0.42   0.41   0.24   0.79     37      6      1   
  0.26   0.42   0.25   0.53      1      1      1   
  0.60   0.70   0.73   0.83      2      2      1   
  0.06   0.99   0.03   0.47     41     10      1   
  0.48   0.60   0.30   0.40      3      3      1   
  0.20   0.35   0.44   0.94      8      7      1   
  0.12   0.35   0.66   0.36      6      6      1   
  0.38   0.91   0.06   0.96      3      3      1   
  0.25   0.48   0.13   0.14      4      4      1   
  0.17   0.86   0.36   0.42      7      7      1   
  0.66   0.72   0.42   0.41      4      4      1   
  0.57   0.20   0.61   0.66      4      4      1   
Routing Failed to deliver
  0.22   0.95   0.18   0.14     11     10      1   
  0.07   0.99   0.23   0.97      2      2      1   
  0.84   0.89   0.06   0.36      8      8      1   
  0.51   0.55   0.66   0.40      2      2      1   
  0.69   0.27   0.05   0.31      6      6      1   
  0.73   0.96   0.99   0.12     20      9      1   
  0.75   0.91   0.54   0.01      8      8      1   
  0.10   0.27   0.24   0.50      3      3      1   
  0.87   0.17   0.01   0.82     81     11      1   
  0.22   0.17   0.41   0.84      9      8      1   
  0.39   0.41   0.91   0.94      7      7      1   
  0.57   0.20   0.49   0.20      1      1      1   
  0.30   0.95   0.16   0.45      9      7      1   
  0.80   0.11   0.03   0.02     26     10      1   
  0.21   0.24   0.87   0.23     12      8      1   
  0.66   0.39   0.27   0.52      4      4      1   
  0.33   0.84   0.25   0.95      2      2      1   
  0.44   0.38   0.01   0.99     64      9      1   
  0.06   0.99   0.23   0.46     10      8      1   
  0.97   0.05   0.13   0.05     31     11      1   
  0.86   0.12   0.16   0.98     11     10      1   
  0.92   0.77   0.44   0.08      9      9      1   
  0.51   0.93   0.60   0.31      6      6      1   
  0.85   0.05   0.16   0.30      9      8      1   
  0.91   0.74   0.86   0.10     11      9      1   
  0.41   0.04   0.20   0.35      5      5      1   
  0.03   0.47   0.15   0.46      1      1      1   
  0.16   0.24   0.49   0.62      5      5      1   
  0.18   0.14   0.04   0.12      2      2      1   
  0.81   0.76   0.52   0.67      3      3      1   
  0.74   0.06   0.28   0.45      6      6      1   
  0.49   0.95   0.37   0.83      2      2      1   
  0.52   0.15   0.22   0.48      5      5      1   
  0.21   0.18   0.49   0.10     33      7      1   
  0.09   0.27   0.16   0.86     41      9      1   
  0.65   0.13   0.74   0.21      1      1      1   
  0.08   0.20   0.60   0.03     36      8      1   
  0.89   0.06   0.22   0.95     11     11      1   
  0.06   0.39   0.94   0.02     15      9      1   
  0.94   0.02   0.41   0.19      5      5      1   
  0.41   0.19   0.33   0.84     12      7      1   
  0.46   0.81   0.38   0.91      1      1      1   
  0.52   0.15   0.75   0.91      7      7      1   
  0.24   0.50   0.32   0.98      7      6      1   
  0.66   0.39   0.09   0.21     13      7      1   
  0.02   0.94   0.41   0.30     10     10      1   
  0.47   0.16   0.13   0.24     11      6      1   
  0.67   0.30   0.86   0.89      7      7      1   
  0.17   0.34   0.77   0.29      6      6      1   
  0.69   0.27   0.61   0.66      4      4      1   
  0.44   0.38   0.89   0.29      4      4      1   
  0.02   0.94   0.51   0.56      7      7      1   
  0.12   0.35   0.29   0.91     23      8      1   
  0.61   0.10   0.45   0.78      7      7      1   
  0.56   0.56   0.18   0.97      5      5      1   
  0.04   0.80   0.57   0.20     11      9      1   
  0.68   0.03   0.17   0.34      7      7      1   
  0.70   0.81   0.17   0.27      7      7      1   
  0.88   0.03   0.71   0.31      3      3      1   
  0.13   0.11   0.58   0.93     10      9      1   
  0.55   0.74   0.70   0.23      5      5      1   
  0.30   0.41   0.63   0.90      6      6      1   
  0.20   0.80   0.04   0.12     22     11      1   
  0.13   0.14   0.21   0.24      1      1      1   
  0.43   0.92   0.89   0.89      4      4      1   
  0.14   0.23   0.17   0.27      1      1      1   
  0.86   0.89   0.09   0.08     25     11      1   
  0.63   0.90   0.13   0.04      9      9      1   
  0.45   0.29   0.10   0.09     18      6      1   
  0.64   0.22   0.11   0.18     11      7      1   
  0.09   0.08   0.21   0.18      2      2      1   
  0.70   0.88   0.04   0.95      7      7      1   
  0.16   0.86   0.07   0.99      2      2      1   
  0.16   0.17   0.09   0.27      1      1      1   
  0.14   0.86   0.65   0.91      5      5      1   
  0.05   0.31   0.60   0.70      6      6      1   
  0.68   0.04   0.26   0.42      6      6      1   
  0.52   0.34   0.02   0.18     11      5      1   
  0.20   0.47   0.57   0.20      4      4      1   
  0.58   0.67   0.30   0.53      3      3      1   
  0.15   0.02   0.10   0.25      2      2      1   
  0.44   0.36   0.65   0.08      4      4      1   
  0.10   0.17   0.15   0.02      2      2      1   
  0.69   0.11   0.07   0.99     11     10      1   
  0.70   0.88   0.67   0.01      8      8      1   
  0.15   0.86   0.57   0.38      7      7      1   
  0.44   0.36   0.84   0.02      5      5      1   
  0.55   0.56   0.23   0.46      3      3      1   
  0.37   0.43   0.66   0.72      4      4      1   
  0.60   0.31   0.16   0.52      5      5      1   
  0.23   0.79   0.94   0.02     10     10      1   
  0.17   0.98   0.87   0.23     10     10      1   
  0.54   0.01   0.09   0.08     23      9      1   
  0.50   0.39   0.16   0.45      3      3      1   
  0.45   0.38   0.73   0.83      5      5      1   
  0.20   0.35   0.52   0.34      3      3      1   
  0.97   0.05   0.86   0.10      1      1      1   
  0.38   0.51   0.22   0.56      2      2      1   
  0.62   0.60   0.57   0.76      2      2      1   
  0.65   0.44   0.60   0.70      3      3      1   
  0.79   0.77   0.77   0.29     11      6      1   
  0.45   0.38   0.21   0.29      7      4      1   
  0.80   0.25   0.45   0.98      8      8      1   
  0.74   0.98   0.31   1.00      5      5      1   
  0.46   0.56   0.07   0.36      4      4      1   
  0.78   0.09   0.55   0.56      5      5      1   
  0.74   0.25   0.78   0.09      2      2      1   
  1.00   0.80   0.07   0.44     10     10      1   
  0.12   0.23   0.64   0.87      7      7      1   
  0.10   0.27   0.92   0.77     10      9      1   
  0.70   0.88   0.29   0.91      4      4      1   
  0.21   0.53   0.21   0.29      3      3      1   
  0.03   0.80   0.16   0.24     11     10      1   
  0.41   0.30   0.57   0.20      2      2      1   
  0.91   0.74   0.55   0.56      4      4      1   
  0.64   0.87   0.91   0.25      7      7      1   
  0.67   0.30   0.67   0.79      5      5      1   
  0.27   0.52   0.04   0.95     46      8      1   
  0.57   0.85   0.58   0.39      4      4      1   
  0.04   0.95   0.42   0.41      9      8      1   
  0.81   0.00   0.41   0.22      5      4      1   
  0.03   0.90   0.05   0.90      1      1      1   
  0.52   0.73   0.05   0.31      6      6      1   
  0.74   0.21   0.65   0.08      2      2      1   
  0.69   0.24   1.00   0.80     20      8      1   
  0.70   0.19   0.98   0.95      9      9      1   
  0.22   0.39   0.08   0.11      3      3      1   
  0.16   0.24   0.43   0.12     33      5      1   
  0.20   0.96   0.91   0.24     10     10      1   
  0.22   0.48   0.37   0.83      6      6      1   
  0.26   0.42   0.22   0.48      1      1      1   
  0.84   0.03   0.44   0.36      5      5      1   
  0.63   0.90   0.55   0.24      6      6      1   
  0.84   0.20   0.95   0.94     13      9      1   
  0.78   0.20   0.62   0.34      2      2      1   
  0.89   0.29   0.08   0.26      9      8      1   
  0.08   0.91   0.21   0.53     10      9      1   
  0.62   0.60   0.18   0.11     21      7      1   
  0.90   0.01   0.86   0.10      1      1      1   
  0.65   0.08   0.59   0.25      2      2      1   
  0.91   0.24   0.77   0.13      2      2      1   
  0.65   0.80   0.05   0.24      8      8      1   
  0.16   0.98   0.52   0.15     10      9      1   
  0.09   0.08   0.57   0.00     45      9      1   
  0.06   0.90   0.48   0.60      6      6      1   
  0.57   0.38   0.03   0.32      6      6      1   
  0.28   0.45   0.69   0.03      6      6      1   
  0.88   0.16   0.66   0.58      5      5      1   
  0.43   0.12   0.61   0.66      6      6      1   
  0.36   0.42   0.17   0.27      3      3      1   
  0.34   0.52   0.52   0.12      4      4      1   
  0.00   0.01   0.07   0.02      1      1      1   
  0.01   0.94   0.17   0.19     13     12      1   
  0.19   0.87   0.58   0.47      6      6      1   
  0.84   0.89   0.39   0.52      5      5      1   
  0.88   0.14   0.63   0.04      3      3      1   
  0.81   0.00   0.62   0.36      4      4      1   
  0.98   0.95   0.46   0.81      5      5      1   
  0.13   0.29   0.89   0.29     13      8      1   
  0.01   0.21   0.28   0.55      4      4      1   
  0.44   0.31   0.64   0.84      5      5      1   
  0.49   0.50   0.43   0.69      2      2      1   
  0.65   0.01   0.62   0.60      5      5      1   
  0.14   0.84   0.23   0.79      1      1      1   
  0.87   0.17   0.12   0.16     16      9      1   
  0.70   0.01   0.80   0.24      3      3      1   
  0.66   0.72   0.87   0.17      6      6      1   
  0.05   0.24   0.01   0.24      1      1      1   
  0.59   0.19   0.21   0.24     11      6      1   
  0.66   0.24   0.56   0.12      2      2      1   
  0.52   0.59   0.86   0.12      6      6      1   
  0.21   0.27   0.43   0.69      5      5      1   
  0.59   0.25   0.68   0.03      3      3      1   
  0.30   0.40   0.03   0.02      5      5      1   
  0.29   0.91   0.67   0.01      9      9      1   
  0.57   0.05   0.19   0.87     10     10      1   
  0.57   0.00   0.58   0.62      6      6      1   
  0.28   0.45   0.57   0.56      3      3      1   
  0.66   0.36   0.73   0.90      5      5      1   
  0.30   0.40   0.70   0.81      5      5      1   
  0.65   0.18   0.08   0.44      6      6      1   
  0.30   0.40   0.92   0.83      7      7      1   
  0.51   0.56   0.14   0.23      5      5      1   
  0.16   0.45   0.06   0.39      1      1      1   
  0.47   0.12   0.09   0.21     15      6      1   
  0.47   0.12   0.93   0.06      5      5      1   
  0.18   0.14   0.71   0.30      8      7      1   
  0.08   0.86   0.74   0.08     11     11      1   
  0.65   0.08   0.04   0.95     52     11      1   
  0.10   0.09   0.69   0.45      8      8      1   
  0.45   0.28   0.61   0.31      2      2      1   
  0.07   0.99   0.67   0.30      9      9      1   
  0.58   0.67   0.41   0.84      3      3      1   
  0.61   0.31   0.16   0.18     23      6      1   
  0.41   0.04   0.23   0.85     65      9      1   
  0.98   0.95   0.13   0.11     27     11      1   
  0.88   0.03   0.91   0.24      2      2      1   
  0.28   0.88   0.08   1.00      2      2      1   
  0.44   0.38   0.20   0.35      3      3      1   
  0.73   0.08   0.32   0.98      9      9      1   
  0.95   0.94   0.21   0.97      7      7      1   
  0.46   0.88   0.87   0.01      9      9      1   
  0.03   0.89   0.69   0.27      9      9      1   
  0.10   0.79   0.68   0.03     11     11      1   
  0.06   0.99   0.49   0.62      6      6      1   
  0.69   0.03   0.92   0.77     14      9      1   
  0.62   0.34   0.67   0.82      5      5      1   
  0.26   0.49   0.03   0.90     65      8      1   
  0.20   0.52   0.05   0.19      3      3      1   
  0.91   0.74   0.12   0.16     10     10      1   
  0.65   0.08   0.64   0.87      7      7      1   
  0.48   0.60   0.69   0.24      4      4      1   
  0.62   0.34   0.75   0.17      2      2      1   
  0.52   0.34   0.50   0.03      3      3      1   
  0.89   0.89   0.99   0.12     24     10      1   
  0.17   0.50   0.26   0.79     31      7      1   
  0.08   0.04   0.66   0.72      9      8      1   
  0.05   0.05   0.34   0.91     10      9      1   
  0.70   0.78   0.49   0.62      3      3      1   
  0.89   0.06   0.69   0.06      2      2      1   
  0.57   0.82   0.45   0.29      5      5      1   
  0.80   0.24   0.44   0.36      4      4      1   
  0.73   0.08   0.65   0.91      8      8      1   
  0.01   0.42   0.03   0.02      4      4      1   
  0.03   0.90   0.08   0.26     21     10      1   
  0.79   0.77   0.83   0.92      2      2      1   
  0.18   0.97   0.67   0.82      5      5      1   
  0.73   0.96   0.84   0.03      9      9      1   
  0.77   0.13   0.11   0.18     18      8      1   
  0.46   0.88   0.41   0.82      1      1      1   
  0.30   0.56   0.74   0.08      6      6      1   
  0.20   0.80   0.62   0.60      5      5      1   
  0.58   0.65   0.37   0.40      3      3      1   
  0.85   0.05   0.73   0.96     11      9      1   
  0.52   0.73   0.90   0.01      8      8      1   
  0.10   0.79   0.69   0.45      8      8      1   
  0.74   0.94   0.44   0.85      3      3      1   
  0.02   0.94   0.70   0.19     11     11      1   
  0.94   0.79   0.63   0.90      3      3      1   
  0.54   0.67   0.03   0.02      7      7      1   
  0.99   0.76   0.52   0.15      9      9      1   
  0.69   0.24   0.21   0.29      9      6      1   
  0.56   0.26   0.61   0.31      1      1      1   
  0.51   0.21   0.21   0.91     42      8      1   
  0.45   0.04   0.06   0.36      6      6      1   
  0.96   0.05   0.74   0.21      3      3      1   
  0.43   0.20   0.21   0.24     10      5      1   
  0.19   0.44   0.50   0.39      3      3      1   
  0.26   0.42   0.95   0.25      7      7      1   
  0.03   0.02   0.68   0.66      9      9      1   
  0.47   0.16   0.50   0.68      5      5      1   
  0.70   0.01   0.06   0.39      8      7      1   
  0.12   0.18   0.59   0.19     13      7      1   
  0.13   0.05   0.61   0.31      7      7      1   
  0.24   0.49   0.49   0.95      7      6      1   
  0.09   0.83   0.60   0.03     11     11      1   
  0.17   0.34   0.03   0.89     62      9      1   
  0.89   0.89   0.60   0.70      3      3      1   
  0.50   0.69   0.05   0.29      6      6      1   
  0.05   0.05   0.26   0.49      5      5      1   
  0.08   0.00   0.41   0.29      7      6      1   
  0.70   0.19   0.94   0.19      3      3      1   
  0.17   0.21   0.65   0.13     20      7      1   
  0.17   0.21   0.69   0.11     21      8      1   
  0.08   0.86   0.78   0.95      7      7      1   
  0.38   0.91   0.65   0.91      3      3      1   
  0.26   0.42   0.44   0.81      4      4      1   
  0.62   0.34   0.51   0.21      2      2      1   
  0.06   0.39   0.02   0.14      3      3      1   
  0.52   0.15   0.08   0.82     69     10      1   
  0.89   0.89   0.41   0.23      8      8      1   
  0.90   0.92   0.49   0.50      6      6      1   
  0.07   0.02   0.68   0.04     32      9      1   
  0.66   0.40   0.60   0.03      4      4      1   
  0.91   0.25   0.14   0.13     17      9      1   
  0.16   0.17   0.61   0.31      6      6      1   
  0.17   0.19   0.03   0.02      2      2      1   
  0.61   0.31   0.73   0.90      6      6      1   
  0.09   0.52   0.56   0.56      5      5      1   
  0.22   0.56   0.20   0.30      3      3      1   
  0.44   0.31   0.18   0.14     27      5      1   
  0.25   0.53   0.20   0.30      3      3      1   
  0.52   0.73   0.03   0.80      5      5      1   
  0.48   0.01   0.83   0.92     10     10      1   
  0.12   0.23   0.90   0.01     23      9      1   
  0.84   0.20   0.71   0.31      2      2      1   
  0.94   0.13   0.94   0.79     11      9      1   
  0.70   0.01   0.23   0.85     41      9      1   
  0.66   0.58   0.17   0.34      6      5      1   
  0.90   0.75   0.49   0.20      8      8      1   
  0.13   0.29   0.84   0.89      9      8      1   
  0.84   0.89   0.44   0.08      9      8      1   
  0.51   0.55   0.49   0.95      4      4      1   
  0.46   0.14   0.19   0.82     61      9      1   
  0.13   0.29   0.77   0.13     12      7      1   
  0.36   0.83   0.14   0.84      2      2      1   
  0.20   0.47   0.16   0.17      3      3      1   
  0.45   0.28   0.56   0.58      3      3      1   
  0.54   0.67   0.89   0.89      4      4      1   
  0.03   0.47   0.95   0.94     10     10      1   
  0.40   0.09   0.09   0.16     15      6      1   
  0.69   0.03   0.98   0.27      4      4      1   
  0.57   0.38   0.84   0.03      4      4      1   
  0.57   0.00   0.93   0.08      4      4      1   
  0.50   0.03   0.07   0.93     52     11      1   
  0.20   0.35   0.01   0.99     59     10      1   
  0.48   0.01   0.49   0.50      5      5      1   
  0.82   0.30   0.49   0.84      7      7      1   
  0.52   0.15   0.23   0.79     58      8      1   
  0.13   0.86   0.61   0.07     10     10      1   
  0.62   0.34   0.52   0.15      2      2      1   
  0.17   0.34   0.41   0.30      3      3      1   
  0.67   0.01   0.21   0.53      7      7      1   
  0.81   0.89   0.70   0.78      2      2      1   
  0.73   0.08   0.17   0.03     34      9      1   
  0.86   0.89   0.68   0.04     10      9      1   
  0.74   0.94   0.53   0.32      6      6      1   
  0.61   0.66   0.04   0.95      6      6      1   
  0.57   0.56   0.50   0.69      2      2      1   
  0.57   0.38   0.50   0.39      1      1      1   
  0.03   0.31   0.32   0.98     10      9      1   
  0.14   0.84   0.36   0.83      2      2      1   
  0.08   0.26   0.81   0.89      9      9      1   
  0.65   0.01   0.81   0.89      8      8      1   
  0.08   0.32   0.50   0.69      6      5      1   
  0.14   1.00   0.18   0.19     11     10      1   
  0.27   0.43   0.08   0.44      2      2      1   
  1.00   0.80   0.01   0.50     67     10      1   
  0.74   0.21   0.46   0.88      7      7      1   
  0.41   0.30   0.69   0.11      3      3      1   
  0.65   0.80   0.91   0.74      3      3      1   
  0.41   0.19   0.19   0.82     61      9      1   
  0.44   0.08   0.13   0.17     13      7      1   
  0.43   0.12   0.34   0.91     12      8      1   
  0.06   0.99   0.23   0.97      2      2      1   
  0.35   0.54   0.73   0.83      5      5      1   
  0.09   0.81   0.01   0.99      2      2      1   
  0.16   0.98   0.12   0.16     17     10      1   
  0.67   0.32   0.21   0.91      7      7      1   
  0.04   0.80   0.06   0.36     40     10      1   
  0.51   0.55   0.10   0.17      5      5      1   
  0.39   0.41   0.52   0.67      3      3      1   
  0.44   0.81   0.21   0.97      3      3      1   
  0.13   0.04   0.49   0.62      7      7      1   
  0.57   0.76   0.87   0.23      6      6      1   
  0.43   0.69   0.68   0.76      3      3      1   
  0.70   0.01   0.16   0.45      7      7      1   
  0.09   0.27   0.49   0.20     10      5      1   
  0.39   1.00   0.21   0.29      8      8      1   
  0.47   0.81   0.47   0.16      6      6      1   
  0.69   0.97   0.62   0.60      4      4      1   
  0.13   0.24   0.50   0.69      6      6      1   
  0.30   0.40   0.12   0.13      3      3      1   
  0.58   0.28   0.01   0.21     11      6      1   
  0.01   0.44   0.13   0.83     56      9      1   
  0.20   0.80   0.57   0.56      5      5      1   
  0.04   0.93   0.91   0.24     11     11      1   
  0.39   0.41   0.20   0.52      2      2      1   
  0.66   0.58   0.41   0.82      4      4      1   
  0.41   0.82   0.74   0.21      7      7      1   
  0.51   0.56   0.65   0.98      4      4      1   
  0.18   0.37   0.85   0.05      7      7      1   
  0.13   0.29   0.51   0.22     10      5      1   
  0.53   0.32   0.86   0.05      4      4      1   
  0.32   0.98   0.30   0.40      6      6      1   
  0.22   0.95   0.08   0.04     23     11      1   
  0.70   0.01   0.30   0.41      6      5      1   
  0.33   0.84   0.69   0.45      5      5      1   
  0.93   0.06   0.06   0.96     65     12      1   
  0.17   0.27   0.49   0.50      4      4      1   
  0.66   0.36   0.03   0.31      7      7      1   
  0.18   0.97   0.05   0.90      2      2      1   
  0.09   0.16   0.02   0.18      1      1      1   
  0.08   1.00   0.12   0.06     15     12      1   
  0.73   0.83   0.46   0.10      7      7      1   
  0.16   0.37   0.62   0.44      5      5      1   
  0.78   0.09   0.74   0.08      1      1      1   
  0.21   0.27   0.75   0.24     15      7      1   
  0.78   0.95   0.02   0.78      7      7      1   
  0.20   0.30   0.45   0.28      7      4      1   
  0.55   0.04   0.57   0.82      7      7      1   
  0.36   0.46   0.69   0.86      5      5      1   
  0.54   0.52   0.65   0.18      3      3      1   
  0.22   0.91   0.69   0.45      6      6      1   
  0.03   0.90   0.33   0.51      9      8      1   
  0.30   0.95   0.80   0.24      8      8      1   
  0.27   0.43   0.05   0.05      4      4      1   
  0.55   0.08   0.73   0.08      2      2      1   
  0.69   0.03   0.74   0.25      2      2      1   
  0.08   0.20   0.65   0.91      9      9      1   
  0.77   0.13   0.23   0.46      6      6      1   
  0.24   0.50   0.21   0.97     35      7      1   
  0.62   0.44   0.53   0.17      3      3      1   
  0.28   0.51   0.61   0.10      5      5      1   
  0.50   0.39   0.44   0.38      1      1      1   
  0.86   0.89   0.94   0.79      1      1      1   
  0.03   0.47   0.92   0.77     10      9      1   
  0.38   0.91   0.67   0.30      6      6      1   
  0.17   0.03   0.50   0.68      7      7      1   
  0.94   0.13   0.06   0.39      9      9      1   
  0.90   0.92   0.51   0.22      8      8      1   
  0.08   0.91   0.01   0.82      1      1      1   
  0.54   0.67   0.62   0.44      2      2      1   
  0.09   0.43   0.09   0.52      1      1      1   
  0.52   0.73   0.19   0.87      4      4      1   
  0.19   0.44   0.18   0.37      1      1      1   
  0.86   0.93   0.60   0.03      9      9      1   
  0.17   0.03   0.17   0.34      3      3      1   
  0.01   0.82   0.91   0.01     13     12      1   
  0.82   0.30   0.70   0.19      2      2      1   
  0.63   0.90   0.17   0.50      7      6      1   
  0.17   0.03   0.17   0.27      3      3      1   
  0.81   0.00   0.57   0.56      6      6      1   
  0.34   0.82   0.18   0.38     10      6      1   
  0.62   0.44   0.17   0.50      5      5      1   
  0.60   0.70   0.03   0.47      6      6      1   
  0.18   0.11   0.69   0.06     32      8      1   
  0.96   0.05   0.69   0.46      5      5      1   
  0.42   0.41   0.94   0.13      6      6      1   
  0.12   0.23   0.95   0.25     13      9      1   
  0.91   0.94   0.16   0.45      8      8      1   
  0.58   0.67   0.98   0.95      5      5      1   
  0.41   0.84   0.33   0.84      1      1      1   
  0.86   0.32   0.52   0.12      4      4      1   
  0.65   0.08   0.75   0.03      1      1      1   
  0.94   0.02   0.13   0.24     11      9      1   
  0.01   0.50   0.94   0.02     10     10      1   
  0.16   0.98   0.91   0.25     11     10      1   
  0.62   0.36   0.21   0.91      7      6      1   
  0.94   0.13   0.15   0.86     11     11      1   
  0.13   0.04   0.82   0.30     10      9      1   
  0.90   0.75   0.46   0.88      4      4      1   
  0.01   0.42   0.08   0.26      2      2      1   
  0.44   0.36   0.46   0.10      3      3      1   
  0.29   0.91   0.09   0.21     23      9      1   
  0.50   0.03   0.60   0.31      3      3      1   
  0.10   0.79   0.03   0.32     46     11      1   
  0.78   0.20   0.43   0.12      4      4      1   
  0.66   0.06   0.02   0.18     16      8      1   
  0.24   0.79   0.49   0.10     10      9      1   
  0.93   0.08   0.38   0.91      9      9      1   
  0.77   0.13   0.21   0.91      9      9      1   
  0.02   0.78   0.09   0.81      1      1      1   
  0.47   0.81   0.51   0.55      3      3      1   
  0.68   0.66   0.12   0.13     17      7      1   
  0.04   0.93   0.29   0.91      3      3      1   
  0.58   0.93   0.49   0.95      1      1      1   
  0.87   0.17   0.79   0.77      9      8      1   
  0.73   0.08   0.11   0.16     15      8      1   
  0.07   0.93   0.17   0.98      1      1      1   
  0.17   0.34   0.24   0.50      2      2      1   
  0.68   0.04   0.24   0.79     41      9      1   
  0.01   0.82   0.01   0.24     26     11      1   
  0.15   0.46   0.45   0.98      8      7      1   
  0.56   0.39   0.75   0.03      4      4      1   
  0.52   0.15   0.18   0.97      9      9      1   
  0.20   0.96   0.69   0.95      5      5      1   
  0.08   0.26   0.30   0.56      4      4      1   
  0.69   0.86   0.54   0.52      4      4      1   
  0.14   0.84   0.38   0.91      3      3      1   
  0.07   0.93   0.14   0.23     12     10      1   
  0.33   0.51   0.52   0.15      4      4      1   
  0.16   0.18   0.86   0.89     10     10      1   
  0.46   0.10   0.91   0.74      9      9      1   
  0.75   0.17   0.55   0.56      4      4      1   
  0.39   0.91   0.79   0.77      4      4      1   
  0.43   0.69   0.65   0.13      6      6      1   
  0.58   0.65   0.34   0.91      3      3      1   
  0.31   1.00   0.74   0.08      9      9      1   
  0.38   0.51   0.13   0.86     54      6      1   
  0.57   0.85   0.88   0.14      8      8      1   
  0.76   0.03   0.17   0.50      7      7      1   
  0.61   0.66   0.18   0.11     34      7      1   
  0.76   0.19   0.45   0.29      3      3      1   
  0.14   0.23   0.37   0.40      4      3      1   
  0.17   0.86   0.97   0.05     11     11      1   
  0.03   0.02   0.30   0.56      6      6      1   
  0.66   0.36   0.02   0.94      9      9      1   
  0.81   0.76   0.44   0.38      6      6      1   
  0.88   0.14   0.28   0.53      7      7      1   
  0.06   0.96   0.24   0.49      9      8      1   
  0.49   0.20   0.18   0.29      5      5      1   
  0.75   0.24   0.60   0.31      2      2      1   
  0.13   0.24   0.69   0.27      7      6      1   
  0.08   0.44   0.28   0.53      2      2      1   
  0.83   0.92   0.36   0.83      5      5      1   
  0.74   0.08   0.08   0.82     64     11      1   
  0.18   0.97   0.55   0.08     11      9      1   
  0.91   0.94   0.43   0.20      9      8      1   
  0.15   0.46   0.13   0.29      2      2      1   
  0.45   0.38   0.38   0.51      2      2      1   
  0.25   0.48   0.71   0.30      5      5      1   
  0.14   0.23   0.17   0.03      2      2      1   
  0.89   0.29   0.66   0.36      3      3      1   
  0.88   0.94   0.37   0.43      7      7      1   
  0.78   0.95   0.75   0.17      8      8      1   
  0.27   0.52   0.68   0.04      6      6      1   
  0.47   0.12   0.15   0.02     28      7      1   
  0.20   0.96   0.95   0.31     11     10      1   
  0.22   0.39   0.73   0.83      7      6      1   
  0.66   0.36   0.78   0.09      3      3      1   
  0.17   0.19   0.06   0.36      2      2      1   
  0.51   0.23   0.98   0.27      5      5      1   
  0.59   0.19   0.10   0.17     14      7      1   
  0.68   0.03   0.75   0.17      2      2      1   
  0.16   0.18   0.90   0.75     10     10      1   
  0.73   0.83   0.44   0.08      7      7      1   
  0.31   1.00   0.08   0.00     26     10      1   
  0.07   0.02   0.70   0.88     10     10      1   
  0.08   0.32   0.52   0.15     27      6      1   
  0.48   0.01   0.22   0.48      5      5      1   
  0.46   0.42   0.59   0.74      3      3      1   
  0.57   0.00   0.61   0.66      6      6      1   
  0.26   0.49   0.34   0.52      1      1      1   
  0.49   0.20   0.16   0.30      5      5      1   
  0.40   0.09   0.68   0.76      7      7      1   
  0.13   0.24   0.69   0.97      8      8      1   
  0.18   0.19   0.45   0.78      8      7      1   
  0.02   0.35   0.94   0.79     10     10      1   
  0.52   0.34   0.41   0.30      1      1      1   
  0.85   0.05   0.05   0.19     18      9      1   
  0.03   0.02   0.81   0.76     11     10      1   
  0.05   0.79   0.59   0.74      6      5      1   
  0.62   0.60   0.87   0.23      5      5      1   
  0.03   0.02   0.57   0.82     10      9      1   
  0.73   0.90   0.19   0.82      5      5      1   
  0.77   0.29   0.54   0.52      3      3      1   
  0.23   0.46   0.07   0.99     44      8      1   
