  0.69   0.61   0.64   0.40      2      2      1   
  0.64   0.81   0.00   0.46      8      7      1   
  0.35   0.92   0.61   0.93      3      3      1   
  0.58   0.20   0.34   0.39      3      3      1   
  0.20   0.32   0.27   0.11      2      2      1   
  0.13   0.52   0.91   0.00      9      9      1   
  0.69   0.31   0.19   0.20      5      5      1   
  0.76   0.78   0.49   0.46      4      4      1   
  0.92   0.10   0.54   0.80      9      8      1   
  0.79   0.10   0.71   0.76      7      7      1   
  0.17   0.77   0.96   0.06     11     11      1   
  0.65   0.23   0.20   0.01      5      5      1   
  0.99   0.21   0.97   0.32      1      1      1   
  0.37   0.90   0.38   0.37      6      6      1   
  0.97   0.22   0.89   0.19      1      1      1   
  0.62   0.32   0.89   0.19      3      3      1   
  0.91   0.25   0.28   0.30      6      6      1   
  0.12   0.32   0.51   0.33      4      4      1   
  0.50   0.93   0.21   0.91      3      3      1   
  0.09   0.08   0.82   0.87     10     10      1   
  0.73   0.97   0.97   0.05     11     10      1   
  0.66   0.39   0.14   0.33      5      5      1   
  0.19   0.24   0.09   0.18      1      1      1   
  0.55   0.06   0.62   0.05      1      1      1   
  0.12   0.93   0.56   0.24      8      8      1   
  0.85   0.02   0.76   0.14      2      2      1   
  0.57   0.86   0.56   0.87      1      1      1   
  0.50   0.93   0.59   0.14      7      7      1   
  0.12   0.34   0.59   0.42      5      5      1   
  0.31   0.45   0.99   0.01      7      7      1   
  0.53   0.02   0.94   0.75     11     10      1   
  0.66   0.16   0.50   0.11      2      2      1   
  0.15   0.38   0.20   0.89     14      8      1   
  0.12   0.93   0.55   0.48      6      6      1   
  0.58   0.20   0.20   0.81     38      8      1   
  0.26   0.17   0.85   0.84      8      8      1   
  0.00   0.51   0.70   0.79      7      7      1   
  0.23   0.79   0.83   0.23      8      8      1   
  0.35   0.92   0.26   0.93      1      1      1   
  0.37   0.30   0.09   0.08      3      3      1   
  0.61   0.93   0.22   0.16      8      8      1   
  0.85   0.02   0.16   0.04      7      7      1   
  0.70   0.79   0.56   0.90      2      2      1   
  0.77   0.79   0.61   0.32      5      5      1   
  0.80   0.17   0.55   0.67      6      5      1   
  0.83   0.12   0.94   0.03      2      2      1   
  0.02   0.45   0.61   0.32      6      6      1   
  0.76   0.78   0.77   0.26      7      6      1   
  0.46   0.08   0.60   0.28      2      2      1   
  0.06   0.96   0.75   0.97      7      7      1   
  0.81   0.18   0.36   0.55      6      5      1   
  0.79   0.10   0.65   0.41      3      3      1   
  0.23   0.24   0.23   0.11      1      1      1   
  0.94   0.12   0.06   0.45      8      8      1   
  0.06   0.45   0.80   0.00      8      8      1   
  0.16   0.04   0.13   0.07      1      1      1   
  0.30   0.43   0.09   0.86     37      7      1   
  0.89   0.19   0.53   0.02      4      4      1   
  0.31   0.86   0.26   0.32     12      6      1   
  0.60   0.12   0.44   0.91      7      7      1   
  0.48   0.74   0.62   0.21      5      5      1   
  0.07   0.20   0.59   0.42      5      5      1   
  0.61   0.22   0.97   0.22      4      4      1   
  0.08   0.23   0.45   0.02      4      4      1   
  0.04   0.04   0.17   0.78     36     11      1   
  0.99   0.22   0.50   0.82      9      8      1   
  0.05   0.07   0.53   0.60      7      6      1   
  0.10   0.22   0.55   0.67      6      6      1   
  0.53   0.20   0.59   0.75      5      5      1   
  0.72   0.03   0.80   0.30      3      3      1   
  0.26   0.96   0.89   0.25     11      9      1   
  0.59   0.75   0.60   0.32      4      4      1   
  0.20   0.32   0.25   0.17      2      2      1   
  0.75   0.80   0.05   0.31      8      8      1   
  0.78   0.91   0.00   0.51      9      8      1   
  0.77   0.79   0.61   0.52      3      3      1   
  0.94   0.03   0.06   0.17      8      8      1   
  0.27   0.09   0.14   0.77     39      9      1   
  0.20   0.81   0.81   0.05     10     10      1   
  0.75   0.30   0.72   0.88      6      6      1   
  0.73   0.10   0.74   0.97      9      8      1   
  0.03   0.46   0.61   0.93      8      7      1   
  0.59   0.12   0.08   0.10      5      5      1   
  0.72   0.03   0.45   0.02      3      3      1   
  0.15   0.25   0.93   0.10      8      8      1   
  0.08   0.28   0.10   0.16      1      1      1   
  0.68   0.55   0.60   0.28      3      3      1   
  0.04   0.93   0.80   0.17     11     11      1   
  0.46   0.72   0.36   0.53      2      2      1   
  0.65   0.19   0.05   0.31      6      6      1   
  0.57   0.94   0.53   0.84      1      1      1   
  0.58   0.43   0.09   0.08      5      5      1   
  0.27   0.15   0.13   0.18      2      2      1   
  0.37   0.82   0.32   0.48      5      5      1   
  0.15   0.18   0.57   0.10      5      5      1   
  0.63   0.97   0.23   1.00      5      5      1   
  0.06   0.87   0.54   0.21      9      9      1   
  0.04   0.81   0.78   0.91      7      7      1   
  0.20   0.81   0.10   0.46     27      8      1   
  0.31   0.45   0.68   0.09      5      5      1   
  0.57   0.87   0.63   0.35      5      5      1   
  0.59   0.79   0.54   0.09      7      7      1   
  0.54   0.80   0.23   0.30      6      6      1   
  0.31   0.86   0.49   0.81      2      2      1   
  0.10   0.53   0.59   0.38      5      5      1   
  0.82   0.14   0.52   0.91      8      8      1   
  0.55   0.24   0.19   0.06      4      4      1   
  0.80   0.30   0.71   0.76      6      6      1   
  0.57   0.10   0.66   0.64      6      6      1   
  0.62   0.26   0.40   0.45      3      3      1   
  0.98   0.96   0.55   0.48      7      7      1   
  0.59   0.18   0.78   0.32      2      2      1   
  0.97   0.32   0.51   0.33      4      4      1   
  0.96   0.30   0.31   0.45      6      6      1   
  0.19   0.20   0.52   0.91      8      8      1   
  0.50   0.52   0.79   0.10      5      5      1   
  0.75   0.80   0.18   0.77      5      5      1   
  0.27   0.15   0.26   0.49      3      3      1   
  0.87   0.29   0.54   0.60      5      5      1   
  0.53   0.48   0.46   0.34      2      2      1   
  0.69   0.19   0.82   0.87      7      7      1   
  0.70   0.79   0.06   0.03     10     10      1   
  0.06   0.99   0.55   0.48      7      7      1   
  0.00   0.51   0.51   0.16      6      6      1   
  0.67   0.37   0.06   0.99      9      9      1   
  0.31   0.04   0.25   0.10      1      1      1   
  0.19   0.10   1.00   0.19      8      8      1   
  0.21   0.91   0.50   0.75      3      3      1   
  0.09   0.24   0.02   0.45      2      2      1   
  0.65   0.55   0.09   0.79      6      6      1   
  0.06   0.14   0.54   0.17      5      5      1   
  0.34   0.39   0.60   0.67      4      4      1   
  0.64   0.40   0.57   0.10      3      3      1   
  0.76   0.14   0.09   0.24      6      6      1   
  0.61   0.56   0.13   0.52      5      5      1   
  0.51   0.83   0.94   0.26      8      8      1   
  0.35   0.92   0.27   0.54      5      5      1   
  0.49   0.36   0.16   0.21      4      4      1   
  0.66   0.39   0.25   0.17      5      5      1   
  0.61   0.63   0.66   0.16      5      4      1   
  0.04   0.47   0.12   0.82     38      8      1   
  0.57   0.10   0.22   0.07      4      4      1   
  0.94   0.75   0.44   0.61      5      5      1   
  0.26   0.49   0.52   0.58      3      3      1   
  0.31   0.26   0.43   0.13      2      2      1   
  0.57   0.59   0.03   0.46      5      5      1   
  0.69   0.18   0.66   0.39      2      2      1   
  0.99   0.21   0.17   0.77     10     10      1   
  0.83   0.15   0.15   0.07      7      6      1   
  0.04   0.93   0.45   0.27      9      9      1   
  0.41   0.82   0.48   0.09      7      7      1   
  0.91   0.18   0.10   0.05      8      8      1   
  0.29   0.20   0.20   0.54      3      3      1   
  0.65   0.67   0.54   0.17      5      5      1   
  0.45   0.27   0.85   0.84      8      7      1   
  0.44   0.61   0.31   0.45      2      2      1   
  0.03   0.12   0.45   0.05      4      4      1   
  0.06   0.96   0.79   0.10     11     11      1   
  0.68   0.71   0.56   0.24      5      5      1   
  0.04   0.08   0.51   0.10      5      5      1   
  0.61   0.56   0.37   0.30      4      4      1   
  0.08   0.35   0.85   0.84      8      8      1   
  0.21   0.91   0.89   0.25     10      9      1   
  0.85   0.84   0.30   0.39      7      7      1   
  0.05   0.07   0.26   0.96     12     10      1   
  0.65   0.55   0.32   0.48      3      3      1   
  0.68   0.09   0.23   0.52      6      6      1   
  0.06   0.96   0.51   0.10     11     11      1   
  0.78   0.93   0.23   0.12      9      9      1   
  0.54   0.96   0.27   0.11      9      9      1   
  0.92   0.10   0.36   0.55      7      6      1   
  0.92   0.10   0.37   0.90      9      9      1   
  0.75   0.80   0.04   0.04     10     10      1   
  0.07   0.20   0.44   0.61      5      5      1   
  0.09   0.22   0.27   0.09      2      2      1   
  0.18   0.27   0.02   0.45      2      2      1   
  0.99   0.21   0.87   0.29      2      2      1   
  0.80   0.20   1.00   0.19      2      2      1   
  0.89   0.25   0.06   0.23      7      7      1   
  0.22   0.07   0.14   0.77     39      9      1   
  0.47   0.79   0.12   0.30      6      6      1   
  0.52   0.47   0.31   0.04      5      5      1   
  0.55   0.06   0.26   0.82      8      8      1   
  0.80   0.30   0.31   0.45      5      5      1   
  0.25   0.05   0.67   0.62      7      7      1   
  0.28   0.02   0.58   0.20      4      4      1   
  0.86   0.09   0.67   0.72      7      7      1   
  0.11   0.55   0.44   0.61      4      4      1   
  0.23   0.12   0.26   0.96      9      9      1   
  1.00   0.10   0.44   0.91     10      9      1   
  0.58   0.43   0.63   0.35      1      1      1   
  0.16   0.04   0.27   0.54      5      5      1   
  0.14   0.33   0.41   0.10      4      4      1   
  0.92   0.22   0.54   0.82      8      7      1   
  0.62   0.32   0.19   0.20      5      5      1   
  0.04   0.47   0.65   0.41      6      6      1   
  0.59   0.75   0.61   0.22      5      5      1   
  0.18   0.37   0.23   0.11      3      3      1   
  0.23   0.44   0.20   0.01      4      4      1   
  0.18   0.27   0.76   0.78      7      7      1   
  0.54   0.30   0.30   0.39      3      3      1   
  0.66   0.64   0.79   0.24      5      5      1   
  0.40   0.36   0.65   0.55      3      3      1   
  0.53   0.84   0.75   0.97      3      3      1   
  0.47   0.81   0.47   0.98      2      2      1   
  0.30   0.43   0.05   0.34      3      3      1   
  0.57   0.87   0.53   0.48      4      4      1   
  0.34   0.19   0.20   0.50      3      3      1   
  0.65   0.41   0.04   0.08      6      6      1   
  0.87   0.93   0.28   0.35      8      8      1   
  0.56   0.24   0.04   0.13      5      5      1   
  0.23   0.37   0.85   0.84      7      7      1   
  0.51   0.83   0.16   0.21      7      7      1   
  0.28   0.80   0.85   0.86      5      5      1   
  0.27   0.09   0.49   0.73      7      7      1   
  0.59   0.38   0.44   0.91      5      5      1   
  0.04   0.04   0.67   0.62      8      8      1   
  0.03   0.47   0.70   0.88      9      8      1   
  0.67   0.62   0.85   0.86      3      3      1   
  0.76   0.74   0.14   0.33      7      7      1   
  0.31   0.04   0.59   0.18      3      3      1   
  0.03   0.84   0.39   0.35      9      8      1   
  0.65   0.23   0.18   0.77     37      8      1   
  0.99   0.01   0.25   0.37      7      7      1   
  0.13   0.36   0.10   0.53      2      2      1   
  0.50   0.82   0.54   0.85      1      1      1   
  0.89   0.08   0.55   0.24      4      4      1   
  0.08   0.10   0.09   0.79     43     11      1   
  0.20   0.17   0.46   0.07      3      3      1   
  0.54   0.09   0.51   0.16      1      1      1   
  0.46   0.07   0.67   0.15      2      2      1   
  0.47   0.79   0.12   0.93      4      4      1   
  0.12   0.56   0.70   0.88      8      7      1   
  0.78   0.93   0.58   0.20      7      7      1   
  0.65   0.19   0.05   0.07      6      6      1   
  0.85   0.86   0.44   0.94      4      4      1   
  0.50   0.75   0.75   0.28      5      5      1   
  0.54   0.21   0.40   0.45      3      3      1   
  0.04   0.04   0.13   0.36      3      3      1   
  0.26   0.34   0.09   0.34      2      2      1   
  0.66   0.45   0.19   0.24      5      5      1   
  0.55   0.48   0.22   0.45      3      3      1   
  0.77   0.79   0.95   0.25      9      8      1   
  0.61   0.52   0.99   0.01      6      6      1   
  0.05   0.11   0.76   0.74      9      9      1   
  0.04   0.47   0.78   0.97     10      9      1   
  0.17   0.39   0.58   0.51      4      4      1   
  0.49   0.46   0.11   0.55      4      4      1   
  0.12   0.30   0.55   0.95      7      7      1   
  0.63   0.03   0.17   0.06      5      4      1   
  0.63   0.35   0.33   0.26      3      3      1   
  0.66   0.45   0.04   0.04      7      7      1   
  0.63   0.97   0.94   0.12     10      9      1   
  0.88   0.11   0.73   0.10      2      2      1   
  0.44   0.25   0.69   0.82      6      6      1   
  0.54   0.82   0.39   0.29      5      5      1   
  0.29   0.10   0.53   0.60      5      5      1   
  0.16   0.28   0.75   0.26      5      5      1   
  0.20   0.93   0.24   0.13     15      9      1   
  0.19   0.85   0.50   0.61      4      4      1   
  0.24   0.13   0.10   0.53      4      4      1   
  0.34   0.39   0.00   0.51      4      4      1   
  0.53   0.38   0.44   0.25      2      2      1   
  0.17   0.78   0.20   0.02     18     10      1   
  0.58   0.85   0.01   0.21      8      8      1   
  0.20   0.17   0.49   0.46      4      4      1   
  0.75   0.80   0.17   0.39      6      6      1   
  0.55   0.41   0.29   0.10      4      4      1   
  0.61   0.32   0.37   0.30      3      3      1   
  0.60   0.32   0.09   0.97      8      8      1   
  0.83   0.09   0.68   0.12      2      2      1   
  0.94   0.12   0.75   0.80     11      8      1   
  0.46   0.08   0.60   0.37      3      3      1   
  0.69   0.18   0.90   0.13      2      2      1   
  0.50   0.75   0.61   0.56      2      2      1   
  0.30   0.89   0.34   0.39      6      6      1   
  0.19   0.10   0.39   0.29      3      3      1   
  0.17   0.98   0.13   0.37     26      9      1   
  0.59   0.12   0.23   0.37      5      5      1   
  0.62   0.21   0.23   0.12      4      4      1   
  0.94   0.75   0.26   0.17      9      9      1   
  0.09   0.89   0.65   0.13     10     10      1   
  0.62   0.21   0.84   0.87      7      7      1   
  0.53   0.84   0.28   0.02      8      8      1   
  0.25   0.10   0.01   0.33      3      3      1   
  0.77   0.14   0.66   0.30      2      2      1   
  0.09   0.24   0.52   0.58      5      5      1   
  0.62   0.32   0.59   0.03      3      3      1   
  0.18   0.37   0.55   0.48      4      4      1   
  0.32   0.48   0.06   0.23      3      3      1   
  0.12   0.32   0.92   0.22      7      7      1   
  0.59   0.79   0.01   0.94      6      6      1   
  0.90   0.87   0.34   0.50      7      7      1   
  0.80   0.00   0.21   0.12      6      6      1   
  0.89   0.19   0.22   0.07      7      7      1   
  0.59   0.03   0.76   0.78      8      7      1   
  0.27   0.15   0.16   0.28      2      2      1   
  0.09   0.78   0.19   0.13     16     10      1   
  0.23   1.00   0.45   0.69      3      3      1   
  0.21   0.12   0.29   0.00      2      2      1   
  0.10   0.22   0.55   0.95      9      8      1   
  0.05   0.98   0.77   0.79      7      7      1   
  0.27   0.97   0.26   0.92      1      1      1   
  0.23   0.52   0.22   0.45      1      1      1   
  0.33   0.00   0.47   0.10      2      2      1   
  0.31   0.86   0.23   0.24     17      7      1   
  0.14   0.39   0.06   0.03      4      4      1   
  0.65   0.13   0.86   0.83      9      8      1   
  0.65   0.23   0.45   0.60      4      4      1   
  0.97   0.32   0.69   0.61      6      6      1   
  0.97   0.22   0.20   0.89     10     10      1   
  0.13   0.32   0.75   0.80      7      7      1   
  0.15   0.38   0.76   0.78      7      7      1   
  0.51   0.33   0.27   0.09      3      3      1   
  0.37   0.82   0.26   0.92      2      2      1   
  0.44   0.84   0.49   0.36      4      4      1   
  0.20   0.01   0.05   0.32      3      3      1   
  0.44   0.84   0.17   0.02      8      8      1   
  0.94   0.03   0.73   0.97     11     10      1   
  0.23   0.39   0.87   0.29      6      6      1   
  0.49   0.46   0.23   0.12      4      4      1   
  0.28   0.80   0.70   0.79      4      4      1   
  0.26   0.34   0.34   0.16      2      2      1   
  0.59   0.75   0.49   0.97      2      2      1   
  0.23   0.52   0.87   0.26      7      6      1   
  0.79   0.24   0.08   0.38      7      7      1   
  0.25   0.37   0.58   0.85      6      6      1   
  0.65   0.13   0.81   0.89      8      8      1   
  0.08   0.23   0.57   0.59      6      6      1   
  0.17   0.39   0.10   0.05      3      3      1   
  0.05   0.32   0.55   0.48      5      5      1   
  0.37   0.90   0.18   0.77      2      2      1   
  0.65   0.67   0.54   0.17      5      5      1   
  0.23   0.37   0.44   0.91      6      6      1   
  0.44   0.94   0.01   0.08     43      9      1   
  0.51   0.33   0.79   0.93      6      6      1   
  0.51   0.83   0.59   0.05      7      7      1   
  0.08   0.23   0.63   0.35      5      5      1   
  0.77   0.79   0.17   0.49      6      6      1   
  0.12   0.34   0.21   0.12      2      2      1   
  0.37   0.30   0.20   0.32      2      2      1   
  0.09   0.79   0.14   0.77      1      1      1   
  0.50   0.75   0.13   0.07      7      7      1   
  0.52   0.58   0.86   0.09      6      6      1   
  0.57   0.10   0.04   0.47      6      6      1   
  0.62   0.21   0.23   0.52      5      5      1   
  0.73   0.10   0.75   0.30      2      2      1   
  0.26   0.49   0.55   0.48      3      3      1   
  0.18   0.79   0.87   0.26      9      9      1   
  0.94   0.03   0.04   0.47      9      9      1   
  0.25   1.00   0.01   0.21     31     10      1   
  0.17   0.13   0.59   0.12      4      4      1   
  0.57   0.94   0.22   0.45      6      6      1   
  0.54   0.60   0.83   0.12      5      5      1   
  0.23   0.79   0.35   0.49      5      5      1   
  0.53   0.35   0.20   0.01      4      4      1   
  0.09   0.22   0.54   0.80      7      7      1   
  0.58   0.22   0.86   0.89      8      8      1   
  0.93   0.07   0.18   0.25      8      7      1   
  0.12   0.56   0.05   0.07      5      4      1   
  0.28   0.02   0.01   0.82     44     11      1   
  0.50   0.52   0.56   0.24      3      3      1   
  0.63   0.97   0.92   0.01     10     10      1   
  0.20   0.50   0.41   0.10      4      4      1   
  0.12   0.30   0.02   0.45      2      2      1   
  0.39   0.29   0.29   0.37      2      2      1   
  0.54   0.60   0.58   0.20      4      4      1   
  0.79   0.24   0.50   0.82      6      6      1   
  0.26   0.37   0.16   0.44      1      1      1   
  0.80   0.20   0.06   0.03      7      7      1   
  0.09   0.86   0.26   0.11     14     10      1   
  0.99   0.22   0.30   0.89      9      9      1   
  0.96   0.26   0.61   0.22      4      4      1   
  0.39   0.35   0.28   0.12      3      3      1   
  0.89   0.90   0.06   0.03     12     12      1   
  0.13   0.52   0.25   0.18      4      4      1   
  0.75   0.97   0.53   0.48      5      5      1   
  0.86   0.09   0.02   0.56      9      9      1   
  0.73   0.10   0.49   0.60      5      5      1   
  0.66   0.16   0.16   0.28      5      5      1   
  0.80   0.30   0.55   0.67      5      5      1   
  0.44   0.91   0.46   0.72      2      2      1   
  1.00   0.19   0.40   0.45      6      6      1   
  0.55   0.06   0.44   0.84      7      7      1   
  0.01   0.94   0.69   0.19     10     10      1   
  0.46   0.72   0.28   0.30      4      4      1   
  0.52   0.47   0.59   0.75      3      3      1   
  0.80   0.20   0.82   0.14      1      1      1   
  0.41   0.33   0.01   0.33      4      4      1   
  0.45   0.60   0.68   0.82      3      3      1   
  0.34   0.50   0.24   0.89     19      6      1   
  0.33   0.18   0.66   0.64      5      5      1   
  0.36   0.78   0.54   0.74      2      2      1   
  0.06   0.14   0.27   0.09      2      2      1   
  0.72   0.88   0.09   0.97      6      6      1   
  0.08   0.35   0.52   0.01      6      6      1   
  0.78   0.97   0.23   0.39      7      7      1   
  0.72   0.20   0.52   0.01      3      3      1   
  0.56   0.87   0.31   0.86      3      3      1   
  0.46   0.08   0.62   0.61      5      5      1   
  0.65   0.67   0.78   0.93      3      3      1   
  0.40   0.36   0.58   0.51      3      3      1   
  0.44   0.91   0.20   0.01      9      9      1   
  0.09   0.97   0.33   0.26      9      8      1   
  0.23   0.11   0.02   0.80     44     10      1   
  0.58   0.26   0.24   0.50      4      4      1   
  0.06   0.45   0.66   0.30      6      6      1   
  0.01   0.21   0.63   0.35      6      6      1   
  0.69   0.82   0.17   0.02      9      9      1   
  0.54   0.30   0.66   0.39      2      2      1   
  0.29   0.37   0.41   0.33      2      2      1   
  0.05   0.98   0.05   0.31     35     11      1   
  0.60   0.32   0.01   0.21      6      6      1   
  0.40   0.45   0.55   0.95      5      5      1   
  0.26   0.85   0.99   0.01     10     10      1   
  0.34   0.16   0.79   0.24      5      5      1   
  0.09   0.93   0.86   0.89      8      8      1   
  0.13   0.32   0.55   0.06      6      5      1   
  0.56   0.87   0.20   0.01      9      9      1   
  0.31   0.86   0.59   0.75      3      3      1   
  0.66   0.39   0.58   0.22      2      2      1   
  0.33   0.00   0.23   1.00     16     10      1   
  1.00   0.89   0.57   0.86      4      4      1   
  0.13   0.37   0.46   0.72      5      5      1   
  0.20   0.17   0.19   0.11      1      1      1   
  0.28   0.35   0.09   0.34      2      2      1   
  0.75   0.97   0.55   0.03      8      8      1   
  0.47   0.10   0.76   0.14      3      3      1   
  0.57   0.95   0.26   0.17      8      8      1   
  0.53   0.38   0.09   0.93     32      7      1   
  0.67   0.62   0.42   0.44      3      3      1   
  0.93   0.10   0.60   0.37      4      4      1   
  0.01   0.08   0.60   0.37      6      6      1   
  0.04   0.47   0.21   0.91     25      8      1   
  0.62   0.32   0.72   0.20      2      2      1   
  0.20   0.32   0.13   0.32      1      1      1   
  0.93   0.10   0.23   0.44      7      7      1   
  0.01   0.82   0.10   0.22     28     10      1   
  0.27   0.97   0.18   0.25     29      8      1   
  0.90   0.87   0.54   0.17      9      8      1   
  0.78   0.24   0.08   0.23      6      6      1   
  0.05   0.11   0.91   0.00      8      8      1   
  0.90   0.13   0.44   0.91      9      9      1   
  0.28   0.35   0.04   0.13      3      3      1   
  0.76   0.26   0.50   0.61      4      4      1   
  0.06   0.99   0.67   0.74      6      6      1   
  0.33   0.18   0.53   0.06      2      2      1   
  0.54   0.96   0.50   0.75      2      2      1   
  0.23   0.37   0.74   0.82      6      6      1   
  0.66   0.97   0.89   0.90      2      2      1   
  0.82   0.14   0.50   0.11      3      3      1   
  0.49   0.73   0.71   0.94      3      3      1   
  0.80   0.17   0.83   0.23      1      1      1   
  0.68   0.82   0.01   0.94      7      7      1   
  0.52   0.58   0.04   0.08      7      6      1   
  0.71   0.01   0.40   0.81      8      8      1   
  0.61   0.52   0.93   0.07      5      5      1   
  0.71   0.01   0.08   0.38      7      7      1   
  0.54   0.09   0.51   0.16      1      1      1   
  0.75   0.97   0.69   0.61      3      3      1   
  0.98   0.96   0.47   0.58      6      6      1   
  0.36   0.53   0.15   0.25      3      3      1   
  0.20   0.50   0.01   0.33      3      3      1   
  0.02   0.80   0.26   0.17     14      9      1   
  0.76   0.14   0.10   0.19      6      6      1   
  0.90   0.13   0.53   0.48      5      5      1   
  0.27   0.15   0.57   0.86      7      7      1   
  0.46   0.72   0.49   0.46      3      3      1   
  0.17   0.39   0.30   0.43      2      2      1   
  0.83   0.09   0.09   0.97     11     11      1   
  0.61   0.56   0.69   0.18      4      4      1   
  0.12   0.32   1.00   0.19      8      8      1   
  0.50   0.52   0.76   0.14      4      4      1   
  0.48   0.09   0.35   0.92      8      8      1   
  0.69   0.86   0.60   0.67      2      2      1   
  0.79   0.24   0.65   0.55      4      4      1   
  0.10   0.53   0.69   0.86      7      7      1   
  0.94   0.31   0.88   0.10      2      2      1   
  0.59   0.15   0.69   0.19      1      1      1   
  0.50   0.93   0.59   0.42      5      5      1   
  0.01   0.23   0.88   0.10      8      8      1   
  0.81   0.05   0.87   0.93     11     10      1   
  0.18   0.79   0.61   0.22      8      8      1   
  0.00   0.46   0.03   0.12      4      4      1   
  0.15   0.25   0.52   0.02      5      5      1   
  0.18   0.57   0.59   0.05      7      7      1   
  0.13   0.98   0.78   0.93      6      6      1   
  0.17   0.06   0.75   0.80      9      9      1   
  0.79   0.24   0.91   0.25      1      1      1   
  0.36   0.94   0.09   0.24     30      9      1   
  0.06   0.99   0.26   0.34     14      9      1   
  0.25   1.00   0.59   0.14      9      8      1   
  0.57   0.59   0.34   0.16      5      5      1   
  0.56   0.44   0.34   0.21      3      3      1   
  0.80   0.30   0.05   0.07      7      7      1   
  0.92   0.01   0.62   0.21      4      4      1   
  0.80   0.00   0.53   0.60      6      6      1   
  0.23   0.39   0.50   0.11      4      4      1   
  0.66   0.30   0.48   0.99      7      7      1   
  0.46   0.07   0.53   0.35      3      3      1   
  0.67   0.74   0.69   0.61      1      1      1   
  0.18   0.34   0.73   0.97      8      8      1   
  0.27   0.54   0.49   0.97      6      6      1   
  0.72   0.20   0.16   0.28      6      5      1   
  0.51   0.10   0.48   0.12      1      1      1   
  0.92   0.01   0.87   0.29      3      3      1   
  0.02   0.56   0.31   0.04      5      5      1   
  0.67   0.62   0.32   0.48      4      4      1   
  0.81   0.18   0.17   0.49      7      7      1   
  0.64   0.40   0.27   0.09      5      5      1   
  0.55   0.24   0.90   0.13      4      4      1   
  0.30   0.39   0.44   0.14      3      3      1   
  0.05   0.98   0.61   0.56      7      7      1   
  0.45   0.60   0.04   0.47      4      4      1   
  0.57   0.95   0.90   0.13      9      9      1   
  1.00   0.23   0.69   0.86      9      8      1   
  0.53   0.60   0.76   0.26      4      4      1   
  0.09   0.08   0.90   0.87     11     11      1   
  0.73   0.97   0.47   0.58      5      5      1   
  0.00   0.46   0.88   0.11      9      9      1   
  0.68   0.12   0.37   0.30      4      4      1   
  0.65   0.55   0.77   0.14      5      4      1   
  0.26   0.16   0.63   0.20      4      4      1   
  0.42   0.44   0.77   0.79      5      5      1   
  0.63   0.20   0.80   0.30      2      2      1   
  0.61   0.52   0.19   0.09      6      6      1   
  0.03   0.46   0.32   0.48      3      3      1   
  0.76   0.74   0.16   0.04      9      9      1   
  0.97   0.32   0.47   0.79      8      8      1   
  0.02   0.00   0.10   0.19      2      2      1   
  0.83   0.23   0.62   0.26      2      2      1   
  0.83   0.09   0.30   0.43      6      6      1   
  0.61   0.52   0.12   0.82      6      5      1   
  0.54   0.17   0.31   0.03      3      3      1   
  0.10   0.22   0.56   0.24      4      4      1   
  0.20   0.17   0.44   0.01      3      3      1   
  0.03   0.46   0.60   0.12      6      6      1   
  0.94   0.31   0.22   0.16      7      7      1   
  0.48   0.47   0.89   0.25      5      5      1   
  0.67   0.15   0.51   0.21      2      2      1   
  0.27   0.97   0.85   0.84      6      6      1   
  0.31   0.86   0.54   0.60      3      3      1   
  0.06   0.87   0.78   0.93      7      7      1   
  0.37   0.06   0.77   0.26      4      4      1   
  0.10   0.55   0.18   0.37      2      2      1   
  0.12   0.30   0.11   0.55      3      3      1   
  0.69   0.19   0.55   0.24      2      2      1   
  0.05   0.32   0.55   0.67      6      6      1   
  0.27   0.97   0.54   0.28      7      7      1   
  0.61   0.93   0.37   0.90      3      3      1   
  0.89   0.25   0.49   0.62      6      6      1   
  0.26   0.34   0.56   0.87      6      6      1   
  0.36   0.94   0.94   0.75      6      6      1   
  0.10   0.16   0.18   0.57      4      4      1   
  0.43   0.00   0.37   0.90      9      9      1   
  0.45   0.05   0.48   0.12      1      1      1   
  0.65   0.41   0.25   0.17      4      4      1   
  0.26   0.92   0.04   0.81      3      3      1   
  0.10   0.53   0.26   0.32      3      3      1   
  0.50   0.82   0.57   0.10      7      7      1   
  0.26   0.11   0.28   0.80      8      8      1   
  0.24   0.89   0.05   0.34     43      8      1   
  0.46   0.08   0.25   0.10      2      2      1   
  0.52   0.02   0.29   0.20      4      4      1   
  0.09   0.24   0.96   0.30      8      8      1   
  0.79   0.93   0.26   0.17      8      8      1   
  0.18   0.57   0.18   0.25      3      3      1   
  0.63   0.03   0.69   0.31      3      3      1   
  0.00   0.51   0.57   0.86      7      7      1   
  0.48   0.99   0.66   0.16      8      8      1   
  0.87   0.29   0.82   0.87      8      8      1   
  0.33   0.18   0.05   0.34      3      3      1   
  0.44   0.91   0.66   0.45      5      5      1   
  0.53   0.48   0.10   0.19      5      5      1   
  0.61   0.32   0.96   0.06      4      4      1   
  0.53   0.84   0.65   0.55      3      3      1   
  0.93   0.10   0.13   0.98     11     11      1   
  0.72   0.03   0.75   0.30      3      3      1   
  0.33   0.00   0.94   0.31      7      7      1   
  0.56   0.44   0.57   0.86      4      4      1   
  0.53   0.03   0.83   0.09      3      3      1   
  0.07   0.20   0.45   0.02      4      4      1   
  0.91   0.18   0.72   0.20      2      2      1   
  0.24   0.89   0.63   0.03      9      9      1   
  0.27   0.54   0.49   0.97      6      6      1   
  0.49   0.36   0.67   0.72      4      4      1   
  0.20   0.50   0.71   0.00      7      7      1   
  0.17   0.02   0.15   0.38      3      3      1   
  0.01   0.87   0.03   0.47     38      9      1   
  0.27   0.54   0.99   0.21      8      7      1   
  0.20   0.93   0.85   0.84      6      6      1   
  0.48   0.71   0.68   0.55      3      3      1   
  0.29   0.00   0.65   0.19      4      4      1   
  0.46   0.08   0.62   0.26      2      2      1   
  0.69   0.19   0.00   0.51      7      7      1   
  0.61   0.56   0.28   0.30      4      4      1   
  0.06   0.45   0.04   0.47      1      1      1   
  0.19   0.20   0.48   0.12      3      3      1   
  0.79   0.93   0.09   0.18      9      9      1   
  0.22   0.07   0.67   0.74      8      7      1   
  0.59   0.05   0.88   0.11      3      3      1   
  0.48   0.71   0.65   0.19      5      5      1   
  0.29   0.43   0.62   0.61      4      4      1   
  0.70   0.88   0.26   0.92      4      4      1   
  0.23   1.00   0.52   0.58      5      5      1   
  0.44   0.84   0.51   0.21      6      6      1   
  0.15   0.07   0.51   0.16      4      4      1   
  0.22   0.49   0.31   0.04      4      4      1   
  0.61   0.63   0.09   0.24      6      6      1   
  0.66   0.64   0.37   0.06      7      6      1   
  0.19   0.13   0.48   0.09      3      3      1   
  0.20   0.17   0.09   0.08      2      2      1   
  0.37   0.06   0.54   0.30      3      3      1   
  0.08   0.28   0.97   0.05      8      8      1   
  0.32   0.48   0.73   0.10      5      5      1   
  0.04   0.93   0.17   0.06     17     12      1   
  0.96   0.06   0.15   0.07      7      7      1   
  0.65   0.23   0.05   0.32      6      6      1   
  0.54   0.96   0.28   0.12      8      8      1   
  0.39   0.29   0.80   0.17      4      4      1   
  0.65   0.19   0.23   0.24      4      4      1   
  0.69   0.86   0.00   0.51     54      8      1   
  0.02   0.51   0.38   0.37      4      4      1   
  0.67   0.15   0.10   0.53      6      6      1   
  0.35   0.23   1.00   0.10      6      6      1   
  0.04   0.08   0.05   0.28      2      2      1   
  0.17   0.98   0.03   0.46     39      9      1   
  0.04   0.81   0.68   0.09     10     10      1   
  0.26   0.37   0.27   0.54      2      2      1   
  0.51   0.21   0.02   0.45      5      5      1   
  0.25   0.18   0.59   0.42      4      4      1   
  0.22   0.52   0.42   0.44      2      2      1   
  0.40   0.45   0.54   0.17      3      3      1   
  0.23   0.79   0.63   0.97      4      4      1   
  0.68   0.71   0.79   0.10      6      6      1   
  0.54   0.60   0.83   0.12      5      5      1   
  0.15   0.18   0.74   0.97      9      9      1   
  0.25   0.87   0.04   0.04     30     11      1   
  0.36   0.94   0.05   0.32     38      9      1   
  0.28   0.02   0.72   0.88      9      9      1   
  0.13   0.37   0.15   0.25      1      1      1   
  0.82   0.87   0.77   0.79      1      1      1   
  0.04   0.47   0.54   0.17      5      5      1   
  0.44   0.91   0.64   0.81      2      2      1   
  0.23   0.39   0.46   0.08      4      4      1   
  0.53   0.38   0.90   0.13      4      4      1   
  0.23   0.12   0.60   0.32      4      4      1   
  0.57   0.52   0.26   0.11      5      5      1   
  0.53   0.84   0.01   0.87      5      5      1   
  0.73   0.97   0.43   0.13      8      8      1   
  0.63   0.20   0.68   0.09      1      1      1   
  0.45   0.60   0.09   0.24      5      5      1   
  0.44   0.14   0.44   0.91      8      8      1   
  0.61   0.32   0.78   0.32      2      2      1   
  0.12   0.34   0.61   0.63      5      5      1   
  0.71   0.00   0.99   0.22      4      4      1   
  0.01   0.87   0.50   0.52      7      6      1   
  0.58   0.83   0.67   0.37      5      5      1   
  0.68   0.82   0.75   0.80      1      1      1   
  0.55   0.24   0.56   0.94      6      6      1   
  0.09   0.86   0.10   0.53     43      9      1   
  0.63   0.03   0.46   0.08      2      2      1   
  0.80   0.20   0.52   0.47      4      4      1   
  0.68   0.71   0.55   0.67      2      2      1   
  0.05   0.28   0.34   0.16      3      3      1   
  0.20   0.50   0.58   0.43      4      4      1   
  0.05   0.98   0.35   0.23     10     10      1   
  0.85   0.84   0.45   0.02      9      9      1   
  0.23   0.52   0.05   0.31      3      3      1   
  0.47   0.10   0.66   0.39      3      3      1   
  0.50   0.93   0.19   0.20      8      8      1   
  0.41   0.10   0.80   0.30      4      4      1   
  0.36   0.40   0.25   0.18      2      2      1   
  0.34   0.50   0.50   0.52      2      2      1   
  0.69   0.82   0.05   0.31      8      8      1   
  0.53   0.06   0.61   0.93      8      8      1   
  0.05   0.34   0.35   0.92      8      7      1   
  0.92   0.01   0.06   0.99     13     13      1   
  0.10   0.05   0.25   0.17      2      2      1   
  0.44   0.95   0.50   0.82      2      2      1   
  0.54   0.96   0.36   0.78      3      3      1   
  0.50   0.52   0.75   0.30      3      3      1   
  0.76   0.14   0.54   0.82      7      7      1   
  0.64   0.81   0.22   0.16      7      7      1   
  0.74   0.97   0.22   0.16      9      9      1   
  0.60   0.67   0.10   0.53      5      5      1   
  0.74   0.82   0.48   0.71      3      3      1   
  0.44   0.61   0.54   0.09      5      5      1   
  0.69   0.24   0.13   0.52      6      6      1   
  0.70   0.79   0.57   0.59      3      3      1   
  0.23   0.79   0.61   0.63      4      4      1   
  0.68   0.12   0.25   0.37      5      5      1   
  0.99   0.01   0.60   0.32      5      5      1   
  0.36   0.53   0.56   0.87      4      4      1   
  0.72   0.03   0.57   0.94      8      8      1   
  0.63   0.03   0.50   0.93      8      8      1   
  0.12   0.34   0.50   0.11      5      5      1   
  0.95   0.25   0.20   0.02      7      7      1   
  0.35   0.49   0.65   0.67      4      4      1   
  0.39   0.35   0.27   0.54      2      2      1   
  0.27   0.97   0.99   0.22     11     10      1   
  0.75   0.80   0.60   0.67      2      2      1   
  0.23   1.00   0.71   0.01     10     10      1   
  0.60   0.37   0.34   0.50      3      3      1   
  0.28   0.35   0.37   0.06      3      3      1   
  0.15   0.25   0.25   0.37      2      2      1   
  0.19   0.94   0.50   0.61      4      4      1   
  0.38   0.93   0.65   0.41      5      5      1   
  0.36   0.40   0.63   0.97      6      6      1   
  0.48   0.74   0.63   0.03      7      7      1   
  0.10   0.19   0.62   0.26      5      5      1   
  0.25   0.05   0.47   0.79      7      7      1   
  0.24   0.50   0.23   0.37      2      2      1   
  0.27   0.15   0.27   0.97     15      8      1   
  0.92   0.01   0.20   0.93     11     11      1   
  0.03   0.12   0.25   0.05      2      2      1   
  0.35   0.23   0.36   0.94      8      8      1   
  0.18   0.34   0.24   0.13      2      2      1   
  0.54   0.96   0.94   0.75      4      4      1   
  0.25   0.17   0.92   0.22      6      6      1   
  0.53   0.02   0.36   0.90      9      8      1   
  0.48   0.47   0.33   0.26      2      2      1   
  0.68   0.82   0.56   0.24      6      6      1   
  0.64   0.81   0.65   0.13      7      7      1   
  0.17   0.39   0.49   0.97      8      7      1   
  0.57   0.87   0.48   0.47      4      4      1   
  0.69   0.19   0.60   0.37      2      2      1   
  0.70   0.88   0.25   1.00      4      4      1   
  0.09   0.18   0.29   0.00      3      3      1   
  0.75   0.28   0.38   0.93      7      7      1   
  0.54   0.28   0.95   0.25      4      4      1   
  0.34   0.21   0.20   0.17      2      2      1   
  0.55   0.67   0.19   0.06      6      6      1   
  0.34   0.19   0.17   0.02      2      2      1   
  0.68   0.12   0.01   0.82     94     10      1   
  0.53   0.35   0.69   0.24      2      2      1   
  0.95   0.25   0.26   0.11      7      7      1   
  0.15   0.07   0.66   0.39      6      6      1   
  0.34   0.19   0.56   0.87      7      7      1   
  0.02   0.56   0.25   0.05      5      5      1   
  0.41   0.33   0.65   0.55      3      3      1   
  0.51   0.19   0.20   0.02      4      4      1   
  0.23   1.00   0.59   0.42      6      6      1   
  0.44   0.84   0.92   0.22      9      7      1   
  0.47   0.81   0.62   0.61      3      3      1   
  0.50   0.61   0.78   0.97      5      5      1   
  0.15   0.38   0.31   0.86     10      7      1   
  0.87   0.29   0.77   0.79      7      7      1   
  0.47   0.10   0.92   0.10      4      4      1   
  0.47   0.98   0.26   0.11      9      9      1   
  0.00   0.51   0.12   0.34      2      2      1   
  0.66   0.64   0.71   0.76      1      1      1   
  0.89   0.98   0.60   0.37      7      7      1   
  0.26   0.49   0.69   0.47      4      4      1   
  0.62   0.05   0.65   0.19      2      2      1   
  0.36   0.40   0.19   0.24      2      2      1   
  0.20   0.01   0.52   0.91      9      9      1   
  0.18   0.57   0.94   0.12      8      8      1   
  0.49   0.73   0.27   0.97      3      3      1   
  0.01   0.82   0.31   0.86      3      3      1   
  0.58   0.83   0.35   0.23      6      6      1   
  0.13   0.36   0.01   0.87     43      9      1   
  0.23   0.24   0.44   0.95      7      7      1   
  0.50   0.75   0.47   0.58      2      2      1   
  0.06   0.17   0.22   0.52      4      4      1   
  0.94   0.03   0.09   0.22      8      8      1   
  0.08   0.28   0.20   0.93     14      9      1   
  0.60   0.67   0.28   0.35      5      4      1   
  0.47   0.81   0.62   0.05      7      7      1   
  0.08   0.38   0.02   0.51      2      2      1   
  0.10   0.05   0.26   0.92     16     10      1   
  0.99   0.22   0.79   0.93     10      9      1   
  0.80   0.17   0.44   0.91      8      8      1   
  0.54   0.28   0.09   0.08      4      4      1   
  0.12   0.34   0.54   0.28      4      4      1   
  0.05   0.32   0.84   0.87      9      9      1   
  0.16   0.21   0.05   0.11      2      2      1   
  0.72   0.20   0.09   0.34      6      6      1   
  0.22   0.16   0.89   0.25      6      6      1   
  0.85   0.02   0.96   0.26      3      3      1   
  0.90   0.87   0.71   0.76      3      3      1   
  0.09   0.08   0.37   0.30      3      3      1   
  0.13   0.98   0.12   0.34     26      9      1   
  0.67   0.72   0.31   0.86      4      4      1   
  0.53   0.48   0.12   0.34      4      4      1   
  0.04   0.13   0.63   0.03      6      6      1   
  1.00   0.19   0.62   0.32      4      4      1   
  0.69   0.18   0.71   0.01      2      2      1   
  0.10   0.16   0.65   0.23      5      5      1   
  0.09   0.97   0.56   0.94      5      5      1   
  0.29   0.37   0.56   0.44      3      3      1   
  0.68   0.82   0.45   0.05      8      8      1   
  0.34   0.39   0.58   0.43      3      3      1   
  0.61   0.32   0.57   0.10      2      2      1   
  0.97   0.22   0.58   0.51      5      5      1   
  0.48   0.09   0.55   0.67      6      6      1   
  0.53   0.84   0.18   0.79      3      3      1   
  0.11   0.55   0.69   0.18      7      6      1   
  0.55   0.95   0.58   0.43      5      5      1   
  0.02   0.45   0.49   0.81      7      6      1   
  0.52   0.58   0.66   0.45      2      2      1   
  0.31   0.45   0.25   0.18      3      3      1   
  0.83   0.23   0.40   0.81      7      7      1   
  0.49   0.36   0.11   0.55      4      4      1   
  0.24   0.89   0.48   0.47      5      5      1   
  0.26   0.16   0.51   0.31      3      3      1   
  0.14   0.39   0.50   0.75      5      5      1   
  0.51   0.83   0.66   0.39      5      5      1   
  0.28   0.30   0.32   0.48      2      2      1   
  0.53   0.60   0.18   0.57      4      4      1   
  0.61   0.93   0.09   0.18      8      8      1   
  0.35   0.23   0.57   0.59      4      4      1   
  0.19   0.13   0.59   0.18      5      4      1   
  0.57   0.10   0.02   0.51      7      7      1   
  0.28   0.12   0.67   0.37      5      5      1   
  0.11   0.55   0.06   0.14      4      4      1   
  0.87   0.29   0.66   0.16      3      3      1   
  0.15   0.38   0.58   0.20      5      5      1   
  0.05   0.28   0.54   0.74      6      6      1   
  0.03   0.12   0.91   0.18      8      8      1   
  0.59   0.03   0.76   0.78      8      7      1   
  0.03   0.12   0.10   0.53      4      4      1   
  0.18   0.79   0.97   0.32     11     10      1   
  0.06   0.14   0.38   0.37      4      4      1   
  0.53   0.20   0.39   0.35      2      2      1   
  0.47   0.98   0.67   0.62      4      4      1   
  0.13   0.52   0.87   0.93      8      8      1   
  0.20   0.89   0.16   0.04     20     10      1   
  0.05   0.07   0.31   0.03      3      3      1   
  0.23   0.39   0.54   0.85      5      5      1   
  0.57   0.59   0.60   0.37      2      2      1   
  0.60   0.32   0.50   0.52      2      2      1   
  0.70   0.79   0.18   0.79      5      5      1   
  0.48   0.99   0.01   0.23     39      9      1   
  0.18   0.34   0.10   0.16      2      2      1   
  0.78   0.97   0.56   0.44      6      6      1   
  0.58   0.51   0.60   0.37      2      2      1   
  0.48   0.47   0.20   0.01      5      5      1   
  0.82   0.87   0.30   0.39      7      7      1   
  0.96   0.30   0.53   0.06      5      5      1   
  0.46   0.72   0.52   0.58      2      2      1   
  0.55   0.03   0.17   0.78     23      9      1   
  0.08   0.10   0.23   0.52      4      4      1   
  0.06   0.87   0.61   0.32      8      8      1   
  0.52   0.47   0.86   1.00      6      6      1   
  0.63   0.20   0.52   0.01      2      2      1   
  0.87   0.26   0.18   0.34      6      6      1   
  0.76   0.94   0.54   0.17      7      7      1   
  0.87   0.26   0.44   0.91      8      8      1   
  0.27   0.97   0.30   0.39      7      7      1   
  0.44   0.01   0.13   0.18      4      4      1   
  0.26   0.37   0.13   0.98     29      8      1   
  0.12   0.56   0.09   0.89     35      8      1   
  0.89   0.90   0.26   0.17      9      9      1   
  0.69   0.47   0.50   0.75      3      3      1   
  0.44   0.84   0.64   0.41      4      4      1   
  0.17   0.02   0.26   0.92     16     10      1   
  0.63   0.97   0.51   0.31      6      6      1   
  0.60   0.12   0.53   0.02      1      1      1   
  0.63   0.03   0.46   0.08      2      2      1   
  0.20   0.81   0.78   0.32      8      8      1   
  0.54   0.96   0.26   0.49      6      6      1   
  0.74   0.82   0.37   0.06      8      8      1   
  0.51   0.10   0.59   0.42      3      3      1   
  0.66   0.64   0.17   0.39      5      5      1   
  0.51   0.31   0.09   0.78     39      8      1   
  0.28   0.80   0.63   0.35      6      6      1   
  0.36   0.78   0.25   0.17      7      6      1   
  0.58   0.43   0.09   0.24      5      5      1   
  0.87   0.06   0.08   0.35      8      7      1   
  0.36   0.40   0.18   0.25      2      2      1   
  0.56   0.87   0.29   0.10      8      8      1   
  0.39   0.35   0.61   0.52      3      3      1   
  0.51   0.31   0.38   0.02      3      3      1   
  0.83   0.15   0.57   0.10      3      3      1   
  0.66   0.97   0.55   0.24      7      7      1   
  0.62   0.26   0.20   0.93      7      7      1   
  0.97   0.22   0.83   0.12      2      2      1   
  0.53   0.38   0.58   0.26      2      2      1   
  0.09   0.18   0.24   0.89     15      9      1   
  0.65   0.67   0.94   0.26      6      6      1   
  0.31   0.03   0.25   1.00     16      9      1   
  1.00   0.19   0.37   0.30      6      6      1   
  0.72   0.88   0.32   0.48      5      5      1   
  0.14   0.39   0.71   0.01      7      7      1   
  0.03   0.46   0.58   0.43      5      5      1   
  0.53   0.33   0.59   0.38      1      1      1   
  0.26   0.82   0.56   0.87      3      3      1   
  0.34   0.50   0.61   0.22      4      4      1   
  0.91   0.18   0.67   0.37      3      3      1   
  0.06   0.03   0.08   0.28      3      3      1   
  0.49   0.81   0.21   0.12      7      7      1   
  0.52   0.58   0.06   0.03      7      7      1   
  0.27   0.97   0.51   0.31      7      7      1   
  0.52   0.02   0.04   0.81     52     10      1   
  0.59   0.75   0.06   0.87      5      5      1   
  0.80   0.00   0.59   0.05      2      2      1   
  0.77   0.14   0.89   0.25      2      2      1   
  0.76   0.14   0.74   0.82      8      7      1   
  0.04   0.13   0.85   0.02      8      8      1   
  0.40   0.81   0.20   0.50     12      5      1   
  0.41   0.10   0.55   0.95      8      8      1   
  0.45   0.60   0.20   0.93      4      4      1   
  0.75   0.28   0.77   0.79      6      6      1   
  0.65   0.55   0.69   0.18      4      4      1   
  0.06   0.03   0.94   0.75     13     12      1   
  0.04   0.08   0.05   0.98     40     12      1   
  0.29   0.37   0.53   0.20      3      3      1   
  0.91   0.25   0.74   0.82      8      7      1   
  0.25   0.37   0.94   0.31      7      7      1   
  0.97   0.05   0.94   0.31      3      3      1   
  0.06   0.45   0.72   0.20      6      6      1   
  0.94   0.12   0.06   0.17      8      8      1   
  0.61   0.52   0.08   0.28      5      5      1   
  0.65   0.67   0.22   0.45      5      5      1   
  0.19   0.13   0.59   0.14      4      4      1   
  0.23   0.44   0.33   0.18      3      3      1   
  0.91   0.18   0.42   0.44      5      5      1   
  0.03   0.12   0.26   0.93     15     10      1   
  0.86   0.89   0.75   0.80      2      2      1   
  0.02   0.56   0.17   0.02      5      5      1   
  0.20   0.32   0.62   0.26      4      4      1   
  0.00   0.46   0.30   0.39      3      3      1   
  0.66   0.39   0.03   0.46      6      6      1   
  0.74   0.82   0.23   1.00      6      5      1   
  0.17   0.98   0.12   0.30     25      9      1   
  0.91   0.00   0.61   0.22      4      4      1   
  0.16   0.21   0.76   0.26      6      6      1   
  0.23   1.00   0.66   0.16      8      8      1   
  0.31   0.03   0.34   0.50      5      5      1   
  0.56   0.44   0.97   0.32      4      4      1   
  0.94   0.31   0.93   0.07      2      2      1   
  0.51   0.16   0.55   0.41      3      3      1   
  0.82   0.87   0.01   0.82      7      7      1   
  0.61   0.56   0.17   0.39      4      4      1   
  0.52   0.47   0.96   0.30      5      5      1   
  0.71   0.76   0.53   0.33      5      5      1   
  0.76   0.78   0.54   0.96      3      3      1   
  0.29   0.20   0.87   0.06      7      6      1   
  0.20   0.32   0.01   0.94     42     10      1   
  0.03   0.46   0.86   0.89      9      9      1   
  0.47   0.79   0.09   0.86      4      4      1   
  0.75   0.26   0.18   0.10      6      6      1   
  0.36   0.55   0.19   0.09      5      5      1   
  0.26   0.82   0.67   0.62      4      4      1   
  0.58   0.20   0.42   0.44      3      3      1   
  0.55   0.41   0.45   0.05      4      4      1   
  0.92   0.10   0.53   0.33      4      4      1   
  0.53   0.33   0.36   0.90      6      6      1   
  0.05   0.11   0.61   0.52      7      7      1   
  0.63   0.03   1.00   0.23      4      4      1   
  0.19   0.06   0.15   0.25      2      2      1   
  0.10   0.16   0.34   0.50      4      4      1   
  0.59   0.75   0.33   0.26      5      5      1   
  0.35   0.23   0.52   0.01      3      3      1   
  0.20   0.50   0.54   0.82      5      5      1   
  0.19   0.94   0.30   1.00      1      1      1   
  0.62   0.61   0.09   0.93      6      6      1   
  0.26   0.32   0.12   0.30      2      2      1   
  0.17   0.02   0.66   0.97     10     10      1   
  0.83   0.12   1.00   0.10      2      2      1   
  0.51   0.21   0.30   0.89      7      7      1   
  0.71   0.94   0.79   0.93      1      1      1   
  0.17   0.39   0.55   0.67      4      4      1   
  0.63   0.20   0.54   0.28      1      1      1   
  0.54   0.60   0.12   0.30      5      5      1   
  0.63   0.20   0.17   0.13      4      4      1   
  0.33   0.18   0.33   0.00      2      2      1   
  0.54   0.96   0.61   0.32      6      6      1   
  1.00   0.23   0.15   0.38      7      7      1   
  0.35   0.49   0.76   0.14      5      5      1   
  0.61   0.63   0.67   0.37      3      3      1   
  0.57   0.59   0.61   0.22      4      4      1   
  0.27   0.15   0.06   0.17      2      2      1   
  0.56   0.90   0.04   0.08      9      9      1   
  0.06   0.82   0.50   0.61      5      5      1   
  0.69   0.61   0.61   0.93      3      3      1   
  0.65   0.13   0.31   0.26      3      3      1   
  0.78   0.97   0.39   0.29      7      7      1   
  0.06   0.17   0.25   0.37      3      3      1   
  0.28   0.35   0.28   0.02      3      3      1   
  0.45   0.02   0.12   0.34      5      5      1   
  0.23   0.11   0.57   0.87      8      8      1   
  0.41   0.10   0.94   0.12      5      5      1   
  0.35   0.49   0.46   0.08      4      4      1   
  0.60   0.32   0.04   0.08      6      6      1   
  0.17   0.78   0.36   0.40      6      6      1   
  0.04   0.04   0.26   0.49      5      5      1   
  0.75   0.30   0.83   0.12      2      2      1   
  0.68   0.12   0.71   0.76      6      6      1   
  0.53   0.02   0.26   0.85     10      8      1   
  0.20   0.02   0.57   0.87      9      9      1   
  0.35   0.49   0.15   0.25      3      3      1   
  0.89   0.90   0.19   0.94      7      7      1   
  0.75   0.28   0.22   0.52      6      5      1   
  0.51   0.10   0.80   0.30      4      4      1   
  0.40   0.36   0.87   0.93      8      8      1   
  0.25   0.10   0.30   0.89      9      8      1   
  0.21   0.12   0.70   0.88      8      8      1   
  0.67   0.15   0.51   0.83      6      6      1   
