  0.18   0.11   0.03   0.32      3      3      1   
  0.67   0.82   0.92   0.77      3      3      1   
  0.20   0.47   0.43   0.20      4      4      1   
  0.41   0.82   0.90   0.66      5      5      1   
  0.66   0.40   0.71   0.91      5      5      1   
  0.44   0.85   0.21   0.53      6      6      1   
  0.46   0.10   0.91   0.74      8      7      1   
  0.41   0.22   0.78   0.72      6      6      1   
  0.77   0.34   0.86   0.12      3      3      1   
  0.57   0.20   0.64   0.22      1      1      1   
  0.41   0.84   0.14   0.84      3      3      1   
  0.87   0.65   0.91   0.01      6      6      1   
  0.69   0.03   0.90   0.92      9      9      1   
  0.07   0.99   0.73   0.90      6      6      1   
  0.15   0.86   0.42   0.86      3      3      1   
  0.05   0.24   0.13   0.04      2      2      1   
  0.26   0.49   0.10   0.27      3      3      1   
  0.80   0.49   0.15   0.46      6      6      1   
  0.75   0.17   0.57   0.05      2      2      1   
  0.01   0.94   0.77   0.13     11     11      1   
  0.72   0.39   0.16   0.86      8      7      1   
  0.34   0.82   0.45   0.28      6      6      1   
  0.06   0.39   0.69   0.03     40      7      1   
  0.92   0.83   1.00   0.63      2      2      1   
  0.41   0.84   0.56   0.60      3      3      1   
Routing Failed to deliver
  0.87   0.01   0.51   0.55      6      6      1   
  0.30   0.41   0.11   0.18      3      3      1   
  0.81   0.49   0.18   0.97      8      8      1   
  0.17   0.86   0.86   0.70      7      7      1   
  0.77   0.41   0.44   0.85      6      6      1   
  0.78   0.72   0.12   0.18      8      8      1   
  0.94   0.49   0.48   0.60      5      5      1   
  0.78   1.00   0.64   0.22      8      7      1   
  0.28   0.53   0.07   0.02      5      5      1   
  0.68   0.66   0.08   0.44      6      6      1   
  0.41   1.00   0.65   0.44      6      6      1   
  0.74   0.94   0.52   0.15      8      8      1   
  0.76   0.87   0.84   0.45      4      4      1   
  0.08   0.44   0.39   0.52      3      3      1   
Routing Failed to deliver
  0.69   0.86   0.49   0.84      2      2      1   
  0.20   0.96   0.40   0.77      3      3      1   
  0.58   0.65   0.62   0.44      2      2      1   
  0.77   0.13   0.75   0.17      1      1      1   
  0.07   0.93   0.05   0.31     21     10      1   
  0.14   0.86   0.21   0.18     11     10      1   
  0.36   0.46   0.22   0.39      2      2      1   
  0.70   0.81   0.55   0.04      7      7      1   
  0.11   0.50   0.31   1.00      9      7      1   
  0.80   0.11   0.96   0.05      2      2      1   
  0.99   0.12   0.45   0.98     10     10      1   
  0.91   0.25   0.17   0.27     12      8      1   
  0.22   0.95   0.60   0.03     12     10      1   
  0.88   0.03   0.46   0.56      6      6      1   
  0.30   0.95   0.60   0.52      5      5      1   
  0.52   0.89   0.19   0.82      4      4      1   
  0.56   0.60   0.49   0.20      4      4      1   
  0.41   0.84   0.36   0.42      5      5      1   
  0.04   0.95   0.45   0.29     10      9      1   
  0.91   0.62   0.17   0.02     32     11      1   
  0.93   0.70   0.73   0.08      6      6      1   
  0.65   0.18   0.74   0.65      5      5      1   
  0.74   0.65   0.73   0.90      2      2      1   
  0.46   0.56   0.52   0.89      3      3      1   
  0.14   0.86   0.79   0.70      6      6      1   
  0.87   0.01   0.87   0.01      1      1      1   
  0.77   0.13   0.71   0.93      7      7      1   
  0.19   0.82   0.49   0.84      3      3      1   
  0.92   0.77   0.66   0.24      6      6      1   
  0.41   0.84   0.92   0.65      5      5      1   
  0.04   0.95   0.34   0.52      8      7      1   
  0.58   0.79   0.46   0.56      3      3      1   
  0.89   0.89   0.08   0.86      8      8      1   
  0.39   0.91   0.81   0.76      4      4      1   
  0.30   0.41   0.09   0.81     50      8      1   
  0.94   0.79   0.45   0.38      6      6      1   
  0.91   0.24   0.29   0.91      9      9      1   
  0.20   0.30   0.01   0.44      3      3      1   
  0.64   0.87   0.43   0.92      2      2      1   
  0.28   0.53   0.16   0.18      4      4      1   
  0.01   0.44   0.19   0.44      2      2      1   
  0.04   0.80   0.71   0.31      9      9      1   
  0.20   0.96   0.65   0.08     10      9      1   
  0.56   0.39   0.60   0.03      4      4      1   
  0.55   0.74   0.41   0.29      5      5      1   
  0.39   0.91   0.04   0.93      4      4      1   
  0.46   0.42   0.07   0.93     62      8      1   
  0.62   0.36   0.42   0.86      5      5      1   
  0.08   0.44   0.70   0.88      8      8      1   
  0.39   1.00   0.08   1.00      3      3      1   
  0.71   0.93   0.41   0.04      9      9      1   
  0.16   0.30   0.05   0.79     53     10      1   
  0.30   0.40   0.07   0.93     54      8      1   
  0.40   0.08   0.89   0.89      9      9      1   
  0.08   0.04   0.89   0.06     20     11      1   
  0.84   0.03   0.81   0.38      4      4      1   
  0.76   0.87   0.14   0.13     18      9      1   
  0.89   0.89   0.56   0.58      5      4      1   
  0.45   0.04   0.45   0.28      3      3      1   
  0.92   0.56   0.86   0.05      5      5      1   
  0.80   0.49   0.41   0.04      6      6      1   
  0.74   0.08   0.74   0.06      1      1      1   
  0.40   0.77   0.97   0.47      6      6      1   
  0.52   0.67   0.11   0.18      6      6      1   
  0.98   0.27   0.71   0.31      3      3      1   
  0.98   0.34   0.11   0.50      8      8      1   
  0.89   0.66   0.01   0.50      9      9      1   
  0.29   0.91   0.28   0.55     10      6      1   
  0.49   0.95   0.72   0.63      4      4      1   
  0.41   0.84   0.85   0.43      6      6      1   
  0.55   0.24   0.19   0.87     46      8      1   
  0.74   0.06   0.62   0.36      3      3      1   
  0.91   0.94   0.17   0.34      9      9      1   
  0.09   0.16   0.49   0.71      7      7      1   
  0.06   0.39   0.16   0.52      2      2      1   
  0.80   0.87   0.94   0.13      7      7      1   
  0.08   0.44   0.58   0.39      5      5      1   
  0.80   0.87   0.03   0.40      9      8      1   
  0.66   0.36   0.05   0.29      7      7      1   
  0.02   0.25   0.26   0.42      3      3      1   
  0.02   0.35   0.49   0.62      6      6      1   
  0.89   0.66   0.54   0.11      6      6      1   
  0.92   0.77   0.59   0.74      3      3      1   
  0.20   0.30   0.67   0.52      6      6      1   
  0.45   0.38   0.92   0.83      7      7      1   
  0.03   0.02   0.21   0.53      5      5      1   
  0.91   0.36   0.84   0.03      3      3      1   
  0.33   0.84   0.75   0.91      4      4      1   
  0.40   0.80   0.13   0.24      6      6      1   
  0.13   0.83   0.90   0.75      7      7      1   
  0.90   0.01   0.91   0.94      9      9      1   
  0.10   0.27   0.91   0.71      9      9      1   
  0.01   0.99   0.54   0.11     13     11      1   
  0.84   0.20   0.28   0.51      6      6      1   
  0.79   0.77   0.14   0.86      6      6      1   
  0.09   0.21   0.23   0.46      3      3      1   
  0.84   0.02   0.50   0.68      7      7      1   
  0.41   1.00   0.01   0.94      4      4      1   
  0.16   0.30   0.41   0.84      7      7      1   
  0.97   0.47   0.88   0.03      4      4      1   
  0.67   0.52   0.59   0.74      3      3      1   
  0.16   0.52   0.13   0.11      4      4      1   
  0.91   0.69   0.41   0.82      5      5      1   
  0.39   1.00   0.97   0.74      6      6      1   
  0.16   0.18   0.60   0.31      6      6      1   
  0.58   0.93   0.17   0.98      5      5      1   
  0.96   0.05   0.48   0.60      7      7      1   
  0.41   0.84   0.50   0.68      2      2      1   
  0.62   0.36   0.91   0.01      4      4      1   
  0.52   0.73   0.41   0.19      5      5      1   
  0.16   0.86   0.36   0.46      7      7      1   
  0.97   0.05   0.65   0.80      8      8      1   
  0.47   0.12   0.31   0.55      4      4      1   
  0.91   0.69   0.51   0.55      5      4      1   
  0.20   0.80   0.69   0.46      7      7      1   
  0.29   0.91   0.24   0.49     10      6      1   
  0.55   0.74   0.19   0.87      4      4      1   
  0.23   0.46   0.06   0.99     46      8      1   
  0.69   0.06   0.99   0.74      7      7      1   
  0.74   0.44   0.65   0.98      5      5      1   
  0.58   0.62   0.87   0.01      7      7      1   
  0.13   0.04   0.16   0.17      2      2      1   
  0.40   0.80   0.91   0.36      6      6      1   
  0.28   0.53   0.01   0.99     51      9      1   
  0.61   0.10   0.02   0.35      8      7      1   
  0.41   0.29   0.95   0.31      5      5      1   
  0.17   0.27   0.28   0.51      3      3      1   
  0.50   0.69   0.69   0.27      4      4      1   
  0.26   0.79   0.44   0.38      8      6      1   
  0.69   0.11   0.91   0.94      8      8      1   
  0.64   0.22   0.17   0.34      6      5      1   
  0.08   0.04   0.10   0.09      1      1      1   
  0.97   0.05   0.23   0.46      8      8      1   
  0.16   0.45   0.78   1.00      8      8      1   
  0.94   0.13   0.12   0.35      9      9      1   
  0.70   0.19   0.66   0.39      2      2      1   
  0.44   0.20   0.65   0.08      2      2      1   
  0.56   0.60   0.77   0.55      2      2      1   
  0.02   0.25   0.03   0.47      2      2      1   
  0.15   0.86   0.09   0.81      1      1      1   
  0.13   0.54   0.52   0.12      6      6      1   
  0.17   0.57   0.61   0.07      6      6      1   
  0.74   0.08   0.41   0.19      3      3      1   
  0.58   0.62   0.58   0.93      3      3      1   
  0.58   0.62   0.57   0.20      4      4      1   
  0.40   0.77   0.05   0.29      7      7      1   
  0.75   0.17   0.74   0.44      3      3      1   
  0.06   0.33   0.43   0.69      5      5      1   
  0.14   0.84   0.37   0.83      2      2      1   
  0.96   0.36   0.50   0.69      5      5      1   
  0.80   0.36   0.06   0.04     31      9      1   
  0.21   0.29   0.14   0.86     44      9      1   
  0.56   0.26   0.09   0.08     21      7      1   
  0.81   0.89   0.19   0.44      7      7      1   
  0.95   0.25   0.18   0.11     31     10      1   
  0.84   0.45   0.08   1.00      9      9      1   
  0.87   0.01   0.20   0.80     55     11      1   
  0.77   0.13   0.49   0.23      3      3      1   
  0.46   0.10   0.04   0.93     57     11      1   
  0.28   0.45   0.20   0.80     49      7      1   
  0.94   0.79   0.91   0.35      4      4      1   
  0.41   0.35   0.91   0.35      5      5      1   
  0.23   0.85   0.15   0.46     15      7      1   
  0.53   0.17   0.45   0.29      2      2      1   
  0.74   0.44   0.33   0.51      4      4      1   
  0.32   0.98   0.16   0.37     17      7      1   
  0.53   0.32   0.92   0.59      5      5      1   
  0.36   0.42   0.65   0.47      3      3      1   
  0.13   0.17   0.18   0.97     29     10      1   
  0.01   0.94   0.58   0.34      9      9      1   
  0.72   0.61   0.43   0.20      5      5      1   
  0.02   0.35   0.44   0.94     10      9      1   
  0.90   0.63   0.49   0.62      4      4      1   
  0.92   0.56   0.77   0.13      4      4      1   
  0.41   0.84   0.16   0.30      7      7      1   
  0.77   0.34   0.10   0.79     66      9      1   
  0.89   0.29   0.07   0.93     10     10      1   
  0.71   0.73   0.66   0.39      3      3      1   
  0.78   0.72   0.77   0.13      5      5      1   
  0.45   0.28   0.53   0.17      2      2      1   
  0.05   0.90   0.83   0.73      7      7      1   
  0.19   0.82   0.67   0.79      5      5      1   
  0.57   0.05   0.06   0.90     58     11      1   
  0.17   0.57   0.03   0.02      5      5      1   
  0.37   0.40   0.48   0.60      2      2      1   
  0.36   0.42   0.78   0.95      7      6      1   
  0.50   0.68   0.74   0.77      3      3      1   
  0.05   0.31   0.56   0.56      5      5      1   
  0.90   0.92   0.10   0.17     10     10      1   
  0.84   0.02   0.92   0.39      4      4      1   
  0.02   0.35   0.81   0.89     10      9      1   
  0.65   0.44   0.08   0.20     13      7      1   
  0.64   0.09   0.84   0.20      3      3      1   
  0.14   0.86   0.44   0.99      3      3      1   
  0.08   0.04   0.96   0.37     12     11      1   
  0.75   0.71   0.11   0.50      6      6      1   
  0.43   0.69   0.21   0.18      6      6      1   
  0.21   0.18   0.76   0.05     22      9      1   
  0.17   0.86   0.28   0.45      7      7      1   
  0.06   0.36   0.45   0.38      4      4      1   
  0.08   0.00   0.71   0.93     10     10      1   
  0.03   0.90   0.48   0.60      6      6      1   
  0.81   0.38   0.81   0.49      1      1      1   
  0.13   0.54   0.80   0.25      7      7      1   
  0.65   0.60   0.67   0.82      2      2      1   
  0.12   0.18   0.12   0.13      1      1      1   
  0.12   0.35   0.17   0.34      1      1      1   
  0.60   0.52   0.58   0.65      2      2      1   
  0.18   0.38   0.03   0.31      2      2      1   
  0.76   0.87   0.13   0.04     39     10      1   
  0.05   0.24   0.13   0.04      2      2      1   
  0.88   0.16   0.10   0.25     10      8      1   
  0.11   0.40   0.06   0.12      3      3      1   
  0.31   1.00   0.56   0.12      9      9      1   
  0.74   0.06   0.43   0.69      7      7      1   
  0.55   0.08   0.95   0.31      4      4      1   
  0.41   0.82   0.84   0.78      4      4      1   
  0.80   0.11   0.76   0.87      7      7      1   
  0.26   0.49   0.55   0.56      3      3      1   
  0.67   0.52   0.16   0.17     14      7      1   
  0.74   0.06   0.64   0.09      1      1      1   
  0.52   0.59   0.84   0.45      4      4      1   
  0.09   0.21   0.44   0.85      8      8      1   
  0.48   0.77   0.42   0.41      4      4      1   
  0.75   0.17   0.09   0.52      7      7      1   
  0.01   0.50   0.72   0.61      7      7      1   
  0.14   0.86   0.21   0.91      1      1      1   
  0.49   0.62   0.81   0.76      4      4      1   
  0.88   0.16   0.65   0.13      2      2      1   
  0.41   0.84   0.57   0.20      7      6      1   
  0.98   0.27   0.69   0.06      4      4      1   
  0.22   0.17   0.46   0.88      8      8      1   
  0.77   0.45   0.18   0.38      6      6      1   
  0.12   0.35   0.75   0.91      8      8      1   
  0.78   1.00   0.66   0.24      7      7      1   
  0.91   0.51   0.95   0.31      2      2      1   
  0.88   0.03   0.75   0.65      6      6      1   
  0.91   0.36   0.55   0.08      4      4      1   
  0.49   0.71   0.08   0.44      5      5      1   
  0.20   0.47   0.57   0.20      4      4      1   
  0.46   0.88   0.41   0.29      6      6      1   
  0.45   0.38   0.30   0.40      2      2      1   
  0.76   0.03   0.52   0.73      7      7      1   
  0.80   0.05   0.73   0.83      7      7      1   
  0.31   0.55   0.75   0.65      5      5      1   
  0.59   0.19   0.17   0.86      9      8      1   
  0.97   0.74   0.90   0.66      1      1      1   
  0.67   0.82   0.06   0.90      6      6      1   
  0.55   0.56   0.45   0.04      6      6      1   
  0.51   0.21   0.86   0.89      8      8      1   
  0.70   0.19   0.69   0.46      3      3      1   
  0.84   0.20   0.07   0.93     11     10      1   
  0.86   0.93   0.40   0.08      9      9      1   
  0.28   0.55   0.81   0.38      6      6      1   
  0.23   0.46   0.67   0.79      5      5      1   
  0.91   0.25   0.59   0.25      3      3      1   
  0.18   0.11   0.84   0.20     16      9      1   
  0.26   0.79   0.90   0.01     10     10      1   
  0.69   0.27   0.28   0.88      7      7      1   
  0.12   0.23   0.60   0.31      6      6      1   
  0.28   0.55   0.73   0.90      6      6      1   
  0.54   0.01   0.90   0.63      7      7      1   
  0.02   0.25   0.65   0.44      7      7      1   
  0.36   0.46   0.91   0.35      5      5      1   
  0.62   0.44   0.91   0.74      4      4      1   
  0.78   0.95   0.69   0.95      1      1      1   
Routing Failed to deliver
  0.81   0.76   0.91   0.74      1      1      1   
  0.67   0.82   0.12   0.24      7      7      1   
  0.13   0.86   0.51   0.55      6      6      1   
  0.86   0.34   0.37   0.83      7      7      1   
  0.09   0.21   0.25   0.53      4      4      1   
  0.41   0.22   0.01   0.42      5      5      1   
  0.41   0.82   0.28   0.45      5      5      1   
  0.16   0.98   0.11   0.18     15     10      1   
  0.12   0.35   0.69   0.06     24      7      1   
  0.69   0.03   0.78   0.72      6      6      1   
  0.52   0.73   0.80   0.87      3      3      1   
  0.19   0.82   0.82   0.12     10     10      1   
  0.14   0.23   0.98   0.34     10      9      1   
  0.53   0.32   0.46   0.14      2      2      1   
  0.13   0.04   0.86   0.05     19     10      1   
  0.22   0.56   0.08   0.00      5      5      1   
  0.17   0.19   0.77   0.13     11      8      1   
  0.59   0.25   0.56   0.39      2      2      1   
  0.40   0.77   0.15   0.02      9      8      1   
  0.45   0.28   0.84   0.03      5      5      1   
  0.39   0.52   0.41   0.04      5      5      1   
  0.76   0.05   0.89   0.25      3      3      1   
  0.23   0.79   0.41   0.30      8      7      1   
  0.10   0.45   0.91   0.25      8      8      1   
  0.80   0.36   0.68   0.76      4      4      1   
  0.41   0.82   0.88   0.94      5      5      1   
  0.61   0.31   0.76   0.87      6      6      1   
  0.39   1.00   0.88   0.85      5      5      1   
  0.88   0.03   0.44   0.81      8      8      1   
  0.88   0.03   0.57   0.76      8      8      1   
  0.06   0.39   0.31   1.00     10      8      1   
  0.36   0.46   0.65   0.44      3      3      1   
  0.73   0.47   0.03   0.95      9      9      1   
  0.70   0.23   0.18   0.11     22      8      1   
  0.16   0.18   0.65   0.91      9      9      1   
  0.54   0.52   0.05   0.24      6      6      1   
  0.06   0.39   0.91   0.01     15      9      1   
  0.61   0.10   0.14   0.13     25      8      1   
  0.03   0.02   0.95   0.82     12     11      1   
  0.85   0.70   0.57   0.56      3      3      1   
  0.10   0.45   0.75   0.17      7      7      1   
  0.45   0.38   0.93   0.70      6      6      1   
  0.22   0.56   0.94   0.79      7      7      1   
  0.67   0.01   0.44   0.08      2      2      1   
  0.39   1.00   0.32   0.98      1      1      1   
  0.48   0.01   0.81   0.76      7      7      1   
  0.78   1.00   0.94   0.19      8      8      1   
  0.48   0.01   0.89   0.06      4      4      1   
  0.05   0.90   0.01   0.99      1      1      1   
  0.18   0.11   0.61   0.07     17      8      1   
  0.34   0.82   0.51   0.93      2      2      1   
  0.28   0.53   0.05   0.31      3      3      1   
  0.86   0.12   0.13   0.54      8      8      1   
  0.84   0.78   0.95   0.94      2      2      1   
  0.06   0.12   0.66   0.39      8      7      1   
  0.71   0.93   0.78   0.20      7      7      1   
  0.24   0.50   0.19   0.87     49      7      1   
  0.48   0.01   0.65   0.60      6      6      1   
  0.62   0.44   0.14   1.00      7      7      1   
  0.19   0.44   0.72   0.39      5      5      1   
  0.17   0.98   0.75   0.65      6      6      1   
  0.19   0.87   0.41   1.00      3      3      1   
  0.89   0.79   0.86   0.70      1      1      1   
  0.69   0.95   0.51   0.21      7      7      1   
  0.61   0.10   0.54   0.67      5      5      1   
  0.34   0.91   0.18   0.37     11      6      1   
  0.90   0.66   0.81   0.76      2      2      1   
  0.69   0.27   0.39   1.00      7      7      1   
  0.65   0.98   0.39   0.52      5      5      1   
  0.55   0.24   0.26   0.79     37      7      1   
  0.43   0.20   0.07   0.99     46     10      1   
  0.31   0.55   0.13   0.04      5      5      1   
  0.90   0.66   0.03   0.47      9      9      1   
  0.65   0.80   0.42   0.41      4      4      1   
  0.01   0.94   0.77   0.13     11     11      1   
  0.75   0.65   0.78   0.20      5      5      1   
  0.65   0.60   0.03   0.47      6      6      1   
  0.06   0.39   0.80   0.11     14      8      1   
  0.77   0.13   0.31   0.55      6      6      1   
  0.75   0.24   0.49   0.20      3      3      1   
  0.52   0.12   0.17   0.27      6      6      1   
  0.89   0.25   0.83   0.92      7      7      1   
  0.76   0.87   0.57   0.00      8      8      1   
  0.17   0.57   0.84   0.53      7      7      1   
  0.91   0.74   0.01   0.99      9      9      1   
  0.41   0.19   0.50   0.39      2      2      1   
  0.87   0.01   0.60   0.03      3      3      1   
  0.04   0.12   0.55   0.49      7      7      1   
  0.68   0.76   0.30   0.53      5      5      1   
  0.13   0.17   0.16   0.52      3      3      1   
  0.69   0.11   0.28   0.53      6      6      1   
  0.22   0.39   0.84   0.02      7      7      1   
  0.41   0.82   0.18   0.38      6      6      1   
  0.08   0.26   0.49   0.23     10      5      1   
  0.46   0.10   0.75   0.17      3      3      1   
  0.99   0.74   0.64   0.87      4      4      1   
  0.14   0.23   0.57   0.82      7      7      1   
  0.89   0.66   0.98   0.34      3      3      1   
  0.51   0.21   0.43   0.20      1      1      1   
  0.64   0.22   0.07   0.44      6      6      1   
  0.44   0.99   0.67   0.30      7      7      1   
  0.77   0.43   0.31   1.00      7      7      1   
  0.43   0.20   0.02   0.18     11      6      1   
  0.62   0.36   0.64   0.22      2      2      1   
  0.10   0.27   0.93   0.70      9      9      1   
  0.79   0.77   0.80   0.36      4      4      1   
  0.42   0.41   0.66   0.39      3      3      1   
  0.22   0.17   0.16   0.52      4      4      1   
  0.62   0.44   0.56   0.78      3      3      1   
Routing Failed to deliver
  0.73   0.96   0.14   0.86      6      6      1   
  0.54   0.52   0.69   0.27      3      3      1   
  0.33   0.51   0.84   0.45      5      5      1   
  0.11   0.18   0.61   0.07     23      8      1   
  0.11   0.40   0.74   0.94      8      8      1   
  0.39   0.52   0.49   0.62      2      2      1   
  0.22   0.95   0.43   0.20     10      9      1   
  0.66   0.39   0.79   0.70      3      3      1   
  0.85   0.05   0.73   0.90      8      8      1   
  0.56   0.78   0.76   0.19      6      6      1   
  0.86   0.34   0.74   0.25      2      2      1   
  0.18   0.37   0.43   0.92      7      6      1   
  0.82   0.30   0.26   0.49      5      5      1   
  0.43   0.92   0.93   0.70      5      5      1   
  0.81   0.76   0.53   0.32      5      5      1   
  0.64   0.71   0.51   0.21      5      5      1   
  0.92   0.65   0.14   0.13     18     10      1   
  0.16   0.37   0.80   0.24      6      6      1   
  0.91   0.69   0.94   0.02      6      6      1   
  0.91   0.71   0.13   0.86      7      7      1   
  0.06   0.12   0.77   0.34      9      8      1   
  0.40   0.77   0.22   0.39      5      5      1   
  0.55   0.56   0.65   0.01      6      6      1   
  0.56   0.78   0.75   0.65      2      2      1   
  0.85   0.43   0.69   0.86      5      5      1   
  0.19   0.82   0.41   0.35      8      8      1   
  0.87   0.01   0.69   0.11      2      2      1   
  0.52   0.59   0.92   0.59      5      4      1   
  0.28   0.53   0.09   0.08      5      5      1   
  0.90   0.75   0.67   0.82      3      3      1   
  0.95   0.94   0.14   1.00      8      8      1   
  0.52   0.12   0.69   0.03      2      2      1   
  0.88   0.16   0.10   0.27      9      8      1   
  0.45   0.29   0.56   0.12      2      2      1   
  0.94   0.02   0.68   0.34      4      4      1   
  0.65   0.47   0.84   0.45      2      2      1   
  0.05   0.05   0.49   0.62      7      7      1   
  0.13   0.86   0.05   0.19     21     10      1   
  0.56   0.39   0.08   0.26      5      5      1   
  0.91   0.62   0.56   0.58      4      4      1   
  0.81   0.49   0.64   0.22      3      3      1   
  0.31   0.55   0.57   0.05      5      5      1   
  0.09   0.21   0.16   0.45      3      3      1   
  0.03   0.81   0.74   0.98      7      7      1   
  0.39   0.91   0.67   0.52      4      4      1   
  0.32   0.98   0.20   0.96      1      1      1   
  0.57   0.38   0.06   0.99     62      8      1   
  0.65   0.60   0.91   0.24      4      4      1   
  0.05   0.19   0.55   0.49      7      6      1   
  0.54   0.01   0.74   0.25      3      3      1   
  0.65   0.47   0.14   0.13     15      7      1   
  0.54   0.11   0.86   0.12      3      3      1   
  0.97   0.47   0.85   0.70      3      3      1   
  0.90   0.75   0.28   0.53      6      6      1   
  0.06   0.99   0.50   0.68      5      5      1   
  0.96   0.05   0.58   0.62      7      7      1   
  0.17   0.98   0.91   0.69      7      7      1   
  0.44   0.99   0.46   0.14      9      8      1   
  0.23   0.85   0.92   0.42      8      8      1   
  0.32   0.98   0.45   0.04     14     10      1   
  0.90   0.75   0.24   0.50      7      7      1   
  0.52   0.34   0.88   0.85      7      6      1   
  0.41   0.29   0.80   0.05      4      4      1   
  0.86   0.05   0.46   0.14      4      4      1   
  0.74   0.08   0.22   0.56      7      7      1   
  0.84   0.03   0.24   0.50      7      7      1   
  0.71   0.93   0.52   0.67      3      3      1   
  0.74   0.94   0.39   1.00      4      4      1   
  0.49   0.10   0.80   0.36      4      4      1   
  0.82   0.12   0.91   0.74      6      6      1   
  0.78   1.00   0.91   0.24      7      7      1   
  0.91   0.74   0.16   0.37      8      8      1   
  0.15   0.02   0.44   0.08     51      8      1   
  0.92   0.42   0.17   0.02     31     10      1   
  0.78   0.20   0.04   0.80     62     10      1   
  0.17   0.50   0.62   0.34      5      5      1   
  0.76   0.03   0.76   0.93      8      8      1   
  0.96   0.05   0.66   0.36      4      4      1   
  0.09   0.52   0.33   0.51      2      2      1   
  0.83   0.73   0.30   0.40      6      6      1   
  0.04   0.93   0.10   0.45     15     10      1   
  0.91   0.94   0.90   0.75      2      2      1   
  0.44   0.31   0.80   0.87      6      6      1   
  0.91   0.69   0.60   0.31      5      5      1   
  0.01   0.94   0.13   0.04     16     13      1   
  0.99   0.12   0.51   0.55      7      7      1   
  0.07   0.44   0.85   0.05      8      8      1   
  0.89   0.25   0.23   0.46      7      7      1   
  0.09   0.81   0.10   0.79      1      1      1   
  0.18   0.97   0.07   0.99      1      1      1   
  0.56   0.39   0.49   0.62      2      2      1   
  0.95   0.94   0.04   0.93      9      9      1   
  0.01   0.42   0.61   0.07     25      8      1   
  0.84   0.78   0.75   0.65      2      2      1   
  0.41   1.00   0.00   0.01     25     10      1   
  0.98   0.27   0.02   0.18     16     10      1   
  0.17   0.21   0.51   0.93      9      8      1   
  0.20   0.80   0.07   0.99      3      3      1   
  0.95   0.25   0.10   0.45      9      9      1   
  0.81   0.89   0.80   0.24      6      6      1   
  0.68   0.04   0.69   0.95      9      8      1   
  0.80   0.87   0.41   0.35      6      6      1   
  0.50   0.69   0.28   0.53      3      3      1   
  0.54   0.01   0.81   0.42      5      5      1   
  0.08   1.00   0.12   0.35     14     10      1   
  0.64   0.22   0.74   0.77      5      5      1   
  0.83   0.92   0.07   0.99      7      7      1   
  0.94   0.49   0.85   0.43      1      1      1   
  0.22   0.95   0.17   0.23     10      9      1   
  0.90   0.75   0.03   0.47      9      9      1   
  0.12   0.18   0.28   0.53      4      4      1   
  0.13   0.04   0.15   0.02      1      1      1   
  0.08   0.26   0.39   0.52      4      4      1   
  0.30   0.53   0.54   0.11      4      4      1   
  0.34   0.52   0.10   0.25      3      3      1   
  0.46   0.56   0.55   0.04      5      5      1   
  0.64   0.84   0.91   0.35      5      5      1   
  0.93   0.08   0.05   0.29     11     10      1   
  0.05   0.19   0.17   0.57      4      4      1   
  0.90   0.01   0.95   0.31      3      3      1   
  0.03   0.40   0.96   0.36     10      9      1   
  0.66   0.40   0.56   0.60      3      3      1   
  0.41   0.82   0.68   0.76      3      3      1   
  0.80   0.24   0.71   0.31      1      1      1   
  0.41   0.82   0.03   0.31      8      8      1   
  0.22   0.17   0.04   0.95     55     11      1   
  0.60   0.31   0.75   0.65      4      4      1   
  0.22   0.56   0.74   0.06      7      7      1   
  0.73   0.83   0.17   0.23      9      8      1   
  0.58   0.25   0.58   0.93      7      6      1   
  0.92   0.42   0.41   0.82      7      7      1   
  0.33   0.51   0.25   0.53      1      1      1   
  0.01   0.82   0.44   0.99      4      4      1   
  0.02   0.78   0.68   0.76      6      6      1   
  0.92   0.65   0.43   0.69      5      5      1   
  0.90   0.92   0.03   0.47     10      9      1   
  0.49   0.10   0.87   0.45      5      5      1   
  0.69   0.45   0.17   0.98      7      7      1   
  0.56   0.60   0.54   0.67      1      1      1   
  0.00   0.01   0.40   0.80      9      8      1   
  0.61   0.10   0.92   0.42      4      4      1   
  0.62   0.36   0.17   0.23     11      5      1   
  0.68   0.76   0.09   0.21      8      8      1   
  0.37   0.40   0.65   0.47      3      3      1   
  0.81   0.38   0.09   0.81     10      9      1   
  0.21   0.91   0.06   0.36     21      9      1   
  0.83   0.92   0.76   0.87      1      1      1   
  0.74   0.98   0.65   0.98      1      1      1   
  0.80   0.11   0.92   0.56      4      4      1   
  0.19   0.44   0.05   0.79     63      9      1   
  0.45   0.38   0.15   0.46      3      3      1   
  0.71   0.31   0.69   0.03      3      3      1   
  0.44   0.94   0.65   0.01      9      9      1   
  0.84   0.02   0.06   0.96     67     12      1   
  0.62   0.36   0.23   0.79     53      7      1   
  0.21   0.27   0.74   0.77      7      7      1   
  0.12   0.23   0.46   0.10     44      6      1   
  0.13   0.54   0.41   0.22      4      4      1   
  0.13   0.04   0.08   0.04      1      1      1   
  0.76   0.05   0.80   0.25      2      2      1   
  0.03   0.02   0.24   0.49      5      5      1   
  0.02   0.78   0.51   0.55      6      6      1   
  0.69   0.86   0.13   0.05      9      9      1   
  0.69   0.95   0.69   0.27      6      6      1   
  0.98   0.34   0.07   0.93     11     11      1   
  0.93   0.08   0.52   0.15      4      4      1   
  0.10   0.27   0.81   0.76      8      8      1   
  0.06   0.39   0.06   0.90     54     10      1   
  0.84   0.78   0.90   0.92      2      2      1   
  0.68   0.76   0.59   0.74      1      1      1   
  0.39   1.00   0.71   0.45      6      6      1   
  0.65   0.47   0.91   0.74      4      4      1   
  0.30   0.95   0.39   0.91      1      1      1   
  0.80   0.36   0.10   0.79     10      9      1   
  0.89   0.55   0.37   0.83      6      6      1   
  0.55   0.74   0.86   0.12      7      7      1   
  0.80   0.87   0.77   0.34      5      5      1   
  0.56   0.58   0.22   0.95      5      5      1   
  0.12   0.24   0.89   0.79      9      9      1   
  0.46   0.81   0.17   0.02      9      8      1   
  0.73   0.83   0.37   0.40      6      6      1   
  0.39   0.52   0.43   0.12      4      4      1   
  0.43   0.12   0.91   0.51      6      6      1   
  0.91   0.51   0.76   0.05      5      5      1   
  0.61   0.31   0.69   0.45      2      2      1   
  0.55   0.74   0.19   0.44      5      5      1   
  0.15   0.46   0.81   0.89      8      8      1   
  0.13   0.04   0.88   0.16     17     10      1   
  0.68   0.66   0.80   0.60      2      2      1   
  0.30   0.41   0.02   0.18      3      3      1   
  0.67   0.30   0.81   0.42      2      2      1   
  0.65   0.44   0.49   0.50      2      2      1   
  0.74   0.98   0.17   0.23     10      9      1   
  0.03   0.02   0.92   0.77     12     11      1   
  0.68   0.66   0.06   0.12      8      8      1   
  0.49   0.10   0.69   0.06      2      2      1   
  0.73   0.69   0.75   0.24      5      5      1   
  0.08   0.86   0.03   0.32     22     11      1   
  0.91   0.36   0.62   0.36      3      3      1   
  0.88   0.14   0.65   0.44      4      4      1   
  0.32   0.98   0.77   0.45      6      6      1   
  0.11   0.40   0.52   0.59      5      5      1   
  0.54   0.01   0.56   0.12      1      1      1   
  0.96   0.05   0.28   0.51      8      7      1   
  0.99   0.74   0.74   0.94      3      3      1   
  0.03   0.95   0.91   0.74      8      8      1   
  0.54   0.67   0.13   0.54      4      4      1   
  0.88   0.85   0.76   0.93      2      2      1   
  0.45   0.38   0.77   0.45      3      3      1   
  0.81   0.42   0.08   0.44      7      7      1   
  0.74   0.94   0.52   0.12      8      8      1   
  0.01   0.94   0.01   0.24     23     12      1   
  0.05   0.19   0.13   0.14      1      1      1   
  0.08   0.44   0.80   0.87      8      8      1   
  0.97   0.05   0.57   0.00      4      4      1   
  0.22   0.95   0.81   0.38      8      8      1   
  0.14   0.23   0.56   0.58      6      5      1   
  0.90   0.63   0.26   0.79      6      6      1   
  0.65   0.98   0.01   0.82      7      7      1   
  0.05   0.24   0.33   0.51      4      4      1   
  0.20   0.80   0.18   0.38      8      8      1   
  0.03   0.02   0.62   0.36      8      7      1   
  0.82   0.30   0.96   0.37      2      2      1   
  0.69   0.46   0.92   0.83      5      5      1   
  0.45   0.98   0.23   0.85      3      3      1   
  0.22   0.39   0.69   0.46      5      5      1   
  0.91   0.62   0.18   0.11     25     10      1   
  0.97   0.05   0.57   0.76      8      8      1   
  0.02   0.35   0.94   0.02     15     10      1   
  0.45   0.98   0.20   0.96      2      2      1   
  0.14   0.84   0.51   0.55      5      5      1   
  0.49   0.95   0.61   0.10      8      8      1   
  0.52   0.15   0.84   0.53      5      5      1   
  0.08   0.82   0.43   0.12     11     11      1   
  0.65   0.18   0.41   0.22      3      3      1   
  0.05   0.79   0.08   0.44     20     10      1   
  0.50   0.39   0.74   0.77      5      5      1   
  0.66   0.24   0.44   0.99      7      7      1   
  0.90   0.92   0.20   0.80      7      7      1   
  0.69   0.86   0.06   0.90      6      6      1   
  0.91   0.69   0.80   0.24      4      4      1   
  0.51   0.21   0.49   0.23      1      1      1   
  0.81   0.63   0.01   0.82      8      8      1   
  0.09   0.52   0.49   0.50      4      4      1   
  0.66   0.24   0.70   0.81      5      5      1   
  0.53   0.17   0.17   0.86     51      9      1   
  0.16   0.37   0.02   0.14      3      3      1   
  0.77   0.43   0.57   0.56      3      3      1   
  0.36   0.83   0.14   0.84      2      2      1   
  0.79   0.77   0.36   0.83      4      4      1   
  0.84   0.03   0.55   0.49      5      5      1   
  0.05   0.05   0.54   0.52      8      7      1   
  0.45   0.38   0.98   0.34      5      5      1   
  0.97   0.05   0.69   0.06      3      3      1   
  0.20   0.96   0.70   0.81      5      5      1   
  0.08   0.00   0.39   1.00     12     10      1   
  0.80   0.60   0.62   0.36      3      3      1   
  0.06   0.39   0.14   0.84     54      9      1   
  0.54   0.52   0.75   0.65      3      3      1   
  0.67   0.30   0.41   0.82      6      6      1   
  0.08   0.04   0.57   0.00     32      9      1   
  0.24   0.50   0.51   0.23      4      4      1   
  0.57   0.00   0.92   0.42      5      5      1   
  0.46   0.88   0.06   0.99      4      4      1   
  0.97   0.47   0.85   0.05      4      4      1   
  0.76   0.19   0.65   0.98      8      8      1   
  0.89   0.79   0.23   0.85      6      6      1   
  0.55   0.04   0.84   0.03      3      3      1   
  0.12   0.35   0.40   0.08     51      6      1   
  0.60   0.31   0.22   0.56      5      5      1   
  0.39   1.00   0.49   0.84      2      2      1   
  0.64   0.84   0.55   0.24      6      6      1   
  0.86   0.12   0.37   0.83      8      8      1   
  0.33   0.51   0.86   0.12      6      6      1   
  0.13   0.83   0.45   0.98      3      3      1   
  0.74   0.94   0.17   0.27      8      8      1   
  0.42   0.41   0.34   0.52      2      2      1   
  0.14   0.86   0.49   0.20     10      9      1   
  0.92   0.77   0.31   1.00      6      6      1   
  0.73   0.47   0.20   0.96      7      7      1   
  0.51   0.21   0.10   0.09     20      7      1   
  0.87   0.65   0.06   0.90      8      8      1   
  0.23   0.85   0.21   0.29      9      8      1   
  0.55   0.24   0.11   0.50      5      5      1   
  0.74   0.06   0.64   0.87      8      8      1   
  0.91   0.94   0.16   0.45      8      8      1   
  0.08   0.44   0.12   0.18      3      3      1   
  0.17   0.57   0.92   0.65      8      8      1   
  0.94   0.02   0.47   0.12      5      5      1   
  0.10   0.79   0.65   0.60      7      7      1   
  0.76   0.03   0.77   0.13      1      1      1   
  0.49   0.84   0.17   0.23      7      7      1   
  0.40   0.80   0.77   0.45      5      5      1   
  0.65   0.13   0.21   0.18     21      7      1   
  0.63   0.90   0.81   0.49      5      4      1   
  0.79   0.70   0.17   0.19     16      8      1   
  0.28   0.45   0.94   0.19      7      7      1   
  0.21   0.91   0.26   0.42      7      7      1   
  0.52   0.67   0.87   0.01      7      7      1   
  0.46   0.88   0.03   0.81      4      4      1   
  0.40   0.08   0.61   0.31      3      3      1   
  0.75   0.17   0.92   0.77      6      6      1   
  0.44   0.31   0.60   0.03      3      3      1   
  0.26   0.49   0.84   0.45      6      6      1   
  0.82   0.12   0.45   0.29      4      4      1   
  0.48   0.60   0.51   0.21      4      4      1   
  0.04   0.80   0.08   0.82      1      1      1   
  0.71   0.31   0.15   0.02     29      8      1   
  0.75   0.71   0.58   0.34      4      4      1   
  0.61   0.10   0.71   0.31      2      2      1   
  0.64   0.87   0.83   0.73      3      3      1   
  0.59   0.19   0.13   0.54      6      6      1   
  0.55   0.08   0.78   0.72      6      6      1   
  0.58   0.25   0.69   0.95      7      7      1   
  0.66   0.36   0.45   0.29      3      3      1   
  0.21   0.29   0.88   0.14     12      8      1   
  0.43   0.69   0.46   0.10      6      6      1   
  0.69   0.06   0.57   0.76      7      7      1   
  0.91   0.35   0.28   0.45      6      6      1   
  0.12   0.18   0.75   0.91      9      9      1   
  0.10   0.79   0.23   0.97      2      2      1   
  0.87   0.45   0.72   0.63      3      3      1   
  0.43   0.69   0.32   0.98      3      3      1   
  0.71   0.73   0.10   0.25      8      7      1   
  0.43   0.69   0.78   0.95      4      4      1   
  0.06   0.12   0.45   0.38      6      5      1   
  0.74   0.77   0.39   0.52      4      4      1   
  0.89   0.06   0.88   0.16      1      1      1   
  0.89   0.06   0.36   0.46      6      6      1   
  0.65   0.47   0.18   0.37      5      5      1   
  0.91   0.01   0.70   0.19      3      3      1   
  0.23   0.85   0.57   0.00     11     10      1   
  0.01   0.24   0.65   0.08     24      8      1   
  0.16   0.52   0.05   0.31      2      2      1   
  0.81   0.38   0.67   0.30      2      2      1   
  0.82   0.30   0.65   0.01      3      3      1   
  0.05   0.31   0.57   0.05     26      7      1   
  0.84   0.78   0.95   0.94      2      2      1   
  0.40   0.08   0.54   0.01      2      2      1   
  0.11   0.40   0.55   0.24      5      5      1   
  0.51   0.93   0.43   0.20      7      7      1   
  0.03   0.02   0.90   0.92     12     11      1   
  0.99   0.12   0.81   0.89      8      8      1   
  0.34   0.52   0.04   0.93     60      7      1   
  0.90   0.01   0.72   0.39      4      4      1   
  0.30   0.53   0.74   0.98      7      7      1   
  0.10   0.17   0.88   0.14     16      9      1   
  0.02   0.78   0.71   0.45      8      8      1   
  0.65   0.60   0.98   0.34      4      4      1   
  0.49   0.20   0.70   0.23      2      2      1   
  0.48   0.01   0.97   0.47      6      6      1   
  0.20   0.35   0.09   0.16      3      3      1   
  0.06   0.39   0.15   0.02      3      3      1   
  0.23   0.85   0.54   0.52      5      5      1   
  0.92   0.65   0.55   0.04      7      7      1   
  0.49   0.20   0.17   0.34      4      4      1   
  0.20   0.80   0.28   0.53      7      7      1   
  0.76   0.93   0.92   0.56      4      4      1   
  0.45   0.28   0.84   0.89      7      7      1   
  0.70   0.88   0.61   0.10      8      7      1   
Routing Failed to deliver
  0.37   0.43   0.71   0.45      4      4      1   
  0.73   0.83   0.09   0.08     18     10      1   
  0.01   0.44   0.01   0.94     58     11      1   
  0.58   0.34   0.45   0.98      6      6      1   
  0.99   0.12   0.26   0.79     10     10      1   
  0.90   0.67   0.17   0.21     16      9      1   
  0.97   0.47   0.31   1.00      8      8      1   
  0.09   0.52   0.88   0.03      9      9      1   
  0.03   0.32   0.70   0.23     12      7      1   
  0.80   0.11   0.13   0.83     59     10      1   
  0.11   0.50   0.13   0.14      3      3      1   
  0.90   0.01   0.61   0.07      3      3      1   
  0.22   0.17   0.70   0.19     10      8      1   
  0.03   0.95   0.51   0.21     11     10      1   
  0.03   0.89   0.18   0.97      2      2      1   
  0.10   0.27   0.80   0.11     13      8      1   
  0.76   0.19   0.87   0.65      4      4      1   
  0.10   0.17   0.65   0.08     23      8      1   
  0.01   0.99   0.44   0.85      5      5      1   
  0.68   0.66   0.12   0.35      6      6      1   
  0.97   0.74   0.74   0.94      3      3      1   
  0.90   0.66   0.17   0.21     16      9      1   
  0.67   0.01   0.55   0.74      7      7      1   
  0.55   0.04   0.70   0.81      7      7      1   
  0.56   0.56   0.05   0.31      6      5      1   
  0.12   0.13   0.18   0.14      1      1      1   
  0.49   0.62   0.06   0.36      5      5      1   
  0.08   1.00   0.89   0.79      8      8      1   
  0.56   0.26   0.13   0.54      5      5      1   
  0.66   0.06   0.50   0.39      4      4      1   
  0.33   0.51   0.85   0.70      6      6      1   
  0.17   0.21   0.89   0.66     10      9      1   
  0.30   0.41   0.52   0.34      2      2      1   
  0.75   0.71   0.39   0.52      4      4      1   
  0.41   1.00   0.59   0.19      8      7      1   
  0.13   0.05   0.05   0.31      3      3      1   
  0.22   0.91   0.89   0.55      7      7      1   
  0.02   0.25   0.17   0.02      3      3      1   
  0.65   0.44   0.30   0.53      4      4      1   
  0.76   0.93   0.01   0.82      7      7      1   
  0.16   0.86   0.67   0.82      5      5      1   
  0.41   0.84   0.28   0.53      5      5      1   
  0.60   0.31   0.41   0.29      2      2      1   
  0.12   0.35   0.80   0.49      7      7      1   
  0.86   0.89   0.12   0.24     10      9      1   
  0.86   0.89   0.91   0.62      3      3      1   
  0.91   0.01   0.74   0.44      5      5      1   
  0.69   0.45   0.26   0.79      6      6      1   
  0.33   0.51   0.78   0.20      5      5      1   
  0.49   0.20   0.12   0.13     20      6      1   
  0.39   0.52   0.64   0.22      4      4      1   
  0.16   0.45   0.58   0.93      7      7      1   
  0.76   0.93   0.86   0.93      1      1      1   
  0.06   0.33   0.82   0.12     13      8      1   
  0.81   0.49   0.05   0.24      8      8      1   
  0.76   0.87   0.17   0.02     47     10      1   
  0.75   0.65   0.07   0.44      7      7      1   
  0.14   0.23   0.05   0.31      1      1      1   
  0.17   0.19   0.46   0.10     48      7      1   
  0.05   0.31   0.72   0.63      7      7      1   
  0.46   0.42   0.08   0.86     62      8      1   
  0.80   0.24   0.66   0.39      2      2      1   
  0.26   0.49   0.65   0.47      4      4      1   
  0.25   0.53   0.66   0.39      5      5      1   
  0.76   0.19   0.08   0.00     32      9      1   
  0.09   0.21   0.88   0.03     24     10      1   
  0.05   0.05   0.87   0.65     11     10      1   
  0.42   0.41   0.52   0.59      2      2      1   
  0.67   0.52   0.97   0.74      4      4      1   
  0.75   0.71   0.95   0.94      3      3      1   
  0.77   0.13   0.65   0.44      3      3      1   
  0.33   0.84   0.23   0.79      1      1      1   
  0.75   0.17   0.21   0.91      9      9      1   
  0.21   0.91   0.07   0.93      2      2      1   
  0.83   0.92   0.89   0.55      4      4      1   
  0.56   0.39   0.78   1.00      6      6      1   
  0.75   0.17   0.13   0.24     13      7      1   
Routing Failed to deliver
  0.03   0.02   0.14   0.23      3      3      1   
  0.16   0.52   0.86   0.05      8      8      1   
  0.90   0.66   0.76   0.93      3      3      1   
  0.68   0.76   0.34   0.52      4      4      1   
  0.57   0.38   0.74   0.08      4      3      1   
  0.65   0.60   0.26   0.49      4      4      1   
  0.94   0.02   0.89   0.89      8      8      1   
  0.12   0.18   0.14   1.00     48     10      1   
  0.28   0.53   0.41   0.30      3      3      1   
  0.90   0.92   0.24   0.49      8      7      1   
  0.09   0.21   0.82   0.12     15      9      1   
  0.28   0.88   0.44   0.08     12      9      1   
  0.16   0.45   0.08   0.82     53      9      1   
  0.89   0.25   0.91   0.25      1      1      1   
  0.49   0.20   0.55   0.74      5      5      1   
  0.65   0.44   0.80   0.60      3      3      1   
  0.57   0.76   0.20   0.96      4      4      1   
  0.18   0.11   0.37   0.43      5      4      1   
  0.99   0.12   0.36   0.42      7      7      1   
  0.81   0.42   0.05   0.24      8      8      1   
  0.01   0.99   0.52   0.15     12     11      1   
  0.17   0.23   0.57   0.00     57      7      1   
  0.23   0.97   0.16   0.86      2      2      1   
  0.94   0.02   0.50   0.39      5      5      1   
  0.42   0.86   0.81   0.89      4      4      1   
  0.04   0.80   0.84   0.20     10     10      1   
  0.31   1.00   0.18   0.11     14      9      1   
  0.48   0.60   0.18   0.11     32      6      1   
  0.16   0.30   0.16   0.86     47      9      1   
  0.07   0.99   0.65   0.91      5      5      1   
  0.03   0.90   0.10   0.25     13     10      1   
  0.84   0.03   0.74   0.25      2      2      1   
  0.89   0.79   0.90   0.01      7      7      1   
  0.80   0.60   0.91   0.62      1      1      1   
  0.74   0.06   0.06   0.39      8      7      1   
  0.91   0.51   0.78   1.00      5      5      1   
  0.07   0.93   0.13   0.29     14     10      1   
  0.49   0.84   0.01   0.82      5      5      1   
  0.02   0.78   0.09   0.81      1      1      1   
  0.43   0.92   0.44   0.99      1      1      1   
  0.58   0.62   0.24   0.49      4      4      1   
  0.69   0.27   0.15   0.02     31      8      1   
  0.71   0.93   0.18   0.14     33      9      1   
  0.91   0.36   0.06   0.36      8      8      1   
  0.83   0.92   0.22   0.39      8      8      1   
  0.84   0.02   0.39   0.91      9      9      1   
Routing Failed to deliver
  0.58   0.28   0.71   0.45      2      2      1   
  0.49   0.23   0.41   0.22      1      1      1   
  0.45   0.29   0.64   0.71      5      5      1   
  0.75   0.71   0.74   0.77      1      1      1   
  0.56   0.58   0.23   0.79      4      4      1   
  0.73   0.08   0.70   0.81      7      7      1   
  0.45   0.04   0.30   0.41      4      4      1   
  0.85   0.43   0.51   0.21      4      4      1   
  0.02   0.18   0.16   0.86     48     10      1   
  0.43   0.69   0.20   0.30      5      5      1   
  0.92   0.59   0.44   0.31      6      6      1   
  0.28   0.55   0.21   0.53      1      1      1   
  0.03   0.95   0.23   0.97      2      2      1   
  0.66   0.40   0.55   0.24      2      2      1   
  0.84   0.02   0.20   0.35      8      7      1   
  0.77   0.13   0.74   0.65      5      5      1   
  0.61   0.07   0.89   0.79      7      7      1   
  0.06   0.12   0.20   0.51      4      4      1   
  0.44   0.36   0.10   0.27      4      4      1   
  0.75   0.17   0.74   0.44      3      3      1   
  0.52   0.15   0.77   0.13      2      2      1   
  0.81   0.89   0.43   0.69      4      4      1   
  0.37   0.40   0.70   0.88      6      6      1   
  0.75   0.71   0.99   0.74      2      2      1   
  0.76   0.05   0.65   0.08      1      1      1   
  0.36   0.46   0.17   0.98     51      7      1   
  0.77   0.45   0.82   0.12      3      3      1   
  0.87   0.45   0.42   0.86      6      6      1   
  0.03   0.32   0.85   0.05     13      9      1   
  0.74   0.08   0.18   0.38      7      6      1   
  0.43   0.20   0.78   0.09      4      4      1   
  0.44   0.99   0.29   0.91      2      2      1   
  0.19   0.01   0.19   0.82     50     11      1   
  0.36   0.83   0.70   0.19      7      7      1   
  0.66   0.36   0.67   0.79      4      4      1   
  0.74   0.44   0.11   0.18     14      8      1   
  0.66   0.39   0.16   0.52      5      5      1   
  0.95   0.31   0.01   0.44      9      9      1   
  0.44   0.20   0.56   0.78      6      6      1   
  0.43   0.50   0.71   0.73      4      4      1   
  0.95   0.67   0.65   0.08      6      6      1   
  0.97   0.47   0.16   0.17     16     10      1   
  0.21   0.27   0.58   0.34      5      5      1   
  0.03   0.90   0.41   0.84      4      4      1   
  0.38   0.91   0.99   0.12      9      9      1   
  0.65   0.60   0.79   0.77      2      2      1   
  0.46   0.81   0.26   0.79      2      2      1   
  0.11   0.50   0.51   0.55      4      4      1   
  0.15   0.46   0.04   0.93     53      9      1   
  0.19   0.82   0.98   0.31     10     10      1   
  0.30   0.40   0.73   0.69      5      5      1   
  0.50   0.39   0.03   0.02     30      6      1   
  0.81   0.42   0.97   0.74      4      4      1   
  0.68   0.76   0.98   0.34      5      5      1   
  0.69   0.45   0.67   0.30      2      2      1   
  0.36   0.42   0.52   0.34      2      2      1   
  0.67   0.52   0.39   0.52      3      3      1   
  0.06   0.33   0.74   0.44      7      7      1   
  0.73   0.47   0.69   0.03      4      4      1   
  0.90   0.66   0.19   0.82      7      7      1   
  0.88   0.94   0.46   0.42      6      6      1   
  0.76   0.19   0.28   0.45      5      5      1   
  0.66   0.06   0.44   0.36      4      4      1   
  0.41   0.19   0.17   0.02     29      7      1   
  0.36   0.42   0.65   0.44      3      3      1   
  0.77   0.55   0.71   0.91      4      4      1   
  0.28   0.88   0.12   0.35     19      8      1   
  0.74   0.94   0.45   0.28      7      7      1   
  0.36   0.42   0.77   0.45      4      4      1   
  0.46   0.88   0.23   0.97      2      2      1   
  0.52   0.89   0.96   0.36      7      7      1   
  0.19   0.82   0.45   0.28      8      8      1   
  0.01   0.82   0.68   0.76      6      6      1   
  0.44   0.38   0.09   0.08     13      6      1   
  0.08   1.00   0.87   0.64      8      8      1   
  0.92   0.42   0.67   0.52      3      3      1   
  0.05   0.05   0.85   0.70     11     10      1   
  0.06   0.96   0.74   0.77      7      7      1   
  0.82   0.30   0.40   0.08      4      4      1   
  0.65   0.01   0.76   0.05      1      1      1   
  0.84   0.71   0.21   0.18     31      9      1   
  0.23   0.85   0.50   0.68      4      4      1   
  0.43   0.12   0.02   0.18     15      6      1   
  0.74   0.25   0.43   0.12      3      3      1   
  0.69   0.27   0.75   0.65      4      4      1   
  0.03   0.81   0.18   0.14     13     11      1   
  0.67   0.52   0.02   0.35      7      7      1   
  0.54   0.11   0.28   0.88     52      8      1   
  0.33   0.84   0.90   0.01      9      9      1   
  0.90   0.67   0.31   1.00      6      6      1   
  0.45   0.98   0.29   0.91      2      2      1   
  0.69   0.06   0.88   0.16      2      2      1   
  0.28   0.53   0.52   0.15      5      5      1   
  0.10   0.17   0.47   0.12     26      6      1   
  0.14   0.86   0.49   0.84      4      4      1   
  0.94   0.49   0.13   0.04     37     10      1   
