  0.81   0.17   0.51   0.77      6      6      1   
  0.14   0.06   0.62   0.44      6      6      1   
  0.50   0.11   0.39   0.03      2      2      1   
  0.74   0.95   0.62   0.43      5      5      1   
  0.58   0.26   0.10   0.49      5      5      1   
  0.06   0.52   0.01   0.88     50      9      1   
  0.23   0.27   0.28   0.03      3      3      1   
  0.36   0.97   0.31   0.15      8      8      1   
  0.85   0.40   0.31   0.08      6      6      1   
  0.33   0.27   0.41   1.00      8      8      1   
  0.20   0.13   0.09   0.26      2      2      1   
  0.28   0.24   0.55   0.23      3      3      1   
  0.90   0.22   0.83   0.67      5      5      1   
  0.96   0.69   0.83   0.67      2      2      1   
  0.58   0.56   0.18   0.53      4      4      1   
  0.03   0.88   0.96   0.35     10     10      1   
  0.40   0.81   0.39   0.03      8      8      1   
  0.81   0.17   0.79   0.71      5      5      1   
  0.13   0.03   0.02   0.93     31     12      1   
  0.37   0.56   0.74   0.95      5      5      1   
  0.12   0.01   0.33   0.04      2      2      1   
  0.73   0.00   0.23   0.27      6      6      1   
  0.99   0.71   0.23   0.28      9      9      1   
  0.39   0.08   0.14   0.06      3      3      1   
  0.27   0.16   0.81   0.17      5      5      1   
  0.18   0.81   0.49   0.89      3      3      1   
  0.42   0.03   0.09   0.08      3      3      1   
  0.09   0.26   0.48   0.15      4      4      1   
  0.77   0.47   0.93   0.04      4      4      1   
  0.60   0.42   0.75   0.08      4      4      1   
  0.54   0.85   0.22   0.98      4      4      1   
  0.57   0.16   0.01   0.22      6      5      1   
  0.40   0.33   0.33   0.47      2      2      1   
  0.43   0.44   0.55   0.76      3      3      1   
  0.27   0.99   0.75   0.77      5      5      1   
  0.01   0.88   0.54   0.69      5      5      1   
  0.75   0.87   0.26   0.05      9      9      1   
  0.39   0.03   0.63   0.43      5      5      1   
  0.37   0.33   0.90   0.22      6      5      1   
  0.75   0.82   0.36   0.97      4      4      1   
  0.06   0.98   0.53   0.64      6      6      1   
  0.27   0.16   0.18   0.09      1      1      1   
  0.37   0.49   0.40   0.81      4      4      1   
  0.34   0.98   0.57   0.81      3      3      1   
  0.75   0.82   0.70   0.45      4      4      1   
  0.75   0.82   0.64   0.49      4      4      1   
  0.18   0.09   0.87   0.91     10     10      1   
  0.74   0.52   0.78   0.04      5      5      1   
  0.25   0.30   0.97   0.45      7      7      1   
  0.67   0.25   0.79   0.28      2      2      1   
  0.67   0.25   0.31   0.85      7      7      1   
  0.80   0.22   0.02   0.87     11     10      1   
  0.47   0.91   0.64   0.49      5      5      1   
  0.09   0.77   0.86   0.38      8      8      1   
  0.63   0.64   0.38   0.06      6      6      1   
  0.45   0.48   0.96   0.08      7      7      1   
  0.81   0.20   0.32   0.79      8      7      1   
  0.49   0.36   0.11   0.02      5      5      1   
  0.09   0.01   0.97   0.45      9      9      1   
  0.66   0.17   1.00   0.87      7      7      1   
  0.60   0.42   0.06   0.98      8      8      1   
  0.40   0.34   0.83   0.96      7      7      1   
  0.06   0.98   0.64   0.92      6      6      1   
  0.24   0.46   0.76   0.09      6      6      1   
  0.92   0.76   0.75   0.30      5      5      1   
  0.69   0.38   0.43   0.44      3      3      1   
  0.12   0.05   0.88   0.68     10     10      1   
  0.11   0.45   0.03   0.01      4      4      1   
  0.93   0.33   0.90   0.26      1      1      1   
  0.39   0.02   0.07   0.22      4      4      1   
  0.44   0.41   0.67   0.70      4      4      1   
  0.63   0.43   0.50   0.87      4      4      1   
  0.80   0.74   0.04   0.46      8      8      1   
  0.82   0.64   0.88   0.45      2      2      1   
  0.14   0.56   0.00   0.15      4      4      1   
  0.46   0.20   0.94   0.23      5      5      1   
  0.97   0.56   0.47   0.61      6      5      1   
  0.13   0.57   0.75   0.96      7      7      1   
  0.03   0.26   0.48   0.11      5      5      1   
  0.74   0.64   0.32   0.79      4      4      1   
  0.31   0.43   0.92   0.76      7      7      1   
  0.43   0.66   1.00   0.87      6      6      1   
  0.50   0.15   0.23   0.28      3      3      1   
  0.93   0.56   0.74   0.87      4      4      1   
  0.12   0.05   0.83   0.30      7      7      1   
  0.19   0.98   0.23   0.42     17      7      1   
  0.28   0.24   0.94   0.84      8      8      1   
  0.22   0.55   0.40   0.42      3      3      1   
  0.22   0.55   0.11   0.19      4      4      1   
  0.45   0.24   0.15   0.53      4      4      1   
  0.72   0.13   1.00   0.92      8      8      1   
  0.38   0.06   0.62   0.43      5      5      1   
  0.59   0.65   0.28   0.06      7      7      1   
  0.83   0.96   0.31   0.42      7      7      1   
  0.50   0.47   0.18   0.27      4      4      1   
  0.27   0.02   0.90   0.89     10     10      1   
  0.51   0.65   0.47   0.61      1      1      1   
  0.71   0.59   0.77   0.47      2      2      1   
  0.09   0.16   0.28   0.81      9      9      1   
  0.55   0.50   0.80   0.22      4      4      1   
  0.46   0.40   0.31   0.08      4      4      1   
  0.11   0.19   0.19   0.43      3      3      1   
  0.70   0.99   0.66   0.89      1      1      1   
  0.10   0.85   0.96   0.08     11     11      1   
  0.80   0.74   0.83   0.79      1      1      1   
  0.51   0.01   0.39   0.03      1      1      1   
  0.61   0.12   1.00   0.92      9      8      1   
  0.47   0.06   0.75   0.77      8      7      1   
  0.57   0.72   0.74   0.38      4      4      1   
  0.47   0.06   0.05   0.41      5      5      1   
  0.78   0.04   0.64   0.80      7      7      1   
  0.48   0.41   0.09   0.16      4      4      1   
  0.58   0.56   0.20   0.28      5      5      1   
  0.90   0.26   1.00   0.09      2      2      1   
  0.05   0.26   0.80   0.72      8      8      1   
  0.85   0.01   0.87   0.97      9      9      1   
  0.22   0.55   0.55   0.15      5      5      1   
  0.48   0.54   0.93   0.58      5      5      1   
  0.02   0.25   0.37   0.33      3      3      1   
  0.45   0.48   0.94   0.93      7      7      1   
  0.63   0.65   0.75   0.87      3      3      1   
  0.03   0.86   0.96   0.08     12     12      1   
  0.61   0.24   0.17   0.38      5      4      1   
  0.18   0.27   0.48   0.72      6      6      1   
  0.06   0.21   0.88   0.99     11     11      1   
  0.67   0.15   0.85   0.34      3      3      1   
  0.01   0.37   0.22   0.27      2      2      1   
  0.79   0.47   0.13   0.57      6      6      1   
  0.13   0.57   0.01   0.88     30      8      1   
  0.82   0.78   0.61   0.07      7      7      1   
  0.47   0.06   0.52   0.70      6      6      1   
  0.29   0.30   0.27   0.30      1      1      1   
  0.00   0.15   0.49   0.50      6      6      1   
  0.81   0.05   0.65   0.95      8      8      1   
  0.37   0.33   0.83   0.69      6      6      1   
  0.45   0.80   0.28   0.95      2      2      1   
  0.32   0.02   0.82   0.40      6      6      1   
  0.50   0.74   0.87   0.91      4      4      1   
  0.80   0.74   0.92   0.86      2      2      1   
  0.90   0.26   0.11   0.53      8      8      1   
  0.71   0.22   0.75   0.08      2      2      1   
  0.63   0.60   0.98   0.28      5      5      1   
  0.01   0.37   0.86   0.98     10     10      1   
  0.09   0.16   0.22   0.21      2      2      1   
  0.90   0.08   0.48   0.53      6      6      1   
  0.13   0.57   0.03   0.86     29      8      1   
  0.15   0.53   0.18   0.92     10      7      1   
  0.47   0.26   0.15   0.94     17      8      1   
  0.50   0.47   0.53   0.21      3      3      1   
  0.46   0.78   0.49   0.50      3      3      1   
  0.11   0.49   0.90   0.76      8      8      1   
  0.85   0.23   0.06   0.52      8      8      1   
  0.62   0.43   0.43   0.44      2      2      1   
  0.69   0.17   0.65   0.51      3      3      1   
  0.10   0.49   0.36   0.97      7      7      1   
  0.75   0.37   0.49   0.89      5      5      1   
  0.53   0.21   0.09   0.26      4      4      1   
  0.83   0.47   0.86   0.95      5      5      1   
  0.26   0.05   0.86   0.98     11     11      1   
  0.01   0.88   0.46   0.97      5      5      1   
  0.19   0.98   0.47   0.97      3      3      1   
  0.25   1.00   0.76   0.67      6      6      1   
  0.16   0.94   0.69   0.50      6      6      1   
  0.87   0.91   0.65   0.16      7      7      1   
  0.75   0.82   0.62   0.44      4      4      1   
  0.19   0.43   0.58   0.56      4      4      1   
  0.85   0.40   0.06   0.21      8      8      1   
  0.12   0.15   0.56   0.20      4      4      1   
  0.74   0.52   0.15   0.12      7      7      1   
  0.74   0.95   0.90   0.64      3      3      1   
  0.59   0.67   0.43   0.92      3      3      1   
  0.88   0.45   0.77   0.25      2      2      1   
  0.64   0.55   0.17   0.38      5      5      1   
  0.48   0.15   0.18   0.92     34      9      1   
  0.75   0.83   0.28   0.03      9      9      1   
  0.60   0.51   0.01   0.81     52      7      1   
  0.83   0.69   0.18   0.53      7      7      1   
  0.47   0.61   0.26   0.25      5      5      1   
  0.04   0.46   0.31   0.42      3      3      1   
  0.29   0.85   0.51   0.01      9      9      1   
  0.05   0.26   0.49   0.36      4      4      1   
  0.15   0.44   0.76   0.05      7      7      1   
  0.67   0.56   0.46   0.13      5      5      1   
  0.76   0.67   0.11   0.53      6      6      1   
  0.05   0.14   0.27   0.28      3      3      1   
  0.35   0.10   0.44   0.35      3      3      1   
  0.47   0.97   0.72   0.40      6      6      1   
  0.15   0.12   0.03   0.24      2      2      1   
  0.37   0.56   0.12   0.27      4      4      1   
  0.76   0.67   0.77   0.25      5      4      1   
  0.47   0.29   0.23   0.30      3      3      1   
  0.41   1.00   0.09   0.01     20     11      1   
  0.52   0.18   0.62   0.44      4      4      1   
  0.97   0.58   0.27   0.99      8      8      1   
  0.76   0.05   0.84   0.75      7      7      1   
  0.77   1.00   0.23   0.99      6      6      1   
  0.75   0.30   0.72   0.40      1      1      1   
  0.62   0.26   0.77   0.25      2      2      1   
  0.02   0.87   0.66   0.89      6      6      1   
  0.16   0.19   0.94   0.10      7      7      1   
  0.76   0.05   0.13   0.07      6      6      1   
  0.96   0.69   0.75   0.37      4      4      1   
  0.13   0.07   0.40   0.81      9      8      1   
  0.38   0.94   0.64   0.49      5      5      1   
  0.23   0.48   0.48   0.54      3      3      1   
  0.94   0.84   0.43   0.92      6      6      1   
  0.71   0.39   0.15   0.94      8      7      1   
  0.12   0.18   0.93   0.95     11     11      1   
  0.48   0.41   0.64   0.92      5      5      1   
  0.28   0.81   0.96   0.08     10      9      1   
  0.87   0.38   0.11   0.87      9      8      1   
  0.51   0.65   0.19   0.51      4      4      1   
  0.09   0.08   0.02   0.36      3      3      1   
  0.66   0.17   0.90   0.64      5      5      1   
  0.17   0.14   0.50   0.03      3      3      1   
  0.48   0.72   0.94   0.93      5      5      1   
  0.44   0.35   0.47   0.91      6      6      1   
  0.97   0.56   0.60   0.42      4      4      1   
  0.97   0.17   0.65   0.16      3      3      1   
  0.53   0.64   0.22   0.40      4      4      1   
  0.15   0.19   0.90   0.89     10     10      1   
  0.80   0.33   0.73   0.32      1      1      1   
  0.62   0.81   0.57   0.63      2      2      1   
  1.00   0.05   0.71   0.22      3      3      1   
  0.50   0.03   0.33   0.27      3      3      1   
  0.09   0.77   0.83   0.69      7      7      1   
  0.98   0.28   0.31   0.43      7      6      1   
  0.43   0.01   0.28   0.95     14      9      1   
  0.59   0.03   0.14   0.53      7      6      1   
  0.76   0.40   0.92   0.86      5      5      1   
  0.74   0.64   0.90   0.76      2      2      1   
  0.30   0.19   0.79   0.71      7      7      1   
  0.03   0.08   0.82   0.64      9      9      1   
  0.32   0.83   0.62   0.95      3      3      1   
  0.61   0.64   0.05   0.14      8      7      1   
  0.01   0.28   0.11   0.02      3      3      1   
  0.78   0.24   0.74   0.52      3      3      1   
  0.12   0.05   0.64   0.55      7      7      1   
  0.65   0.24   0.54   0.17      1      1      1   
  0.05   0.41   0.68   0.56      7      7      1   
  0.78   0.23   0.60   0.17      2      2      1   
  0.07   0.22   0.87   0.38      8      8      1   
  0.63   0.60   1.00   0.92      5      5      1   
  1.00   0.13   0.81   0.17      2      2      1   
  0.74   0.64   0.57   0.63      2      2      1   
  0.00   0.57   0.14   0.53      2      2      1   
  0.14   0.56   0.52   0.18      5      5      1   
  0.75   0.77   0.23   0.42      6      6      1   
  0.14   0.06   0.72   0.40      6      6      1   
  0.37   0.49   0.20   0.13      4      4      1   
  0.40   0.81   0.96   0.83      6      5      1   
  0.86   0.38   0.50   0.87      6      6      1   
  0.01   0.46   0.17   0.24      3      3      1   
  0.11   0.53   0.96   0.02     10     10      1   
  0.12   0.01   0.51   0.19      4      4      1   
  0.02   0.36   0.94   0.01      9      9      1   
  0.22   0.40   0.89   0.75      7      7      1   
  0.97   0.99   0.11   0.87      8      8      1   
  0.99   0.56   0.86   0.38      2      2      1   
  0.96   0.08   0.71   0.59      6      6      1   
  0.59   0.65   0.71   0.22      5      5      1   
  0.93   0.04   0.75   0.37      4      4      1   
  0.90   0.76   0.17   0.38      8      8      1   
  0.26   0.05   0.53   0.21      3      3      1   
  0.27   0.16   0.26   0.25      1      1      1   
  0.30   0.19   0.90   0.64      8      8      1   
  0.47   0.91   0.50   0.47      5      5      1   
  0.51   0.77   0.33   0.27      5      5      1   
  0.87   0.91   0.98   0.09      8      8      1   
  0.96   0.45   0.44   0.02      6      6      1   
  0.31   0.79   0.84   0.75      5      5      1   
  0.75   0.96   0.44   0.35      7      7      1   
  0.18   0.53   0.71   0.59      6      6      1   
  0.43   0.92   0.14   0.06      9      9      1   
  0.66   0.89   0.45   0.24      7      6      1   
  0.75   0.83   0.07   0.22      9      9      1   
  0.83   0.96   1.00   0.92      2      2      1   
  0.51   0.19   0.75   0.08      3      3      1   
  0.85   0.23   0.86   0.98      7      7      1   
  0.61   0.64   0.23   0.99      5      5      1   
  0.29   0.11   0.15   0.94     28      9      1   
  0.99   0.71   0.67   0.56      4      4      1   
  0.94   0.10   0.51   0.19      4      4      1   
  0.05   0.26   0.05   0.16      1      1      1   
  0.15   0.12   0.75   0.96     10     10      1   
  0.59   0.03   0.25   0.30      4      4      1   
  0.77   0.47   0.51   0.19      4      4      1   
  0.71   0.59   0.89   0.84      3      3      1   
  0.85   0.38   0.34   0.98      7      7      1   
  0.80   0.22   0.44   0.41      4      4      1   
  0.71   0.51   0.85   0.12      4      4      1   
  0.64   0.92   0.61   0.64      3      3      1   
  0.07   0.22   0.34   0.98     10     10      1   
  0.57   0.72   0.81   0.79      3      3      1   
  0.99   0.29   0.26   0.56      8      8      1   
  0.49   0.08   0.22   0.40      4      4      1   
  0.90   0.26   0.32   0.83      8      7      1   
  1.00   0.87   0.04   0.27     10     10      1   
  0.86   0.26   0.10   1.00     10      9      1   
  0.32   0.55   0.40   0.56      1      1      1   
  0.66   0.17   0.75   0.30      2      2      1   
  0.40   0.21   0.98   0.49      6      6      1   
  0.60   0.17   0.44   0.41      3      3      1   
  0.40   0.23   0.83   0.59      6      6      1   
  0.88   0.99   0.27   0.02     11     11      1   
  0.10   1.00   0.48   0.53      7      6      1   
  0.57   0.72   0.67   0.15      6      6      1   
  0.12   0.05   0.23   0.30      3      3      1   
  0.93   0.56   0.80   0.72      2      2      1   
  0.79   0.99   0.49   0.50      5      5      1   
  0.49   0.08   0.19   0.51      5      5      1   
  0.55   0.04   0.09   0.01      5      5      1   
  0.41   0.07   0.90   0.89     10      9      1   
  0.75   0.37   0.93   0.60      3      3      1   
  0.43   0.78   0.67   0.56      3      3      1   
  0.81   0.17   0.22   0.27      6      6      1   
  0.92   0.84   0.76   0.05      8      8      1   
  0.31   0.08   0.92   0.84      9      9      1   
  0.55   0.04   0.83   0.96      9      9      1   
  0.47   0.91   0.05   0.26     17      8      1   
  0.13   0.03   0.31   0.85     10     10      1   
  0.23   0.30   0.15   0.78     26      8      1   
  0.06   0.98   0.41   0.36     11      8      1   
  0.75   0.77   0.27   0.18      7      7      1   
  0.80   0.62   0.48   0.15      6      6      1   
  0.38   0.14   0.65   0.44      4      4      1   
  0.05   0.41   0.09   0.04      4      4      1   
  0.19   0.98   0.89   0.75      8      7      1   
  0.98   0.29   0.19   0.51      8      8      1   
  0.10   1.00   0.47   0.29     11      8      1   
  1.00   0.92   0.10   1.00      9      8      1   
  0.85   0.49   0.97   0.58      2      2      1   
  0.96   0.01   0.94   0.93      9      9      1   
  0.40   0.42   0.97   0.45      6      6      1   
  0.85   0.38   0.36   0.43      5      5      1   
  0.55   0.50   0.85   0.34      3      3      1   
  0.80   0.33   0.84   0.98      7      7      1   
  0.93   0.59   0.30   0.19      8      7      1   
  0.86   0.98   0.82   0.40      6      6      1   
  0.64   0.92   0.67   0.56      4      4      1   
  0.67   0.25   0.96   0.01      4      4      1   
  0.93   0.33   0.72   0.40      3      3      1   
  0.25   0.95   0.75   0.82      5      5      1   
  0.95   0.26   0.32   0.05      6      6      1   
  0.47   0.06   0.09   0.04      4      4      1   
  0.93   0.33   0.51   0.77      6      6      1   
  0.71   0.40   0.00   0.85     54      8      1   
  0.50   0.74   0.50   0.11      6      6      1   
  0.44   0.35   0.81   0.79      6      6      1   
  0.32   0.55   0.32   0.79      8      4      1   
  0.74   0.95   0.88   0.99      2      2      1   
  0.78   0.24   0.73   0.32      1      1      1   
  0.11   0.53   0.11   0.87     31      8      1   
  0.70   0.11   0.74   0.25      2      2      1   
  0.63   0.65   0.19   0.43      5      5      1   
  0.71   0.59   0.43   0.78      3      3      1   
  0.61   0.64   0.32   0.05      6      6      1   
  0.73   0.32   0.28   0.95      8      7      1   
  0.27   0.28   0.11   0.32      2      2      1   
  0.01   0.22   0.25   0.30      3      3      1   
  0.41   0.07   0.05   0.16      3      3      1   
  0.83   0.61   0.50   0.15      6      6      1   
  0.78   0.24   0.36   0.43      5      5      1   
  0.36   0.43   0.16   0.13      4      4      1   
  0.01   0.11   0.01   0.37      3      3      1   
  0.88   0.68   0.84   0.30      4      4      1   
  0.66   0.17   0.76   0.40      3      3      1   
  0.93   0.33   0.41   1.00      8      8      1   
  0.03   0.01   0.25   1.00     12     11      1   
  0.67   0.70   0.09   0.08      8      8      1   
  0.45   0.24   0.99   0.29      5      5      1   
  0.01   0.47   0.28   0.95      8      8      1   
  0.53   0.21   0.14   0.56      5      5      1   
  0.10   0.85   0.57   0.24      9      8      1   
  0.22   0.40   0.79   0.99      8      8      1   
  0.51   0.19   0.22   0.03      3      3      1   
  0.42   0.86   0.81   0.07      8      8      1   
  0.24   0.48   0.83   0.61      6      6      1   
  0.58   0.26   0.63   0.38      2      2      1   
  0.57   0.16   0.02   0.93     28     10      1   
  0.45   0.08   0.73   0.12      3      3      1   
  0.25   0.95   0.33   0.47      6      6      1   
  0.36   0.43   0.90   0.22      6      6      1   
  0.44   0.66   0.27   0.30      4      4      1   
  0.48   0.54   0.36   0.43      2      2      1   
  0.76   0.67   0.88   0.17      5      5      1   
  0.92   0.86   0.70   0.11      8      8      1   
  0.62   0.81   0.61   0.21      6      6      1   
  0.47   0.61   0.16   0.40      4      4      1   
  0.89   0.75   0.23   0.48      7      7      1   
  0.57   0.24   0.64   0.49      3      3      1   
  0.10   0.11   0.24   0.10      2      2      1   
  0.51   0.19   0.83   0.96      9      8      1   
  0.98   0.09   0.64   0.79      8      8      1   
  0.93   0.56   0.05   0.41      9      9      1   
  0.20   0.13   0.47   0.91      9      9      1   
  0.22   0.03   0.24   0.46      5      5      1   
  0.74   0.87   0.53   0.64      3      3      1   
  0.51   0.19   0.28   0.24      2      2      1   
  0.69   0.24   0.90   0.08      3      3      1   
  0.77   0.47   0.07   0.22      7      7      1   
  0.74   0.87   0.87   0.38      5      5      1   
  0.70   0.99   0.16   0.13     10     10      1   
  0.74   0.25   0.27   0.16      5      5      1   
  0.61   0.24   0.16   0.19      4      4      1   
  0.57   0.24   0.45   0.24      1      1      1   
  0.32   0.02   0.66   0.60      7      7      1   
  0.83   0.27   0.86   0.38      1      1      1   
  0.84   0.75   0.10   1.00      8      7      1   
  0.31   0.43   0.52   0.18      3      3      1   
  0.43   0.44   0.88   0.99      7      7      1   
  0.67   0.25   0.61   0.64      4      4      1   
  0.93   0.26   0.23   0.30      6      6      1   
  0.11   0.53   0.50   0.74      5      5      1   
  0.61   0.64   0.46   0.40      3      3      1   
  0.85   0.49   0.86   0.67      2      2      1   
  0.47   0.26   0.12   0.15      4      4      1   
  0.69   0.17   0.79   0.71      6      5      1   
  0.67   0.25   0.00   0.15      6      6      1   
  0.39   0.94   0.87   0.91      5      5      1   
  0.57   0.81   0.48   0.11      7      7      1   
  0.43   0.66   0.11   0.53      4      4      1   
  0.02   0.87   0.66   0.89      6      6      1   
  0.65   0.95   0.41   1.00      4      4      1   
  0.45   0.80   0.51   0.01      8      8      1   
  0.64   0.79   0.97   0.58      4      4      1   
  0.96   0.01   0.59   0.65      7      7      1   
  0.11   0.32   0.87   0.91      9      9      1   
  0.02   0.36   0.69   0.38      6      6      1   
  0.51   0.19   0.27   0.18      3      3      1   
  0.67   0.70   1.00   0.05      7      7      1   
  0.28   0.24   0.34   0.98      8      8      1   
  0.11   0.53   0.48   0.41      4      4      1   
  0.93   0.26   0.64   0.79      6      6      1   
  0.49   0.89   0.67   0.70      3      3      1   
  0.70   0.11   0.16   0.19      5      5      1   
  0.33   0.47   0.67   0.15      4      4      1   
  0.63   0.65   0.31   0.43      4      4      1   
  0.10   0.49   0.55   0.23      5      5      1   
  0.32   0.02   0.79   0.47      6      6      1   
  0.55   0.04   0.13   0.29      5      5      1   
  0.85   0.12   0.55   0.15      3      3      1   
  0.89   0.75   0.47   0.26      7      6      1   
  0.22   0.55   0.03   0.14      4      4      1   
  0.41   0.07   0.69   0.17      3      3      1   
  0.75   0.08   0.88   0.45      4      4      1   
  0.04   0.27   0.11   0.19      1      1      1   
  0.51   0.01   0.32   0.05      2      2      1   
  0.62   0.10   0.20   0.28      4      4      1   
  0.05   0.26   0.18   0.27      1      1      1   
  0.96   0.01   0.40   0.56      8      8      1   
  0.04   0.27   0.40   0.56      4      4      1   
  0.11   0.32   0.11   0.02      3      3      1   
  0.13   0.37   0.59   0.65      5      5      1   
  0.48   0.53   0.82   0.64      4      4      1   
  0.50   0.03   0.51   0.77      7      7      1   
  0.60   0.51   0.63   0.60      1      1      1   
  0.48   0.15   0.68   0.56      5      5      1   
  0.06   0.98   0.02   0.25     31     11      1   
  0.67   0.70   0.33   0.27      5      5      1   
  0.74   0.52   0.02   0.32      7      7      1   
  0.56   0.16   0.24   0.10      3      3      1   
  0.98   0.49   0.22   0.55      7      7      1   
  1.00   0.13   0.16   0.19      7      7      1   
  0.76   0.09   0.02   0.32      7      7      1   
  0.32   0.05   0.64   0.49      5      5      1   
  0.22   0.03   0.76   0.05      6      6      1   
  0.90   0.48   0.93   0.56      1      1      1   
  0.01   0.88   0.56   0.19     10     10      1   
  0.11   0.19   0.43   0.66      6      6      1   
  0.36   0.85   0.36   0.36      5      5      1   
  0.11   0.53   0.59   0.65      5      5      1   
  0.09   0.01   0.82   0.97     11     11      1   
  0.90   0.76   0.75   0.37      4      4      1   
  0.22   0.55   0.47   0.01      6      6      1   
  0.34   0.98   0.05   0.26     33      9      1   
  0.02   0.08   0.36   0.85      9      9      1   
  0.90   0.48   0.22   0.55      7      7      1   
  0.37   0.33   0.47   0.61      3      3      1   
  0.85   0.49   0.41   0.07      6      6      1   
  0.22   0.27   0.32   0.55      3      3      1   
  0.54   0.85   0.40   0.21      6      6      1   
  0.51   0.65   0.05   0.16      6      6      1   
  0.65   0.44   0.09   0.26      6      6      1   
  0.33   0.27   0.92   0.15      6      5      1   
  0.50   0.03   0.90   0.64      7      7      1   
  0.65   0.44   0.67   0.70      3      3      1   
  0.67   0.70   0.09   0.16      7      7      1   
  0.36   0.80   0.90   0.22      7      7      1   
  0.99   0.01   0.98   0.29      3      3      1   
  0.37   0.33   0.75   0.08      4      4      1   
  0.92   0.15   0.74   0.64      5      5      1   
  0.37   0.33   0.37   0.49      2      2      1   
  0.51   0.65   0.70   0.05      6      6      1   
  0.37   0.56   0.82   0.78      5      5      1   
  0.22   0.27   0.90   0.64      8      8      1   
  0.53   0.64   0.36   0.43      3      3      1   
  0.45   0.08   0.14   0.35      4      4      1   
  0.65   0.44   0.64   0.92      5      5      1   
  0.38   0.55   0.16   0.19      5      4      1   
  0.79   0.99   0.88   0.18      7      7      1   
  0.18   0.53   0.80   0.41      6      6      1   
  0.16   0.19   0.47   0.61      6      5      1   
  0.64   0.49   0.37   0.49      3      3      1   
  0.75   0.83   0.27   0.02      9      9      1   
  0.51   0.01   0.13   0.83     33     10      1   
  0.06   0.98   0.69   0.91      6      6      1   
  0.69   0.17   0.88   0.99      8      8      1   
  0.26   0.42   0.57   0.81      5      5      1   
  0.62   0.95   0.84   0.75      3      3      1   
  0.92   0.76   0.71   0.14      6      6      1   
  0.88   0.68   0.85   0.12      5      5      1   
  0.46   0.40   0.71   0.14      4      4      1   
  0.48   0.15   0.43   0.01      2      2      1   
  0.70   0.11   0.02   0.87     35     11      1   
  0.28   0.81   0.22   0.55     17      6      1   
  0.58   0.56   0.03   0.08      7      7      1   
  0.05   0.14   0.27   0.18      2      2      1   
  0.04   0.46   0.83   0.69      8      8      1   
  0.45   0.48   0.12   0.27      4      4      1   
  0.64   0.55   0.15   0.87      6      6      1   
  0.27   0.30   0.24   0.10      2      2      1   
  0.92   0.57   0.98   0.09      5      5      1   
  0.44   0.02   0.36   0.36      4      4      1   
  0.04   0.46   0.50   0.06      6      6      1   
  0.71   0.40   0.10   0.11      6      6      1   
  0.03   0.88   0.75   0.82      7      7      1   
  0.12   0.01   0.49   0.89      9      9      1   
  0.38   0.14   0.63   0.43      4      4      1   
  0.52   0.70   0.33   0.27      5      5      1   
  0.94   0.65   0.75   0.83      3      3      1   
  0.31   0.79   0.14   0.56     24      5      1   
  0.09   0.08   0.28   0.81     10     10      1   
  0.92   0.76   0.80   0.13      6      6      1   
  0.86   0.98   0.44   0.35      8      8      1   
  0.64   0.79   0.95   0.26      6      6      1   
  0.98   0.49   0.94   0.84      4      4      1   
  0.39   0.03   0.50   0.47      4      4      1   
  0.75   0.83   0.50   0.74      3      3      1   
  0.69   0.17   0.48   0.11      2      2      1   
  0.92   0.57   0.80   0.62      1      1      1   
  0.65   0.16   0.83   0.69      5      5      1   
  0.96   0.02   0.85   0.01      1      1      1   
  0.46   0.97   0.17   0.24     18      8      1   
  0.22   0.98   0.53   0.64      5      5      1   
  0.62   0.43   0.94   0.84      5      5      1   
  0.20   0.11   0.57   0.16      4      4      1   
  0.03   0.01   0.33   0.47      5      5      1   
  0.38   0.06   0.93   0.04      5      5      1   
  0.51   0.65   0.03   0.01      7      7      1   
  0.82   0.64   0.46   0.13      6      6      1   
  0.37   0.49   0.83   0.27      6      6      1   
  0.81   0.79   0.40   0.42      6      6      1   
  1.00   0.87   0.38   0.06     10     10      1   
  0.27   0.87   0.52   0.18      7      7      1   
  0.54   0.10   0.26   0.25      4      4      1   
  0.42   0.46   0.42   0.22      2      2      1   
  0.49   0.89   0.76   0.09      8      8      1   
  0.48   0.72   0.76   0.05      7      7      1   
  0.97   0.45   0.11   0.49      8      8      1   
  0.26   0.05   0.06   0.98     40     11      1   
  0.51   0.01   0.50   0.27      3      3      1   
  0.90   0.76   0.56   0.19      7      7      1   
  0.28   0.81   0.96   0.01     10     10      1   
  0.96   0.08   0.51   0.01      4      4      1   
  0.22   0.55   0.98   0.09      9      9      1   
  0.98   0.28   0.48   0.11      5      5      1   
  0.85   0.40   0.81   0.17      2      2      1   
  0.84   0.75   0.18   0.84      6      6      1   
  0.02   0.36   0.51   0.01      6      6      1   
  0.92   0.57   0.78   0.04      5      5      1   
  0.07   0.22   0.66   0.60      7      7      1   
  0.34   0.98   0.48   0.54      5      5      1   
  0.99   0.71   0.90   0.08      6      6      1   
  0.31   0.85   0.10   1.00      3      3      1   
  0.18   0.81   0.32   0.83      2      2      1   
  0.50   0.74   0.96   0.83      5      5      1   
  0.81   0.20   0.30   0.79      9      8      1   
  0.75   0.77   0.11   0.12      8      8      1   
  0.23   0.48   0.71   0.40      5      5      1   
  0.01   0.22   0.97   0.58     10     10      1   
  0.40   0.21   0.25   0.95     37      8      1   
  0.75   0.30   0.70   0.45      2      2      1   
  0.33   0.47   0.85   0.01      6      6      1   
  0.58   0.26   0.49   0.89      6      6      1   
  0.02   0.32   0.23   0.30      2      2      1   
  0.50   0.87   0.64   0.92      2      2      1   
  0.17   0.38   0.96   0.35      7      7      1   
  0.12   0.15   0.03   0.14      1      1      1   
  0.27   0.99   0.98   0.29     11      9      1   
  0.11   0.02   0.40   0.56      6      6      1   
  0.50   0.87   0.16   0.40      6      6      1   
  0.87   0.91   0.96   0.45      5      5      1   
  0.49   0.08   0.03   0.24      5      5      1   
  0.06   0.21   0.39   0.08      4      4      1   
  0.85   0.12   0.50   0.27      4      4      1   
  0.85   0.40   0.45   0.80      5      5      1   
  0.69   0.91   0.69   0.24      7      7      1   
  0.51   0.77   0.64   0.79      1      1      1   
  0.69   0.17   0.12   0.27      6      6      1   
  0.75   0.87   0.51   0.77      3      3      1   
  0.62   0.81   0.01   0.11      9      9      1   
  0.47   0.97   0.63   0.60      4      4      1   
  0.36   0.43   0.71   0.39      3      3      1   
  0.82   0.97   0.80   0.22      7      7      1   
  0.32   0.83   0.10   0.85      3      3      1   
  0.60   0.42   0.29   0.11      4      4      1   
  0.99   0.49   0.45   0.80      6      6      1   
  0.34   0.98   0.96   0.83      7      7      1   
  0.54   0.10   0.12   0.01      4      4      1   
  0.46   0.20   0.28   0.24      2      2      1   
  0.85   0.49   0.29   0.30      6      6      1   
  0.51   0.77   0.16   0.40      5      5      1   
  0.18   0.92   0.93   0.59      8      8      1   
  0.81   0.79   0.19   0.37      7      7      1   
  0.74   0.25   0.62   0.44      3      3      1   
  0.15   0.19   0.85   0.34      7      7      1   
  0.09   0.77   0.11   0.02     27     11      1   
  0.61   0.12   0.90   0.64      6      6      1   
  0.92   0.15   0.03   0.08      8      8      1   
  0.15   0.94   0.36   0.85      2      2      1   
  0.75   0.08   0.79   0.44      4      4      1   
  0.69   0.38   0.67   0.25      1      1      1   
  0.36   0.85   0.12   0.05     18      9      1   
  0.00   0.15   0.14   0.35      2      2      1   
  0.70   0.05   0.19   0.98     10     10      1   
  0.88   0.99   0.51   0.01     11     10      1   
  0.48   0.53   0.47   0.06      4      4      1   
  0.42   0.86   0.01   0.46     27      7      1   
  0.22   0.08   0.57   0.72      7      7      1   
  0.76   0.67   0.26   0.25      7      7      1   
  0.50   0.11   0.06   0.98     40     10      1   
  0.36   0.85   0.44   0.41      4      4      1   
  0.70   0.11   0.26   0.25      5      5      1   
  0.85   0.01   0.86   0.26      3      3      1   
  0.16   0.19   0.12   0.01      2      2      1   
  0.10   0.49   0.77   0.25      8      7      1   
  0.63   0.60   0.54   0.69      1      1      1   
  0.19   0.51   0.74   0.25      6      6      1   
  0.86   0.38   0.85   0.01      4      4      1   
  0.80   0.13   0.54   0.10      3      3      1   
  0.43   0.44   0.13   0.07      4      4      1   
  0.98   0.49   0.86   0.95      5      5      1   
  0.63   0.60   0.06   0.32      6      6      1   
  0.62   0.10   0.76   0.67      6      6      1   
  0.02   0.08   0.77   0.25      7      7      1   
  0.09   0.16   0.90   0.76      9      9      1   
  0.92   0.86   0.13   0.37      9      9      1   
  0.73   0.00   0.03   0.08      6      6      1   
  0.27   0.02   0.96   0.01      6      6      1   
  0.27   0.02   0.75   0.66      8      8      1   
  0.70   0.45   0.84   0.75      4      4      1   
  0.42   0.03   0.31   0.42      4      4      1   
  0.22   0.18   0.86   0.26      6      6      1   
  0.98   0.29   0.31   0.79      9      8      1   
  0.41   1.00   0.58   0.56      5      5      1   
  0.22   0.08   0.03   0.26      3      3      1   
  0.39   0.08   0.94   0.65      7      7      1   
  0.06   0.52   0.49   0.89      6      6      1   
  0.93   0.56   0.85   0.23      3      3      1   
  0.55   0.23   0.70   0.11      2      2      1   
  0.43   0.76   0.43   0.44      3      3      1   
  0.02   0.18   0.44   0.35      5      5      1   
  0.71   0.22   0.44   0.35      3      3      1   
  0.79   0.99   0.68   0.56      4      4      1   
  0.19   0.37   1.00   0.09      8      8      1   
  0.94   0.65   0.15   0.12      9      9      1   
  0.98   0.28   0.25   1.00     10     10      1   
  0.94   0.23   0.11   0.02      8      8      1   
  0.96   0.02   0.82   0.78      7      7      1   
  0.74   0.38   0.45   0.24      4      4      1   
  0.06   0.98   0.46   0.97      4      4      1   
  0.16   0.40   0.23   0.27      2      2      1   
  0.72   0.40   0.25   1.00      7      7      1   
  0.50   0.06   0.50   0.27      2      2      1   
  0.75   0.82   0.89   0.47      4      4      1   
  0.31   0.85   0.05   0.41     29      8      1   
  0.19   0.20   0.85   0.12      6      6      1   
  0.75   0.37   0.87   0.38      1      1      1   
  0.99   0.34   0.74   0.95      6      6      1   
  0.17   0.38   0.67   0.56      6      6      1   
  0.32   0.02   0.45   0.08      2      2      1   
  0.06   0.52   0.40   0.81      6      6      1   
  0.01   0.47   0.65   0.16      7      7      1   
  0.64   0.49   0.45   0.48      2      2      1   
  0.96   0.45   0.02   0.32      9      9      1   
  0.99   0.71   0.15   0.53      8      8      1   
  0.25   0.95   0.94   0.84      7      7      1   
  0.03   0.88   0.06   0.98      1      1      1   
  0.72   0.13   0.29   0.26      4      4      1   
  0.00   0.52   0.81   0.07      8      8      1   
  0.11   0.19   0.65   0.44      6      6      1   
  0.23   0.27   0.36   0.80      7      7      1   
  0.46   0.97   0.75   0.77      4      4      1   
  0.27   0.53   0.95   0.26      8      7      1   
  0.86   0.67   0.81   0.05      6      6      1   
  0.40   0.00   0.64   0.55      6      6      1   
  0.32   0.05   0.65   0.16      4      4      1   
  0.47   0.61   0.92   0.76      5      5      1   
  1.00   0.05   0.81   0.17      2      2      1   
  0.69   0.38   0.11   0.45      5      5      1   
  0.32   0.38   0.61   0.12      4      4      1   
  0.71   0.59   0.41   1.00      5      5      1   
  0.85   0.38   0.00   0.15      8      8      1   
  0.93   0.04   0.00   0.29      9      9      1   
  0.69   0.38   0.15   0.94      8      7      1   
  0.80   0.13   0.23   0.42      6      6      1   
  0.76   0.67   0.22   0.98      6      6      1   
  0.62   0.95   0.66   0.60      4      4      1   
  0.98   0.09   1.00   0.92      9      8      1   
  0.63   0.60   0.06   0.98      7      6      1   
  0.44   0.02   0.46   0.40      4      4      1   
  0.97   0.45   0.19   0.51      8      8      1   
  0.90   0.76   0.93   0.59      2      2      1   
  0.94   0.23   0.49   0.50      5      5      1   
  0.03   0.86   0.92   0.57      9      9      1   
  0.23   0.99   0.44   0.35      7      7      1   
  0.38   0.94   0.11   0.02     19     10      1   
  0.41   0.07   0.63   0.38      4      4      1   
  0.25   0.95   0.19   0.98      1      1      1   
  0.14   0.06   0.61   0.12      4      4      1   
  0.27   0.18   0.54   0.10      3      3      1   
  0.39   0.03   0.06   0.32      4      4      1   
  0.94   0.65   0.55   0.15      6      6      1   
  0.36   0.97   0.75   0.96      5      4      1   
  0.32   0.55   0.13   0.03      6      5      1   
  0.40   0.00   0.16   0.40      4      4      1   
  0.79   0.47   0.84   0.30      2      2      1   
  0.73   0.00   0.90   0.22      3      3      1   
  0.12   0.27   0.63   0.65      6      6      1   
  0.37   0.33   0.87   0.91      7      7      1   
  0.47   0.61   0.81   0.05      7      6      1   
  0.83   0.79   0.42   0.86      4      4      1   
  0.36   0.43   0.49   0.89      4      4      1   
  0.24   0.87   0.26   0.25      9      8      1   
  0.78   0.92   0.47   0.26      9      7      1   
  0.75   0.30   0.73   0.25      1      1      1   
  0.50   0.11   0.85   0.12      3      3      1   
  0.57   0.16   0.12   0.01      5      5      1   
  0.74   0.25   0.18   0.27      5      5      1   
  0.96   0.26   0.48   0.11      5      5      1   
  0.81   0.17   0.50   0.27      3      3      1   
  0.96   0.45   0.60   0.42      4      4      1   
  0.76   0.09   0.11   0.45      7      7      1   
  0.80   0.41   0.24   0.87      7      7      1   
  0.94   0.01   0.10   1.00     12     12      1   
  0.24   0.87   0.27   0.87      1      1      1   
  0.73   0.00   0.44   0.35      5      5      1   
  0.64   0.49   0.16   0.40      5      5      1   
  0.48   0.23   0.02   0.25      5      5      1   
  0.83   0.67   0.50   0.74      4      4      1   
  0.74   0.52   0.85   0.01      5      5      1   
  0.23   0.99   0.99   0.01     11     11      1   
  0.79   0.47   0.82   0.78      4      4      1   
  0.76   0.05   0.33   0.27      5      5      1   
  0.32   0.02   0.01   0.46      5      5      1   
  0.27   0.18   0.83   0.30      6      5      1   
  0.42   0.03   0.11   0.32      4      4      1   
  0.90   0.26   0.09   0.08      7      7      1   
  0.47   0.06   0.09   0.26      4      4      1   
  0.90   0.48   0.93   0.56      1      1      1   
  0.31   0.42   0.86   0.26      5      5      1   
  0.44   0.35   0.92   0.57      6      6      1   
  0.31   0.08   0.28   0.95     10      9      1   
  0.65   0.44   0.19   0.99      7      7      1   
  0.50   0.06   0.30   0.19      3      3      1   
  0.70   0.11   0.01   0.28      7      7      1   
  0.84   0.98   0.45   0.24     10      8      1   
  0.75   0.96   0.92   0.86      2      2      1   
  0.57   0.72   0.05   0.41      6      6      1   
  0.47   0.06   0.92   0.15      5      5      1   
  0.96   0.83   0.88   0.18      6      6      1   
  0.04   0.46   0.88   0.45      8      8      1   
  0.64   0.49   0.40   0.42      3      3      1   
  0.64   0.49   0.65   0.24      3      3      1   
  0.18   0.92   0.80   0.21      9      9      1   
  0.60   0.42   0.44   0.53      2      2      1   
  0.13   0.29   0.45   0.24      3      3      1   
  0.31   0.42   0.17   0.14      3      3      1   
  0.78   0.24   0.50   0.03      3      3      1   
  0.80   0.41   0.31   0.08      6      6      1   
  0.20   0.28   0.99   0.49      8      8      1   
  0.90   0.48   0.61   0.12      4      4      1   
  0.44   0.41   0.26   0.25      3      3      1   
  0.25   0.95   0.44   0.35      7      7      1   
  0.71   0.22   0.44   0.35      3      3      1   
  0.00   0.57   0.73   0.32      8      7      1   
  0.63   0.66   0.99   0.56      4      4      1   
  0.54   0.69   0.97   0.45      5      5      1   
  0.10   0.11   0.55   0.76      7      7      1   
  0.72   0.40   0.31   0.43      4      4      1   
  0.23   0.42   0.06   0.32      2      2      1   
  0.85   0.34   0.14   0.35      7      7      1   
  0.47   0.06   0.01   0.28      5      5      1   
  0.72   0.13   0.16   0.19      5      5      1   
  0.12   0.27   0.04   0.46      2      2      1   
  0.43   0.01   0.97   0.45      6      6      1   
  0.54   0.85   0.75   0.82      2      2      1   
  0.50   0.74   0.85   0.12      7      7      1   
  0.83   0.47   0.70   0.99      5      5      1   
  0.43   0.01   0.38   0.94      9      9      1   
  0.89   0.75   0.80   0.22      5      5      1   
  0.23   0.28   0.32   0.02      3      3      1   
  0.74   0.52   0.40   0.00      6      6      1   
  0.70   0.11   0.78   0.04      1      1      1   
  0.29   0.26   0.58   0.26      3      3      1   
  0.46   0.78   0.28   0.03      7      7      1   
  0.38   0.06   0.85   0.38      5      5      1   
  0.16   0.19   0.41   0.36      3      3      1   
  0.76   0.09   0.51   0.65      6      6      1   
  0.81   0.07   0.51   0.07      3      3      1   
  0.27   0.18   0.86   0.67      7      7      1   
  0.27   0.02   0.13   0.83     34     10      1   
  0.64   0.92   0.13   0.03     10     10      1   
  0.82   0.40   0.63   0.58      3      3      1   
  0.47   0.02   0.81   0.20      4      4      1   
  0.99   0.49   0.42   0.22      6      6      1   
  0.92   0.57   0.75   0.96      4      4      1   
  0.32   0.05   0.81   0.17      5      5      1   
  0.51   0.65   0.24   0.46      4      4      1   
  0.26   0.05   0.43   0.92      9      9      1   
  0.11   0.87   0.93   0.26      9      9      1   
  0.93   0.59   0.00   0.93      9      9      1   
  0.25   0.95   0.42   0.22      8      8      1   
  0.07   0.52   0.94   0.65      9      9      1   
  0.43   0.44   0.62   0.26      3      3      1   
  0.50   0.15   0.76   0.05      3      3      1   
  0.44   0.02   0.05   0.36      5      5      1   
  0.69   0.17   0.37   0.49      4      4      1   
  0.15   0.53   0.40   0.42      3      3      1   
  0.83   0.61   0.11   0.87      7      7      1   
  0.74   0.87   0.01   0.11     10     10      1   
  0.22   0.08   0.84   0.30      6      6      1   
  0.02   0.25   0.12   0.18      1      1      1   
  0.89   0.84   0.30   0.19      9      9      1   
  0.30   0.19   0.73   0.32      4      4      1   
  0.61   0.00   0.62   0.10      1      1      1   
  0.75   0.37   0.62   0.43      2      2      1   
  0.81   0.20   0.16   0.19      6      6      1   
  0.97   0.99   0.23   0.42      9      9      1   
  0.32   0.55   0.37   0.56      1      1      1   
  0.78   0.24   0.13   0.57      7      7      1   
  0.46   0.20   0.62   0.95      7      7      1   
  0.69   0.24   0.79   0.28      1      1      1   
  0.16   0.94   0.63   0.60      5      5      1   
  0.42   0.46   0.75   0.08      5      5      1   
  0.90   0.89   0.11   0.87      7      7      1   
  0.75   0.77   0.15   0.94      6      6      1   
  0.79   0.71   0.93   0.95      3      3      1   
  0.62   0.44   0.61   0.00      5      5      1   
  0.00   0.52   0.62   0.44      6      6      1   
  0.22   0.98   0.87   0.38      8      8      1   
  0.13   0.57   0.14   0.35      2      2      1   
  0.53   0.75   0.57   0.81      1      1      1   
  0.02   0.93   0.54   0.10     12     10      1   
  0.28   0.24   0.63   0.66      5      5      1   
  0.93   0.95   0.44   0.35      8      8      1   
  0.86   0.98   0.77   1.00      1      1      1   
  0.55   0.04   0.02   0.32      6      6      1   
  0.71   0.59   0.54   0.17      4      4      1   
  0.83   0.69   0.79   0.71      1      1      1   
  0.75   0.37   0.16   0.94      8      8      1   
  0.80   0.33   0.65   0.51      2      2      1   
  0.51   0.07   0.87   0.91      9      9      1   
  0.13   0.83   0.83   0.96      8      7      1   
  0.51   0.77   0.09   0.16      7      7      1   
  0.58   0.23   0.69   0.91      7      7      1   
  0.31   0.79   0.37   0.49      4      4      1   
  0.45   0.24   0.86   0.95      8      8      1   
  0.44   0.02   0.00   0.57      6      6      1   
  0.50   0.74   0.53   0.22      5      5      1   
  0.55   0.15   0.83   0.79      7      7      1   
  0.81   0.79   0.17   0.14      9      9      1   
  0.02   0.32   0.67   0.79      7      7      1   
  0.26   0.05   0.94   0.65      9      9      1   
  0.49   0.36   0.79   0.44      3      3      1   
  0.02   0.25   0.85   0.34      8      8      1   
  0.66   0.89   0.06   0.52      7      7      1   
  0.86   0.67   0.93   0.60      1      1      1   
  0.69   0.91   0.30   0.19      8      8      1   
  0.75   0.77   0.66   0.17      6      6      1   
  0.28   0.81   0.07   0.52     32      7      1   
  0.30   0.19   0.47   0.01      3      3      1   
  0.94   0.65   0.71   0.59      2      2      1   
  0.22   0.27   0.36   0.85      7      7      1   
  0.74   0.25   0.69   0.24      1      1      1   
  0.80   0.22   0.86   0.67      4      4      1   
  0.38   0.14   0.80   0.62      6      6      1   
  0.12   0.27   0.62   0.26      5      5      1   
  0.55   0.04   0.23   0.27      4      4      1   
  0.01   0.22   0.02   0.32      1      1      1   
  0.29   0.26   0.72   0.40      4      4      1   
  0.18   0.09   0.42   0.46      4      4      1   
  0.00   0.85   0.73   0.25      9      9      1   
  0.28   0.03   0.17   0.24      2      2      1   
  0.79   0.99   0.99   0.34      7      7      1   
  0.45   0.48   0.52   0.70      3      3      1   
  0.32   0.79   0.99   0.71      7      6      1   
  0.25   0.95   0.27   0.87      1      1      1   
  0.15   0.53   1.00   0.13      9      9      1   
  0.40   0.21   0.69   0.17      3      3      1   
  0.70   0.45   0.81   0.17      3      3      1   
  0.81   0.79   0.81   0.07      7      7      1   
  0.45   0.63   0.27   0.53      2      2      1   
  0.64   0.49   0.01   0.22      7      7      1   
  0.64   0.92   0.36   0.36      6      6      1   
  0.75   0.82   0.93   0.56      3      3      1   
  0.85   0.38   0.96   0.08      3      3      1   
  0.23   0.27   0.37   0.49      3      3      1   
  0.63   0.38   0.64   0.49      1      1      1   
  0.86   0.26   0.64   0.80      6      6      1   
  0.86   0.26   0.01   0.88     11     10      1   
  0.85   0.12   0.06   0.21      7      7      1   
  0.52   0.18   0.10   0.11      4      4      1   
  0.45   0.80   0.80   0.62      4      4      1   
  0.53   0.22   0.92   0.11      4      4      1   
  0.28   0.95   0.81   0.20      8      8      1   
  0.01   0.47   0.50   0.47      5      5      1   
  0.75   0.08   0.00   0.52      8      8      1   
  0.63   0.66   0.60   0.17      5      5      1   
  0.93   0.56   0.15   0.94      8      8      1   
  0.49   0.89   0.03   0.88      4      4      1   
  0.54   0.10   0.50   0.47      4      4      1   
  0.25   0.95   0.46   0.20      8      8      1   
  0.96   0.35   0.45   0.63      6      6      1   
  0.88   0.99   0.55   0.23      9      9      1   
  0.87   0.91   0.29   0.26      8      8      1   
  0.44   0.02   0.55   0.04      1      1      1   
  0.71   0.39   0.98   0.49      3      3      1   
  0.88   0.45   0.02   0.25      9      8      1   
  0.55   0.04   0.48   0.11      1      1      1   
  0.60   0.42   0.46   0.25      2      2      1   
  0.95   0.26   0.45   0.63      6      6      1   
  0.57   0.16   0.69   0.91      7      7      1   
  0.55   0.04   0.36   0.43      4      4      1   
  0.62   0.81   0.22   0.18      7      7      1   
  0.73   0.00   0.93   0.60      6      6      1   
  0.16   0.19   0.52   0.70      7      6      1   
  0.85   0.12   0.83   0.47      4      4      1   
  0.32   0.05   0.75   0.37      6      5      1   
  0.79   0.44   0.12   0.15      7      7      1   
  0.81   0.79   0.48   0.53      5      5      1   
  0.47   0.26   0.49   0.36      1      1      1   
  0.45   0.24   0.40   0.00      3      3      1   
  0.06   0.98   0.92   0.15     11     11      1   
  0.84   0.75   0.66   0.17      6      6      1   
  0.76   0.09   0.47   0.91      9      9      1   
  0.83   0.59   0.62   0.43      3      3      1   
  0.01   0.88   0.78   0.24     10     10      1   
  0.28   0.06   0.15   0.87     28     10      1   
  0.29   0.85   0.27   0.87      1      1      1   
  0.58   0.23   0.56   0.20      1      1      1   
  0.63   0.58   0.26   0.05      6      6      1   
  0.14   0.06   0.79   0.71      8      8      1   
  0.77   1.00   0.19   0.98      6      6      1   
  0.24   0.48   0.50   0.03      5      5      1   
  0.13   0.37   0.18   0.81     17      7      1   
  0.29   0.26   0.93   0.26      6      6      1   
  0.93   0.58   0.29   0.30      7      7      1   
  0.80   0.41   0.11   0.87      8      8      1   
  0.86   0.98   0.43   0.92      5      5      1   
  0.19   0.43   0.12   0.01      4      4      1   
  1.00   0.05   0.99   0.56      5      5      1   
  0.84   0.75   0.83   0.67      1      1      1   
  0.80   0.33   0.44   0.35      4      4      1   
  0.75   0.77   0.09   0.16      8      8      1   
  0.41   1.00   0.70   0.05     10     10      1   
  0.16   0.94   0.26   0.25     12      9      1   
  0.24   0.46   0.40   0.33      2      2      1   
  0.53   0.22   0.79   0.47      4      4      1   
  0.69   0.91   0.34   0.98      4      4      1   
  0.98   0.28   0.78   0.24      2      2      1   
  0.50   0.15   0.72   0.40      4      4      1   
  0.67   0.79   0.61   0.00      8      8      1   
  0.86   0.38   0.43   0.66      5      5      1   
  0.51   0.62   0.63   0.64      1      1      1   
  0.74   0.87   0.89   0.75      2      2      1   
  0.17   0.24   0.92   0.76      8      8      1   
  0.53   0.22   0.47   0.97      7      7      1   
  0.23   0.27   0.37   0.33      2      2      1   
  0.22   0.18   0.05   0.36      2      2      1   
  0.59   0.03   0.97   0.58      6      6      1   
  0.61   0.12   0.03   0.86     34     10      1   
  0.32   0.38   0.22   0.21      2      2      1   
  0.12   0.15   0.76   0.67      8      8      1   
  0.80   0.74   0.49   0.89      4      4      1   
  0.62   0.26   0.06   0.98     10      9      1   
  0.23   0.27   0.33   0.47      3      3      1   
  0.27   0.16   0.87   0.97     10     10      1   
  0.10   0.49   0.31   0.85      7      7      1   
  0.31   0.79   0.01   0.37     29      7      1   
  0.03   0.24   0.71   0.40      6      6      1   
  0.72   0.40   0.18   0.09      6      6      1   
  0.85   0.01   0.82   0.64      6      6      1   
  0.28   0.24   0.49   0.50      3      3      1   
  0.81   0.17   0.63   0.66      5      5      1   
  0.46   0.97   0.93   0.33      8      7      1   
  0.89   0.84   0.03   0.24     10     10      1   
  0.48   0.72   0.69   0.50      3      3      1   
  0.19   0.20   0.26   0.25      1      1      1   
