  0.63   0.94   0.44   0.66      3      3      1   
  0.39   0.03   0.23   0.42      4      4      1   
  0.51   0.19   0.15   0.78     42      8      1   
  0.64   0.31   0.16   0.99      8      8      1   
  0.83   0.13   0.53   0.21      3      3      1   
  0.53   0.64   0.50   0.87      2      2      1   
  0.73   0.32   0.02   0.87     10      9      1   
  0.82   0.97   0.74   0.25      8      7      1   
  0.50   0.27   0.23   0.84     36      7      1   
  0.19   0.51   0.27   0.02      5      5      1   
  0.86   0.82   0.97   0.99      2      2      1   
  0.78   0.23   0.85   0.12      1      1      1   
  0.23   0.13   0.67   0.79      7      7      1   
  0.70   0.05   0.09   0.95     11     11      1   
  0.33   0.47   0.87   0.91      6      6      1   
  0.33   0.47   0.15   0.12      4      4      1   
  0.23   0.27   0.47   0.97      8      8      1   
  0.20   0.28   0.19   0.03      3      3      1   
  0.40   0.56   0.07   0.08      6      6      1   
  0.41   0.78   0.36   0.36      4      4      1   
  0.02   0.36   0.28   0.81      8      8      1   
  0.14   0.53   0.27   0.16      4      4      1   
  0.61   0.12   0.50   0.11      1      1      1   
  0.40   0.21   0.16   0.99     14      8      1   
  0.84   0.04   0.27   0.28      6      6      1   
  0.38   0.06   0.84   0.30      5      5      1   
  0.45   0.08   0.40   0.00      1      1      1   
  0.46   0.25   0.39   0.05      2      2      1   
  0.15   0.12   0.84   0.76      9      9      1   
  0.13   0.03   0.87   0.91     11     11      1   
  0.09   0.77   0.64   0.49      6      6      1   
  0.27   0.30   0.97   0.17      7      7      1   
  0.69   0.61   0.19   0.43      5      5      1   
  0.16   0.13   0.19   0.03      1      1      1   
  0.05   0.26   0.42   0.05      4      4      1   
  0.13   0.07   0.96   0.26      8      8      1   
  0.05   0.26   0.44   0.02      4      4      1   
  0.75   0.30   0.35   0.03      4      4      1   
  0.47   0.26   0.38   0.06      2      2      1   
  0.41   0.07   0.65   0.51      5      5      1   
  0.35   0.10   0.07   0.22      3      3      1   
  0.38   0.55   0.89   0.84      6      6      1   
  0.96   0.02   0.03   0.01      8      8      1   
  0.33   0.47   0.40   0.23      3      3      1   
  0.24   0.46   0.31   0.79      5      5      1   
  0.96   0.01   0.29   0.30      6      6      1   
  0.06   0.95   0.32   0.55      8      7      1   
  0.63   0.65   0.39   0.08      6      6      1   
  0.57   0.72   0.64   0.49      3      3      1   
  0.83   0.96   0.43   0.78      4      4      1   
  0.27   0.16   0.44   0.69      6      6      1   
  0.49   0.36   0.75   0.76      5      5      1   
  0.56   0.05   0.04   0.27      5      5      1   
  0.62   0.81   0.63   0.38      4      4      1   
  0.17   0.38   0.83   0.13      6      6      1   
  0.83   0.13   0.14   0.56      7      7      1   
  0.48   0.72   0.30   0.39      4      4      1   
  0.05   0.26   0.19   0.98     21      9      1   
  0.00   0.93   0.22   0.03     13     11      1   
  0.23   0.42   0.25   1.00      8      7      1   
  0.65   0.16   0.50   0.47      3      3      1   
  0.29   0.30   0.87   0.97      9      9      1   
  0.10   1.00   0.32   0.05     15     11      1   
  0.18   0.81   1.00   0.09     10     10      1   
  0.48   0.11   0.75   0.87      7      7      1   
  0.27   0.30   0.69   0.17      4      4      1   
  0.35   0.10   0.62   0.14      3      3      1   
  0.75   0.83   0.90   0.89      2      2      1   
  0.36   0.80   0.52   0.18      6      6      1   
  0.62   0.81   0.22   0.55      5      5      1   
  0.38   0.06   0.65   0.95     10      9      1   
  0.42   0.46   0.03   0.26      4      4      1   
  0.83   0.13   0.57   0.72      6      6      1   
  0.47   0.97   0.81   0.79      5      5      1   
  0.02   0.18   0.70   0.45      7      7      1   
  0.14   0.53   0.92   0.11      8      8      1   
  0.77   0.25   0.25   1.00      9      9      1   
  0.16   0.19   0.09   0.16      1      1      1   
  0.38   0.14   0.93   0.95      9      9      1   
  0.07   0.08   0.47   0.06      4      4      1   
  0.78   0.04   0.32   0.79      9      8      1   
  0.30   0.79   0.60   0.51      4      4      1   
  0.11   0.92   0.70   0.11     11     10      1   
  0.92   0.11   0.94   0.10      1      1      1   
  0.28   0.95   0.46   0.78      2      2      1   
  0.52   0.70   0.22   0.55      4      4      1   
  0.14   0.56   0.69   0.91      6      6      1   
  0.23   0.13   0.97   0.96     10     10      1   
  0.64   0.80   0.86   0.95      3      3      1   
  0.76   0.09   0.16   0.94     10     10      1   
  0.75   0.87   0.06   0.98      7      7      1   
  0.54   0.10   0.84   0.98      9      9      1   
  0.84   0.76   0.41   0.07      9      9      1   
  0.10   0.11   0.49   0.36      4      4      1   
  0.23   0.99   0.26   0.05     10     10      1   
  0.62   0.26   0.47   0.29      2      2      1   
  0.09   0.08   0.51   0.01      4      4      1   
  0.41   1.00   0.69   0.50      6      6      1   
  0.44   0.66   0.08   0.88      5      4      1   
  0.66   0.89   0.43   0.78      3      3      1   
  0.19   0.99   0.81   0.79      7      7      1   
  0.02   0.08   0.48   0.53      6      6      1   
  0.29   0.85   0.18   0.09      9      9      1   
  0.87   0.97   0.05   0.14     11     11      1   
  0.16   0.99   0.01   0.81      3      3      1   
  0.45   0.48   0.28   0.81      5      5      1   
  0.46   0.20   0.69   0.61      5      5      1   
  0.38   0.55   0.47   0.61      1      1      1   
  0.20   0.13   0.01   0.20      2      2      1   
  0.47   0.02   0.27   0.99     10     10      1   
  0.86   0.95   0.62   0.14      9      9      1   
  0.17   0.14   0.23   0.30      2      2      1   
  0.62   0.46   0.69   0.24      3      3      1   
  0.97   0.96   0.80   0.21     10      9      1   
  0.47   0.29   0.74   0.87      6      6      1   
  0.11   0.02   0.23   0.48      4      4      1   
  0.86   0.95   0.08   0.88      8      8      1   
  0.56   0.16   0.93   0.26      4      4      1   
  0.55   0.15   0.11   0.12      4      4      1   
  0.01   0.88   0.84   0.98      9      8      1   
  0.37   0.33   0.63   0.58      4      4      1   
  0.01   0.20   0.56   0.06      5      5      1   
  0.29   0.09   0.95   0.26      6      6      1   
  0.36   0.43   0.80   0.21      5      5      1   
  0.26   0.25   0.08   0.88     34      9      1   
  0.12   0.18   0.87   0.91     10     10      1   
  0.58   0.56   0.37   0.49      2      2      1   
  0.01   0.20   0.73   0.00      7      7      1   
  0.60   0.17   0.11   0.92     10     10      1   
  0.73   0.00   0.88   0.96     11     10      1   
  0.48   0.23   0.76   0.05      3      3      1   
  0.67   0.56   0.24   0.46      5      5      1   
  0.09   0.95   0.69   0.50      7      7      1   
  0.63   0.26   0.70   0.45      2      2      1   
  0.13   0.37   0.92   0.15      8      7      1   
  0.47   0.26   0.03   0.08      5      5      1   
  0.84   0.30   0.64   0.49      3      3      1   
  0.51   0.77   0.56   0.20      5      5      1   
  0.40   0.21   0.61   0.07      3      3      1   
  0.45   0.80   0.85   0.01      9      8      1   
  0.64   0.55   0.51   0.01      5      5      1   
  0.58   0.39   0.44   0.41      2      2      1   
  0.44   0.69   0.32   0.55      3      3      1   
  0.63   0.43   0.40   0.81      5      4      1   
  0.64   0.31   0.19   0.20      4      4      1   
  0.13   0.29   0.06   0.98     33     10      1   
  0.63   0.60   0.31   0.42      4      4      1   
  0.10   0.85   0.50   0.11     10      9      1   
  0.83   0.30   0.78   0.24      1      1      1   
  0.16   0.40   0.70   0.99      8      8      1   
  0.30   0.19   0.75   0.83      8      8      1   
  0.44   0.41   0.15   0.53      3      3      1   
  0.26   0.25   0.87   0.97     10     10      1   
  0.52   0.18   0.82   0.97      8      8      1   
  0.34   0.98   0.32   0.05     10     10      1   
  0.57   0.24   0.77   1.00      7      7      1   
  0.64   0.79   0.69   0.17      6      6      1   
  0.73   0.32   0.09   0.16      6      6      1   
  0.48   0.54   0.98   0.28      6      6      1   
  0.81   0.05   0.63   0.94     10      9      1   
  0.15   0.19   0.48   0.41      4      4      1   
  0.22   0.21   0.17   0.14      1      1      1   
  0.75   0.96   0.22   0.98      6      6      1   
  0.58   0.26   0.62   0.26      1      1      1   
  0.78   0.23   0.66   0.89      7      7      1   
  1.00   0.92   0.48   0.15     10     10      1   
  0.44   0.02   0.37   0.56      5      5      1   
  0.01   0.37   0.07   0.82     29      9      1   
  0.27   0.18   0.25   0.30      1      1      1   
  0.36   0.80   0.19   0.03     16      8      1   
  0.58   0.23   0.73   0.08      2      2      1   
  0.73   0.32   0.70   0.99      7      7      1   
  1.00   0.13   0.77   1.00     10     10      1   
  0.39   0.03   0.01   0.88     54     11      1   
  0.42   0.05   0.67   0.79      7      7      1   
  0.12   0.01   0.80   0.21      7      7      1   
  0.28   0.03   0.96   0.83     11     10      1   
  0.88   0.96   0.57   0.16      9      9      1   
  0.33   0.04   0.40   0.33      3      3      1   
  0.39   0.94   0.51   0.65      3      3      1   
  0.62   0.14   0.94   0.23      3      3      1   
  0.32   0.83   0.07   0.02     17      9      1   
  0.85   0.01   0.81   0.17      2      2      1   
  0.31   0.42   0.05   0.16      3      3      1   
  0.54   0.17   0.56   0.20      1      1      1   
  0.65   0.24   0.33   0.04      3      3      1   
  0.64   0.49   0.84   0.04      4      4      1   
  0.41   0.78   0.75   0.83      3      3      1   
  0.91   0.25   0.11   0.92     11     10      1   
  0.09   0.16   0.43   0.78      7      7      1   
  0.52   0.70   0.92   0.11      7      7      1   
  0.50   0.03   0.53   0.22      2      2      1   
  0.48   0.54   0.51   0.01      5      5      1   
  0.40   0.81   0.14   0.53     29      6      1   
  0.00   0.29   0.15   0.53      3      3      1   
  0.75   0.87   0.45   0.63      4      4      1   
  0.11   0.87   0.24   0.10     14     10      1   
  0.26   0.56   0.56   0.06      6      5      1   
  0.53   0.21   0.69   0.24      2      2      1   
  0.05   0.14   0.84   0.04      7      7      1   
  0.69   0.50   0.12   0.01      7      7      1   
  0.87   0.91   0.23   0.27      9      9      1   
  0.02   0.08   0.27   0.18      3      3      1   
  0.02   0.36   0.19   0.03      4      4      1   
  0.07   0.02   0.90   0.89     11     11      1   
  0.38   0.14   0.22   0.55      4      4      1   
  0.22   0.21   0.95   0.26      7      7      1   
  0.66   0.60   0.70   0.45      2      2      1   
  0.63   0.66   0.47   0.02      7      6      1   
  0.37   0.49   0.07   0.02      5      5      1   
  0.38   0.55   0.98   0.29      7      7      1   
  0.47   0.29   0.53   0.21      1      1      1   
  0.57   0.24   0.03   0.88     33      9      1   
  0.27   0.28   0.07   0.02      3      3      1   
  0.84   0.04   0.42   0.03      4      4      1   
  0.44   0.35   0.61   0.24      2      2      1   
  0.40   0.00   0.81   0.07      4      4      1   
  0.14   0.35   0.09   0.35      1      1      1   
  0.03   0.08   0.22   0.21      2      2      1   
  0.27   0.18   0.61   0.24      4      4      1   
  0.13   0.07   0.02   0.93     38     11      1   
  0.32   0.02   0.28   0.24      2      2      1   
  0.15   0.44   0.31   0.42      2      2      1   
  0.35   0.10   0.15   0.19      2      2      1   
  0.23   0.84   0.18   0.92      1      1      1   
  0.12   0.96   0.11   0.32     15     10      1   
  0.26   0.42   0.01   0.11      4      4      1   
  0.64   0.55   0.36   0.43      3      3      1   
  0.80   0.13   0.36   0.97      9      9      1   
  0.07   0.82   0.81   0.07     10     10      1   
  0.68   0.56   0.82   0.78      4      4      1   
  0.75   0.76   0.61   0.12      7      7      1   
  0.11   0.32   0.03   0.26      1      1      1   
  0.13   0.07   0.56   0.05      4      4      1   
  0.78   0.23   0.93   0.26      2      2      1   
  0.86   0.82   0.89   0.84      1      1      1   
  0.33   0.00   0.25   1.00     28     10      1   
  0.15   0.44   0.61   0.07      6      6      1   
  0.75   0.82   0.11   0.12      9      9      1   
  0.54   0.69   0.50   0.11      6      6      1   
  0.11   0.92   0.00   0.15     27     11      1   
  0.88   0.99   0.47   0.02     11     10      1   
  0.63   0.64   0.63   0.38      3      3      1   
  0.56   0.19   0.01   0.20      5      5      1   
  0.39   0.05   0.56   0.19      2      2      1   
  0.75   0.82   0.02   0.36      8      8      1   
  0.40   0.81   0.38   0.55      3      3      1   
  0.55   0.76   0.66   0.17      6      6      1   
  0.93   0.26   0.78   0.92      9      9      1   
  0.43   0.01   0.92   0.88     10     10      1   
  0.42   0.05   0.87   1.00     11     10      1   
  0.00   0.57   0.19   0.99     19      9      1   
  0.98   0.09   0.72   0.13      3      3      1   
  0.44   0.02   0.22   0.08      2      2      1   
  0.23   0.13   0.05   0.16      2      2      1   
  0.36   0.85   0.61   0.07      8      8      1   
  0.11   0.32   0.56   0.16      5      5      1   
  0.19   0.03   0.11   0.32      3      3      1   
  0.93   0.04   0.37   0.33      6      6      1   
  0.09   0.01   0.32   0.55      6      6      1   
  0.87   0.91   0.43   0.66      4      4      1   
  0.44   0.35   0.69   0.38      3      3      1   
  0.45   0.08   0.04   0.27      4      4      1   
  0.83   0.30   0.66   0.08      3      3      1   
  0.92   0.84   0.48   0.54      5      5      1   
  0.22   0.55   1.00   0.09      9      9      1   
  0.03   0.08   0.47   0.02      4      4      1   
  0.05   0.41   0.09   0.01      4      4      1   
  0.18   0.84   0.80   0.21      9      8      1   
  0.51   0.62   0.54   0.10      5      5      1   
  0.18   0.53   0.60   0.42      5      4      1   
  0.05   0.26   0.22   0.08      2      2      1   
  0.18   0.84   0.00   0.29     19      9      1   
  0.94   0.84   0.00   0.85      9      9      1   
  0.48   0.11   0.50   0.74      6      6      1   
  0.69   0.24   0.02   0.93     34     10      1   
  0.26   0.42   0.02   0.87     31      8      1   
  0.09   0.08   0.75   0.76      9      9      1   
  0.58   0.26   0.78   0.24      2      2      1   
  0.62   0.14   0.56   0.20      1      1      1   
  0.56   0.32   0.12   0.15      5      5      1   
  0.63   0.65   0.84   0.76      3      3      1   
  0.84   0.04   0.88   0.99     11     10      1   
  0.22   0.21   0.60   0.42      4      4      1   
  0.78   0.24   0.32   0.05      5      5      1   
  0.23   0.30   0.90   0.76      8      8      1   
  0.15   0.05   0.03   0.88     33     11      1   
  0.54   0.69   0.98   0.29      6      6      1   
  0.12   0.05   0.19   0.51      4      4      1   
  0.58   0.26   0.69   0.38      2      2      1   
  0.69   0.38   0.19   0.37      5      5      1   
  0.67   0.15   0.62   0.81      6      6      1   
  0.96   0.90   0.01   0.28     10     10      1   
  0.64   0.55   0.64   0.79      3      3      1   
  0.18   0.84   0.55   0.15      9      9      1   
  0.44   0.53   0.64   0.80      3      3      1   
  0.94   0.93   0.45   0.80      5      5      1   
  0.23   0.27   0.32   0.02      3      3      1   
  0.53   0.75   0.32   0.05      7      7      1   
  0.92   0.11   0.39   0.03      5      5      1   
  0.09   0.77   0.49   0.50      6      6      1   
  0.31   0.42   0.33   0.00      4      4      1   
  0.07   0.02   0.23   0.28      3      3      1   
  0.88   0.17   0.29   0.11      6      6      1   
  0.40   0.34   0.12   0.05      4      4      1   
  0.05   0.36   0.80   0.22      7      7      1   
  0.62   0.43   0.22   0.20      5      5      1   
  0.90   0.26   0.55   0.23      3      3      1   
  0.51   0.62   0.86   0.77      4      4      1   
  0.69   0.38   0.33   0.27      4      4      1   
  0.90   0.22   0.22   0.03      7      6      1   
  0.24   0.46   0.69   0.38      4      4      1   
  0.86   0.95   0.46   0.40      7      7      1   
  0.69   0.17   0.56   0.32      2      2      1   
  0.16   0.40   0.17   0.24      2      2      1   
  0.16   0.99   0.10   0.49     28      8      1   
  0.05   0.16   0.67   0.56      7      7      1   
  0.49   0.50   0.76   0.05      5      5      1   
  0.00   0.52   0.54   0.85      7      7      1   
  0.07   0.02   0.02   0.36      3      3      1   
  0.45   0.63   0.89   0.75      5      5      1   
  0.86   0.82   0.44   0.02      9      9      1   
  0.96   0.83   0.40   0.81      5      5      1   
  0.23   0.28   0.39   0.02      3      3      1   
  0.97   0.99   0.63   0.60      5      5      1   
  0.07   0.02   0.70   0.05      6      6      1   
  0.46   0.97   0.42   0.46      5      5      1   
  0.27   0.28   0.27   0.18      1      1      1   
  0.97   0.99   0.25   0.30      9      9      1   
  0.13   0.03   0.19   0.37      3      3      1   
  0.12   0.15   0.50   0.03      4      4      1   
  0.83   0.96   0.58   0.56      5      4      1   
  0.49   0.50   0.23   0.27      4      4      1   
  0.18   0.81   0.31   0.08      9      9      1   
  0.50   0.15   0.33   0.04      2      2      1   
  0.56   0.06   0.11   0.32      5      5      1   
  0.82   0.97   0.01   0.88      8      8      1   
  0.47   0.06   0.75   0.76      7      7      1   
  0.05   0.41   0.22   0.21      3      3      1   
  0.44   0.35   0.93   0.26      5      5      1   
  0.62   0.14   0.48   0.11      2      2      1   
  0.22   0.21   0.46   0.25      3      3      1   
  0.93   0.04   0.83   0.79     12      9      1   
  0.02   0.18   0.23   0.99     11     10      1   
  0.78   0.04   0.98   0.28      3      3      1   
  0.05   0.41   0.23   0.42      2      2      1   
  0.83   0.27   0.03   0.19      7      7      1   
  1.00   0.05   0.50   0.87      9      8      1   
  0.50   0.27   0.62   0.14      2      2      1   
  0.12   0.18   0.87   0.91     10     10      1   
  0.50   0.47   0.55   0.15      3      3      1   
  0.10   1.00   0.69   0.61      7      6      1   
  0.89   0.75   0.37   0.33      7      7      1   
  0.09   0.01   0.41   0.78      8      8      1   
  0.90   0.76   0.03   0.19     10     10      1   
  0.85   0.01   0.06   0.52      9      9      1   
  0.07   0.02   0.87   1.00     12     12      1   
  0.94   0.93   0.30   0.19     10     10      1   
  0.70   0.05   0.61   0.24      2      2      1   
  0.62   0.14   0.47   0.26      2      2      1   
  0.44   0.35   0.89   0.75      7      7      1   
  0.70   0.11   0.94   0.93     10      9      1   
  0.56   0.32   0.58   0.56      3      3      1   
  0.86   0.77   0.56   0.05      8      8      1   
  0.63   0.65   0.82   0.97      4      4      1   
  0.30   0.79   0.64   0.49      5      5      1   
  0.18   0.81   0.17   0.38     12      7      1   
  0.75   0.82   0.52   0.17      7      7      1   
  0.09   0.35   0.40   0.23      3      3      1   
  0.05   0.16   0.02   0.18      1      1      1   
  0.04   0.10   0.04   0.46      4      4      1   
  0.54   0.69   0.78   0.04      6      6      1   
  0.90   0.89   0.44   0.66      5      5      1   
  0.18   0.92   0.15   0.12     15     10      1   
  0.69   0.61   0.60   0.42      2      2      1   
  0.96   0.08   0.65   0.51      5      5      1   
  0.38   0.55   0.27   0.16      4      4      1   
  0.09   0.01   0.01   0.11      1      1      1   
  0.18   0.92   0.01   0.11     28     11      1   
  0.90   0.76   0.22   0.98      8      8      1   
  0.79   0.99   0.41   0.78      4      4      1   
  0.03   0.26   0.63   0.94      8      8      1   
  0.44   0.41   0.00   0.29      4      4      1   
  0.29   0.85   0.36   0.80      1      1      1   
  0.19   0.99   0.37   0.56      6      5      1   
  0.59   0.65   0.96   0.01      7      7      1   
  0.94   0.93   0.15   0.53      8      8      1   
  0.62   0.26   0.71   0.22      1      1      1   
  0.29   0.26   0.54   0.85      6      6      1   
  0.36   0.97   0.04   0.10     29     10      1   
  0.58   0.23   0.58   0.56      4      4      1   
  0.25   0.95   0.71   0.22      8      8      1   
  0.60   0.42   0.50   0.06      4      4      1   
  0.23   0.28   0.01   0.20      3      3      1   
  0.61   0.64   0.86   0.82      3      3      1   
  0.14   0.56   0.61   0.93      6      6      1   
  0.15   0.12   0.50   0.27      4      4      1   
  0.24   0.87   0.06   0.98      2      2      1   
  0.62   0.14   0.41   0.78      6      6      1   
  0.11   0.12   0.03   0.86     34     11      1   
  0.09   0.16   0.11   0.92     36     11      1   
  0.04   0.10   0.51   0.45      6      6      1   
  0.61   0.24   0.38   0.55      4      4      1   
  0.01   0.46   0.24   0.87      8      8      1   
  0.61   0.64   0.33   0.47      3      3      1   
  0.29   0.30   0.16   0.99     16      8      1   
  0.93   0.04   0.54   0.69      7      7      1   
  0.63   0.38   0.26   0.42      4      4      1   
  0.06   0.32   0.80   0.13      7      7      1   
  0.40   0.21   0.98   0.29      5      5      1   
  0.72   0.13   0.94   0.10      2      2      1   
  0.15   0.53   0.51   0.07      6      6      1   
  0.44   0.41   0.51   0.01      4      4      1   
  0.72   0.13   0.94   0.93     13      9      1   
  0.94   0.93   0.38   0.06     11     10      1   
  0.65   0.44   0.33   0.27      4      4      1   
  0.71   0.14   0.36   0.85      8      7      1   
  0.29   0.30   0.90   0.89      8      8      1   
  0.51   0.07   0.73   0.32      3      3      1   
  0.29   0.30   0.28   0.03      3      3      1   
  0.40   0.21   0.12   0.27      3      3      1   
  0.11   0.02   0.48   0.72      8      8      1   
  0.63   0.38   0.51   0.01      4      4      1   
  0.63   0.60   0.69   0.38      2      2      1   
  0.90   0.26   0.86   0.26      1      1      1   
  0.72   0.13   0.03   0.08      6      6      1   
  0.49   0.08   0.58   0.56      5      5      1   
  0.33   0.00   0.61   0.21      3      3      1   
  0.05   0.14   0.79   0.28      7      7      1   
  0.58   0.56   0.16   0.99      6      6      1   
  0.76   0.05   0.28   0.03      5      5      1   
  0.02   0.08   0.61   0.12      5      5      1   
  0.69   0.61   0.27   0.87      5      5      1   
  0.59   0.65   0.92   0.86      4      4      1   
  0.78   0.04   0.75   0.76      7      7      1   
  0.20   0.11   1.00   0.05      8      8      1   
  0.48   0.41   0.56   0.06      3      3      1   
  0.74   0.25   0.02   0.32      7      7      1   
  0.96   0.90   0.09   0.35      9      9      1   
  0.46   0.25   0.02   0.32      4      4      1   
  0.19   0.99   0.34   0.98      2      2      1   
  0.56   0.32   0.12   0.18      5      5      1   
  0.84   0.30   0.04   0.10      7      7      1   
  0.41   0.07   0.81   0.05      4      4      1   
  0.17   0.14   0.87   1.00     11     11      1   
  0.45   0.48   0.87   0.97      7      7      1   
  0.06   0.95   0.23   0.48      9      8      1   
  0.66   0.89   0.47   0.91      2      2      1   
  0.22   0.03   0.54   0.85      8      8      1   
  0.15   0.94   0.45   0.63      5      5      1   
  0.24   0.10   0.06   0.98     35     11      1   
  0.45   0.48   0.67   0.25      3      3      1   
  0.94   0.84   0.00   0.52     10     10      1   
  0.11   0.45   0.73   0.25      6      6      1   
  0.32   0.83   0.70   0.11      8      8      1   
  0.98   0.09   0.01   0.22      9      9      1   
  0.19   0.98   0.15   0.53     23      7      1   
  0.22   0.27   0.02   0.08      3      3      1   
  0.26   0.56   0.39   0.03      6      6      1   
  0.45   0.80   0.84   0.30      7      6      1   
  0.74   0.25   0.42   0.86      6      6      1   
  0.22   0.55   0.69   0.24      6      6      1   
  0.89   0.75   0.18   0.53      8      8      1   
  0.36   0.97   0.09   0.95      3      3      1   
  0.19   0.43   0.14   0.53      1      1      1   
  0.02   0.08   0.48   0.11      4      4      1   
  0.78   0.04   0.50   0.87      8      8      1   
  0.15   0.94   0.00   0.57     60      9      1   
  0.06   0.98   0.87   0.97      8      8      1   
  0.94   0.23   0.96   0.02      2      2      1   
  0.69   0.91   0.51   0.65      3      3      1   
  0.09   0.26   0.63   0.60      6      6      1   
  0.07   0.08   0.09   0.95     36     12      1   
  0.45   0.09   0.62   0.43      4      4      1   
  0.44   0.53   0.86   0.77      5      5      1   
  0.40   0.56   0.91   0.25      6      6      1   
  0.40   0.21   0.44   0.53      3      3      1   
  0.63   0.94   0.27   0.99      4      4      1   
  0.28   0.03   0.50   0.15      2      2      1   
  0.02   0.93   0.87   0.91      8      8      1   
  0.23   0.84   0.40   0.56      4      4      1   
  0.28   0.06   0.01   0.88     53     11      1   
  0.49   0.89   0.01   0.81      5      5      1   
  0.32   0.38   0.81   0.17      5      5      1   
  0.64   0.92   0.76   0.09      8      8      1   
  0.44   0.69   0.01   0.20      7      7      1   
  0.43   0.66   0.16   0.19      6      5      1   
  0.52   0.70   0.59   0.65      1      1      1   
  0.69   0.61   0.85   0.23      4      4      1   
  0.09   0.16   0.61   0.93      9      9      1   
  0.84   0.30   0.09   0.01      7      7      1   
  0.64   0.49   0.69   0.61      2      2      1   
  0.04   0.10   0.45   0.63      7      7      1   
  0.52   0.18   0.50   0.87      6      6      1   
  0.10   0.11   0.63   0.64      7      7      1   
  0.56   0.06   0.07   0.52      6      6      1   
  0.85   0.01   0.69   0.61      6      6      1   
  0.15   0.94   0.75   0.30      8      8      1   
  0.27   0.18   0.31   0.08      1      1      1   
  0.61   0.24   0.24   0.46      4      4      1   
  0.63   0.66   0.42   0.46      3      3      1   
  0.66   0.17   0.11   0.32      5      5      1   
  0.43   0.92   0.15   0.19      9      9      1   
  0.48   0.11   0.57   0.16      1      1      1   
  0.11   0.84   0.94   0.01     11     11      1   
  0.42   0.05   0.62   0.44      5      5      1   
  0.67   0.56   0.94   0.84      5      5      1   
  0.15   0.05   0.37   0.33      3      3      1   
  0.80   0.13   0.51   0.62      6      6      1   
  0.36   0.43   0.57   0.81      4      4      1   
  0.86   0.77   0.96   0.02     13      9      1   
  0.05   0.36   0.64   0.92      8      8      1   
  0.71   0.22   0.93   0.26      2      2      1   
  0.40   0.33   0.03   0.08      4      4      1   
  0.43   0.78   0.45   0.24      5      5      1   
  0.23   0.99   0.04   0.46     43      8      1   
  0.63   0.58   0.36   0.85      4      4      1   
  0.22   0.98   0.01   0.11     20     11      1   
  0.40   0.33   0.10   0.49      3      3      1   
  0.03   0.19   0.11   0.87     34     10      1   
  0.15   0.44   0.74   0.87      7      7      1   
  0.49   0.36   0.61   0.00      4      4      1   
  0.09   0.35   0.85   0.23      7      7      1   
  0.10   0.11   0.10   1.00     36     11      1   
  0.92   0.86   0.46   0.97      6      6      1   
  0.00   0.29   0.89   0.75     10     10      1   
  0.78   0.04   0.23   0.48      6      6      1   
  0.39   0.08   0.00   0.29      5      4      1   
  0.16   0.40   0.67   0.15      5      5      1   
  0.97   0.96   0.36   0.80      6      6      1   
  0.69   0.38   0.63   0.26      1      1      1   
  0.03   0.86   0.40   0.00     12     11      1   
  0.15   0.19   0.09   0.77     54     10      1   
  0.19   0.20   0.66   0.60      6      6      1   
  0.75   0.82   0.10   1.00      7      6      1   
  0.61   0.24   0.57   0.16      1      1      1   
  0.49   0.89   0.32   0.83      2      2      1   
  0.51   0.19   0.70   0.05      2      2      1   
  0.93   0.04   0.00   0.93     36     12      1   
  0.00   0.29   0.10   0.49      3      3      1   
  0.81   0.79   0.92   0.84      1      1      1   
  0.02   0.93   0.13   0.57     24      8      1   
  0.12   0.15   0.84   0.98     11     11      1   
  0.10   0.85   0.04   0.27     23      9      1   
  0.26   0.25   0.22   0.98     10      9      1   
  0.81   0.20   0.51   0.01      3      3      1   
  0.51   0.07   0.81   0.05      3      3      1   
  0.70   0.45   0.24   0.87      6      6      1   
  0.90   0.89   0.14   0.06     10     10      1   
  0.06   0.52   0.05   0.41      1      1      1   
  0.24   0.87   0.78   0.23      8      8      1   
  0.23   0.42   0.86   0.26      6      6      1   
  0.12   0.27   0.23   0.13      2      2      1   
  0.75   0.76   0.69   0.61      2      2      1   
  0.03   0.26   0.05   0.26      1      1      1   
  0.88   0.17   0.39   0.94      8      8      1   
  0.24   0.18   0.13   0.07      2      2      1   
  0.86   0.95   0.01   0.81      8      8      1   
  0.50   0.74   0.59   0.65      1      1      1   
  0.24   0.87   0.81   0.07      9      9      1   
  0.56   0.32   0.53   0.22      1      1      1   
  0.96   0.02   0.12   0.96     13     12      1   
  0.58   0.56   0.32   0.83      4      4      1   
  0.30   0.79   0.08   0.88      2      2      1   
  0.36   0.80   0.84   0.75      5      5      1   
  0.61   0.07   0.12   0.15      5      5      1   
  0.33   0.04   0.96   0.02      6      6      1   
  0.42   0.86   0.49   0.89      1      1      1   
  0.47   0.06   0.73   0.00      3      3      1   
  0.36   0.97   0.46   0.78      2      2      1   
  0.36   0.80   0.31   0.15      7      7      1   
  0.96   0.08   0.86   0.95     11     11      1   
  0.01   0.46   0.08   0.88     32      9      1   
  0.38   0.06   0.09   0.16      3      3      1   
  0.69   0.17   0.79   0.99      8      8      1   
  0.92   0.76   0.81   0.05     10      9      1   
  0.61   0.12   0.09   0.01      5      5      1   
  0.61   0.12   0.42   0.54      4      4      1   
  0.57   0.81   0.56   0.06      7      7      1   
  0.99   0.29   0.28   0.81      9      9      1   
  0.59   0.67   0.12   0.96      5      5      1   
  0.36   0.85   0.26   0.56      7      4      1   
  0.55   0.15   0.41   0.07      2      2      1   
  0.24   0.18   0.53   0.64      5      5      1   
  0.61   0.00   0.22   0.27      5      5      1   
  0.93   0.95   0.70   0.11     10      9      1   
  0.86   0.82   0.38   0.14      8      8      1   
  0.64   0.49   0.56   0.32      2      2      1   
  0.31   0.43   0.47   0.06      4      4      1   
  0.67   0.70   0.69   0.24      5      5      1   
  0.75   0.83   0.69   0.24      7      6      1   
  0.33   0.00   0.37   0.56      5      5      1   
  0.13   0.57   0.07   0.22      4      4      1   
  0.22   0.27   0.47   0.29      3      3      1   
  0.52   0.18   0.64   0.80      6      6      1   
  0.15   0.78   0.22   0.98      2      2      1   
  0.94   0.23   0.48   0.72      6      6      1   
  0.96   0.26   0.23   0.27      7      7      1   
  0.59   0.65   0.69   0.91      3      3      1   
  0.10   0.49   0.55   0.50      4      4      1   
  0.80   0.21   0.64   0.80      6      6      1   
  0.67   0.25   0.85   0.23      2      2      1   
  0.73   0.25   0.02   0.25      7      7      1   
  0.66   0.17   0.44   0.02      3      3      1   
  0.42   0.22   0.09   0.35      4      4      1   
  0.11   0.92   0.25   0.30     10      9      1   
  0.27   0.53   0.09   0.08      5      5      1   
  0.43   0.78   0.47   0.02      7      7      1   
  0.18   0.81   0.90   0.26      9      9      1   
  0.93   0.95   0.88   0.96      1      1      1   
  0.53   0.75   0.06   0.98      5      5      1   
  0.50   0.06   0.06   0.95     10     10      1   
  0.11   0.87   0.71   0.22      9      9      1   
  0.63   0.66   0.47   0.97      3      3      1   
  0.51   0.62   0.09   0.95      5      5      1   
  0.11   0.45   0.59   0.65      5      5      1   
  0.20   0.28   0.40   0.42      3      3      1   
  0.68   0.42   0.29   0.11      5      5      1   
  0.15   0.12   0.72   0.13      5      5      1   
  0.55   0.50   0.65   0.44      1      1      1   
  0.69   0.91   0.42   0.05      9      8      1   
  0.11   0.53   0.18   0.53      1      1      1   
  0.83   0.79   0.65   0.16      7      7      1   
  0.41   0.36   0.66   0.89      6      6      1   
  0.60   0.42   0.06   0.98      8      8      1   
  0.16   0.99   0.74   0.25      9      9      1   
  0.30   0.19   0.63   0.64      6      6      1   
  0.06   0.52   0.09   0.04      5      5      1   
  0.15   0.87   0.81   0.20      9      9      1   
  0.84   0.04   0.55   0.15      3      3      1   
  0.44   0.35   0.23   0.42      2      2      1   
  0.91   0.25   0.22   0.18      7      6      1   
  0.06   0.52   0.70   0.45      6      6      1   
  0.42   0.86   0.67   0.79      3      3      1   
  0.86   0.95   0.09   0.26     10     10      1   
  0.48   0.41   0.31   0.08      4      4      1   
  0.45   0.63   0.19   0.03      6      6      1   
  0.36   0.80   0.43   0.01      8      8      1   
  0.24   0.10   0.46   0.25      3      3      1   
  0.43   0.66   0.61   0.07      6      6      1   
  0.09   0.16   0.92   0.84     10     10      1   
  0.15   0.78   0.25   1.00      2      2      1   
  0.57   0.72   0.15   0.94      5      5      1   
  0.95   0.26   0.63   0.43      4      4      1   
  0.48   0.23   0.22   0.98      8      8      1   
  0.54   0.69   0.80   0.22      5      5      1   
  0.51   0.62   0.23   0.13      5      5      1   
  0.12   0.01   0.81   0.20      7      7      1   
  0.87   1.00   0.49   0.89      4      4      1   
  0.19   0.43   0.31   0.15      3      3      1   
  0.22   0.27   0.40   0.23      2      2      1   
  0.60   0.51   0.53   0.21      3      3      1   
  0.26   0.42   0.55   0.76      5      5      1   
  0.41   0.36   0.10   0.49      3      3      1   
  0.17   0.38   0.01   0.28      2      2      1   
  0.92   0.76   0.33   0.27      8      8      1   
  0.23   0.48   0.63   0.65      4      4      1   
  0.29   0.30   0.75   0.87      7      7      1   
  0.16   0.99   0.65   0.16     10      9      1   
  0.97   0.17   0.88   0.17      1      1      1   
  0.69   0.38   0.70   0.11      3      3      1   
  0.43   0.44   0.53   0.22      3      3      1   
  0.06   0.21   0.02   0.18      1      1      1   
  0.36   0.43   0.13   0.83     29      6      1   
  0.50   0.74   0.09   0.35      5      5      1   
  0.62   0.43   0.32   0.83      5      5      1   
  0.12   0.15   0.27   0.16      2      2      1   
  0.46   0.13   0.50   0.87      7      7      1   
  0.73   0.08   0.85   0.23      2      2      1   
  0.11   0.87   0.19   0.20     13      9      1   
  0.25   0.95   0.09   0.04     17     10      1   
  0.79   0.28   0.43   0.44      5      5      1   
  0.81   0.17   0.11   0.32      7      7      1   
  0.43   0.44   0.28   0.06      4      4      1   
  0.92   0.76   0.63   0.43      6      6      1   
  0.76   0.05   0.10   0.49      7      7      1   
  0.92   0.84   0.96   0.01     17     10      1   
  1.00   0.87   0.48   0.11     10     10      1   
  0.62   0.26   0.96   0.02      4      4      1   
  0.95   0.26   0.71   0.14      3      3      1   
  0.17   0.38   0.48   0.72      5      5      1   
  0.01   0.20   0.15   0.53      4      4      1   
  0.18   0.81   0.39   0.94      2      2      1   
  0.87   1.00   0.85   0.12     12     10      1   
  0.99   0.29   0.90   0.76     12      9      1   
  0.35   0.10   0.45   0.80      7      7      1   
  0.05   0.26   0.94   0.10      8      8      1   
  0.61   0.64   0.86   0.82      3      3      1   
  0.28   0.81   0.12   0.96      2      2      1   
  0.63   0.43   0.15   0.94      7      7      1   
  0.39   0.05   0.32   0.05      1      1      1   
  0.72   0.13   0.57   0.63      5      5      1   
  0.67   0.25   0.48   0.54      4      4      1   
  0.56   0.32   0.75   0.96      6      6      1   
  0.66   0.08   0.23   0.27      5      5      1   
  0.53   0.21   0.69   0.17      2      2      1   
  0.13   0.07   0.44   0.02      3      3      1   
  0.05   0.26   0.51   0.07      5      5      1   
  0.57   0.16   0.61   0.21      1      1      1   
  0.45   0.48   0.44   0.66      2      2      1   
  0.50   0.06   0.87   0.91      9      9      1   
  0.76   0.05   1.00   0.92     16     10      1   
  0.81   0.79   0.90   0.08     11      8      1   
  0.19   0.20   0.88   0.18      6      6      1   
  0.52   0.17   0.23   0.27      3      3      1   
  0.28   0.81   0.58   0.39      6      6      1   
  0.58   0.26   0.44   0.41      2      2      1   
  0.79   0.28   0.39   0.05      4      4      1   
  0.65   0.51   0.75   0.82      4      4      1   
  0.61   0.64   0.16   0.13      7      7      1   
  0.81   0.07   0.01   0.81     51     11      1   
  0.51   0.62   0.69   0.24      5      5      1   
  0.75   0.83   0.63   0.43      5      4      1   
  1.00   0.13   0.78   0.24      2      2      1   
  0.47   0.01   0.65   0.24      3      3      1   
  0.84   0.75   0.43   0.66      4      4      1   
  0.00   0.52   0.75   0.08      8      8      1   
  0.80   0.21   0.82   0.97      8      8      1   
  0.67   0.79   0.31   0.15      7      7      1   
  0.04   0.27   0.86   0.26      7      7      1   
  0.05   0.26   0.75   0.96      9      9      1   
  0.20   0.28   0.58   0.56      5      5      1   
  0.23   0.48   0.45   0.48      2      2      1   
  0.34   0.98   0.43   0.66      4      4      1   
  0.06   0.32   0.73   0.25      6      6      1   
  0.48   0.11   0.09   0.35      4      4      1   
  0.28   0.95   0.13   0.03     16     10      1   
  0.34   0.98   0.48   0.23      8      8      1   
  0.05   0.16   0.40   0.00      4      4      1   
  0.27   0.02   0.18   0.81     27      9      1   
  0.62   0.26   0.41   0.36      2      2      1   
  0.56   0.32   0.75   0.30      2      2      1   
  0.40   0.42   0.05   0.36      4      4      1   
  0.77   0.25   0.48   0.53      5      4      1   
  0.40   0.56   0.44   0.35      2      2      1   
  0.58   0.56   0.92   0.88      5      5      1   
  0.25   0.95   0.40   0.21      7      7      1   
  0.29   0.11   0.74   0.95      9      9      1   
  0.87   1.00   0.83   0.79      2      2      1   
  0.61   0.12   0.27   0.87      8      8      1   
  0.03   0.08   0.55   0.76      9      8      1   
  1.00   0.09   0.24   0.48      8      8      1   
  0.16   0.26   0.11   0.84     34      9      1   
  0.75   0.82   0.81   0.17     11      7      1   
  0.15   0.94   0.53   0.21      9      8      1   
  0.60   0.42   0.73   0.08      4      4      1   
  0.40   0.21   0.39   0.02      2      2      1   
  0.52   0.70   0.69   0.50      3      3      1   
  0.56   0.20   0.44   0.35      2      2      1   
  0.92   0.84   0.03   0.14     11     11      1   
  0.51   0.62   0.81   0.17      5      5      1   
  0.61   0.12   0.22   0.27      4      4      1   
  0.47   0.06   0.26   0.25      3      3      1   
  0.19   0.51   0.01   0.20      4      4      1   
  0.24   0.10   0.99   0.01      7      7      1   
  0.78   0.04   0.28   0.03      5      5      1   
  0.47   0.97   0.87   0.91      5      5      1   
  0.12   0.05   0.56   0.20      5      5      1   
  0.97   0.99   0.67   0.15      9      9      1   
  0.24   0.18   0.01   0.28      3      3      1   
  0.96   0.01   0.13   0.37      8      8      1   
  0.42   0.03   0.48   0.54      5      5      1   
  0.48   0.54   0.78   0.24      4      4      1   
  0.14   0.99   0.96   0.08     11     11      1   
  0.11   0.92   0.07   0.08     18     12      1   
  0.11   0.84   0.58   0.56      6      6      1   
  0.54   0.17   0.67   0.79      6      6      1   
  0.26   0.42   0.11   0.02      4      4      1   
  0.58   0.26   0.83   0.13      3      3      1   
  0.51   0.19   0.48   0.41      2      2      1   
  0.46   0.97   0.38   0.94      1      1      1   
  0.76   0.09   0.36   0.80      8      8      1   
  0.32   0.38   0.90   0.89      7      7      1   
  0.50   0.11   0.56   0.20      1      1      1   
  0.42   0.05   0.70   0.45      5      5      1   
  0.98   0.28   0.92   0.15      2      2      1   
  0.84   0.98   0.14   0.99      7      7      1   
  0.68   0.42   0.84   0.98      7      7      1   
  0.09   0.26   0.51   0.77      6      6      1   
  0.83   0.13   0.86   0.26      2      2      1   
  0.12   0.80   1.00   0.05     11     11      1   
  0.22   0.20   0.49   0.89      7      7      1   
  0.70   0.05   0.47   0.01      2      2      1   
  0.92   0.15   0.69   0.24      2      2      1   
  0.22   0.55   0.29   0.09      4      4      1   
  0.75   0.82   0.71   0.22      7      6      1   
  0.84   0.04   0.48   0.15      4      4      1   
  0.87   0.97   0.98   0.28     17     10      1   
  0.11   0.92   0.76   0.09     11     11      1   
  0.83   0.30   0.32   0.79      8      7      1   
  0.74   0.95   0.03   0.19     10     10      1   
  0.27   0.87   0.02   0.36     27      8      1   
  0.00   0.29   0.38   0.06      4      4      1   
  0.62   0.95   0.92   0.86      3      3      1   
  0.26   0.56   0.28   0.03      6      5      1   
  0.23   0.27   0.46   0.78      6      6      1   
  0.24   0.10   1.00   0.13      7      7      1   
  0.48   0.11   0.86   0.98      9      9      1   
  0.40   0.23   0.97   0.17      5      5      1   
  0.02   0.93   0.58   0.39      8      8      1   
  0.71   0.22   0.32   0.26      4      4      1   
  0.52   0.70   0.22   0.27      6      6      1   
  0.47   0.61   0.14   0.06      6      6      1   
  0.96   0.01   0.04   0.27      8      8      1   
  0.87   0.91   0.93   0.95      1      1      1   
  0.83   0.79   0.00   0.15     10     10      1   
  0.92   0.86   0.48   0.54      5      5      1   
  0.42   0.05   0.64   0.55      6      5      1   
  0.84   0.30   0.61   0.12      3      3      1   
  0.48   0.54   0.51   0.45      1      1      1   
  0.22   0.27   0.84   0.04      6      6      1   
  0.63   0.38   0.24   0.87      7      6      1   
  0.12   0.15   0.46   0.97      9      9      1   
  0.40   0.00   0.83   0.79      9      9      1   
  0.98   0.09   0.00   0.57     10     10      1   
  0.23   0.48   0.26   0.25      3      3      1   
  0.75   0.82   0.55   0.50      5      4      1   
  0.15   0.05   0.71   0.22      5      5      1   
  0.40   0.42   0.80   0.21      5      5      1   
  0.22   0.40   0.32   0.38      1      1      1   
  0.00   0.85   0.13   0.83      1      1      1   
  0.48   0.53   0.51   0.65      1      1      1   
  0.33   0.00   0.27   0.53      5      5      1   
  0.06   0.95   0.19   0.98      2      2      1   
  0.02   0.87   0.63   0.66      6      6      1   
  0.51   0.62   0.28   0.06      6      6      1   
  0.47   0.97   0.58   0.23      7      7      1   
  0.80   0.13   0.78   0.04      1      1      1   
  0.57   0.81   0.73   0.08      7      7      1   
  0.02   0.93   0.29   0.11     11     10      1   
  0.20   0.17   0.11   0.53      4      4      1   
  0.50   0.06   0.15   0.05      3      3      1   
  0.03   0.08   0.06   0.98     36     12      1   
  0.54   0.10   0.86   0.82      8      8      1   
  0.44   0.35   0.64   0.49      3      3      1   
  0.55   0.50   0.28   0.03      5      5      1   
  0.80   0.22   0.50   0.06      3      3      1   
  0.12   0.96   0.35   0.03     15     11      1   
  0.12   0.96   0.14   0.56     23      8      1   
  0.09   0.35   0.49   0.36      4      4      1   
  0.01   0.88   0.00   0.52     37     10      1   
  0.10   1.00   0.00   0.57     49     10      1   
  0.86   0.98   0.75   0.77      3      3      1   
  0.32   0.05   0.11   0.84     34     10      1   
  0.53   0.75   0.14   0.53      5      5      1   
  0.90   0.89   0.68   0.42      6      6      1   
  0.47   0.01   0.07   0.82     34     10      1   
  0.86   0.82   0.70   0.45      5      5      1   
  0.64   0.92   0.11   0.45      7      7      1   
  0.49   0.89   0.14   0.53     30      6      1   
  0.51   0.62   0.51   0.19      4      4      1   
  0.45   0.24   0.20   0.17      3      3      1   
  0.75   0.76   0.64   0.49      3      3      1   
  0.75   0.87   0.40   0.42      5      5      1   
  0.24   0.10   0.75   0.82      9      9      1   
  0.63   0.26   0.36   0.97      7      7      1   
  0.44   0.66   0.96   0.01      8      8      1   
  0.75   0.82   0.50   0.87      3      3      1   
  0.19   0.20   0.62   0.10      4      4      1   
  0.18   0.53   0.20   0.17      4      4      1   
  0.62   0.43   0.92   0.86      6      6      1   
  0.75   0.82   0.69   0.38      5      5      1   
  0.16   0.40   0.59   0.67      5      5      1   
  0.92   0.76   0.00   0.15     11     11      1   
  0.58   0.56   0.19   0.98      6      6      1   
  0.09   0.35   0.28   0.95      8      7      1   
  0.60   0.42   0.11   0.92      8      7      1   
  0.14   0.06   0.23   0.99     11     10      1   
  0.02   0.93   0.03   0.26     22     10      1   
  0.02   0.18   0.47   0.61      7      6      1   
  0.23   0.27   0.41   0.36      2      2      1   
  0.43   0.01   0.51   0.07      1      1      1   
  0.56   0.06   0.64   0.55      5      5      1   
  0.76   0.09   0.40   0.81      8      7      1   
  0.82   0.78   0.07   0.08     10     10      1   
  0.14   0.56   0.58   0.26      5      5      1   
  0.36   0.36   0.47   0.91      6      6      1   
  0.46   0.20   0.28   0.06      3      3      1   
  0.62   0.95   0.26   0.05      9      9      1   
  0.24   0.48   0.52   0.70      4      4      1   
  0.12   0.01   0.98   0.28      8      8      1   
  0.29   0.09   0.23   0.13      1      1      1   
  0.40   0.34   0.44   0.41      1      1      1   
  0.79   0.99   0.43   0.92      4      4      1   
  0.40   0.42   0.44   0.35      1      1      1   
  0.31   0.79   0.00   0.93      3      3      1   
  0.79   0.28   0.56   0.20      3      3      1   
  0.22   0.55   0.69   0.50      5      5      1   
  0.84   0.76   0.32   0.83      5      5      1   
  0.30   0.19   0.65   0.24      3      3      1   
  0.56   0.06   1.00   0.87     11     10      1   
  0.83   0.30   0.69   0.24      2      2      1   
  0.42   0.05   0.38   0.06      1      1      1   
  0.55   0.15   0.12   0.27      5      5      1   
  0.76   0.09   0.01   0.81     51     11      1   
  0.39   0.02   0.73   0.12      3      3      1   
  0.86   0.98   0.17   0.38      9      9      1   
  0.92   0.86   0.61   0.24      9      8      1   
  0.52   0.18   0.58   0.26      1      1      1   
  0.19   0.51   0.80   0.21      7      7      1   
  0.32   0.26   0.14   0.99     16      8      1   
  0.33   0.04   0.50   0.27      3      3      1   
  0.79   0.09   0.31   0.85      8      8      1   
  0.97   0.99   0.05   0.16     11     11      1   
  0.51   0.65   0.74   0.25      5      5      1   
  0.86   0.98   0.97   0.96      1      1      1   
  0.55   0.50   0.29   0.30      3      3      1   
  0.59   0.67   0.99   0.01      7      7      1   
  0.57   0.24   0.37   0.33      2      2      1   
  0.81   0.20   0.57   0.72      6      6      1   
  0.15   0.87   0.65   0.95      6      5      1   
  0.23   0.99   0.86   0.95      6      6      1   
  0.27   0.30   0.64   0.92      7      7      1   
  0.26   0.25   0.59   0.65      6      6      1   
  0.55   0.50   0.86   0.77      4      4      1   
  0.50   0.03   0.03   0.01      4      4      1   
  0.30   0.79   0.66   0.17      7      7      1   
  0.26   0.56   0.62   0.81      4      4      1   
  0.74   0.87   0.94   0.84      2      2      1   
  0.80   0.21   0.22   0.40      6      6      1   
  0.96   0.02   0.63   0.94     11     10      1   
  0.70   0.05   0.25   1.00     10     10      1   
  0.73   0.08   0.47   0.01      3      3      1   
  0.69   0.91   0.18   0.84      5      5      1   
  0.42   0.03   0.74   0.87      8      8      1   
  0.44   0.69   0.16   0.94      4      4      1   
  0.42   0.22   0.01   0.81     48      9      1   
  0.16   0.40   0.63   0.43      5      5      1   
  0.42   0.22   0.73   0.32      3      3      1   
  0.86   0.98   0.86   0.95      1      1      1   
  0.81   0.17   0.48   0.53      5      5      1   
  0.00   0.52   0.69   0.17      7      7      1   
  0.33   0.00   0.71   0.22      4      4      1   
  0.70   0.11   0.11   0.53      7      7      1   
  0.45   0.08   0.12   0.27      4      4      1   
  0.50   0.74   0.50   0.06      6      6      1   
  0.27   0.18   0.41   0.36      2      2      1   
  0.93   0.26   0.02   0.25      8      8      1   
  0.02   0.25   0.27   0.02      3      3      1   
  0.67   0.56   0.22   0.21      6      6      1   
  0.63   0.38   0.53   0.21      2      2      1   
  0.56   0.16   0.90   0.89      8      8      1   
  0.06   0.95   0.00   0.85      1      1      1   
  0.37   0.56   0.75   0.82      5      4      1   
  0.00   0.93   0.58   0.39      8      8      1   
  0.90   0.26   0.14   0.06      7      7      1   
  0.33   0.04   0.47   0.97      9      9      1   
  0.55   0.15   0.19   0.03      4      4      1   
  0.23   0.48   0.25   0.30      2      2      1   
  0.46   0.13   0.31   0.15      2      2      1   
  0.57   0.24   0.29   0.85      7      7      1   
  0.70   0.05   0.40   0.33      4      4      1   
  0.11   0.87   0.62   0.14      9      9      1   
  0.15   0.05   0.73   0.12      5      5      1   
  0.25   0.30   0.40   0.21      2      2      1   
  0.75   0.83   0.23   0.84      5      5      1   
  0.27   0.30   0.18   0.92     12      8      1   
  0.63   0.38   0.06   0.98      9      8      1   
  0.80   0.22   0.27   0.99      8      8      1   
  0.45   0.08   0.94   0.10      5      5      1   
  0.57   0.81   0.68   0.56      3      3      1   
  0.22   0.18   0.42   0.86      7      7      1   
  0.96   0.01   0.18   0.92     11     11      1   
  0.50   0.06   0.19   0.51      5      5      1   
  0.11   0.84   0.67   0.56      6      6      1   
  0.74   0.25   0.60   0.17      2      2      1   
  0.73   0.00   0.01   0.11      6      6      1   
  0.57   0.72   0.79   0.28      6      5      1   
  0.89   0.75   0.46   0.20      8      8      1   
  0.99   0.01   0.56   0.06      5      5      1   
  0.64   0.92   0.02   0.36      8      8      1   
  0.10   1.00   0.73   0.32      9      8      1   
  0.54   0.10   0.51   0.19      1      1      1   
  0.19   0.20   0.55   0.50      4      4      1   
  0.15   0.12   0.54   0.69      7      7      1   
  0.39   0.05   0.50   0.47      4      4      1   
  0.32   0.02   0.39   0.05      1      1      1   
  0.31   0.08   0.38   0.55      5      5      1   
  0.24   0.46   0.33   0.47      1      1      1   
  0.67   0.15   0.56   0.32      2      2      1   
  0.88   0.99   0.03   0.88      8      8      1   
  0.22   0.03   0.03   0.26      3      3      1   
  0.41   0.07   0.32   0.79      8      8      1   
  0.26   0.56   0.56   0.05      6      6      1   
  0.87   0.97   0.83   0.27     10      9      1   
  0.90   0.08   0.22   0.21      7      7      1   
  0.11   0.12   0.72   0.13      6      6      1   
  0.87   1.00   0.43   0.44      7      7      1   
  0.86   0.95   0.52   0.70      4      4      1   
  0.56   0.16   0.00   0.52      6      6      1   
  0.96   0.90   0.12   0.80      8      8      1   
  0.01   0.81   0.51   0.62      6      6      1   
  0.66   0.60   0.03   0.88      7      7      1   
  0.50   0.11   0.32   0.79      7      7      1   
  0.01   0.22   0.54   0.69      7      7      1   
  0.84   0.76   0.48   0.72      4      4      1   
  0.36   0.36   0.61   0.24      3      3      1   
  0.22   0.55   0.29   0.09      4      4      1   
  0.03   0.01   0.67   0.25      6      6      1   
  0.19   0.51   0.18   0.84     30      7      1   
