  0.01   0.44   0.13   0.04      4      4      1   
  0.60   0.31   0.30   0.40      3      3      1   
  0.66   0.39   0.73   0.08      3      3      1   
  0.89   0.89   0.84   0.53      4      4      1   
  0.60   0.31   0.03   0.02      6      6      1   
  0.20   0.96   0.13   0.86      1      1      1   
  0.74   0.66   0.14   0.13      8      8      1   
  0.43   0.12   0.84   0.71      7      7      1   
  0.75   0.63   0.37   0.19      6      6      1   
  0.08   0.82   0.84   0.20     11     11      1   
  0.06   0.36   0.30   0.05      4      4      1   
  0.57   0.00   0.69   0.45      4      4      1   
  0.20   0.47   0.65   0.91      7      7      1   
  0.95   0.25   0.85   0.43      2      2      1   
  0.36   0.00   0.41   0.30      3      3      1   
  0.91   0.62   0.69   0.46      3      3      1   
  0.72   0.63   0.23   0.85      5      5      1   
  0.36   0.05   0.02   0.78     60     11      1   
  0.92   0.39   0.65   0.13      4      4      1   
  0.17   0.57   0.31   1.00      8      7      1   
  0.22   0.95   0.52   0.89      3      3      1   
  0.29   0.12   0.67   0.30      4      4      1   
  0.06   0.04   0.68   0.04      6      6      1   
  0.94   0.79   0.55   0.24      7      6      1   
  0.93   0.70   0.91   0.62      1      1      1   
  0.35   0.54   0.55   0.56      2      2      1   
  0.06   0.33   0.59   0.19      5      5      1   
  0.80   0.60   0.16   0.17      8      8      1   
  0.66   0.36   0.58   0.93      6      5      1   
  0.71   0.91   0.70   0.88      1      1      1   
  0.45   0.38   0.37   0.40      1      1      1   
  0.71   0.73   0.71   0.45      3      3      1   
  0.13   0.24   0.91   0.36      7      7      1   
  0.31   0.55   0.30   0.95     11      6      1   
  0.03   0.81   0.88   0.16     11     11      1   
  0.18   0.97   0.86   0.89      6      6      1   
  0.07   0.02   0.74   0.25      7      7      1   
  0.39   0.26   0.68   0.34      3      3      1   
  0.13   0.11   0.07   0.02      1      1      1   
  0.73   0.83   0.57   0.20      6      6      1   
  0.06   0.96   0.26   0.79      3      3      1   
  0.39   0.52   0.56   0.12      4      4      1   
  0.87   0.45   0.91   0.25      2      2      1   
  0.02   0.18   0.28   0.33      3      3      1   
  0.55   0.24   0.84   0.45      4      4      1   
  0.59   0.74   0.34   0.22      5      5      1   
  0.80   0.24   0.94   0.13      2      2      1   
  0.97   0.74   0.96   0.05      7      7      1   
  0.74   0.25   0.04   0.93     10     10      1   
  0.57   0.76   0.64   0.22      6      6      1   
  0.28   0.09   0.46   0.88      8      8      1   
  0.72   0.61   0.62   0.34      3      3      1   
  0.18   0.14   0.37   0.05      2      2      1   
  0.05   0.24   0.52   0.59      6      6      1   
  0.58   0.62   0.26   0.07      6      6      1   
  0.30   0.35   0.35   0.54      2      2      1   
  0.43   0.12   0.90   0.67      7      7      1   
  0.69   0.86   0.19   0.44      6      6      1   
  0.80   0.49   0.04   0.95      8      8      1   
  0.13   0.17   0.65   0.13      5      5      1   
  0.08   0.82   0.65   0.91      6      6      1   
  0.62   0.34   0.49   0.84      5      5      1   
  0.56   0.78   0.31   1.00      3      3      1   
  0.80   0.60   0.47   0.12      6      6      1   
  0.04   0.95   0.13   0.29     14     10      1   
  0.45   0.38   0.14   0.86     66      7      1   
  0.82   0.12   0.01   0.99     48     12      1   
  0.81   0.38   0.08   0.26      7      7      1   
  0.17   0.19   0.85   0.43      7      7      1   
  0.28   0.55   0.36   0.00      5      5      1   
  0.52   0.67   0.84   0.78      3      3      1   
  0.34   0.52   0.44   0.20      3      3      1   
  0.54   0.67   0.89   0.06      7      7      1   
  0.80   0.11   0.91   0.36      3      3      1   
  0.65   0.13   0.26   0.42      5      5      1   
  0.19   0.87   0.99   0.12     12     11      1   
  0.13   0.24   0.03   0.40      2      2      1   
  0.77   0.13   0.75   0.63      5      5      1   
  0.33   0.23   0.28   0.37      2      2      1   
  0.65   0.44   0.01   0.82      8      8      1   
  0.11   0.50   0.45   0.98      8      8      1   
  0.71   0.73   0.58   0.28      5      5      1   
  0.66   0.24   0.37   0.34      3      3      1   
  0.86   0.05   0.71   0.91      8      8      1   
  0.26   0.25   0.69   0.45      5      5      1   
  0.29   0.12   0.19   0.87     32     10      1   
  0.17   0.50   0.27   0.25      3      3      1   
  0.80   0.11   1.00   0.63      5      5      1   
  0.10   0.17   0.81   0.76      9      9      1   
  0.44   0.36   0.07   0.44      4      4      1   
  0.22   0.17   0.00   0.01      3      3      1   
  0.60   0.52   0.97   0.74      4      4      1   
  0.16   0.18   0.16   0.45      3      3      1   
  0.27   0.24   0.17   0.19      1      1      1   
  0.84   0.78   0.41   1.00      4      4      1   
  0.20   0.96   0.05   0.05     23     11      1   
  0.76   0.87   0.89   0.06      8      8      1   
  0.38   0.12   0.03   0.81     56     11      1   
  0.39   0.26   0.72   0.63      5      5      1   
  0.73   0.90   0.06   0.39      8      8      1   
  0.56   0.26   0.58   0.25      1      1      1   
  0.10   0.45   0.30   0.53      2      2      1   
  0.72   0.63   0.91   0.62      2      2      1   
  0.46   0.88   0.25   0.53      5      5      1   
  0.55   0.24   0.78   1.00      7      7      1   
  0.90   0.92   0.66   0.40      6      6      1   
  0.85   0.70   0.49   0.71      3      3      1   
  0.92   0.56   0.71   0.73      3      3      1   
  0.33   0.39   0.07   0.02      4      4      1   
  0.41   0.35   0.49   0.20      2      2      1   
  0.37   0.18   0.43   0.50      3      3      1   
  0.05   0.29   0.15   0.02      3      3      1   
  0.30   0.95   0.03   0.32     23      9      1   
  0.89   0.55   0.13   0.04      9      8      1   
  0.11   0.18   0.87   0.64      9      9      1   
  0.07   0.93   0.24   0.49      9      8      1   
  0.37   0.40   0.17   0.02      4      4      1   
  0.46   0.14   0.06   0.96     46     11      1   
  0.09   0.52   0.67   0.82      7      7      1   
  0.24   0.23   0.09   0.21      2      2      1   
  1.00   0.63   0.72   0.61      3      3      1   
  0.80   0.11   0.28   0.88      9      9      1   
  0.95   0.67   0.03   0.02     12     11      1   
  0.01   0.24   0.08   0.44      2      2      1   
  0.23   0.79   0.04   0.93      2      2      1   
  0.10   0.17   0.62   0.34      5      5      1   
  0.62   0.34   0.03   0.40      6      6      1   
  0.06   0.96   0.24   0.23     11     10      1   
  0.41   0.35   0.55   0.08      4      4      1   
  0.44   0.36   0.80   0.49      4      4      1   
  0.92   0.56   0.65   0.80      4      4      1   
  0.09   0.21   0.78   1.00     10     10      1   
  0.13   0.29   0.73   0.83      8      8      1   
  0.80   0.11   0.26   0.26      5      5      1   
  0.95   0.67   0.12   0.24      9      9      1   
  0.46   0.81   0.06   0.96      4      4      1   
  0.43   0.12   0.84   0.45      5      5      1   
  0.91   0.94   0.76   0.93      2      2      1   
  0.22   0.17   0.10   0.27      2      2      1   
  0.10   0.25   0.13   0.14      1      1      1   
  0.67   0.01   0.69   0.06      1      1      1   
  0.21   0.27   0.39   0.52      3      3      1   
  0.17   0.27   0.39   0.17      3      3      1   
  0.20   0.35   0.97   0.05      8      8      1   
  0.39   0.52   0.13   0.83     30      6      1   
  0.25   0.53   0.26   0.49      1      1      1   
  0.95   0.25   0.49   0.10      5      5      1   
  0.56   0.56   0.17   0.02      7      6      1   
  0.25   0.26   0.13   0.05      2      2      1   
  0.91   0.94   0.93   0.08      8      8      1   
  0.08   1.00   0.33   0.39     10      9      1   
  0.11   0.40   0.75   0.63      7      7      1   
  0.72   0.63   0.91   0.25      4      4      1   
  0.06   0.99   0.78   0.20     11     10      1   
  0.65   0.80   0.01   0.44      8      8      1   
  0.89   0.89   0.57   0.00      9      9      1   
  0.43   0.69   0.33   0.39      4      4      1   
  0.60   0.70   0.43   0.12      6      6      1   
  0.37   0.05   0.45   0.28      2      2      1   
  0.24   0.23   0.02   0.18      2      2      1   
  0.10   0.45   0.21   0.91     22      9      1   
  0.43   0.12   0.17   0.57      5      5      1   
  0.84   0.71   0.69   0.45      3      3      1   
  0.83   0.92   0.40   0.77      5      5      1   
  0.11   0.50   0.01   0.44      1      1      1   
  0.84   0.53   0.55   0.74      4      4      1   
  0.66   0.40   0.71   0.45      1      1      1   
  0.16   0.98   0.00   0.01     24     12      1   
  0.57   0.76   0.26   0.49      5      4      1   
  0.65   0.98   0.30   0.95      4      4      1   
  0.94   0.13   0.80   0.24      2      2      1   
  0.69   0.06   0.22   0.95     10     10      1   
  0.09   0.81   0.79   0.70      7      7      1   
  0.80   0.11   0.41   0.04      4      4      1   
  0.56   0.39   0.66   0.36      1      1      1   
  0.55   0.74   0.11   0.40      6      6      1   
  0.45   0.38   0.34   0.22      2      2      1   
  0.16   0.52   0.68   0.34      5      5      1   
  0.29   0.12   0.12   0.35      3      3      1   
  0.77   0.55   0.51   0.55      3      3      1   
  0.72   0.63   0.51   0.23      4      4      1   
  0.77   0.55   0.17   0.21      6      6      1   
  0.75   0.65   0.25   0.05      8      8      1   
  0.91   0.35   0.33   0.51      6      6      1   
  0.93   0.70   0.26   0.79      7      7      1   
  0.94   0.13   0.44   0.38      5      5      1   
  0.13   0.29   0.07   0.99     44     10      1   
  0.21   0.27   0.13   0.86     42      9      1   
  0.13   0.14   0.17   0.50      4      4      1   
  0.23   0.31   0.85   0.43      6      6      1   
  0.26   0.32   0.08   0.82     46      9      1   
  0.14   0.13   0.57   0.20      4      4      1   
  0.51   0.93   0.68   0.04      9      8      1   
  0.69   0.97   0.58   0.34      7      7      1   
  0.77   0.34   0.45   0.38      3      3      1   
  0.01   0.82   0.41   0.82      4      4      1   
  0.57   0.82   0.44   0.38      5      5      1   
  0.03   0.47   0.30   0.40      3      3      1   
  0.42   0.41   0.41   0.35      1      1      1   
  0.14   1.00   0.17   0.86      2      2      1   
  0.23   0.97   0.15   0.46     16      7      1   
  0.73   0.90   0.66   0.24      6      6      1   
  0.89   0.89   0.80   0.11      7      7      1   
  0.71   0.45   0.46   0.14      4      4      1   
  0.13   0.86   0.07   0.99      2      2      1   
  0.12   0.35   0.03   0.02      4      4      1   
  0.25   0.12   0.23   0.02      1      1      1   
  0.06   0.99   0.92   0.83      8      8      1   
  0.97   0.05   0.85   0.05      1      1      1   
  0.28   0.25   0.10   0.79     45     10      1   
  0.13   0.04   0.05   0.05      1      1      1   
  0.80   0.11   0.15   0.46      7      7      1   
  0.11   0.40   0.26   0.42      2      2      1   
  0.92   0.77   0.44   0.94      5      5      1   
  0.71   0.91   0.37   0.18      8      8      1   
  0.98   0.34   0.52   0.15      5      5      1   
  0.78   0.95   0.59   0.19      8      8      1   
  0.25   0.12   0.07   0.44      4      4      1   
  0.89   0.29   0.20   0.30      6      6      1   
  0.69   0.06   0.08   0.86     11     11      1   
  0.25   0.26   0.66   0.36      4      4      1   
  0.17   0.86   0.39   0.91      2      2      1   
  0.09   0.08   0.62   0.44      6      6      1   
  0.35   0.23   0.94   0.49      6      6      1   
  0.66   0.39   0.44   0.36      2      2      1   
  0.28   0.37   0.02   0.14      3      3      1   
  0.51   0.93   0.26   0.32      6      6      1   
  0.20   0.35   0.57   0.82      6      6      1   
  0.97   0.47   0.93   0.70      3      3      1   
  0.13   0.05   0.53   0.17      4      4      1   
  0.24   0.49   0.30   0.40      1      1      1   
  0.69   0.11   0.08   0.20      6      6      1   
  0.37   0.19   0.77   0.41      4      4      1   
  0.10   0.09   0.45   0.38      4      4      1   
  0.89   0.06   0.34   0.22      5      5      1   
  0.37   0.05   0.96   0.37      6      6      1   
  0.98   0.34   0.17   0.86     10     10      1   
  0.17   0.34   0.76   0.87      7      7      1   
  0.51   0.55   0.90   0.01      7      7      1   
  0.46   0.88   0.53   0.32      6      6      1   
  0.91   0.51   0.49   0.10      6      6      1   
  1.00   0.63   0.89   0.25      4      4      1   
  0.91   0.35   0.67   0.52      3      3      1   
  0.77   0.13   0.10   0.27      6      6      1   
  0.40   0.80   0.08   0.04      8      8      1   
  0.59   0.74   0.65   0.60      2      2      1   
  0.84   0.53   0.44   0.94      6      6      1   
  0.66   0.39   0.28   0.25      4      4      1   
  0.66   0.39   0.54   0.67      3      3      1   
  0.66   0.40   0.25   0.05      5      5      1   
  0.71   0.73   0.35   0.23      6      6      1   
  0.92   0.65   0.20   0.47      8      8      1   
  0.91   0.36   0.33   0.37      5      5      1   
  0.32   0.98   0.69   0.11      9      9      1   
  0.75   0.91   0.86   0.89      1      1      1   
  0.54   0.11   0.41   0.35      3      3      1   
  0.38   0.24   0.28   0.17      1      1      1   
  0.35   0.54   0.13   0.83     63      6      1   
  0.05   0.79   0.43   0.92      4      4      1   
  0.30   0.53   0.78   0.20      6      6      1   
  0.44   0.36   0.89   0.29      4      4      1   
  0.92   0.56   0.64   0.84      4      4      1   
  0.28   0.55   0.93   0.08      8      8      1   
  0.69   0.86   0.89   0.29      6      6      1   
  0.10   0.25   0.92   0.59      8      8      1   
  0.54   0.01   0.91   0.71      8      8      1   
  0.95   0.94   0.45   0.98      6      5      1   
  0.48   0.60   0.03   0.02      7      7      1   
  0.35   0.23   0.31   1.00     13      8      1   
  0.78   0.72   0.30   0.05      8      8      1   
  0.63   0.90   0.74   0.77      2      2      1   
  0.28   0.88   0.64   0.87      4      4      1   
  0.64   0.71   0.97   0.74      3      3      1   
  0.66   0.24   0.98   0.31      3      3      1   
  0.23   0.11   0.14   0.86     36     10      1   
  0.93   0.70   0.20   0.80      8      7      1   
  0.58   0.65   0.26   0.79      4      4      1   
  0.83   0.92   0.92   0.56      4      4      1   
  0.80   0.11   0.89   0.89      7      7      1   
  0.34   0.52   0.58   0.93      5      5      1   
  0.61   0.31   0.33   0.39      3      3      1   
  0.22   0.39   0.53   0.32      3      3      1   
  0.84   0.78   0.92   0.56      2      2      1   
  0.69   0.45   0.48   0.60      3      3      1   
  0.81   0.76   0.33   0.32      7      6      1   
  0.09   0.21   0.24   0.31      2      2      1   
  0.58   0.28   0.75   0.17      2      2      1   
  0.59   0.74   0.50   0.69      1      1      1   
  0.94   0.79   0.05   0.05     11     11      1   
  0.28   0.88   0.81   0.42      7      7      1   
  0.15   0.46   0.28   0.53      2      2      1   
  0.07   0.02   0.81   0.89     11     11      1   
  0.99   0.12   0.56   0.12      4      4      1   
  0.23   0.97   0.12   0.23     10      8      1   
  0.93   0.70   0.35   0.54      6      6      1   
  0.06   0.39   0.35   0.08      4      4      1   
  0.12   0.13   0.03   0.47      3      3      1   
  0.41   0.35   0.65   0.08      4      4      1   
  0.37   0.05   0.83   0.73      8      8      1   
  0.91   0.24   0.30   0.95      9      9      1   
  0.20   0.47   0.49   0.20      4      4      1   
  0.49   0.20   0.34   0.02      2      2      1   
  0.16   0.18   0.69   0.86      9      8      1   
  0.80   0.05   0.05   0.19      7      7      1   
  0.65   0.91   0.65   0.80      1      1      1   
  0.95   0.31   0.05   0.05      9      9      1   
  0.02   0.18   0.60   0.52      6      6      1   
  0.40   0.80   0.69   0.95      4      4      1   
  0.84   0.03   0.04   0.95     12     12      1   
  0.41   1.00   0.34   0.91      1      1      1   
  0.90   0.01   0.34   0.22      6      6      1   
  0.67   0.82   0.85   0.70      2      2      1   
  0.70   0.81   0.42   0.86      3      3      1   
  0.10   0.45   0.18   0.11      4      4      1   
  0.33   0.23   0.87   0.45      6      6      1   
  0.22   0.26   0.06   0.04      3      3      1   
  0.20   0.51   0.69   0.27      5      5      1   
  0.03   0.32   0.77   0.45      7      7      1   
  0.55   0.74   0.20   0.47      5      5      1   
  0.44   0.99   0.53   0.17      9      8      1   
  0.82   0.12   0.29   0.91      9      9      1   
  0.89   0.55   0.10   0.45      7      7      1   
  0.65   0.44   0.04   0.80     75      8      1   
  0.13   0.86   0.02   0.14     23     11      1   
  0.55   0.74   0.12   0.13      7      7      1   
  0.36   0.05   0.30   0.53      5      5      1   
  0.14   1.00   0.17   0.19     11     10      1   
  0.72   0.39   0.80   0.87      5      5      1   
  0.71   0.73   0.44   0.08      7      7      1   
  0.80   0.24   0.23   0.11      6      5      1   
  0.41   0.35   0.88   0.16      5      5      1   
  0.26   0.79   0.76   0.93      5      5      1   
  0.22   0.26   0.55   0.56      5      5      1   
  0.80   0.11   0.54   0.67      6      6      1   
  0.57   0.76   0.09   0.08      8      8      1   
  0.73   0.69   0.36   0.37      6      5      1   
  0.81   0.63   0.70   0.81      2      2      1   
  0.90   0.01   0.57   0.20      4      4      1   
  0.76   0.87   0.73   0.83      1      1      1   
  0.32   0.25   0.53   0.17      2      2      1   
  0.46   0.14   0.43   0.20      1      1      1   
  0.26   0.32   0.44   0.99      7      7      1   
  0.68   0.34   0.72   0.63      3      3      1   
  0.45   0.38   0.54   0.67      3      3      1   
  0.36   0.37   0.13   0.05      4      4      1   
  0.05   0.19   0.43   0.69      6      6      1   
  0.98   0.27   0.92   0.77      5      5      1   
  0.41   0.29   0.34   0.08      2      2      1   
  0.59   0.19   0.43   0.20      2      2      1   
  0.44   0.85   0.16   0.18      8      8      1   
  0.92   0.83   0.01   0.99      9      9      1   
  0.04   0.95   0.75   0.17     10     10      1   
  0.04   0.80   0.84   0.71      8      8      1   
  0.21   0.97   0.74   0.08     10     10      1   
  0.46   0.88   0.20   0.30      7      7      1   
  0.03   0.47   0.33   0.39      3      3      1   
  0.73   0.66   0.60   0.70      2      2      1   
  0.22   0.95   0.02   0.18     42     10      1   
  0.17   0.86   0.24   0.31      8      8      1   
  0.07   0.93   0.76   0.03     12     12      1   
  0.43   0.92   0.03   0.47     62      7      1   
  0.37   0.19   0.77   0.34      4      4      1   
  0.08   0.20   0.01   0.82     75     11      1   
  0.80   0.36   0.18   0.11      6      6      1   
  0.22   0.95   0.03   0.40     42     10      1   
  0.22   0.91   0.58   0.65      4      4      1   
  0.91   0.35   0.06   0.39      8      8      1   
  0.37   0.18   0.92   0.59      7      6      1   
  0.49   0.71   0.36   0.00      7      7      1   
  0.81   0.42   0.74   0.98      5      5      1   
  0.55   0.74   0.19   0.01      8      8      1   
  0.76   0.93   0.36   0.00     10     10      1   
  0.04   0.95   0.14   0.84      2      2      1   
  0.99   0.76   0.07   0.44     10      9      1   
  0.46   0.10   0.33   0.37      3      3      1   
  0.14   1.00   0.06   0.36     22      9      1   
  0.52   0.67   0.99   0.74      4      4      1   
  0.23   0.02   0.69   0.86      9      9      1   
  0.19   0.82   0.00   0.01     23     12      1   
  0.90   0.01   0.09   0.08      8      8      1   
  0.19   0.87   0.84   0.78      7      6      1   
  0.92   0.77   0.77   0.55      3      3      1   
  0.09   0.21   0.33   0.84     10      8      1   
  0.26   0.37   0.65   0.98      7      7      1   
  0.63   0.90   0.96   0.36      6      6      1   
  0.87   0.45   0.40   0.77      5      5      1   
  0.56   0.58   0.65   0.91      3      3      1   
  0.67   0.30   0.37   0.34      3      3      1   
  0.76   0.03   0.56   0.56      6      6      1   
  0.66   0.40   0.65   0.01      4      4      1   
  0.69   0.45   0.24   0.23      5      5      1   
  0.91   0.62   0.01   0.44      9      9      1   
  0.34   0.02   0.41   0.30      3      3      1   
  0.88   0.03   0.04   0.12      8      8      1   
  0.65   0.18   0.07   0.93     10     10      1   
  0.75   0.91   0.75   0.71      2      2      1   
  0.23   0.02   0.01   0.94     53     13      1   
  0.18   0.14   0.10   0.45      3      3      1   
  0.06   0.99   0.95   0.82      8      8      1   
  0.46   0.14   0.05   0.24      4      4      1   
  0.46   0.14   0.91   0.74      7      7      1   
  0.29   0.12   0.03   0.32      3      3      1   
  0.37   0.18   0.06   0.39      4      4      1   
  0.26   0.07   0.19   0.01      1      1      1   
  0.58   0.39   0.43   0.92      5      5      1   
  0.97   0.05   0.24   0.04      7      7      1   
  0.86   0.34   0.33   0.23      5      5      1   
  0.29   0.12   0.26   0.42      3      3      1   
  0.97   0.47   0.21   0.91      9      9      1   
  0.50   0.69   0.14   0.23      6      6      1   
  0.23   0.21   0.13   0.04      2      2      1   
  0.65   0.18   0.15   0.86      9      9      1   
  0.13   0.14   0.23   0.79     29      9      1   
  0.56   0.58   0.10   0.25      5      5      1   
  0.81   0.49   0.59   0.25      3      3      1   
  0.06   0.99   0.78   0.72      7      7      1   
  0.61   0.07   0.76   0.93      8      8      1   
  0.76   0.87   0.68   0.66      2      2      1   
  0.61   0.07   0.45   0.28      3      3      1   
  0.81   0.76   0.57   0.82      2      2      1   
  0.43   0.92   0.65   0.60      4      4      1   
  0.26   0.25   0.69   0.03      4      4      1   
  0.38   0.12   0.07   0.02      3      3      1   
  0.44   0.20   0.40   0.80      6      6      1   
  0.29   0.91   0.87   0.65      6      6      1   
  0.69   0.27   0.53   0.32      2      2      1   
  0.65   0.80   0.56   0.78      1      1      1   
  0.49   0.95   0.66   0.36      6      6      1   
  0.61   0.07   0.84   0.03      2      2      1   
  0.49   0.71   0.17   0.98      4      4      1   
  0.13   0.83   0.86   0.05     11     11      1   
  0.10   0.79   0.43   0.20     10     10      1   
  0.66   0.36   0.73   0.90      5      5      1   
  0.67   0.79   0.16   0.45      6      6      1   
  0.74   0.98   0.21   0.97      6      5      1   
  0.97   0.47   0.74   0.94      5      5      1   
  0.76   0.05   0.64   0.09      1      1      1   
  0.01   0.99   0.76   0.93      7      7      1   
  0.08   0.20   0.06   0.99     45     11      1   
  0.94   0.49   0.91   0.62      2      2      1   
  0.56   0.39   0.37   0.19      3      3      1   
  0.14   0.86   0.66   0.06     11     10      1   
  0.59   0.19   0.28   0.37      4      4      1   
  0.01   0.99   0.67   0.52      8      8      1   
  0.52   0.15   0.80   0.87      7      7      1   
  0.66   0.24   0.92   0.56      4      4      1   
  0.43   0.20   0.56   0.78      6      6      1   
  0.84   0.03   0.67   0.52      5      5      1   
  0.29   0.12   0.89   0.55      7      7      1   
  0.37   0.34   0.59   0.19      3      3      1   
  0.41   0.19   0.72   0.61      5      5      1   
  0.08   0.04   0.24   0.49      5      5      1   
  0.41   0.30   0.05   0.31      4      4      1   
  0.10   0.45   0.12   0.18      3      3      1   
  0.59   0.74   0.24   0.14      6      6      1   
  0.36   0.00   0.57   0.82      8      8      1   
  0.44   0.94   0.31   0.55      6      6      1   
  0.44   0.36   0.17   0.02      4      4      1   
  0.54   0.52   0.26   0.36      3      3      1   
  0.75   0.71   0.88   0.85      2      2      1   
  0.64   0.71   0.12   0.35      6      6      1   
  0.10   0.09   0.20   0.35      3      3      1   
  0.43   0.50   0.23   0.97     26      5      1   
  0.82   0.12   0.70   0.81      6      6      1   
  0.18   0.97   0.64   0.84      5      5      1   
  0.28   0.55   0.15   0.86     29      7      1   
  0.62   0.44   0.17   0.27      5      5      1   
  0.26   0.37   0.60   0.31      4      4      1   
  0.94   0.13   0.65   0.98      8      8      1   
  0.21   0.97   0.14   0.86      1      1      1   
  0.89   0.06   0.44   0.81      8      8      1   
  0.65   0.08   0.37   0.83      8      8      1   
  0.19   0.44   0.03   0.32      2      2      1   
  0.14   0.86   0.21   0.29     10      9      1   
  0.11   0.40   0.89   0.06      8      8      1   
  0.01   0.82   0.23   0.79      2      2      1   
  0.42   0.41   0.75   0.91      6      6      1   
  0.80   0.87   0.53   0.32      6      6      1   
  0.73   0.69   0.12   0.35      7      7      1   
  0.49   0.71   0.52   0.89      2      2      1   
  0.13   0.04   0.77   0.13      6      6      1   
  0.90   0.67   0.41   0.35      6      6      1   
  0.86   0.34   0.08   0.20      8      7      1   
  0.31   1.00   0.30   0.53     10      6      1   
  0.00   0.01   0.65   0.60      8      8      1   
  0.20   0.51   0.56   0.26      4      4      1   
  0.91   0.62   0.26   0.79      7      7      1   
  0.37   0.40   0.14   0.86     64      7      1   
  0.53   0.32   0.55   0.08      3      3      1   
  0.48   0.01   0.03   0.40      6      6      1   
  0.52   0.89   0.13   0.04      9      9      1   
  0.46   0.10   0.84   0.20      4      4      1   
  0.64   0.09   0.39   0.17      3      3      1   
  0.36   0.83   0.79   0.77      4      4      1   
  0.39   0.17   0.23   0.79     29      8      1   
  0.76   0.93   0.63   0.90      2      2      1   
  0.86   0.70   0.21   0.97      7      7      1   
  0.26   0.26   0.21   0.91     30      9      1   
  0.30   0.05   0.89   0.66      8      8      1   
  0.25   0.12   0.52   0.59      6      6      1   
  0.41   0.82   0.99   0.76      6      6      1   
  0.69   0.27   0.34   0.52      4      4      1   
  0.66   0.40   0.43   0.50      3      3      1   
  0.04   0.80   0.02   0.78      1      1      1   
  0.52   0.89   0.43   0.20      7      7      1   
  0.41   0.04   0.55   0.24      3      3      1   
  0.09   0.21   0.54   0.01      5      5      1   
  0.44   0.36   0.10   0.09      4      4      1   
  0.36   0.05   0.74   0.77      8      8      1   
  0.20   0.35   0.28   0.17      2      2      1   
  0.58   0.34   0.04   0.95     47      9      1   
  0.87   0.65   0.17   0.98      7      7      1   
  0.08   0.04   0.19   0.87     44     11      1   
  0.22   0.26   0.01   0.82     74     10      1   
  0.03   0.02   0.77   0.45      8      8      1   
  0.52   0.59   0.92   0.42      4      4      1   
  0.64   0.87   0.30   0.53      5      5      1   
  0.13   0.17   0.26   0.79     23      9      1   
  0.99   0.76   0.74   0.44      4      4      1   
  0.56   0.56   0.18   0.97      6      6      1   
  0.01   0.24   0.17   0.57      4      4      1   
  0.60   0.52   0.89   0.06      6      6      1   
  0.59   0.19   0.58   0.28      1      1      1   
  0.14   1.00   0.17   0.34      9      8      1   
  0.13   0.11   0.02   0.35      3      3      1   
  0.91   0.94   0.13   0.86      7      7      1   
  0.78   0.72   0.95   0.25      5      5      1   
  0.80   0.25   0.39   0.91      7      7      1   
  0.84   0.03   0.67   0.01      2      2      1   
  0.74   0.44   0.26   0.36      5      5      1   
  0.22   0.91   0.84   0.20     10      9      1   
  0.64   0.87   0.21   0.91      5      5      1   
  0.44   0.38   0.44   0.20      2      2      1   
  0.71   0.45   0.23   0.21      6      6      1   
  0.58   0.34   0.38   0.12      3      3      1   
  0.39   0.91   0.15   0.46     35      6      1   
  0.13   0.04   0.66   0.39      6      6      1   
  0.10   0.79   0.25   0.12     11     11      1   
  0.65   0.08   0.96   0.36      4      4      1   
  0.95   0.94   0.28   0.45      8      8      1   
  0.78   0.72   0.84   0.71      1      1      1   
  0.58   0.34   0.49   0.95      6      6      1   
  0.30   0.35   0.95   0.82      8      8      1   
  0.13   0.05   0.41   0.29      4      4      1   
  0.40   0.77   0.96   0.36      6      6      1   
  0.84   0.53   0.56   0.58      3      3      1   
  0.24   0.23   0.49   0.95      8      8      1   
  0.65   0.80   0.16   0.98      5      5      1   
  0.56   0.26   0.06   0.99     74     10      1   
  0.30   0.18   0.75   0.91      8      8      1   
  0.33   0.84   0.36   0.00      9      9      1   
  0.76   0.87   0.67   0.01      8      8      1   
  0.36   0.00   0.30   0.05      1      1      1   
  0.65   0.01   0.59   0.25      3      3      1   
  0.28   0.45   0.08   0.44      2      2      1   
  0.56   0.78   0.25   0.53      5      4      1   
  0.38   0.91   0.16   0.37     17      6      1   
  0.98   0.27   0.49   0.84      7      7      1   
  0.13   0.04   0.75   0.65      8      8      1   
  0.44   0.08   0.31   1.00      9      9      1   
  0.33   0.32   0.43   0.69      4      4      1   
  0.93   0.08   0.65   0.18      3      3      1   
  0.45   0.38   0.58   0.34      2      2      1   
  0.74   0.25   0.77   0.55      3      3      1   
  0.25   0.12   0.85   0.05      6      6      1   
  0.66   0.24   0.18   0.11      5      5      1   
  0.11   0.18   0.07   0.44      3      3      1   
  0.44   0.81   0.48   0.01      8      8      1   
  0.41   0.30   0.17   0.86     54      8      1   
  0.10   0.27   0.58   0.93      9      8      1   
  0.97   0.74   0.13   0.24      9      9      1   
  0.56   0.56   0.26   0.79      5      5      1   
  0.87   0.65   0.93   0.08      6      6      1   
  0.99   0.74   0.65   0.60      3      3      1   
  0.29   0.91   0.43   0.20      8      8      1   
  0.73   0.90   0.57   0.05      8      8      1   
  0.57   0.76   0.21   0.29      6      6      1   
  0.09   0.16   0.69   0.03      6      6      1   
  0.89   0.29   0.66   0.06      4      4      1   
  0.05   0.79   0.65   0.18     11     10      1   
  0.35   0.54   0.89   0.66      6      6      1   
  0.52   0.15   0.74   0.98      8      8      1   
  0.77   0.55   0.54   0.01      5      5      1   
  0.69   0.11   0.38   0.12      3      3      1   
  0.22   0.91   0.70   0.19      9      9      1   
  0.78   0.20   0.90   0.01      3      3      1   
  0.89   0.06   0.28   0.53      8      8      1   
  0.05   0.31   0.66   0.06      6      6      1   
  0.20   0.96   0.41   0.04     11     10      1   
  0.37   0.40   0.49   0.62      3      3      1   
  0.58   0.34   0.67   0.52      2      2      1   
  0.41   1.00   0.20   0.35      7      7      1   
  0.28   0.37   0.65   0.01      5      5      1   
  0.18   0.97   0.91   0.62      8      8      1   
  0.88   0.85   0.44   0.38      6      6      1   
  0.12   0.24   0.06   0.04      2      2      1   
  0.06   0.96   0.15   0.02     16     12      1   
  0.03   0.89   0.91   0.71      8      8      1   
  0.96   0.05   0.25   0.05      7      7      1   
  0.74   0.44   0.59   0.74      4      4      1   
  0.77   0.34   0.53   0.17      3      3      1   
  0.17   0.21   0.32   0.98     11      8      1   
  0.81   0.38   1.00   0.63      3      3      1   
  0.23   0.02   0.75   0.71      8      8      1   
  0.89   0.66   0.26   0.49      7      7      1   
  0.82   0.12   0.42   0.86      8      8      1   
  0.73   0.69   0.95   0.67      2      2      1   
  0.85   0.05   0.43   0.20      4      4      1   
  0.56   0.58   0.55   0.74      2      2      1   
  0.34   0.08   0.49   0.62      5      5      1   
  0.70   0.01   0.28   0.25      5      5      1   
  0.28   0.45   0.82   0.12      6      6      1   
  0.31   1.00   0.06   0.36     22      8      1   
  0.84   0.89   0.65   0.08      8      8      1   
  0.46   0.56   0.75   0.71      3      3      1   
  0.26   0.26   0.20   0.47      2      2      1   
  0.99   0.12   0.67   0.52      5      5      1   
  0.30   0.18   0.28   0.33      2      2      1   
  0.24   0.26   0.10   0.79     45     10      1   
  1.00   0.63   0.74   0.94      4      4      1   
  0.57   0.05   0.51   0.93      8      8      1   
  0.97   0.47   0.28   0.45      7      7      1   
  0.11   0.40   0.49   0.62      5      5      1   
  0.75   0.71   0.14   1.00      6      6      1   
  0.94   0.79   0.64   0.87      3      3      1   
  0.02   0.18   0.10   0.27      1      1      1   
  0.88   0.16   0.80   0.05      2      2      1   
  0.05   0.31   0.10   0.45      2      2      1   
  0.02   0.35   0.94   0.49      8      8      1   
  0.89   0.55   0.83   0.92      4      4      1   
  0.13   0.83   0.57   0.00     12     11      1   
  0.13   0.14   0.45   0.98      9      9      1   
  0.26   0.49   0.19   0.87     29      7      1   
  0.20   0.80   0.02   0.78      2      2      1   
  0.23   0.97   0.76   0.19      9      9      1   
  0.11   0.40   0.88   0.03      8      8      1   
  0.77   0.43   0.28   0.53      5      5      1   
  0.80   0.36   0.28   0.55      6      5      1   
  0.40   0.80   0.52   0.67      2      2      1   
  0.87   0.45   0.37   0.05      6      6      1   
  0.34   0.02   0.69   0.95      9      9      1   
  0.50   0.69   0.08   0.86      5      5      1   
  0.46   0.56   0.07   0.44      4      4      1   
  0.55   0.24   0.50   0.39      2      2      1   
  0.74   0.98   0.08   0.20     10     10      1   
  0.65   0.98   0.33   0.39      7      7      1   
  0.96   0.05   0.58   0.25      5      4      1   
  0.01   0.82   0.76   0.93      7      7      1   
  0.29   0.12   0.75   0.17      5      5      1   
  0.29   0.91   0.99   0.12     11     10      1   
  0.75   0.71   0.07   0.99      7      7      1   
  0.06   0.99   0.06   0.33     22     10      1   
  0.64   0.87   0.36   0.00      9      9      1   
  0.09   0.52   0.91   0.94     10      9      1   
  0.75   0.91   0.58   0.93      2      2      1   
  0.58   0.62   0.33   0.37      4      4      1   
  0.25   0.26   0.44   0.20      2      2      1   
  0.77   0.55   0.34   0.52      4      4      1   
  0.17   0.57   0.37   0.40      3      3      1   
  0.14   0.84   0.67   0.79      5      5      1   
  0.68   0.76   0.08   0.44      7      7      1   
  0.34   0.08   0.94   0.79      9      9      1   
  0.91   0.62   0.21   0.18      8      8      1   
  0.21   0.18   0.32   0.25      1      1      1   
  0.32   0.25   0.34   0.02      3      3      1   
  0.18   0.14   0.24   0.26      2      2      1   
  0.25   0.26   0.13   0.83     41      9      1   
  0.45   0.98   0.35   0.54      5      5      1   
  0.87   0.45   0.22   0.26      6      6      1   
  0.39   0.26   0.90   0.63      6      6      1   
  0.22   0.17   0.21   0.29      1      1      1   
  0.37   0.83   0.70   0.19      7      7      1   
  0.06   0.39   0.90   0.75      8      8      1   
  0.02   0.35   0.49   0.62      6      6      1   
  0.50   0.69   0.13   0.29      5      5      1   
  0.39   0.26   0.69   0.27      3      3      1   
  0.30   0.18   0.09   0.08      2      2      1   
  0.58   0.79   0.41   0.19      6      6      1   
  0.84   0.45   0.47   0.12      5      5      1   
  0.26   0.32   0.11   0.40      2      2      1   
  0.94   0.02   0.06   0.39      9      9      1   
  0.78   0.72   0.81   0.63      1      1      1   
  0.20   0.51   0.36   0.05      5      5      1   
  0.22   0.91   0.77   0.45      7      7      1   
  0.13   0.04   0.30   0.40      4      4      1   
  0.62   0.44   0.56   0.26      2      2      1   
  0.19   0.01   0.36   0.00      2      2      1   
  0.74   0.94   0.40   0.80      4      4      1   
  0.95   0.82   0.49   0.84      5      5      1   
  0.05   0.19   0.81   0.63      8      8      1   
  0.70   0.19   0.72   0.63      5      4      1   
  0.56   0.26   0.08   0.04      5      5      1   
  0.66   0.24   0.16   0.17      5      5      1   
  0.74   0.44   0.07   0.99      8      8      1   
  0.72   0.63   0.77   0.55      1      1      1   
  0.98   0.34   0.12   0.18      8      8      1   
  0.37   0.40   0.02   0.18      4      4      1   
  0.26   0.37   0.17   0.57      2      2      1   
  0.58   0.65   0.37   0.19      5      5      1   
  0.94   0.49   0.84   0.89      4      4      1   
  0.33   0.23   0.31   1.00     13      8      1   
  0.89   0.29   0.70   0.81      5      5      1   
  0.23   0.31   0.11   0.40      2      2      1   
  0.36   0.83   0.83   0.73      5      5      1   
  0.20   0.30   0.17   0.50      2      2      1   
  0.87   0.64   0.95   0.94      3      3      1   
  0.43   0.50   0.20   0.30      3      3      1   
  0.01   0.24   0.80   0.60      8      8      1   
  0.98   0.34   0.91   0.74      4      4      1   
  0.93   0.70   0.52   0.59      5      4      1   
  0.87   0.64   0.90   0.92      3      3      1   
  0.91   0.36   0.07   0.44      8      8      1   
  0.09   0.81   0.97   0.47     10     10      1   
  0.58   0.25   0.24   0.14      4      4      1   
  0.34   0.82   0.21   0.18     11      7      1   
  0.10   0.17   0.52   0.67      6      6      1   
  0.57   0.00   0.72   0.63      6      6      1   
  0.31   0.55   0.28   0.53      1      1      1   
  0.73   0.83   0.65   0.08      7      7      1   
  0.99   0.12   0.89   0.29      3      3      1   
  0.55   0.24   0.75   0.17      2      2      1   
  0.25   0.12   0.89   0.66      8      8      1   
  0.21   0.97   0.64   0.84      4      4      1   
  0.91   0.01   0.84   0.89      8      8      1   
  0.44   0.08   0.90   0.75      8      7      1   
  0.73   0.83   0.05   0.29      9      9      1   
  0.48   0.60   0.16   0.18      5      5      1   
  0.30   0.05   0.64   0.22      4      4      1   
  0.19   0.44   0.13   0.04      4      4      1   
  0.52   0.12   0.91   0.36      5      5      1   
  0.42   0.41   0.52   0.12      3      3      1   
  0.24   0.23   0.26   0.36      2      2      1   
  0.13   0.17   0.86   0.34      7      7      1   
  0.13   0.14   0.65   0.98      9      9      1   
  0.98   0.34   0.09   0.08      9      9      1   
  0.95   0.25   0.05   0.29      9      9      1   
  0.65   0.91   0.06   0.99      6      6      1   
  0.90   0.63   0.11   0.40      9      8      1   
  0.29   0.12   0.91   0.36      6      6      1   
  0.86   0.34   0.43   0.20      5      5      1   
  0.37   0.83   0.23   0.02     13      9      1   
  0.37   0.05   0.12   0.18      3      3      1   
  0.49   0.95   0.09   0.43      8      8      1   
  0.12   0.18   0.28   0.45      3      3      1   
  0.36   0.37   0.39   0.91      7      6      1   
  0.71   0.45   0.48   0.01      5      5      1   
  0.13   0.04   0.94   0.49      8      8      1   
  0.67   0.79   0.95   0.94      3      3      1   
  0.15   0.02   0.24   0.23      2      2      1   
  0.90   0.01   0.60   0.70      7      7      1   
  0.18   0.11   0.56   0.58      6      6      1   
  0.06   0.99   0.78   1.00      7      7      1   
  0.03   0.89   0.56   0.39      8      8      1   
  0.44   0.20   0.33   0.37      2      2      1   
  0.31   1.00   0.44   0.20     12      8      1   
  0.69   0.97   0.87   0.64      4      4      1   
  0.56   0.26   0.24   0.49      4      4      1   
  0.80   0.87   0.12   0.24      9      8      1   
  0.41   0.35   0.72   0.61      4      4      1   
  0.13   0.29   0.03   0.32      1      1      1   
  0.26   0.07   0.95   0.25      7      7      1   
  0.21   0.97   0.96   0.37     10      9      1   
  0.65   0.13   0.75   0.17      1      1      1   
  0.95   0.94   0.54   0.11      9      9      1   
  0.56   0.39   0.30   0.95      6      6      1   
  0.55   0.74   0.17   0.27      6      6      1   
  0.45   0.38   0.17   0.34      3      3      1   
  0.72   0.63   0.41   1.00      5      5      1   
  0.59   0.74   0.26   0.26      5      5      1   
  0.52   0.59   0.78   0.95      4      4      1   
  0.58   0.93   0.84   0.03      9      9      1   
  0.98   0.27   0.37   0.34      6      6      1   
  0.78   1.00   0.49   0.62      5      5      1   
  0.51   0.93   0.81   0.63      4      4      1   
  0.55   0.56   0.49   0.20      4      4      1   
  0.18   0.38   0.60   0.52      5      4      1   
  0.55   0.08   0.67   0.30      3      3      1   
  0.69   0.86   0.68   0.66      2      2      1   
  0.88   0.16   0.33   0.51      7      6      1   
  0.16   0.98   0.44   0.36      9      8      1   
  0.36   0.37   0.13   0.11      4      4      1   
  0.60   0.70   0.18   0.14      7      7      1   
  0.71   0.73   0.13   0.29      7      7      1   
  0.74   0.25   0.17   0.02      6      6      1   
  0.79   0.77   0.30   0.53      6      6      1   
  0.33   0.84   0.03   0.02     24     10      1   
  0.05   0.05   0.21   0.97     25     11      1   
  0.25   0.53   0.34   0.82      7      5      1   
  0.26   0.49   0.65   0.01      6      6      1   
  0.91   0.24   0.98   0.31      1      1      1   
  0.97   0.47   0.26   0.49      7      7      1   
  0.17   0.27   0.33   0.32      2      2      1   
  0.44   0.85   0.40   0.80      1      1      1   
  0.44   0.99   0.84   0.78      4      4      1   
  0.70   0.01   0.74   0.98      9      9      1   
  0.75   0.65   0.03   0.02     10      9      1   
  0.54   0.11   0.94   0.02      4      4      1   
  0.20   0.47   0.28   0.55      1      1      1   
  0.09   0.08   0.91   0.74      9      9      1   
  0.92   0.59   0.69   0.86      4      4      1   
  0.41   1.00   0.57   0.20      8      8      1   
  0.58   0.93   0.73   0.08      8      8      1   
  0.28   0.33   0.79   0.70      6      6      1   
  0.20   0.47   0.78   0.72      6      6      1   
  0.22   0.39   0.06   0.04      4      4      1   
  0.20   0.47   0.81   0.42      6      6      1   
  0.69   0.27   0.05   0.19      6      6      1   
  0.28   0.53   0.91   0.62      7      7      1   
  0.45   0.28   0.22   0.26      2      2      1   
  0.45   0.28   0.37   0.18      1      1      1   
  0.64   0.87   0.64   0.09      8      7      1   
  0.26   0.42   0.46   0.88      5      5      1   
  0.95   0.94   0.12   0.18     11     10      1   
  0.16   0.17   0.49   0.10      3      3      1   
  0.12   0.35   0.07   0.02      3      3      1   
  0.02   0.18   0.37   0.83     10      8      1   
  0.36   0.83   0.02   0.78      3      3      1   
  0.07   0.02   0.58   0.28      5      5      1   
  0.29   0.91   0.87   0.65      6      6      1   
  0.60   0.70   0.22   0.91      4      4      1   
  0.20   0.51   0.56   0.39      4      4      1   
  0.69   0.03   0.14   0.86     35     11      1   
  0.50   0.69   0.99   0.12      8      7      1   
  0.11   0.18   0.35   0.54      4      4      1   
  0.12   0.24   0.93   0.08      8      8      1   
  0.77   0.34   0.86   0.05      3      3      1   
  0.88   0.85   0.02   0.35     10     10      1   
  0.56   0.12   0.94   0.02      4      4      1   
  0.46   0.56   0.06   0.33      4      4      1   
  0.84   0.03   0.65   0.98      9      9      1   
  0.72   0.61   0.58   0.39      3      3      1   
  0.61   0.07   0.71   0.45      4      4      1   
  0.25   0.10   0.16   0.52      4      4      1   
  0.29   0.12   0.65   0.01      4      4      1   
  0.95   0.94   0.86   0.34      6      6      1   
  0.26   0.26   0.15   0.02      3      3      1   
  0.72   0.61   0.34   0.22      5      5      1   
  0.89   0.29   0.20   0.35      6      6      1   
  0.49   0.84   0.83   0.92      4      4      1   
  0.69   0.45   0.70   0.88      4      4      1   
  0.91   0.25   0.97   0.47      2      2      1   
  0.63   0.90   0.28   0.09      8      8      1   
  0.60   0.31   0.06   0.33      5      5      1   
  0.34   0.08   0.28   0.17      1      1      1   
  0.39   0.52   0.66   0.24      4      4      1   
  0.98   0.31   0.87   0.64      4      4      1   
  0.11   0.18   0.37   0.19      3      3      1   
  0.27   0.22   0.09   0.16      2      2      1   
  0.71   0.45   0.03   0.32      7      7      1   
  0.44   0.08   0.46   0.14      1      1      1   
  0.47   0.12   0.58   0.39      3      3      1   
  0.89   0.55   0.69   0.97      5      4      1   
  0.30   0.95   0.07   0.99      2      2      1   
  0.77   0.34   0.65   0.60      3      3      1   
  0.73   0.69   0.46   0.88      3      3      1   
  0.19   0.01   0.21   0.97     24     11      1   
  0.28   0.51   0.97   0.74      7      7      1   
  0.01   0.82   0.89   0.55      9      9      1   
  0.13   0.04   0.65   0.13      5      5      1   
  0.56   0.12   0.49   0.10      1      1      1   
  0.57   0.82   0.17   0.19      8      7      1   
  0.39   0.26   0.90   0.01      5      5      1   
  0.92   0.83   0.56   0.26      7      7      1   
  0.01   0.99   0.09   0.16     14     12      1   
  0.81   0.49   0.25   0.26      6      6      1   
  0.15   0.02   0.05   0.29      3      3      1   
  0.81   0.89   0.07   0.02     11     11      1   
  0.34   0.91   0.62   0.36      6      6      1   
  0.26   0.79   0.80   0.05      9      9      1   
  0.78   0.20   0.67   0.79      6      6      1   
  0.38   0.24   0.40   0.80      6      6      1   
  0.21   0.53   0.31   0.55      1      1      1   
  0.31   1.00   0.23   0.21     12      8      1   
  0.09   0.16   0.94   0.13      8      8      1   
  0.22   0.17   0.30   0.35      2      2      1   
  0.91   0.24   0.91   0.62      4      4      1   
  0.73   0.90   0.44   0.85      3      3      1   
  0.50   0.39   0.07   0.02      5      5      1   
  0.16   0.86   0.58   0.62      5      5      1   
  0.91   0.35   0.08   0.44      8      8      1   
  0.06   0.39   0.88   0.85      9      9      1   
  0.49   0.84   0.84   0.89      4      4      1   
  0.71   0.91   0.04   0.95      7      7      1   
  0.80   0.11   0.38   0.12      4      4      1   
  0.85   0.05   0.13   0.05      7      7      1   
  0.90   0.01   0.11   0.50      9      9      1   
  0.74   0.08   0.14   0.84     36     10      1   
  0.74   0.08   0.01   0.24      7      7      1   
  0.26   0.42   0.35   0.23      2      2      1   
  0.24   0.26   0.37   0.19      2      2      1   
  0.31   1.00   0.56   0.78      3      3      1   
  0.72   0.61   0.34   0.91      5      5      1   
  0.91   0.62   0.89   0.06      6      6      1   
  0.17   0.34   0.28   0.25      2      2      1   
  0.49   0.84   0.73   0.66      3      3      1   
  0.92   0.65   0.33   0.84      6      6      1   
  0.60   0.52   0.33   0.23      4      4      1   
  0.10   0.45   0.08   0.44      1      1      1   
  0.43   0.20   0.44   0.81      6      6      1   
  0.26   0.37   0.07   0.02      4      4      1   
  0.67   0.30   0.28   0.55      5      5      1   
  0.07   0.02   0.79   0.70      9      9      1   
  0.08   1.00   0.84   0.45      9      9      1   
  0.89   0.66   0.53   0.32      5      5      1   
  0.79   0.77   0.64   0.87      2      2      1   
  0.06   0.36   0.53   0.32      4      4      1   
  0.13   0.04   0.65   0.91     10     10      1   
  0.14   1.00   0.46   0.14     11     10      1   
  0.13   0.17   0.65   0.13      5      5      1   
  0.80   0.87   0.36   0.05      9      9      1   
  0.13   0.86   0.92   0.83      7      7      1   
  0.91   0.24   0.87   0.65      4      4      1   
  0.37   0.34   0.06   0.39      3      3      1   
  0.14   0.13   0.88   0.03      7      7      1   
  0.71   0.73   0.88   0.16      6      6      1   
  0.88   0.16   0.33   0.39      6      6      1   
  0.05   0.31   0.58   0.62      6      6      1   
  0.56   0.56   0.76   0.87      4      4      1   
  0.71   0.73   0.68   0.04      7      7      1   
  0.03   0.47   0.25   0.53      2      2      1   
  0.23   0.31   0.26   0.37      1      1      1   
  0.12   0.35   0.40   0.77      6      6      1   
  0.01   0.99   0.49   0.84      5      5      1   
  0.75   0.71   0.12   0.24      8      7      1   
  0.80   0.25   0.84   0.53      3      3      1   
  0.84   0.03   0.65   0.44      4      4      1   
  0.52   0.59   0.43   0.12      5      5      1   
  0.41   1.00   0.17   0.98      3      3      1   
  0.20   0.35   0.04   0.12      3      3      1   
  0.99   0.12   0.08   0.86     51     12      1   
  0.14   1.00   0.33   0.84      3      3      1   
  0.01   0.82   0.59   0.25     11     10      1   
  0.17   0.34   0.34   0.82      8      6      1   
  0.41   0.30   0.07   0.93     44      9      1   
  0.72   0.61   0.25   0.26      6      6      1   
  0.06   0.39   0.90   0.63      8      8      1   
  0.91   0.74   0.95   0.25      5      5      1   
  0.43   0.92   0.60   0.31      6      6      1   
  0.11   0.18   0.28   0.88     22      9      1   
  0.70   0.19   0.33   0.23      4      4      1   
  0.57   0.82   0.75   0.17      6      6      1   
  0.49   0.62   0.12   0.18      6      6      1   
  0.73   0.08   0.71   0.91      8      8      1   
  0.52   0.59   0.31   0.55      3      3      1   
  0.75   0.63   0.35   0.54      4      4      1   
  0.25   0.53   0.03   0.47      2      2      1   
  0.03   0.32   0.43   0.92      8      8      1   
  0.05   0.05   0.43   0.92      9      9      1   
  0.89   0.89   0.71   0.91      2      2      1   
  0.66   0.06   0.24   0.04      4      4      1   
  0.95   0.31   0.06   0.04      9      9      1   
  0.24   0.23   0.84   0.20      6      6      1   
  0.67   0.79   0.77   0.34      5      5      1   
  0.90   0.63   0.01   0.24      9      9      1   
  0.55   0.74   0.29   0.12      6      6      1   
  0.32   0.25   0.76   0.87      8      7      1   
  0.33   0.39   0.91   0.35      5      5      1   
  0.78   1.00   0.28   0.09     10      9      1   
  0.46   0.56   0.10   0.27      4      4      1   
  0.39   0.17   0.65   0.08      3      3      1   
  0.66   0.39   0.08   0.86      9      8      1   
  0.08   0.20   0.65   0.01      6      6      1   
  0.65   0.80   0.62   0.36      5      4      1   
  0.26   0.32   0.80   0.05      6      6      1   
  0.05   0.31   0.43   0.50      4      4      1   
  0.23   0.97   0.91   0.94      6      6      1   
  0.56   0.78   0.93   0.08      8      8      1   
  0.90   0.66   0.06   0.33      9      9      1   
  0.64   0.84   0.52   0.67      2      2      1   
  0.03   0.02   0.86   0.70     10     10      1   
  0.91   0.24   0.28   0.53      7      7      1   
  0.17   0.57   0.88   0.03      8      8      1   
  0.04   0.93   0.05   0.29     22     11      1   
  0.84   0.71   0.22   0.17      8      8      1   
  0.41   0.04   0.21   0.97     20     10      1   
  0.21   0.29   0.71   0.91      8      8      1   
  0.20   0.47   0.21   0.27      2      2      1   
  0.74   0.77   0.74   0.25      5      5      1   
  0.22   0.95   0.85   0.43      9      8      1   
  0.19   0.01   0.73   0.08      5      5      1   
  0.81   0.38   0.56   0.39      3      3      1   
  0.23   0.97   0.25   0.10     11      9      1   
  0.37   0.34   0.62   0.34      3      3      1   
  0.65   0.60   0.67   0.79      2      2      1   
  0.69   0.27   0.49   0.23      2      2      1   
  0.69   0.46   0.01   0.82      8      8      1   
  0.71   0.73   0.74   0.66      1      1      1   
  0.75   0.17   0.92   0.56      4      4      1   
  0.35   0.54   0.20   0.47      2      2      1   
  0.94   0.79   0.91   0.25      5      5      1   
  0.91   0.24   0.62   0.44      4      4      1   
  0.34   0.02   0.49   0.10      2      2      1   
  0.37   0.18   0.10   0.79     46     10      1   
  0.81   0.63   0.33   0.84      5      5      1   
  0.28   0.33   0.75   0.63      6      6      1   
  0.47   0.12   0.48   0.01      1      1      1   
  0.84   0.53   0.70   0.81      3      3      1   
  0.14   0.86   0.73   0.47      7      7      1   
  0.65   0.08   0.69   0.06      1      1      1   
  0.55   0.49   0.09   0.21      5      5      1   
