  0.99   0.21   0.02   0.51     10      9      1   
  0.36   0.94   0.75   0.28      8      8      1   
  0.10   0.22   0.06   0.82     43     10      1   
  0.14   0.39   0.40   0.81      6      6      1   
  0.03   0.47   0.43   0.13     54      7      1   
  0.97   0.22   0.23   0.79      9      8      1   
  0.22   0.52   0.86   1.00      8      8      1   
  0.46   0.72   0.19   0.13      6      6      1   
  0.14   0.77   0.98   0.96      8      8      1   
  0.89   0.19   0.12   0.56      8      8      1   
  0.20   0.32   0.78   0.97      9      9      1   
  0.73   0.67   0.75   0.67      1      1      1   
  0.12   0.82   0.16   0.21     17      9      1   
  0.30   0.89   0.18   0.44     26      6      1   
  0.12   0.34   0.68   0.09     35      7      1   
  0.69   0.61   0.76   0.14      5      5      1   
  0.58   0.26   0.00   0.46      7      7      1   
  0.78   0.32   0.03   0.46      8      7      1   
  0.19   0.09   0.06   0.87     41     11      1   
  0.69   0.18   0.17   0.78     37      8      1   
  0.12   0.30   0.13   0.36      1      1      1   
  0.75   0.80   0.66   0.30      5      5      1   
  0.54   0.17   0.71   0.33      2      2      1   
  0.54   0.09   1.00   0.10      4      4      1   
  0.89   0.90   0.71   0.76      3      3      1   
  0.71   0.34   0.96   0.06      4      4      1   
  0.05   0.07   0.20   0.01      2      2      1   
  0.28   0.80   0.99   0.42      7      7      1   
  0.57   0.95   0.58   0.43      5      5      1   
  0.57   0.59   0.03   0.47      5      5      1   
  0.10   0.22   0.03   0.47      3      3      1   
  0.04   0.08   0.64   0.81      9      9      1   
  0.79   0.93   0.06   0.82      7      7      1   
  0.50   0.93   0.26   0.49      5      5      1   
  0.59   0.12   0.96   0.30      4      4      1   
  0.73   0.97   0.97   0.05     10      9      1   
  0.09   0.34   0.82   0.14     30      8      1   
  0.88   0.63   0.09   0.18     19      9      1   
  0.99   0.01   0.62   0.05      4      4      1   
  0.68   0.12   0.56   0.24      2      2      1   
  0.84   0.87   0.05   0.98      7      7      1   
  0.58   0.85   0.35   0.92      3      3      1   
  0.50   0.93   0.45   0.60      3      3      1   
  0.93   0.07   0.32   0.48      7      7      1   
  0.31   0.45   0.90   0.13      6      6      1   
  0.55   0.95   0.01   0.08      9      9      1   
  0.75   0.97   0.19   0.85      6      6      1   
  0.59   0.79   0.13   0.98      4      4      1   
  0.68   0.12   0.76   0.67      5      5      1   
  0.19   0.09   0.53   0.48      6      6      1   
  0.89   0.35   0.85   0.84      5      5      1   
  0.59   0.42   0.94   0.31      4      4      1   
  0.62   0.32   0.91   0.25      3      3      1   
  0.78   0.32   0.65   0.19      2      2      1   
  0.05   0.31   0.59   0.12     43      8      1   
  0.03   0.46   0.69   0.86      8      8      1   
  0.84   0.87   0.99   0.22      7      7      1   
  0.94   0.31   0.06   0.17     35      9      1   
  0.09   0.93   0.17   0.02     49     11      1   
  0.81   0.05   0.55   0.67      7      6      1   
  0.12   0.34   0.61   0.32     11      5      1   
  0.02   0.45   0.17   0.02      4      4      1   
  0.54   0.17   0.77   0.26      2      2      1   
  0.90   0.87   0.55   0.48      5      5      1   
  0.30   1.00   0.63   0.03      9      9      1   
  0.92   0.65   0.54   0.85      4      4      1   
  0.89   0.90   0.45   0.27      7      7      1   
  0.49   0.62   0.68   0.71      2      2      1   
  0.94   0.12   0.49   0.97      9      9      1   
  0.49   0.97   0.80   0.00      9      9      1   
  0.99   0.22   0.04   0.47     10      9      1   
  0.54   0.80   0.66   0.45      4      4      1   
  0.03   0.47   0.55   0.95      8      7      1   
  0.84   0.41   0.54   0.60      3      3      1   
  0.76   0.66   0.76   0.61      1      1      1   
  0.58   0.20   0.70   0.44      3      3      1   
  0.57   0.86   0.32   0.48      4      4      1   
  0.19   0.13   0.57   0.59      6      6      1   
  0.22   0.45   0.45   0.02     64      6      1   
  0.44   0.25   0.77   0.79      6      6      1   
  0.07   0.20   0.02   0.80     43     10      1   
  0.13   0.07   0.67   0.72      8      8      1   
  0.08   0.35   0.55   0.67      5      5      1   
  0.23   1.00   0.60   0.12      8      8      1   
  0.44   0.84   0.13   0.32     32      6      1   
  0.53   0.35   0.89   0.25      4      4      1   
  0.60   0.12   0.90   0.43      4      4      1   
  0.69   0.18   0.19   0.24      8      7      1   
  0.50   0.61   0.18   0.37      4      4      1   
  0.54   0.82   0.59   0.42      4      4      1   
  0.09   0.93   0.65   0.41      7      7      1   
  0.61   0.32   0.70   0.64      4      4      1   
  0.66   0.97   0.76   0.58      4      4      1   
  0.53   0.48   0.94   0.65      5      5      1   
  0.44   0.95   0.72   0.88      3      3      1   
  0.68   0.09   0.74   0.97      8      8      1   
  0.83   0.09   0.03   0.46     10      9      1   
  0.94   0.47   0.68   0.82      4      4      1   
  0.44   0.84   0.45   0.02      8      8      1   
  0.79   0.56   0.83   0.23      3      3      1   
  0.08   0.28   0.59   0.75      7      7      1   
  0.53   0.33   0.55   0.48      2      2      1   
  0.86   0.71   0.81   0.05      6      6      1   
  0.53   0.20   0.88   0.47      4      4      1   
  0.53   0.02   0.18   0.37      7      7      1   
  0.85   0.49   0.40   0.81      5      5      1   
  0.98   0.96   0.59   0.12      9      9      1   
  0.59   0.03   0.65   0.23      2      2      1   
  0.67   0.15   0.31   0.86      7      7      1   
  0.48   0.09   0.79   0.52      5      5      1   
  0.63   0.97   0.72   0.44      5      5      1   
  0.99   0.55   0.06   0.14     20     10      1   
  0.04   0.81   0.54   0.82      5      5      1   
  0.53   0.48   0.75   0.65      3      3      1   
  0.31   0.45   0.55   0.24      4      4      1   
  0.18   0.57   0.78   0.97      8      8      1   
  0.27   0.54   0.22   0.52      1      1      1   
  0.37   0.90   0.99   0.21      9      8      1   
  0.84   0.41   0.69   0.19      3      3      1   
  0.10   0.53   0.44   0.91      7      7      1   
  0.73   0.67   0.57   0.94      3      3      1   
  0.62   0.21   0.19   0.06     33      8      1   
  0.13   0.32   0.71   0.76      7      7      1   
  0.79   0.52   0.14   0.39      7      7      1   
  0.83   0.35   0.77   0.66      3      3      1   
  0.87   0.93   0.76   0.67      3      3      1   
  0.94   0.39   0.88   0.56      2      2      1   
  0.99   0.42   0.06   0.82      9      9      1   
  0.50   0.52   0.31   0.45      2      2      1   
  0.66   0.30   0.57   0.94      6      6      1   
  0.47   0.81   0.89   0.90      4      4      1   
  0.50   0.61   0.75   0.30      4      4      1   
  0.59   0.03   0.44   0.14      2      2      1   
  0.54   0.80   0.10   0.46      6      6      1   
  0.61   0.56   0.79   0.46      2      2      1   
  0.76   0.20   0.96   0.30      2      2      1   
  0.94   0.31   0.06   0.03     41     11      1   
  0.09   0.97   0.76   0.67      7      7      1   
  0.59   0.42   1.00   0.55      4      4      1   
  0.93   0.66   0.09   0.97      9      8      1   
  0.09   0.89   0.12   0.82      1      1      1   
  0.19   0.10   1.00   0.19     22     11      1   
  0.26   0.49   0.36   0.78      4      4      1   
  0.09   0.24   0.02   0.45      2      2      1   
  0.62   0.26   0.57   0.52      3      3      1   
  0.86   0.41   0.54   0.30      3      3      1   
  0.06   0.87   0.50   0.82      5      5      1   
  0.76   0.14   0.79   0.52      4      4      1   
  0.05   0.98   0.09   0.24     25     11      1   
  0.15   0.18   0.12   0.30      1      1      1   
  0.51   0.83   0.94   0.26      7      7      1   
  0.78   0.32   0.92   0.10      3      3      1   
  0.09   0.08   0.48   0.74      8      8      1   
  0.09   0.34   0.19   0.24      2      2      1   
  0.18   0.44   0.75   0.97      8      8      1   
  0.13   0.37   0.59   0.38      5      5      1   
  0.79   0.52   0.92   0.51      2      2      1   
  0.01   0.08   0.49   0.60      7      7      1   
  0.44   0.14   0.52   0.58      5      5      1   
  0.86   1.00   0.30   0.89      6      6      1   
  0.71   0.94   0.83   0.09      8      8      1   
  0.36   0.53   0.09   0.34      3      3      1   
  0.28   0.80   0.71   0.34      6      6      1   
  0.59   0.42   0.15   0.38      5      5      1   
  0.86   0.71   0.76   0.94      3      3      1   
  0.05   0.11   0.52   0.47      6      6      1   
  0.87   0.29   0.05   0.34      8      7      1   
  0.44   0.54   0.20   0.54      3      3      1   
  0.65   0.67   0.54   0.30      4      4      1   
  0.76   0.94   0.85   0.84      2      2      1   
  0.49   0.60   0.31   0.45      3      3      1   
  0.30   0.43   0.45   0.05      5      5      1   
  0.30   1.00   0.89   0.90      6      6      1   
  0.06   0.45   0.56   0.24      6      6      1   
  0.06   0.99   0.59   0.14     10     10      1   
  0.15   0.18   0.05   0.31      2      2      1   
  0.56   0.90   0.85   0.84      3      3      1   
  0.26   0.49   0.89   0.25      7      7      1   
  0.85   0.84   0.53   0.38      5      5      1   
  0.13   0.07   0.53   0.35      8      7      1   
  0.62   0.26   0.31   0.86      6      6      1   
  0.55   0.24   0.19   0.94      7      7      1   
  0.30   1.00   0.59   0.14      8      8      1   
  0.08   0.38   0.61   0.52      5      5      1   
  0.20   0.32   0.17   0.78     18      8      1   
  0.92   0.10   0.54   0.85      8      8      1   
  0.92   0.10   0.57   0.95      9      9      1   
  0.50   0.61   0.44   0.25      4      4      1   
  0.57   0.86   0.49   0.60      3      3      1   
  0.17   0.98   0.66   0.97      5      5      1   
  0.46   0.34   0.02   0.45      5      5      1   
  0.28   0.80   0.54   0.80      3      3      1   
  0.72   0.03   1.00   0.19      3      3      1   
  0.89   0.25   0.76   0.78      5      5      1   
  0.92   0.51   0.76   0.58      2      2      1   
  0.26   0.92   0.77   0.48      7      7      1   
  0.92   0.01   0.09   0.89     12     12      1   
  0.99   0.01   0.81   0.39      4      4      1   
  0.13   0.32   0.31   0.45      2      2      1   
  0.89   0.08   0.18   0.25      9      8      1   
  0.60   0.37   0.19   0.09     28      7      1   
  0.26   0.92   0.79   0.42      7      7      1   
  0.11   0.55   0.49   0.60      4      4      1   
  0.61   0.52   0.53   0.35      2      2      1   
  0.66   0.16   0.69   0.31      2      2      1   
  0.98   0.96   0.78   0.97      2      2      1   
  0.99   0.22   0.92   0.10      2      2      1   
  0.82   0.14   0.98   0.71      6      6      1   
  0.05   0.28   0.67   0.62      7      7      1   
  0.10   0.22   0.66   0.30      8      7      1   
  0.13   0.37   0.45   0.27     16      5      1   
  0.60   0.12   0.19   0.13     23      8      1   
  0.54   0.96   0.68   0.71      3      3      1   
  0.23   0.44   0.20   0.01      4      4      1   
  0.46   0.34   0.54   0.17      2      2      1   
  0.43   0.13   0.53   0.38      3      3      1   
  0.14   0.39   0.80   0.30      7      7      1   
  0.36   0.90   0.62   0.26      6      6      1   
  0.40   0.81   0.63   0.03      7      7      1   
  0.87   0.26   0.85   0.02      2      2      1   
  0.54   0.80   0.75   0.67      3      3      1   
  0.18   0.57   0.61   0.56      5      5      1   
  0.70   0.79   0.66   0.64      2      2      1   
  0.45   0.27   0.06   0.99     34      9      1   
  0.12   0.34   0.35   0.49      3      3      1   
  0.56   0.24   0.04   0.13     23      8      1   
  0.50   0.11   0.85   0.84      8      7      1   
  0.51   0.83   0.48   0.74      1      1      1   
  0.75   0.28   0.79   0.10      2      2      1   
  0.66   0.97   0.49   0.73      3      3      1   
  0.44   0.91   0.76   0.61      4      4      1   
  0.44   0.25   0.18   0.25      5      5      1   
  0.26   0.93   0.38   0.93      1      1      1   
  0.18   0.25   0.79   0.10     37      8      1   
  0.76   0.74   0.82   0.14      6      6      1   
  0.09   0.89   0.94   0.39      9      9      1   
  0.03   0.84   0.61   0.93      6      6      1   
  0.05   0.07   0.75   0.30     10      8      1   
  0.90   0.13   0.47   0.98      9      9      1   
  0.19   0.11   0.10   0.53      4      4      1   
  0.02   0.80   0.69   0.82      6      6      1   
  0.94   0.03   0.62   0.21      4      4      1   
  0.68   0.82   0.57   0.52      3      3      1   
  0.83   0.15   0.54   0.74      6      6      1   
  0.22   0.52   1.00   0.55      7      7      1   
  0.54   0.74   0.20   0.02     91      8      1   
  0.26   0.92   0.68   0.12      9      9      1   
  0.26   0.96   0.38   0.93      1      1      1   
  0.08   0.38   0.19   0.09      3      3      1   
  0.53   0.02   0.13   0.07     41     10      1   
  0.79   0.10   0.44   0.94      8      8      1   
  0.36   0.78   0.63   0.20      6      6      1   
  0.06   0.14   0.77   0.66      9      8      1   
  0.44   0.25   0.19   0.11     26      7      1   
  0.18   0.25   0.20   0.50      3      3      1   
  0.53   0.03   0.88   0.63      6      6      1   
  0.76   0.67   0.91   0.00      6      6      1   
  0.09   0.93   0.95   0.25     10     10      1   
  0.65   0.41   0.90   0.13      4      4      1   
  0.04   0.93   0.76   0.74      7      7      1   
  0.13   0.37   0.98   0.67      8      8      1   
  0.70   0.88   0.89   0.19      7      7      1   
  0.71   0.33   0.11   0.55      6      6      1   
  0.77   0.48   0.36   0.55      4      4      1   
  0.09   0.22   0.59   0.15     36      8      1   
  0.78   0.97   0.18   0.79      6      6      1   
  0.53   0.03   0.44   0.25      3      3      1   
  0.63   0.97   0.94   0.12      9      9      1   
  0.88   0.11   0.68   0.09      2      2      1   
  0.01   0.21   0.10   0.55      3      3      1   
  0.67   0.62   0.56   0.94      4      4      1   
  1.00   0.89   0.67   0.72      4      4      1   
  0.16   0.28   0.75   0.26     14      7      1   
  0.20   0.93   0.01   0.82      2      2      1   
  0.10   0.19   0.73   0.46      8      7      1   
  0.01   0.82   0.10   0.53     36      9      1   
  0.06   0.87   0.59   0.42      7      7      1   
  0.88   0.10   0.01   0.21     17     10      1   
  0.77   0.79   0.24   0.50      5      5      1   
  0.24   0.89   0.51   0.16      8      8      1   
  0.83   0.15   0.71   0.33      2      2      1   
  0.50   0.61   0.70   0.88      4      4      1   
  0.52   0.91   1.00   0.89      5      5      1   
  0.17   0.02   0.05   0.31      3      3      1   
  0.90   0.43   0.97   0.22      2      2      1   
  0.01   0.94   0.18   0.27     17     10      1   
  0.94   0.12   0.50   0.61      6      6      1   
  0.90   0.87   0.78   0.97      2      2      1   
  0.36   0.53   0.76   0.51      4      4      1   
  0.36   0.78   0.15   0.18      7      7      1   
  0.92   0.22   0.06   0.87     10     10      1   
  0.19   0.10   0.56   0.94     10      9      1   
  0.02   0.00   0.15   0.25      3      3      1   
  0.94   0.47   0.50   0.11      5      5      1   
  0.70   0.44   0.61   0.52      1      1      1   
  0.01   0.08   0.89   0.35     11      9      1   
  0.19   0.20   0.14   0.77     38      9      1   
  0.70   0.44   0.57   0.87      4      4      1   
  0.40   0.81   0.60   0.37      4      4      1   
  0.12   0.82   0.86   0.09     10     10      1   
  0.77   0.14   0.03   0.12     17      9      1   
  0.09   0.24   0.52   0.58      6      5      1   
  0.10   0.22   0.45   0.69      6      6      1   
  0.54   0.96   0.76   0.67      4      4      1   
  0.31   0.86   0.76   0.78      4      4      1   
  0.79   0.93   0.05   0.28      9      9      1   
  0.27   0.54   0.81   0.32      6      6      1   
  0.46   0.07   0.54   0.28      3      3      1   
  0.80   0.00   0.21   0.12     37      9      1   
  0.03   0.47   0.92   0.51      8      8      1   
  0.45   0.69   0.54   0.17      5      5      1   
  0.59   0.03   0.16   0.28      8      8      1   
  0.09   0.78   0.58   0.51      6      6      1   
  0.72   0.44   0.68   0.55      1      1      1   
  0.21   0.12   0.01   0.23      2      2      1   
  0.08   0.35   0.36   0.55      3      3      1   
  0.85   0.86   0.09   0.93      7      7      1   
  0.42   0.44   0.41   0.82      4      4      1   
  0.19   0.94   0.91   0.00     11     11      1   
  0.23   0.79   0.47   0.10      8      8      1   
  0.84   0.41   0.49   0.62      4      4      1   
  0.46   0.72   0.06   0.03      8      8      1   
  0.14   0.77   0.73   0.52      6      6      1   
  0.05   0.07   0.87   0.06     31     10      1   
  0.99   0.42   0.69   0.61      3      3      1   
  0.57   0.59   0.13   0.98      6      6      1   
  0.65   0.13   0.50   0.61      5      5      1   
  0.59   0.79   0.54   0.17      6      6      1   
  0.06   0.82   0.66   0.97      6      6      1   
  0.67   0.15   0.80   0.20      2      2      1   
  0.58   0.22   0.09   0.08     28      8      1   
  0.20   0.01   0.16   0.21      2      2      1   
  0.58   0.22   0.70   0.42      2      2      1   
  0.61   0.32   0.73   0.97      6      6      1   
  0.53   0.60   0.54   0.80      2      2      1   
  0.71   0.33   0.61   0.52      2      2      1   
  0.75   0.28   0.94   0.31      2      2      1   
  0.18   0.25   0.53   0.06     41      7      1   
  0.60   0.12   0.56   0.87      7      7      1   
  0.19   0.94   0.09   0.79      2      2      1   
  0.80   0.30   0.71   0.74      4      4      1   
  0.47   0.98   0.24   0.89      2      2      1   
  0.14   0.77   0.81   0.89      6      6      1   
  0.22   0.45   0.71   0.94      7      7      1   
  0.70   0.88   0.05   0.34      8      8      1   
  0.16   0.21   0.49   0.36      5      5      1   
  0.57   0.95   0.75   0.30      7      7      1   
  0.65   0.67   0.54   0.30      4      4      1   
  0.50   0.11   0.69   0.31      3      3      1   
  0.44   0.94   0.13   0.52     33      6      1   
  0.06   0.82   0.17   0.49     15      8      1   
  0.51   0.83   0.49   0.46      3      3      1   
  0.22   0.45   0.78   0.97      8      7      1   
  0.09   0.93   0.97   0.32     10     10      1   
  0.08   0.23   0.21   0.12      2      2      1   
  0.05   0.31   0.69   0.18     30      8      1   
  0.57   0.52   0.76   0.58      2      2      1   
  0.36   0.78   0.04   0.47     41      6      1   
  0.52   0.58   0.26   0.92      5      5      1   
  0.79   0.52   0.13   0.37      7      7      1   
  0.70   0.44   0.19   0.94      6      6      1   
  0.68   0.09   0.44   0.95      8      8      1   
  0.44   0.14   0.49   0.36      3      3      1   
  0.83   0.12   0.09   0.79     36     10      1   
  0.61   0.32   0.13   0.37      8      5      1   
  0.88   0.51   0.51   0.16      5      5      1   
  0.29   0.43   0.94   0.47      6      6      1   
  0.85   0.49   0.91   0.00      5      5      1   
  0.10   0.46   0.12   0.34      1      1      1   
  0.62   0.32   0.17   0.13     27      6      1   
  0.92   0.74   0.20   0.01    101     11      1   
  0.17   0.98   1.00   0.10     11     11      1   
  0.80   0.53   0.48   0.12      5      5      1   
  0.77   0.38   0.12   0.32     16      6      1   
  0.26   0.96   0.13   0.07     33     10      1   
  0.60   0.37   0.26   0.82      5      5      1   
  0.47   0.81   0.56   0.24      5      5      1   
  0.63   0.97   0.67   0.37      6      6      1   
  0.66   0.64   0.98   0.71      3      3      1   
  0.77   0.48   0.02   0.45      7      7      1   
  0.56   0.94   0.48   0.71      2      2      1   
  0.10   0.46   0.19   0.09      4      4      1   
Routing Failed to deliver
  0.93   0.54   0.16   0.44      7      7      1   
  0.72   0.03   0.06   0.03     30     11      1   
  0.66   0.45   0.63   0.03      4      4      1   
  0.07   0.20   0.92   0.22     16      9      1   
  0.48   0.99   0.19   0.13      9      9      1   
  0.61   0.93   0.04   0.04     10     10      1   
  0.08   0.10   0.06   0.03      1      1      1   
  0.12   0.30   0.44   0.91      8      7      1   
  0.63   0.03   0.61   0.56      5      5      1   
  0.26   0.92   0.82   0.87      5      5      1   
  0.68   0.09   0.10   0.16     23      8      1   
  0.75   0.97   0.16   0.28      9      9      1   
  0.13   0.32   0.55   0.67      5      5      1   
  0.76   0.61   0.53   0.20      5      5      1   
  1.00   0.19   0.77   0.66      5      5      1   
  0.99   0.01   0.58   0.22      4      4      1   
  0.81   0.32   0.76   0.20      1      1      1   
  0.53   0.20   0.64   0.81      6      6      1   
  0.92   0.01   0.60   0.12      3      3      1   
  0.72   0.03   0.73   0.67      6      6      1   
  0.41   0.33   0.86   0.09      5      5      1   
  0.87   0.06   0.60   0.32      4      4      1   
  0.54   0.28   0.34   0.50      3      3      1   
  0.55   0.41   0.14   0.39      6      5      1   
  0.20   0.81   0.60   0.28      7      7      1   
  0.86   0.41   0.66   0.97      6      6      1   
  0.72   0.88   0.97   0.22      7      7      1   
  0.56   0.90   0.52   0.01      9      9      1   
  0.98   0.67   0.53   0.60      5      4      1   
  0.18   0.34   0.52   0.01     46      8      1   
  0.35   0.92   0.84   0.41      6      6      1   
  0.90   0.87   0.86   0.89      1      1      1   
  0.65   0.67   0.08   0.38      6      6      1   
  0.36   0.90   0.89   0.19      8      8      1   
  0.76   0.61   0.20   0.01     46      9      1   
  0.97   0.22   0.18   0.79     10      9      1   
  0.68   0.71   0.01   0.33      7      7      1   
  0.60   0.67   0.66   0.39      3      3      1   
  0.49   0.97   0.03   0.12     35     10      1   
  0.51   0.16   0.78   0.97      8      8      1   
  0.10   0.55   0.70   0.42      6      6      1   
  0.43   0.13   0.09   0.34      6      6      1   
  0.48   0.71   0.41   0.33      4      4      1   
  0.85   0.86   0.18   0.37      7      7      1   
  0.90   0.43   0.51   0.16      5      5      1   
  0.77   0.66   0.36   0.55      4      4      1   
  0.26   0.85   0.90   0.13      9      9      1   
  0.53   0.06   0.80   0.30      4      4      1   
  0.15   0.07   0.48   0.12     35      9      1   
  0.65   0.13   0.99   0.01      4      4      1   
  0.35   0.92   0.20   0.01    103      9      1   
  0.84   0.41   0.60   0.12      4      4      1   
  0.09   0.34   0.80   0.53      8      7      1   
  0.23   0.79   0.72   0.44      5      5      1   
  0.88   0.56   0.58   0.85      4      4      1   
  0.15   0.25   0.02   0.51      3      3      1   
  0.83   0.15   0.85   0.70      6      6      1   
  0.35   0.49   0.20   0.50      2      2      1   
  0.63   0.03   0.55   0.03      1      1      1   
  0.47   0.10   0.05   0.98     11     11      1   
  0.65   0.55   0.89   0.35      3      3      1   
  0.88   0.10   0.15   0.07     39     10      1   
  0.18   0.25   0.47   0.58      4      4      1   
  0.83   0.23   0.78   0.97      7      7      1   
  0.13   0.52   0.78   0.97      8      8      1   
  0.13   0.37   0.26   0.49      2      2      1   
  0.10   0.22   0.18   0.34      2      2      1   
  0.69   0.18   0.65   0.13      1      1      1   
  0.83   0.23   0.23   0.44      7      6      1   
  0.26   0.82   0.08   0.35     26      7      1   
  0.42   0.44   0.12   0.32      3      3      1   
  0.46   0.07   0.54   0.30      3      3      1   
  0.78   0.24   0.22   0.45      6      6      1   
  0.04   0.93   0.13   0.36     22     10      1   
  0.76   0.51   0.69   0.31      2      2      1   
  0.35   0.49   0.04   0.13      5      5      1   
  0.86   0.83   0.73   0.46      4      4      1   
  0.09   0.97   0.55   0.06     11     10      1   
  0.55   0.41   0.79   0.24      3      3      1   
  0.20   0.32   0.36   0.78      7      6      1   
  0.50   0.11   0.14   0.33      7      7      1   
  0.62   0.61   0.08   0.10      8      8      1   
  0.73   0.67   0.19   0.85      6      6      1   
  0.49   0.73   0.84   0.38      5      5      1   
  0.81   0.05   0.91   0.25      2      2      1   
  0.60   0.32   0.81   0.32      2      2      1   
  0.52   0.58   0.06   0.99      7      7      1   
  0.94   0.43   0.37   0.82      6      6      1   
  0.65   0.41   0.77   0.38      1      1      1   
  0.94   0.43   0.71   0.74      4      4      1   
  0.22   0.52   1.00   0.55      7      7      1   
  0.63   0.03   0.69   0.61      6      6      1   
  0.87   0.93   0.94   0.65      3      3      1   
  0.88   0.47   0.79   0.56      1      1      1   
  0.66   0.64   0.86   0.09      6      6      1   
  0.01   0.33   0.89   0.35     15      8      1   
  0.05   0.98   0.18   0.79      2      2      1   
  0.76   0.51   0.61   0.56      2      2      1   
  0.59   0.03   0.58   0.85      7      7      1   
  0.53   0.20   0.71   0.33      2      2      1   
  0.70   0.88   0.54   0.80      2      2      1   
  0.01   0.94   0.97   0.22     11     11      1   
  0.15   0.18   0.36   0.53      4      4      1   
  0.79   0.93   1.00   0.19      7      7      1   
  0.47   0.81   0.05   0.98      4      4      1   
  0.52   0.47   0.78   0.32      3      3      1   
  0.73   0.10   0.50   0.82      7      7      1   
  0.80   0.30   0.62   0.26      2      2      1   
  0.10   0.53   0.73   0.10      7      7      1   
  0.53   0.84   0.92   0.61      4      4      1   
  0.71   0.00   0.76   0.20      2      2      1   
  0.50   0.93   0.75   0.73      3      3      1   
  0.18   0.77   0.92   0.61      7      7      1   
  0.94   0.65   0.12   0.34     10      9      1   
  0.83   0.12   0.19   0.13     25      9      1   
  0.00   0.46   0.30   0.43      3      3      1   
  0.79   0.56   0.46   0.08      5      5      1   
  0.22   0.16   0.49   0.46      5      5      1   
  0.44   0.01   0.08   0.38      7      7      1   
  0.59   0.15   0.50   0.61      5      4      1   
  0.80   0.30   0.04   0.08     30      9      1   
  0.36   0.94   0.09   0.24     32      9      1   
  0.09   0.97   0.18   0.25     17      9      1   
  0.88   0.51   0.45   0.60      4      4      1   
  0.71   0.94   0.53   0.06      8      8      1   
  0.56   0.44   0.49   0.81      4      4      1   
  0.13   0.32   0.13   0.07      3      3      1   
  0.67   0.37   0.70   0.44      1      1      1   
  0.80   0.00   0.67   0.72      7      7      1   
  0.53   0.60   0.19   0.85      4      4      1   
  0.03   0.12   0.57   0.10     35      9      1   
  0.54   0.74   0.92   0.74      4      4      1   
  0.55   0.06   0.69   0.61      5      5      1   
  0.54   0.21   0.73   0.97      7      7      1   
  0.92   0.10   0.56   0.87      8      8      1   
  0.18   0.34   0.16   0.28      1      1      1   
  0.59   0.14   0.06   0.23     12      8      1   
  0.67   0.37   0.54   0.80      5      5      1   
  0.82   0.87   0.09   0.89      7      7      1   
  0.18   0.25   0.31   0.86     11      7      1   
  0.92   0.65   0.97   0.32      3      3      1   
  0.76   0.14   0.66   0.97      8      8      1   
  0.62   0.21   0.76   0.51      3      3      1   
  0.53   0.38   0.58   0.83      5      5      1   
  0.85   0.86   0.15   0.18      9      9      1   
  0.87   0.06   0.13   0.37      9      8      1   
  0.65   0.55   0.76   0.51      1      1      1   
  0.76   0.26   0.73   0.10      2      2      1   
  0.67   0.72   0.86   0.83      2      2      1   
  0.59   0.12   0.46   0.07      2      2      1   
  0.73   0.97   0.94   0.65      4      4      1   
  0.00   0.46   0.88   0.11     30      9      1   
  0.18   0.27   0.05   0.31      2      2      1   
  0.62   0.26   0.77   0.14      2      2      1   
  0.17   0.06   0.13   0.18      1      1      1   
  0.47   0.58   0.09   0.93      5      5      1   
  0.13   0.18   0.13   0.32      2      2      1   
  0.65   0.41   0.72   0.20      2      2      1   
  0.83   0.09   0.31   0.86      9      9      1   
  0.76   0.74   0.99   0.22      6      6      1   
  0.99   0.42   0.26   0.92      8      8      1   
  0.95   0.48   0.18   0.79      8      8      1   
  0.91   0.25   0.83   0.35      1      1      1   
  0.01   0.94   0.54   0.80      5      5      1   
  0.65   0.41   0.59   0.38      1      1      1   
  0.54   0.30   0.50   0.75      4      4      1   
  0.08   0.35   0.56   0.24     17      6      1   
  0.83   0.15   0.44   0.61      6      6      1   
  0.83   0.09   0.76   0.66      6      6      1   
  0.53   0.84   0.69   0.86      2      2      1   
  0.48   0.47   0.89   0.25      5      5      1   
  0.20   0.02   0.51   0.21     14      8      1   
  0.42   0.44   0.85   0.84      5      5      1   
  0.80   0.17   0.10   0.46      8      7      1   
  0.99   0.55   0.08   0.38     10      9      1   
  0.91   0.18   0.77   0.26      2      2      1   
  0.59   0.18   0.54   0.96      7      7      1   
  0.77   0.48   0.11   0.55      6      6      1   
  0.76   0.20   0.62   0.21      2      2      1   
  0.16   0.21   0.55   0.67      6      6      1   
  0.42   0.44   0.74   0.82      5      5      1   
  0.03   0.46   0.57   0.95      9      8      1   
  0.89   0.25   0.51   0.33      4      4      1   
  0.18   0.25   0.35   0.92      8      7      1   
  0.36   0.94   0.01   0.08     34     10      1   
  0.59   0.75   0.22   0.16      7      7      1   
  0.43   0.00   0.57   0.95      9      9      1   
  0.45   0.05   0.06   0.23      9      8      1   
  0.45   0.27   0.19   0.24      5      5      1   
  0.41   0.82   0.04   0.81      4      4      1   
  0.10   0.53   0.54   0.60      4      4      1   
  0.02   0.80   0.79   0.52      8      8      1   
  0.63   0.03   0.75   0.28      3      3      1   
  0.34   0.50   0.75   0.67      4      4      1   
  0.90   0.87   0.12   0.82      8      7      1   
  0.46   0.08   0.44   0.54      5      5      1   
  0.09   0.24   0.50   0.52      5      5      1   
  0.17   0.49   0.89   0.35      7      7      1   
  0.22   0.16   0.64   0.40      7      6      1   
  0.09   0.22   0.75   0.80      8      8      1   
  0.59   0.42   0.58   0.85      4      4      1   
  0.57   0.10   0.75   0.97      8      8      1   
  0.54   0.80   0.96   0.30      7      7      1   
  0.55   0.41   0.75   0.67      3      3      1   
  0.69   0.31   0.53   0.03      3      3      1   
  0.61   0.56   0.18   0.79      5      5      1   
  0.17   0.02   0.96   0.06     30     11      1   
  0.40   0.81   0.62   0.26      5      5      1   
  0.83   0.23   0.44   0.01      4      4      1   
  0.44   0.84   0.44   0.95      1      1      1   
  0.23   0.79   0.53   0.84      3      3      1   
  0.56   0.44   0.58   0.85      4      4      1   
  0.64   0.41   0.01   0.94      8      8      1   
  0.57   0.86   0.45   0.02      8      8      1   
  0.87   0.29   0.18   0.34      8      7      1   
  0.34   0.50   0.09   0.22      4      4      1   
  0.92   0.10   0.56   0.87      8      8      1   
  0.09   0.08   0.79   0.42     10      9      1   
  0.66   0.64   0.00   0.51      6      6      1   
  0.70   0.42   0.59   0.79      4      4      1   
  0.01   0.87   0.26   0.93      3      3      1   
  0.92   0.10   0.28   0.80      9      9      1   
  0.20   0.93   0.85   0.84      6      6      1   
  0.20   0.17   0.53   0.33      7      6      1   
  0.01   0.23   0.53   0.02     44      9      1   
  0.90   0.87   0.83   0.35      5      5      1   
  0.76   0.20   0.59   0.42      3      3      1   
  0.15   0.18   0.64   0.81      8      8      1   
  0.49   0.97   0.13   0.37     32      7      1   
  0.66   0.30   0.06   0.23      7      7      1   
  0.17   0.49   0.09   0.18      3      3      1   
  0.92   0.51   0.55   0.06      5      5      1   
  0.49   0.46   0.88   0.11      5      5      1   
  0.20   0.17   0.53   0.02     63      9      1   
  0.81   0.18   0.86   0.89      7      7      1   
  0.38   0.93   0.80   0.20      8      8      1   
  0.72   0.44   0.52   0.58      3      3      1   
  0.58   0.22   0.51   0.21      1      1      1   
  0.15   0.38   1.00   0.55      8      8      1   
  0.22   0.49   0.09   0.89     37      8      1   
  0.18   0.44   0.09   0.24      2      2      1   
  0.14   0.39   0.91   0.18     28      8      1   
  0.58   0.51   0.52   0.47      1      1      1   
  0.83   0.15   0.59   0.12      3      3      1   
  0.91   0.18   0.43   0.13      5      5      1   
  0.08   0.28   0.97   0.05     38     10      1   
  0.31   0.86   0.68   0.09      8      8      1   
  0.86   0.71   0.59   0.15      6      6      1   
  0.96   0.06   0.15   0.38     10      9      1   
  0.05   0.07   0.16   0.21      2      2      1   
  0.20   0.32   0.04   0.04      3      3      1   
  0.56   0.94   0.81   0.05      9      9      1   
  0.53   0.02   0.49   0.62      6      6      1   
  0.73   0.10   0.59   0.42      4      4      1   
  0.94   0.75   0.58   0.43      5      5      1   
  0.20   0.02   0.10   0.53      5      5      1   
  0.61   0.22   0.66   0.16      1      1      1   
  0.06   0.99   0.12   0.56     35      9      1   
  0.02   0.00   0.83   0.09     31     11      1   
  0.04   0.81   0.55   0.24      8      8      1   
  0.93   0.54   0.92   0.10      4      4      1   
  0.51   0.21   0.02   0.45      7      7      1   
  0.44   0.91   0.75   0.73      4      4      1   
  0.69   0.47   0.47   0.58      3      3      1   
  0.77   0.66   0.54   0.30      4      4      1   
  0.62   0.32   0.63   0.97      6      6      1   
  0.06   0.45   0.89   0.90      9      9      1   
  0.10   0.46   0.12   0.34      1      1      1   
  0.48   0.09   0.74   0.97      8      8      1   
  0.25   0.87   0.44   0.25      8      8      1   
  0.36   0.94   0.16   0.21     15      9      1   
  0.60   0.37   0.72   0.88      5      5      1   
  0.15   0.25   0.79   0.56      8      7      1   
  0.96   0.30   0.09   0.93     10     10      1   
  0.13   0.37   0.54   0.30     11      5      1   
  0.69   0.31   0.58   0.26      1      1      1   
  0.53   0.60   0.90   0.87      5      5      1   
  0.88   0.10   0.76   0.51      4      4      1   
  0.61   0.52   0.90   0.43      3      3      1   
  0.71   0.01   0.63   0.03      1      1      1   
  0.40   0.81   0.01   0.87      4      4      1   
  0.73   0.97   0.30   0.89      4      4      1   
  0.13   0.18   0.55   0.24     14      7      1   
  0.87   0.06   0.09   0.24     10      9      1   
  0.58   0.83   0.76   0.61      3      3      1   
  0.17   0.02   0.88   0.56     11     10      1   
  0.93   0.07   0.18   0.44      8      8      1   
  0.00   0.51   0.07   0.20      3      3      1   
  0.01   0.87   0.47   0.81      4      4      1   
  0.93   0.10   0.93   0.66      5      5      1   
  0.60   0.32   0.50   0.61      3      3      1   
  0.62   0.21   0.70   0.72      5      5      1   
  0.66   0.45   0.10   0.53      5      5      1   
  0.21   0.91   0.90   0.87      7      7      1   
  0.72   0.03   0.92   0.01      2      2      1   
  0.06   0.45   0.55   0.67      5      5      1   
  0.12   0.56   0.53   0.06     44      7      1   
  0.66   0.64   0.98   0.96      5      5      1   
  0.85   0.86   0.61   0.22      7      7      1   
  0.85   0.84   0.45   0.02      9      8      1   
  0.19   0.94   0.18   0.37     33      7      1   
  0.47   0.10   0.09   0.34      7      7      1   
  0.50   0.93   0.66   0.30      6      6      1   
  0.98   0.71   0.13   0.32      9      9      1   
  0.06   0.96   0.44   0.91      4      4      1   
  0.54   0.28   0.47   0.81      5      5      1   
  0.10   0.55   0.18   0.37      2      2      1   
  0.79   0.24   0.03   0.46      8      8      1   
  0.75   0.67   0.78   0.32      4      4      1   
  0.67   0.37   0.09   0.97      8      8      1   
  0.05   0.34   0.19   0.24      2      2      1   
  0.63   0.35   0.02   0.80     54      8      1   
  0.20   0.32   0.20   0.81     14      8      1   
  0.47   0.81   0.44   0.95      2      2      1   
  0.05   0.98   0.67   0.62      7      7      1   
  0.58   0.26   0.69   0.86      6      6      1   
  0.74   0.97   0.69   0.86      1      1      1   
  0.50   0.82   0.10   0.53      6      6      1   
  0.14   0.33   0.20   0.17      2      2      1   
  0.49   0.60   0.22   0.52      3      3      1   
  0.69   0.24   0.12   0.30      7      6      1   
  0.94   0.31   0.71   0.94      6      6      1   
  0.62   0.32   0.18   0.44      5      4      1   
  0.18   0.27   0.47   0.98      9      8      1   
  0.90   0.13   0.90   0.43      3      3      1   
  0.88   0.47   0.35   0.92      7      6      1   
  0.44   0.84   0.85   0.49      5      5      1   
  0.21   0.91   0.50   0.93      3      3      1   
  0.93   0.07   0.19   0.85     10     10      1   
  0.95   0.25   0.24   0.50      7      7      1   
  0.17   0.13   0.65   0.67      7      7      1   
  0.61   0.93   0.92   0.10      9      8      1   
  0.42   0.44   0.07   0.20      4      4      1   
  0.50   0.61   0.50   0.82      2      2      1   
  0.72   0.44   0.94   0.43      2      2      1   
  0.78   0.97   0.54   0.28      7      7      1   
  0.35   0.49   0.91   0.18      6      6      1   
  0.79   0.56   0.12   0.93      7      7      1   
  0.59   0.05   0.73   0.46      4      4      1   
  0.02   0.56   0.45   0.27      6      6      1   
  0.06   0.96   0.63   0.97      6      6      1   
  0.58   0.20   0.21   0.91      8      8      1   
  0.18   0.79   0.83   0.35      8      8      1   
  0.89   0.08   0.26   0.92     10     10      1   
  0.66   0.39   0.50   0.11      3      3      1   
  0.59   0.03   0.42   0.44      5      5      1   
  0.67   0.37   0.20   0.93      7      7      1   
  0.30   0.43   0.89   0.08      6      6      1   
  0.61   0.22   0.36   0.94      8      8      1   
Routing Failed to deliver
  0.20   0.32   0.01   0.08      3      3      1   
  0.19   0.24   0.05   0.28      2      2      1   
  0.55   0.95   0.94   0.49      6      6      1   
  0.48   0.47   0.18   0.79     26      5      1   
  0.60   0.32   0.56   0.24      1      1      1   
  0.58   0.26   0.14   0.77     40      7      1   
  0.70   0.88   0.56   0.87      2      2      1   
  0.18   0.57   0.48   0.47      3      3      1   
  0.76   0.20   0.78   0.97      8      7      1   
  0.38   0.93   0.88   0.51      6      6      1   
  0.09   0.18   0.01   0.23      1      1      1   
  0.63   0.20   0.02   0.56      7      7      1   
  0.74   0.82   0.95   0.25      6      6      1   
  0.49   0.81   0.83   0.15      7      7      1   
  0.55   0.67   0.19   0.06      7      7      1   
  0.70   0.79   0.70   0.42      4      4      1   
  0.18   0.27   0.26   0.82     11      7      1   
  0.92   0.74   0.69   0.24      5      5      1   
  0.95   0.25   0.63   0.03      4      4      1   
  0.15   0.38   0.09   0.34      1      1      1   
  0.70   0.79   0.35   0.92      4      4      1   
  0.82   0.87   0.89   0.08      8      8      1   
  0.41   0.33   0.62   0.26      2      2      1   
  0.96   0.26   0.24   0.50      7      7      1   
  0.72   0.44   0.32   0.48      4      4      1   
  0.58   0.22   0.05   0.28      7      7      1   
  0.87   0.26   0.86   0.89      7      7      1   
  0.73   0.46   0.78   0.93      5      5      1   
  0.59   0.79   0.84   0.41      4      4      1   
  0.54   0.80   0.09   0.93      5      5      1   
  0.47   0.10   0.92   0.10      4      4      1   
  0.85   0.02   0.63   0.03      3      3      1   
  0.59   0.42   0.08   0.23     16      6      1   
  0.14   0.39   0.71   0.76      6      6      1   
  0.25   1.00   0.78   0.97      5      5      1   
  0.44   0.14   0.16   0.04     35      8      1   
  0.62   0.05   0.53   0.02      1      1      1   
  0.06   0.96   0.88   0.63      8      8      1   
  0.20   0.01   0.57   0.94     10      9      1   
  0.22   0.16   0.94   0.12     19     10      1   
  0.49   0.73   0.42   0.44      3      3      1   
  0.26   0.82   0.84   0.41      6      6      1   
  0.93   0.10   0.61   0.22      3      3      1   
  0.19   0.11   0.01   0.87     42     11      1   
  0.49   0.62   0.63   0.35      3      3      1   
  0.36   0.78   0.94   0.65      6      6      1   
  0.70   0.64   0.69   0.47      2      2      1   
  0.61   0.32   0.17   0.98      8      8      1   
  0.08   0.28   0.20   0.93     14      9      1   
  0.50   0.82   0.35   0.49      4      4      1   
  0.87   0.26   0.62   0.05      3      3      1   
  0.71   0.74   0.94   0.75      3      3      1   
  0.05   0.34   0.41   0.82      7      6      1   
  0.07   0.20   0.17   0.49      3      3      1   
  0.81   0.05   0.69   0.31      3      3      1   
  0.74   0.82   0.59   0.12      7      7      1   
  0.08   0.23   0.74   0.82      8      8      1   
  0.16   0.21   0.57   0.87      8      8      1   
  0.48   0.74   0.04   0.93      5      5      1   
  0.18   0.34   0.20   0.50      2      2      1   
  0.69   0.86   0.89   0.25      6      6      1   
  0.84   0.87   0.48   0.99      4      4      1   
  0.46   0.07   0.71   0.76      7      7      1   
  0.59   0.12   0.05   0.31     12      8      1   
  0.44   0.01   0.93   0.07      5      5      1   
  0.79   0.42   0.80   0.17      3      3      1   
  0.61   0.56   0.93   0.07      5      5      1   
  0.04   0.13   0.09   0.22      1      1      1   
  1.00   0.19   0.10   0.22     11     10      1   
  0.36   0.53   0.94   0.43      5      5      1   
  0.59   0.75   0.05   0.07      8      8      1   
  0.97   0.22   0.70   0.72      6      5      1   
  0.48   0.71   0.56   0.44      3      3      1   
  0.60   0.32   0.45   0.05      3      3      1   
  0.06   0.87   0.98   0.96      9      9      1   
  0.17   0.02   0.79   0.52     10      9      1   
  0.57   0.59   0.89   0.19      5      5      1   
  0.52   0.47   0.55   0.67      2      2      1   
  0.40   0.81   0.78   0.91      4      4      1   
  0.11   0.55   0.36   0.53      3      3      1   
  0.36   0.55   0.98   0.96      7      7      1   
  0.02   0.45   0.69   0.19     29      7      1   
  0.52   0.58   0.53   0.03      5      5      1   
  0.31   0.45   0.44   0.91      5      5      1   
  0.91   0.25   0.37   0.82      7      7      1   
  0.09   0.08   0.11   0.55      4      4      1   
  0.34   0.50   0.48   0.47      2      2      1   
  0.17   0.06   0.41   0.10     56      9      1   
  0.46   0.72   0.36   0.78      1      1      1   
  0.51   0.83   0.09   0.34      6      6      1   
  0.64   0.81   0.31   0.86      3      3      1   
  0.67   0.72   0.22   0.16     60      7      1   
  0.03   0.46   0.09   0.18      3      3      1   
  0.61   0.22   0.71   0.94      7      7      1   
  0.58   0.51   0.94   0.39      4      4      1   
  0.79   0.52   0.94   0.75      3      3      1   
  0.04   0.04   0.93   0.66     12     11      1   
  0.11   0.55   0.86   0.41      7      7      1   
  0.54   0.80   0.75   0.97      3      3      1   
  0.59   0.79   0.19   0.09      9      9      1   
  0.12   0.56   0.60   0.28      5      5      1   
  0.30   0.43   0.87   0.29      5      5      1   
  0.45   0.69   0.54   0.17      5      5      1   
  0.30   0.43   0.10   0.53      2      2      1   
  0.78   0.91   0.99   0.42      5      5      1   
  0.86   0.41   0.58   0.43      3      3      1   
  0.23   1.00   0.61   0.93      4      4      1   
  0.85   0.02   0.18   0.25      9      9      1   
  0.12   0.30   0.12   0.34      1      1      1   
  0.13   0.98   0.99   0.22     11     10      1   
  0.13   0.07   0.50   0.75      8      8      1   
  0.53   0.60   0.69   0.82      3      3      1   
  0.71   0.94   0.78   0.97      1      1      1   
  0.90   0.43   0.47   0.81      6      5      1   
  0.94   0.31   0.83   0.12      2      2      1   
  0.57   0.10   0.18   0.77     38      9      1   
  0.54   0.21   0.59   0.75      5      5      1   
  0.78   0.93   0.56   0.44      5      5      1   
  0.89   0.19   0.78   0.97      8      8      1   
  0.48   0.47   0.20   0.01     99      6      1   
  0.96   0.30   0.53   0.38      4      4      1   
  0.50   0.52   0.79   0.24      4      4      1   
  0.53   0.20   0.52   0.58      4      4      1   
  0.55   0.03   0.77   0.79      7      7      1   
  0.68   0.82   0.19   0.94      5      5      1   
  0.99   0.55   0.17   0.02     61     11      1   
  0.92   0.01   0.51   0.31      5      5      1   
  0.13   0.18   0.52   0.01     56      9      1   
  0.09   0.79   0.54   0.21      9      9      1   
  0.23   0.52   0.54   0.30      4      4      1   
  0.09   0.79   0.69   0.31      8      8      1   
  0.42   0.44   0.53   0.38      1      1      1   
  0.44   0.61   0.65   0.23      4      4      1   
  0.93   0.54   0.44   0.01      7      7      1   
  0.26   0.96   0.19   0.20     19      9      1   
  0.08   0.10   0.89   0.35     11      9      1   
  0.16   0.04   0.36   0.78      9      8      1   
  0.58   0.22   0.61   0.63      4      4      1   
  0.70   0.42   0.41   0.82      5      5      1   
  0.63   0.97   0.41   0.10      9      9      1   
  0.76   0.66   0.55   0.95      4      4      1   
  0.09   0.22   0.90   0.87     10     10      1   
  0.53   0.48   0.88   0.56      4      4      1   
  0.20   0.32   0.44   0.14     42      6      1   
  0.14   0.33   0.91   0.18     21      8      1   
  0.59   0.14   0.32   0.48      5      5      1   
  0.14   0.39   0.70   0.88      8      7      1   
  0.41   0.10   0.09   0.78     35     10      1   
  0.75   0.28   0.78   0.97      7      7      1   
  0.20   0.81   0.19   0.24     17      8      1   
  0.98   0.96   0.09   0.24     11     11      1   
  0.47   0.79   0.56   0.90      2      2      1   
  0.06   0.96   0.64   0.40      8      8      1   
  0.35   0.92   1.00   0.89      6      6      1   
  0.61   0.93   0.65   0.41      5      5      1   
  0.41   0.10   0.89   0.98     10      9      1   
  0.59   0.42   0.79   0.52      2      2      1   
  0.62   0.61   0.62   0.21      4      4      1   
  0.83   0.35   0.20   0.93      8      8      1   
  0.57   0.59   0.12   0.34      5      5      1   
  0.88   0.10   0.60   0.67      6      6      1   
  0.09   0.18   0.34   0.50      4      4      1   
  0.65   0.67   0.94   0.26      5      5      1   
  0.50   0.75   0.88   0.51      4      4      1   
  1.00   0.19   0.05   0.31     10     10      1   
  0.72   0.88   0.31   0.86      4      4      1   
  0.46   0.72   0.94   0.43      5      5      1   
  0.83   0.09   0.98   0.96      8      8      1   
  0.83   0.34   0.44   0.91      6      6      1   
  0.81   0.39   0.35   0.92      6      6      1   
  0.54   0.28   0.19   0.13     26      6      1   
  0.87   0.29   0.93   0.66      4      4      1   
  0.06   0.03   0.08   0.28      3      3      1   
  0.69   0.19   0.21   0.12     36      7      1   
  0.52   0.58   0.06   0.03      8      7      1   
  0.42   0.44   0.41   0.10      4      4      1   
  0.46   0.08   0.04   0.81     43     10      1   
  0.60   0.12   0.99   0.55      6      5      1   
  0.80   0.00   0.49   0.46      5      5      1   
  0.77   0.14   0.89   0.25      2      2      1   
  0.05   0.98   0.14   0.33     17     10      1   
  0.04   0.13   0.84   0.87     10     10      1   
  0.37   0.82   0.66   0.64      3      3      1   
  0.98   0.71   0.36   0.55      6      6      1   
  0.87   0.06   0.20   0.93     10     10      1   
  0.63   0.20   0.09   0.93      9      9      1   
  0.62   0.26   0.36   0.53      4      4      1   
  0.06   0.03   0.01   0.08      1      1      1   
  0.06   0.99   0.85   0.86      8      8      1   
  0.48   0.71   0.23   1.00      4      4      1   
  0.04   0.08   0.14   0.33      3      3      1   
  0.47   0.98   0.53   0.84      2      2      1   
  0.97   0.05   0.53   0.84      8      8      1   
  0.49   0.97   0.18   0.34     15      7      1   
  0.94   0.12   0.70   0.64      6      6      1   
  0.65   0.41   0.08   0.28     16      6      1   
  0.65   0.67   0.91   0.00      7      7      1   
  0.58   0.51   0.45   0.60      2      2      1   
  0.23   0.44   0.55   0.41      4      4      1   
  0.87   0.29   0.47   0.58      5      5      1   
  0.30   0.43   0.65   0.19      4      4      1   
  0.48   0.12   0.50   0.61      5      5      1   
  0.82   0.87   0.70   0.42      5      5      1   
  0.69   0.18   0.83   0.35      2      2      1   
  0.00   0.46   0.53   0.38      5      5      1   
  0.09   0.34   0.83   0.09     38      8      1   
  0.14   0.33   0.72   0.44      6      6      1   
  0.02   0.00   0.77   0.48     11      9      1   
  0.13   0.36   0.19   0.13      2      2      1   
  0.48   0.74   0.86   0.83      4      4      1   
  0.72   0.44   0.75   0.97      5      5      1   
  0.50   0.75   0.54   0.28      4      4      1   
  0.56   0.44   0.99   0.42      4      4      1   
  0.53   0.84   0.77   0.38      5      5      1   
  1.00   0.55   0.52   0.91      6      6      1   
  0.96   0.30   0.26   0.82      8      8      1   
  0.15   0.18   0.70   0.88      9      9      1   
  0.92   0.01   0.50   0.52      6      6      1   
  0.71   0.76   0.83   0.34      4      4      1   
  0.54   0.17   0.20   0.32      6      6      1   
  0.44   0.54   0.47   0.79      3      3      1   
  0.69   0.18   0.81   0.32      2      2      1   
  0.83   0.09   0.48   0.12      4      3      1   
  0.26   0.92   0.66   0.45      6      6      1   
  0.75   0.26   0.18   0.10     42      9      1   
  0.54   0.85   0.72   0.20      6      6      1   
  0.81   0.39   0.18   0.25      9      7      1   
  0.19   0.09   0.47   0.58      6      6      1   
  0.52   0.91   0.45   0.05      8      8      1   
  0.92   0.10   0.83   0.34      3      3      1   
  0.83   0.34   0.94   0.49      2      2      1   
  0.04   0.93   0.65   0.41      8      8      1   
  0.21   0.91   0.76   0.26      8      8      1   
  0.19   0.06   0.79   0.56     10      9      1   
  0.59   0.75   0.54   0.28      4      4      1   
  0.60   0.12   0.18   0.79      8      8      1   
  0.61   0.22   0.52   0.01      3      3      1   
  0.66   0.64   0.67   0.62      1      1      1   
  0.59   0.05   0.86   0.70      7      7      1   
  0.86   0.89   0.15   0.07     45     11      1   
  0.54   0.60   0.77   0.48      3      3      1   
  0.70   0.42   0.62   0.61      3      3      1   
  0.12   0.34   0.66   0.16     26      7      1   
  0.51   0.21   0.92   0.22      4      4      1   
  0.84   0.38   0.17   0.49      7      7      1   
  0.70   0.88   0.55   0.67      3      3      1   
  0.13   0.18   0.74   0.82      8      8      1   
  0.10   0.46   0.77   0.48      6      6      1   
  0.13   0.18   0.29   0.43      3      3      1   
  0.55   0.41   0.23   0.79      5      5      1   
  0.20   0.32   0.17   0.02      3      3      1   
  0.76   0.26   0.59   0.79      5      5      1   
  0.17   0.13   0.05   0.98     42     11      1   
  0.18   0.44   0.93   0.66      8      8      1   
  0.71   0.94   0.19   0.13      9      9      1   
  0.59   0.03   0.70   0.64      6      6      1   
  0.06   0.17   0.06   0.99     43     11      1   
  0.98   0.49   0.73   0.46      3      3      1   
  0.69   0.61   0.03   0.46      6      6      1   
  0.14   0.77   0.86   1.00      7      7      1   
  0.78   0.93   0.56   0.94      2      2      1   
  0.70   0.64   0.47   0.98      4      4      1   
  0.35   0.49   0.60   0.37      3      3      1   
  0.45   0.02   0.93   0.07      5      5      1   
  0.68   0.71   0.18   0.57      6      6      1   
  0.98   0.71   0.94   0.12      6      6      1   
  0.17   0.13   0.90   0.87     10     10      1   
