  0.70   0.88   0.65   0.01      8      8      1   
  0.49   0.95   0.16   0.52      5      5      1   
  0.58   0.65   0.03   0.32      6      6      1   
  0.85   0.43   0.77   0.43      1      1      1   
  0.22   0.17   0.69   0.03     14      8      1   
  0.04   0.71   0.73   0.47      7      7      1   
  0.17   0.02   0.20   0.80      8      7      1   
  0.91   0.24   0.52   0.15      4      4      1   
  0.06   0.36   0.75   0.91      8      8      1   
  0.95   0.67   0.74   0.08      6      6      1   
  0.08   0.44   0.68   0.66      6      6      1   
  0.86   0.34   0.26   0.49      6      6      1   
  0.12   0.71   0.65   0.47      6      6      1   
  0.30   0.53   0.90   0.92      7      7      1   
  0.31   0.65   0.65   0.08      7      7      1   
  0.49   0.71   0.02   0.78      4      4      1   
  0.17   0.57   0.65   0.13      6      6      1   
  0.27   0.52   0.75   0.63      5      5      1   
  0.15   0.65   0.56   0.39      5      5      1   
  0.03   0.89   0.67   0.30      9      8      1   
  0.03   0.02   0.40   0.58      7      7      1   
  0.95   0.82   0.46   0.14      8      8      1   
  0.08   0.77   0.30   0.53      3      3      1   
  0.70   0.23   0.55   0.56      4      4      1   
  0.10   0.72   0.59   0.19      7      7      1   
  0.10   0.17   0.09   0.43      3      3      1   
  0.22   0.76   0.55   0.24      6      6      1   
  0.91   0.62   0.10   0.58      9      8      1   
  0.97   0.74   0.96   0.37      4      4      1   
  0.70   0.81   0.84   0.20      6      6      1   
  0.19   0.87   0.91   0.36      9      8      1   
  0.31   0.55   0.30   0.95      4      4      1   
  0.90   0.66   0.92   0.77      1      1      1   
  0.43   0.69   0.05   0.19      6      6      1   
  0.86   0.70   0.52   0.67      3      3      1   
  0.40   0.80   0.76   0.05      8      8      1   
  0.17   0.34   0.86   0.70      7      7      1   
  0.17   0.50   0.76   0.87      7      6      1   
  0.21   0.91   0.52   0.12      8      8      1   
  0.84   0.45   0.52   0.89      5      5      1   
  0.75   0.65   0.81   0.38      3      3      1   
  0.57   0.20   0.25   0.75      6      6      1   
  0.46   0.14   0.18   0.11     16      7      1   
  0.23   0.46   0.20   0.96      5      5      1   
  0.36   0.70   0.94   0.13      8      8      1   
  0.20   0.47   0.68   0.76      6      5      1   
  0.52   0.67   0.04   0.93      5      5      1   
  0.14   0.86   0.72   0.63      6      6      1   
  0.61   0.31   0.84   0.53      3      3      1   
  0.00   0.01   0.62   0.34      8      8      1   
  0.97   0.05   0.68   0.34      4      4      1   
  0.88   0.03   0.62   0.44      5      5      1   
  0.87   0.64   0.69   0.95      3      3      1   
  0.12   0.23   0.70   0.23     10      7      1   
  0.04   0.71   0.20   0.96      3      3      1   
  0.20   0.75   0.76   0.19      8      7      1   
  0.23   0.74   0.22   0.91      2      2      1   
  0.44   0.08   0.65   0.13      2      2      1   
  0.91   0.24   0.68   0.66      5      5      1   
  0.62   0.34   0.15   0.72      6      6      1   
  0.11   0.40   0.75   0.63      7      7      1   
  0.10   0.17   0.03   0.40      3      3      1   
  0.22   0.91   0.57   0.05      9      9      1   
  0.97   0.74   0.07   0.67      8      8      1   
  0.21   0.97   0.71   0.73      6      6      1   
  0.92   0.42   0.88   0.85      4      4      1   
  0.17   0.19   0.26   0.49      3      3      1   
  0.91   0.01   0.12   0.71     10     10      1   
  0.72   0.39   0.46   0.10      4      4      1   
  0.34   0.52   0.33   0.67      2      2      1   
  0.07   0.99   0.79   0.70      7      7      1   
  0.44   0.20   0.91   0.36      5      5      1   
  0.65   0.13   0.10   0.09     17      8      1   
  0.92   0.56   0.99   0.12      5      5      1   
  0.19   0.87   0.08   0.59      3      3      1   
  0.06   0.33   0.17   0.02      3      3      1   
  0.65   0.98   0.81   0.76      3      3      1   
  0.91   0.74   0.11   0.18      9      9      1   
  0.73   0.08   0.15   0.86      9      9      1   
  0.70   0.81   0.54   0.67      2      2      1   
  0.47   0.12   0.75   0.17      3      3      1   
  0.53   0.17   0.91   0.62      5      5      1   
  0.04   0.12   0.74   0.08     18      9      1   
  0.03   0.89   0.92   0.56      9      9      1   
  0.66   0.24   0.08   0.20     12      7      1   
  0.44   0.20   0.67   0.79      6      6      1   
  0.58   0.93   0.15   0.46      6      6      1   
  0.35   0.69   0.06   0.96      4      4      1   
  0.91   0.35   0.65   0.60      3      3      1   
  0.74   0.77   0.20   0.47      6      6      1   
  0.78   1.00   0.74   0.94      1      1      1   
  0.81   0.89   0.17   0.19      9      9      1   
  0.46   0.10   0.08   0.26      6      6      1   
  0.85   0.43   0.21   0.64      7      7      1   
  0.19   0.01   0.79   0.70     10     10      1   
  0.08   0.86   0.90   0.66      8      8      1   
  0.40   0.80   0.31   0.65      2      2      1   
  0.31   1.00   0.64   0.84      4      4      1   
  0.21   0.53   0.58   0.25      5      5      1   
  0.17   0.98   0.28   0.51      5      5      1   
  0.31   0.65   0.30   0.53      1      1      1   
  0.84   0.53   0.25   0.53      6      6      1   
  0.46   0.14   0.92   0.65      7      7      1   
  0.44   0.94   0.26   0.70      3      3      1   
  0.05   0.79   0.48   0.01     48      9      1   
  0.70   0.01   0.70   0.81      7      7      1   
  0.69   0.86   0.86   0.70      3      3      1   
  0.17   0.27   0.21   0.27      1      1      1   
  0.80   0.24   0.67   0.82      6      6      1   
  0.44   0.38   0.84   0.71      5      5      1   
  0.30   0.95   0.45   0.29      7      7      1   
  0.45   0.98   0.66   0.36      6      6      1   
  0.89   0.29   0.77   0.13      2      2      1   
  0.28   0.45   0.49   0.23      3      3      1   
  0.96   0.37   0.01   0.24     14     10      1   
  0.91   0.35   0.21   0.91      9      9      1   
  0.46   0.56   0.77   0.45      3      3      1   
  0.56   0.56   0.66   0.40      2      2      1   
  0.67   0.79   0.00   0.01     10     10      1   
  0.44   0.20   0.90   0.67      6      6      1   
  0.16   0.86   0.03   0.32      5      5      1   
  0.42   0.86   0.83   0.73      4      4      1   
  0.53   0.32   0.04   0.93      7      7      1   
  0.58   0.93   0.62   0.34      6      6      1   
  0.62   0.34   0.08   0.59      6      6      1   
  0.21   0.91   0.56   0.56      5      5      1   
  0.17   0.27   0.89   0.06     13      9      1   
  0.35   0.69   0.23   0.74      2      2      1   
  0.70   0.01   0.44   0.36      4      4      1   
  0.66   0.40   0.92   0.65      4      4      1   
  0.57   0.05   0.17   0.50      6      6      1   
  0.44   0.20   0.46   0.42      2      2      1   
  0.16   0.86   0.12   0.24      6      6      1   
  0.14   0.13   0.21   0.91      7      7      1   
  0.04   0.71   0.18   0.11      6      6      1   
  0.58   0.62   0.74   0.06      6      6      1   
  0.91   0.35   0.10   0.27      8      8      1   
  0.14   0.23   0.13   0.86      6      6      1   
  0.07   0.02   0.71   0.91     11     10      1   
  0.05   0.05   0.84   0.45     11     10      1   
  0.20   0.51   0.51   0.23      4      4      1   
  0.80   0.25   0.13   0.14     16      8      1   
  0.84   0.45   0.87   0.45      1      1      1   
  0.25   0.53   0.06   0.99      5      5      1   
  0.86   0.34   0.46   0.88      6      6      1   
  0.32   0.98   0.01   0.24      8      8      1   
  0.03   0.95   0.13   0.05      8      8      1   
  0.58   0.62   0.80   0.36      4      4      1   
  0.59   0.25   0.69   0.86      6      6      1   
  0.75   0.17   0.17   0.02     27      9      1   
  0.31   0.65   0.81   0.38      6      6      1   
  0.69   0.27   0.08   0.82      7      7      1   
  0.44   0.36   0.50   0.69      4      4      1   
  0.49   0.95   0.95   0.67      5      5      1   
  0.09   0.08   0.69   0.86     10      9      1   
  0.60   0.31   0.04   0.71      7      7      1   
  0.68   0.34   0.55   0.08      3      3      1   
  0.99   0.74   0.57   0.20      7      7      1   
  0.17   0.98   0.66   0.39      8      8      1   
  0.04   0.71   0.27   0.52      3      3      1   
  0.73   0.47   0.74   0.08      4      4      1   
  0.72   0.61   0.40   0.77      3      3      1   
  0.73   0.08   0.50   0.69      6      6      1   
  0.16   0.52   0.91   0.94      9      8      1   
  0.26   0.70   0.84   0.20      8      8      1   
  0.16   0.65   0.65   0.60      5      5      1   
  0.14   0.86   0.06   0.99      2      2      1   
  0.18   0.38   0.30   0.95      6      5      1   
  0.94   0.13   0.36   0.70      8      8      1   
  0.71   0.91   0.15   0.65      6      6      1   
  0.86   0.05   0.45   0.38      5      5      1   
  0.44   0.20   0.24   0.49      4      4      1   
  0.81   0.49   0.22   0.76      6      6      1   
  0.91   0.94   0.75   0.17      8      8      1   
  0.67   0.52   0.20   0.96      6      6      1   
  0.45   0.28   0.76   0.05      4      4      1   
  0.03   0.89   0.70   0.19      9      9      1   
  0.83   0.92   0.16   0.37      9      8      1   
  0.31   0.65   0.60   0.03      7      7      1   
  0.83   0.92   0.64   0.22      8      7      1   
  0.08   1.00   0.65   0.44      8      8      1   
  0.13   0.04   0.30   0.40      4      4      1   
  0.08   0.77   0.52   0.12      8      8      1   
  0.94   0.13   0.56   0.26      4      4      1   
  0.57   0.05   0.30   0.63      7      6      1   
  0.05   0.05   0.77   0.43     10      9      1   
  0.13   0.86   0.66   0.24      8      7      1   
  0.92   0.83   0.26   0.49      7      7      1   
  0.14   0.68   0.91   0.24      8      8      1   
  0.69   0.03   0.76   0.87      8      8      1   
  0.76   0.93   0.40   0.58      5      5      1   
  0.34   0.82   0.43   0.12      7      7      1   
  0.77   0.34   0.67   0.52      2      2      1   
  0.11   0.18   0.33   0.84      7      7      1   
  0.22   0.39   0.56   0.26      4      4      1   
  0.03   0.47   0.12   0.18      3      3      1   
  0.49   0.84   0.17   0.27      6      6      1   
  0.13   0.17   0.02   0.35      2      2      1   
  0.73   0.66   0.97   0.47      3      3      1   
  0.31   1.00   0.47   0.12      9      9      1   
  0.49   0.95   0.44   0.20      7      7      1   
  0.84   0.20   0.91   0.35      2      2      1   
  0.77   0.43   0.30   0.63      5      5      1   
  0.70   0.19   0.57   0.82      6      6      1   
  0.22   0.61   0.42   0.41      3      3      1   
  0.69   0.27   0.01   0.94      9      9      1   
  0.13   0.14   0.12   0.13      1      1      1   
  0.57   0.76   0.76   0.03      8      8      1   
  0.66   0.36   0.21   0.64      5      5      1   
  0.44   0.20   0.97   0.47      6      6      1   
  0.75   0.17   0.10   0.09     18      9      1   
  0.91   0.25   0.89   0.66      4      4      1   
  0.91   0.62   0.80   0.24      4      4      1   
  0.13   0.29   0.09   0.81      5      5      1   
  0.17   0.21   0.59   0.19     10      7      1   
  0.22   0.61   0.06   0.96      4      4      1   
  0.51   0.55   0.20   0.30      4      4      1   
  0.71   0.91   0.60   0.31      6      6      1   
  0.03   0.95   0.22   0.76      3      3      1   
  0.02   0.35   0.89   0.55      9      9      1   
  0.33   0.51   0.85   0.05      7      7      1   
  0.38   0.91   0.92   0.59      6      6      1   
  0.70   0.88   0.35   0.69      4      4      1   
  0.81   0.76   0.27   0.68      5      5      1   
  0.76   0.93   0.14   0.68      6      6      1   
  0.80   0.25   0.22   0.39      6      6      1   
  0.28   0.88   0.08   0.77      2      2      1   
  0.13   0.05   0.26   0.79      7      7      1   
  0.49   0.23   0.12   0.18      9      6      1   
  0.18   0.75   0.71   0.45      6      6      1   
  0.20   0.80   0.90   0.63      7      7      1   
  0.43   0.92   0.67   0.52      4      4      1   
  0.79   0.70   0.20   0.96      6      6      1   
  0.68   0.34   0.21   0.73      6      6      1   
  0.13   0.29   0.02   0.35      1      1      1   
  0.94   0.49   0.19   0.01     51     10      1   
  0.16   0.37   0.23   0.85      5      5      1   
  0.84   0.53   0.05   0.71      8      8      1   
  0.58   0.34   0.46   0.88      6      6      1   
  0.67   0.79   0.07   0.93      6      6      1   
  0.13   0.04   0.26   0.72      6      6      1   
  0.06   0.33   0.10   0.27      1      1      1   
  0.80   0.11   0.08   0.04     26     10      1   
  0.23   0.46   0.13   0.24      3      3      1   
  0.16   0.52   0.89   0.66      7      7      1   
  0.70   0.88   0.57   0.76      2      2      1   
  0.70   0.88   0.07   0.99      6      6      1   
  0.26   0.70   0.65   0.44      5      5      1   
  0.70   0.81   0.38   0.91      3      3      1   
  0.09   0.21   0.08   0.44      3      3      1   
  0.91   0.36   0.01   0.69      9      9      1   
  0.05   0.29   0.18   0.75      5      5      1   
  0.80   0.87   0.05   0.19      9      9      1   
  0.98   0.27   0.17   0.27     10      9      1   
  0.41   0.35   0.16   0.17      4      4      1   
  0.70   0.23   0.87   0.45      3      3      1   
  0.04   0.95   0.03   0.31      7      7      1   
  0.28   0.51   0.08   0.82      4      4      1   
  0.35   0.69   0.51   0.55      2      2      1   
  0.70   0.01   0.43   0.50      5      5      1   
  0.91   0.01   0.80   0.36      4      4      1   
  0.20   0.75   0.51   0.55      4      4      1   
  0.14   0.23   0.54   0.11     10      6      1   
  0.28   0.53   0.26   0.49      1      1      1   
  0.90   0.01   0.15   0.86     10     10      1   
  0.48   0.60   0.03   0.32      5      5      1   
  0.38   0.91   0.75   0.63      5      5      1   
  0.54   0.01   0.75   0.91      8      8      1   
  0.02   0.18   0.01   0.99      8      8      1   
  0.90   0.67   0.16   0.45      8      7      1   
  0.21   0.59   0.20   0.47      1      1      1   
  0.47   0.12   0.98   0.31      6      6      1   
  0.84   0.03   0.07   0.67     10      9      1   
  0.08   0.77   0.14   0.72      1      1      1   
  0.78   0.72   0.52   0.12      6      6      1   
  0.72   0.61   0.70   0.01      6      6      1   
  0.44   0.20   0.49   0.95      7      7      1   
  0.34   0.52   0.55   0.24      4      4      1   
  0.96   0.05   0.69   0.86      8      8      1   
  0.56   0.12   0.05   0.71      7      7      1   
  0.46   0.10   0.70   0.01      3      3      1   
  0.74   0.08   0.48   0.60      6      6      1   
  0.15   0.46   0.88   0.94      8      8      1   
  0.66   0.40   0.01   0.82      8      8      1   
  0.54   0.67   0.90   0.75      4      4      1   
  0.23   0.46   0.06   0.39      2      2      1   
  0.95   0.82   0.21   0.64      7      7      1   
  0.90   0.67   0.09   0.16     18     10      1   
  0.97   0.47   0.77   0.41      2      2      1   
  0.86   0.70   0.95   0.25      5      5      1   
  0.99   0.12   0.52   0.89      9      9      1   
  0.73   0.66   0.59   0.74      2      2      1   
  0.08   0.77   0.70   0.23      8      8      1   
  0.64   0.84   0.34   0.64      4      4      1   
  0.11   0.50   0.03   0.47      1      1      1   
  0.17   0.27   0.69   0.45      6      6      1   
  0.68   0.34   0.41   1.00      7      7      1   
  0.55   0.49   0.30   0.95      5      5      1   
  0.08   0.44   0.21   0.27      2      2      1   
  0.21   0.27   0.16   0.18      1      1      1   
  0.78   1.00   0.20   0.75      7      7      1   
  0.80   0.05   0.06   0.04     25     10      1   
  0.68   0.66   0.44   0.36      4      4      1   
  0.36   0.83   0.21   0.64      2      2      1   
  0.57   0.20   0.74   0.77      6      6      1   
  0.80   0.11   0.91   0.71      6      6      1   
  0.88   0.16   0.22   0.91     10     10      1   
  0.08   0.26   0.34   0.91      7      7      1   
  0.23   0.85   0.20   0.96      1      1      1   
  0.77   0.45   0.05   0.79      7      7      1   
  0.69   0.97   0.69   0.06      9      9      1   
  0.17   0.98   0.43   0.20      8      8      1   
  0.65   0.98   0.75   0.65      3      3      1   
  0.99   0.76   0.03   0.02     28     12      1   
  0.96   0.36   0.74   0.25      3      3      1   
  0.45   0.29   0.03   0.02     26      7      1   
  0.91   0.94   0.08   0.44      9      9      1   
  0.39   0.72   0.26   0.79      2      2      1   
  0.21   0.97   0.28   0.55      4      4      1   
  0.45   0.98   0.17   0.98      3      3      1   
  0.91   0.74   0.04   0.80      8      8      1   
  0.77   0.43   0.27   0.68      5      5      1   
  0.91   0.94   0.11   0.50      8      8      1   
  0.49   0.71   0.28   0.51      3      3      1   
  0.13   0.17   0.17   0.19      1      1      1   
  0.41   0.19   0.52   0.73      5      5      1   
  0.70   0.81   0.93   0.70      3      3      1   
  0.36   0.70   0.84   0.03      8      8      1   
  0.17   0.27   0.92   0.77      9      9      1   
  0.52   0.12   0.74   0.06      2      2      1   
  0.99   0.76   0.55   0.56      5      5      1   
  0.44   0.20   0.07   0.99      8      8      1   
  0.14   0.86   0.33   0.51      4      4      1   
  0.09   0.67   0.49   0.10      7      7      1   
  0.25   0.74   0.69   0.97      5      5      1   
  0.23   0.85   0.76   0.87      5      5      1   
  0.19   0.01   0.17   0.50      5      5      1   
  0.18   0.61   0.26   0.79      2      2      1   
  0.91   0.35   0.78   0.20      2      2      1   
  0.14   0.68   0.39   0.72      3      3      1   
  0.76   0.05   0.31   0.65      8      7      1   
  0.97   0.74   0.07   0.99      9      8      1   
  0.49   0.10   0.13   0.05     22      8      1   
  0.06   0.04   0.09   0.08      1      1      1   
  0.41   0.30   0.91   0.25      5      5      1   
  0.41   0.29   0.81   0.42      4      4      1   
  0.59   0.19   0.78   0.20      2      2      1   
  0.44   0.85   0.78   1.00      4      4      1   
  0.01   0.94   0.71   0.73      7      7      1   
  0.22   0.91   0.90   0.75      6      6      1   
  0.04   0.80   0.73   0.47      8      7      1   
  1.00   0.63   0.74   0.44      3      3      1   
  0.84   0.53   0.20   0.30      8      8      1   
  0.03   0.47   0.69   0.86      7      7      1   
  0.56   0.58   0.60   0.31      3      3      1   
  0.15   0.65   0.57   0.20      6      6      1   
  0.02   0.35   0.01   0.82      4      4      1   
  0.28   0.45   0.89   0.25      6      6      1   
  0.03   0.31   0.03   0.47      2      2      1   
  0.20   0.80   0.77   0.34      8      7      1   
  0.71   0.45   0.16   0.98      8      8      1   
  0.17   0.86   0.35   0.54      4      4      1   
  0.15   0.65   0.08   0.59      1      1      1   
  0.01   0.44   0.78   0.72      8      8      1   
  0.13   0.04   0.64   0.84      9      9      1   
  0.80   0.24   0.54   0.11      3      3      1   
  0.48   0.01   0.12   0.71      8      8      1   
  0.09   0.16   0.58   0.79      8      8      1   
  0.91   0.94   0.14   1.00      8      7      1   
  0.74   0.06   0.12   0.71      8      8      1   
  0.22   0.91   0.14   0.84      1      1      1   
  0.44   0.81   0.06   0.96      4      4      1   
  0.81   0.63   0.01   0.69      8      7      1   
  0.13   0.17   0.06   0.36      2      2      1   
  0.72   0.39   0.80   0.49      1      1      1   
  0.42   0.41   0.20   0.75      4      4      1   
  0.19   0.82   0.65   0.60      5      5      1   
  0.23   0.85   0.33   0.51      3      3      1   
  0.92   0.56   0.46   0.10      6      6      1   
  0.91   0.25   0.83   0.92      7      7      1   
  0.66   0.40   0.79   0.77      4      4      1   
  0.10   0.25   0.18   0.38      2      2      1   
  0.02   0.18   0.03   0.81      6      6      1   
  0.75   0.65   0.40   0.77      3      3      1   
  0.20   0.35   0.68   0.66      5      5      1   
  0.67   0.30   0.75   0.17      2      2      1   
  0.89   0.25   0.32   0.98      9      9      1   
  0.26   0.70   0.52   0.34      5      5      1   
  0.74   0.08   0.99   0.74      7      7      1   
  0.30   0.53   0.50   0.69      3      3      1   
  0.16   0.18   0.65   0.47      7      7      1   
  0.05   0.31   0.56   0.78      6      6      1   
  0.10   0.79   0.28   0.45      4      4      1   
  0.80   0.87   0.21   0.58      6      6      1   
  0.42   0.41   0.02   0.14      5      5      1   
  0.97   0.05   0.17   0.98     12     12      1   
  0.69   0.27   0.27   0.72      6      6      1   
  0.91   0.35   0.88   0.03      3      3      1   
  0.91   0.35   0.60   0.52      3      3      1   
  0.03   0.89   0.45   0.29      7      7      1   
  0.80   0.24   0.64   0.84      6      6      1   
  0.69   0.95   0.14   1.00      6      6      1   
  0.29   0.91   0.03   0.31      6      6      1   
  0.13   0.14   0.82   0.12     16      9      1   
  0.41   0.04   0.65   0.98     10     10      1   
  0.03   0.89   0.10   0.09      8      8      1   
  0.28   0.88   0.66   0.39      6      6      1   
  0.06   0.39   0.73   0.90      8      8      1   
  0.57   0.00   0.71   0.31      3      3      1   
  0.10   0.79   0.91   0.51      8      8      1   
  0.13   0.86   0.53   0.32      6      6      1   
  0.20   0.35   0.14   0.23      2      2      1   
  0.64   0.87   0.77   0.55      3      3      1   
  0.69   0.27   0.54   0.01      3      3      1   
  0.09   0.52   0.74   0.06      7      7      1   
  0.19   0.01   0.41   0.82      8      8      1   
  0.09   0.52   0.55   0.08      7      7      1   
  0.15   0.46   0.22   0.39      1      1      1   
  0.03   0.31   0.13   0.24      1      1      1   
  0.04   0.12   0.55   0.74      8      8      1   
  0.08   0.86   0.86   0.70      8      8      1   
  0.33   0.67   0.80   0.11      8      7      1   
  0.28   0.55   0.87   0.65      6      6      1   
  0.74   0.25   0.05   0.71      8      8      1   
  0.44   0.36   0.11   0.40      4      4      1   
  0.95   0.31   0.22   0.76      8      8      1   
  0.09   0.52   0.88   0.16      8      8      1   
  0.48   0.01   0.13   0.04     20      9      1   
  0.87   0.45   0.53   0.17      4      4      1   
  0.76   0.03   0.78   0.20      2      2      1   
  0.22   0.76   0.31   1.00      3      3      1   
  0.89   0.89   0.74   0.94      2      2      1   
  0.58   0.79   1.00   0.63      4      4      1   
  0.28   0.88   0.65   0.18      8      8      1   
  0.93   0.08   0.15   0.02     46     11      1   
  0.71   0.73   0.74   0.06      6      6      1   
  0.71   0.45   0.69   0.27      2      2      1   
  0.92   0.59   0.30   0.53      7      6      1   
  0.81   0.49   0.20   0.80      7      7      1   
  0.07   0.67   0.13   0.83      2      2      1   
  0.59   0.19   0.81   0.76      6      6      1   
  0.71   0.73   0.26   0.72      4      4      1   
  0.09   0.81   0.52   0.73      4      4      1   
  0.47   0.12   0.70   0.01      3      3      1   
  0.78   0.20   0.11   0.40      7      7      1   
  0.88   0.16   0.26   0.72      8      8      1   
  0.03   0.89   0.45   0.98      4      4      1   
  0.75   0.17   0.59   0.19      2      2      1   
  0.60   0.70   0.00   0.01      9      9      1   
  0.08   0.04   0.49   0.23     12      7      1   
  0.65   0.47   0.64   0.71      2      2      1   
  0.17   0.98   0.22   0.95      1      1      1   
  0.23   0.46   0.12   0.35      2      2      1   
  0.12   0.71   0.22   0.39      3      3      1   
  0.89   0.66   0.31   0.55      7      6      1   
  0.35   0.69   0.01   0.24      5      5      1   
  0.13   0.11   0.62   0.36      7      6      1   
  0.21   0.58   0.30   0.66      1      1      1   
  0.21   0.59   0.70   0.19      7      6      1   
  0.43   0.92   0.80   0.25      7      7      1   
  0.67   0.82   0.73   0.66      2      2      1   
  0.21   0.97   0.69   0.97      5      5      1   
  0.43   0.69   0.43   0.50      2      2      1   
  0.91   0.01   0.91   0.51      5      5      1   
  0.85   0.05   0.20   0.51      8      8      1   
  0.10   0.25   0.58   0.65      6      6      1   
  0.94   0.13   0.18   0.38      8      8      1   
  1.00   0.63   0.07   0.67      8      8      1   
  0.79   0.70   0.23   0.79      5      5      1   
  0.69   0.45   0.37   0.83      5      5      1   
  0.76   0.19   0.45   0.29      3      3      1   
  0.07   0.67   0.13   0.04      6      6      1   
  0.75   0.17   0.79   0.70      5      5      1   
  0.11   0.18   0.53   0.32      6      5      1   
  0.49   0.84   0.80   0.87      3      3      1   
  0.52   0.73   0.05   0.71      4      4      1   
  0.09   0.67   0.70   0.19      8      8      1   
  0.48   0.01   0.56   0.39      4      4      1   
  0.66   0.36   0.06   0.33      6      6      1   
  0.20   0.96   0.17   0.27      6      6      1   
  0.41   0.04   0.71   0.45      5      5      1   
  0.75   0.63   0.28   0.51      5      5      1   
  0.65   0.60   0.13   0.24      6      6      1   
  0.96   0.36   0.21   0.53      7      7      1   
  0.30   0.53   0.52   0.12      5      5      1   
  0.96   0.37   0.07   0.67      9      9      1   
  0.05   0.71   0.89   0.06     10     10      1   
  0.04   0.58   0.08   0.59      1      1      1   
  0.56   0.39   0.10   0.45      5      5      1   
  0.81   0.63   0.52   0.15      5      5      1   
  0.15   0.02   0.51   0.23     12      7      1   
  0.94   0.02   0.51   0.93      9      9      1   
  0.51   0.23   0.53   0.32      1      1      1   
  0.74   0.06   0.02   0.18     13      9      1   
  0.52   0.15   1.00   0.63      6      6      1   
  0.46   0.42   0.66   0.39      2      2      1   
  0.75   0.91   0.74   0.65      3      3      1   
  0.22   0.61   0.62   0.44      4      4      1   
  0.33   0.84   0.44   0.81      1      1      1   
  0.74   0.25   0.34   0.52      5      5      1   
  0.26   0.70   0.67   0.82      4      4      1   
  0.04   0.80   0.02   0.78      1      1      1   
  0.56   0.39   0.78   0.20      3      3      1   
  0.24   0.49   0.46   0.14      5      5      1   
  0.66   0.40   0.28   0.53      4      4      1   
  0.35   0.69   0.43   0.92      2      2      1   
  0.49   0.71   0.01   0.99      6      6      1   
  0.80   0.25   0.16   0.17     12      8      1   
  0.43   0.12   0.22   0.91      8      8      1   
  0.87   0.65   0.13   0.04     28     10      1   
  0.08   0.04   0.92   0.56     12     11      1   
  0.99   0.76   0.11   0.18     16     10      1   
  0.03   0.32   0.03   0.02      3      3      1   
  0.62   0.44   0.04   0.75      6      6      1   
  0.16   0.45   0.28   0.51      2      2      1   
  0.44   0.08   0.52   0.12      1      1      1   
  0.44   0.81   0.86   0.89      4      4      1   
  0.32   0.98   0.43   0.69      3      3      1   
  0.42   0.86   0.27   0.52      4      4      1   
  0.74   0.77   0.79   0.70      1      1      1   
  0.59   0.19   0.54   0.67      5      5      1   
  0.13   0.17   0.94   0.49     10      9      1   
  0.17   0.34   0.46   0.81      5      5      1   
  0.58   0.62   0.77   0.43      3      3      1   
  0.54   0.01   0.86   0.34      4      4      1   
  0.65   0.91   0.89   0.55      4      4      1   
  0.88   0.16   0.07   0.02     26     10      1   
  0.86   0.89   0.62   0.36      6      6      1   
  0.01   0.44   0.52   0.15      7      7      1   
  0.16   0.45   0.66   0.39      5      5      1   
  0.56   0.26   0.33   0.67      5      5      1   
  0.84   0.20   0.57   0.00      3      3      1   
  0.43   0.12   0.08   0.86      8      8      1   
  0.89   0.55   0.97   0.47      1      1      1   
  0.66   0.36   0.70   0.88      5      5      1   
  0.76   0.03   0.22   0.61      8      8      1   
  0.69   0.45   0.03   0.81      7      7      1   
  0.90   0.01   0.75   0.71      7      7      1   
  0.54   0.01   0.73   0.47      5      5      1   
  0.43   0.12   0.95   0.31      6      6      1   
  0.12   0.23   0.27   0.72      5      5      1   
  0.13   0.05   0.41   0.29      6      6      1   
  0.40   0.77   0.03   0.81      4      4      1   
  0.16   0.52   0.20   0.35      2      2      1   
  0.99   0.74   0.95   0.31      5      5      1   
  0.44   0.36   0.16   0.65      4      4      1   
  0.21   0.53   0.69   0.27      5      5      1   
  0.95   0.94   0.80   0.87      2      2      1   
  0.79   0.77   0.12   0.71      7      7      1   
  0.19   0.01   0.07   0.02      1      1      1   
  0.12   0.71   0.75   0.91      7      6      1   
  0.52   0.34   0.77   0.55      3      3      1   
  0.75   0.71   0.83   0.73      1      1      1   
  0.11   0.40   0.25   0.53      2      2      1   
  0.73   0.83   0.61   0.07      7      7      1   
  0.41   0.30   0.15   0.72      5      5      1   
  0.66   0.36   0.08   1.00      9      9      1   
  0.93   0.70   0.75   0.63      2      2      1   
  0.88   0.94   0.09   0.08     27     11      1   
  0.80   0.36   0.10   0.79      8      8      1   
  0.67   0.52   0.43   0.12      5      5      1   
  0.52   0.67   0.83   0.92      4      4      1   
  0.22   0.61   0.12   0.13      5      5      1   
  0.47   0.12   0.43   0.20      1      1      1   
  0.89   0.29   0.06   0.96     10     10      1   
  0.23   0.79   0.04   0.58      3      3      1   
  0.65   0.47   0.02   0.35      7      7      1   
  0.10   0.27   0.55   0.24     10      6      1   
  0.20   0.47   0.19   0.87      4      4      1   
  0.32   0.98   0.52   0.12      9      9      1   
  0.87   0.65   0.80   0.36      3      3      1   
  0.80   0.49   0.13   0.24     13      7      1   
  0.28   0.55   0.78   0.20      6      6      1   
  0.31   1.00   0.68   0.04     10     10      1   
  0.14   0.86   0.13   0.04      8      8      1   
  0.78   0.95   0.55   0.74      3      3      1   
  0.51   0.55   0.13   0.83      4      4      1   
  0.04   0.95   0.10   0.79      2      2      1   
  0.70   0.23   0.74   0.65      4      4      1   
  0.63   0.90   0.58   0.79      1      1      1   
  0.83   0.92   0.28   0.53      7      6      1   
  0.18   0.75   0.08   0.86      2      2      1   
  0.01   0.44   0.38   0.62      4      4      1   
  0.08   0.82   0.23   0.85      2      2      1   
  0.79   0.70   0.77   0.41      3      3      1   
  0.64   0.71   0.13   0.83      5      5      1   
  0.85   0.43   0.24   0.49      6      6      1   
  0.96   0.37   0.24   0.64      8      7      1   
  0.43   0.12   0.26   0.72      6      6      1   
  0.08   0.26   0.80   0.25     12      7      1   
  0.81   0.76   0.52   0.34      5      5      1   
  0.43   0.69   0.30   0.53      2      2      1   
  0.30   0.66   0.56   0.26      5      5      1   
  0.12   0.24   0.03   0.02      3      3      1   
  0.21   0.91   0.84   0.71      7      7      1   
  0.85   0.70   0.26   0.49      6      6      1   
  0.68   0.76   0.65   0.44      4      4      1   
  0.86   0.89   0.23   0.46      7      7      1   
  0.77   0.34   0.26   0.79      7      7      1   
  0.64   0.22   0.05   0.29      8      7      1   
  0.92   0.42   0.67   0.79      4      4      1   
  0.42   0.41   0.21   0.58      3      3      1   
  0.74   0.65   0.06   0.99      8      7      1   
  0.21   0.97   0.69   0.06     10     10      1   
  0.09   0.67   0.16   0.86      2      2      1   
  0.12   0.13   0.78   0.20     15      8      1   
  0.20   0.35   0.91   0.94      9      8      1   
  0.81   0.42   0.24   0.64      6      6      1   
  0.12   0.73   0.57   0.76      4      4      1   
  0.75   0.71   0.21   0.97      6      6      1   
  0.75   0.63   0.06   0.36      7      7      1   
  0.84   0.89   0.69   0.45      4      4      1   
  0.07   0.99   0.21   0.58      4      4      1   
  0.46   0.42   0.08   0.44      4      4      1   
  0.99   0.12   0.26   0.72      9      9      1   
  0.95   0.94   0.25   0.75      7      7      1   
  0.81   0.00   0.76   0.03      1      1      1   
  0.67   0.79   0.65   0.18      6      6      1   
  0.68   0.04   0.76   0.93      8      8      1   
  0.28   0.88   0.75   0.71      5      5      1   
  0.75   0.17   0.24   0.64      6      6      1   
  0.21   0.58   0.13   0.17      4      4      1   
  0.95   0.82   0.16   0.45      8      8      1   
  0.57   0.20   0.10   0.27      6      6      1   
  0.92   0.77   0.80   0.05      7      7      1   
  0.64   0.71   0.17   0.98      6      6      1   
  0.46   0.81   0.92   0.59      5      5      1   
  0.45   0.98   0.72   0.61      4      4      1   
  0.87   0.45   0.95   0.67      2      2      1   
  0.13   0.86   0.15   0.86      1      1      1   
  0.06   0.99   0.92   0.56      9      9      1   
  0.14   0.72   0.02   0.78      2      2      1   
  0.73   0.66   0.42   0.67      3      3      1   
  0.75   0.17   0.05   0.31      8      7      1   
  0.07   0.44   0.77   0.41      7      7      1   
  0.17   0.86   0.91   0.01     10     10      1   
  0.80   0.11   0.72   0.39      3      3      1   
  0.75   0.65   0.68   0.34      3      3      1   
  0.16   0.18   0.91   0.71      9      9      1   
  0.06   0.39   0.60   0.31      5      5      1   
  0.07   0.99   0.06   0.96      1      1      1   
  0.46   0.14   0.50   0.39      3      3      1   
  0.58   0.79   0.71   0.45      4      4      1   
  0.18   0.38   0.69   0.86      7      6      1   
  0.68   0.76   0.58   0.25      5      5      1   
  0.11   0.18   0.74   0.06     23      8      1   
  0.03   0.89   0.90   0.75      8      8      1   
  0.28   0.55   0.99   0.12      8      8      1   
  0.21   0.58   0.30   0.63      1      1      1   
  0.69   0.27   0.10   0.72      7      7      1   
  0.16   0.45   0.12   0.71      3      3      1   
  0.46   0.56   0.58   0.62      2      2      1   
  0.80   0.87   0.55   0.24      7      6      1   
  0.87   0.64   0.01   0.69      8      8      1   
  0.03   0.95   0.33   0.67      4      4      1   
  0.83   0.92   0.34   0.52      6      6      1   
  0.27   0.52   0.96   0.37      7      7      1   
  0.14   0.84   0.89   0.89      7      7      1   
  0.45   0.38   0.83   0.73      5      5      1   
  0.81   0.42   0.95   0.82      4      4      1   
  0.30   0.53   0.21   0.18      4      4      1   
  0.21   0.18   0.18   0.61      4      4      1   
  0.18   0.61   0.16   0.18      4      4      1   
  0.97   0.05   0.81   0.00      2      2      1   
  0.03   0.95   0.87   0.45     10     10      1   
  0.15   0.86   0.70   0.23      8      8      1   
  0.75   0.65   0.99   0.76      3      3      1   
  0.40   0.80   0.54   0.52      3      3      1   
  0.91   0.35   0.13   0.04     28     10      1   
  0.37   0.83   0.38   0.62      2      2      1   
  0.64   0.84   0.65   0.80      1      1      1   
  0.46   0.81   0.24   0.64      3      3      1   
  0.06   0.39   0.57   0.05     29      7      1   
  0.40   0.80   0.74   0.25      6      6      1   
  0.95   0.94   0.33   0.51      7      7      1   
  0.41   0.82   0.60   0.70      3      3      1   
  0.18   0.11   0.03   0.40      3      3      1   
  0.14   0.68   0.75   0.17      8      7      1   
  0.64   0.09   0.64   0.84      7      7      1   
  0.54   0.01   0.25   0.74      7      7      1   
  0.96   0.36   0.49   0.71      6      6      1   
  0.01   0.44   0.03   0.02      4      4      1   
  0.66   0.36   0.12   0.18     11      7      1   
  0.85   0.05   0.21   0.53      8      8      1   
  0.14   1.00   0.12   0.71      3      3      1   
  0.65   0.18   0.80   0.11      2      2      1   
  0.27   0.72   0.15   0.72      1      1      1   
  0.06   0.04   0.25   0.74      7      7      1   
  0.38   0.62   0.31   0.65      1      1      1   
  0.21   0.53   0.08   0.04      5      5      1   
  0.47   0.12   0.09   0.43      6      6      1   
  0.86   0.89   0.19   0.44      8      8      1   
  0.31   0.65   0.83   0.92      6      6      1   
  0.13   0.29   0.22   0.95      6      6      1   
  0.96   0.37   0.57   0.20      4      4      1   
  0.10   0.25   0.27   0.52      3      3      1   
  0.78   0.72   0.20   0.80      6      6      1   
  0.92   0.59   0.84   0.89      3      3      1   
  0.65   0.98   0.75   0.63      4      4      1   
  0.51   0.55   0.69   0.97      4      4      1   
  0.92   0.83   0.75   0.17      7      7      1   
  0.94   0.02   0.41   1.00     10     10      1   
  0.20   0.30   0.66   0.24     11      6      1   
  0.77   0.13   0.90   0.01      2      2      1   
  0.67   0.82   0.20   0.30      7      7      1   
  0.42   0.86   0.10   0.17      7      7      1   
  0.13   0.29   0.60   0.52      6      5      1   
  0.08   0.77   0.62   0.44      6      6      1   
  0.77   0.13   0.44   0.94      8      8      1   
  0.91   0.36   0.06   0.96     10     10      1   
  0.86   0.05   0.28   0.88     10     10      1   
  0.58   0.25   0.12   0.35      6      5      1   
  0.67   0.01   0.21   0.18     26      8      1   
  0.58   0.93   0.72   0.39      5      5      1   
  0.95   0.67   0.31   0.65      6      6      1   
  0.31   0.55   0.77   0.41      4      4      1   
  0.17   0.50   0.69   0.45      5      5      1   
  0.99   0.12   0.51   0.55      7      7      1   
  0.46   0.14   0.90   0.75      7      7      1   
  0.22   0.61   0.74   0.65      5      5      1   
  1.00   0.63   0.43   0.50      6      5      1   
  0.69   0.11   0.84   0.89      7      7      1   
  0.93   0.70   0.65   0.80      3      3      1   
  0.17   0.50   0.44   0.38      3      3      1   
  0.48   0.60   0.78   1.00      5      5      1   
  0.75   0.91   0.72   0.63      3      3      1   
  0.76   0.19   0.71   0.31      2      2      1   
  0.39   0.65   0.91   0.36      6      6      1   
  0.49   0.84   0.39   0.65      2      2      1   
  0.99   0.74   0.62   0.36      5      5      1   
  0.44   0.08   0.41   0.04      1      1      1   
  0.13   0.86   0.18   0.38      5      5      1   
  0.13   0.29   0.33   0.51      3      3      1   
  0.86   0.34   0.44   0.38      4      4      1   
  0.68   0.66   0.69   0.27      4      4      1   
  0.54   0.52   0.75   0.17      4      4      1   
  0.03   0.89   0.91   0.36     10      9      1   
  0.41   0.04   0.78   0.20      4      4      1   
  0.37   0.83   0.42   0.41      4      4      1   
  0.68   0.34   0.22   0.95      8      8      1   
  0.95   0.31   0.37   0.40      6      6      1   
  0.22   0.95   0.75   0.71      6      6      1   
  0.49   0.10   0.89   0.55      6      6      1   
  0.84   0.20   0.04   0.58      9      8      1   
  0.10   0.45   0.92   0.59      8      8      1   
  0.89   0.89   0.90   0.01      9      9      1   
  0.84   0.71   0.99   0.74      2      2      1   
  0.23   0.85   0.60   0.31      7      7      1   
  0.35   0.54   0.20   0.35      2      2      1   
  0.69   0.27   0.92   0.65      4      4      1   
  0.85   0.70   0.81   0.49      2      2      1   
  0.33   0.67   0.01   0.69      3      3      1   
  0.75   0.63   0.33   0.67      5      5      1   
  0.34   0.82   0.77   0.13      8      8      1   
  0.21   0.53   0.49   0.23      4      4      1   
  0.52   0.73   0.12   0.24      6      6      1   
  0.17   0.27   0.00   0.01      3      3      1   
  0.57   0.05   0.45   0.29      3      3      1   
  0.69   0.95   0.86   0.34      6      6      1   
  1.00   0.63   0.21   0.73      7      7      1   
  0.65   0.13   0.90   0.75      7      6      1   
  0.90   0.01   0.98   0.27      4      4      1   
  0.81   0.49   0.30   0.95      7      7      1   
  0.91   0.94   0.20   0.51      8      8      1   
  0.67   0.52   0.94   0.49      3      3      1   
  0.31   0.65   0.08   0.26      4      4      1   
  0.23   0.46   0.46   0.42      3      3      1   
  0.62   0.44   0.17   0.21     12      7      1   
  0.55   0.24   0.88   0.16      3      3      1   
  0.41   0.30   0.75   0.17      4      4      1   
  0.92   0.65   0.24   0.64      7      7      1   
  0.76   0.93   0.25   0.74      5      5      1   
  0.55   0.56   0.21   0.27      5      5      1   
  0.21   0.29   0.74   0.77      7      7      1   
  0.89   0.06   0.67   0.30      3      3      1   
  0.20   0.75   0.41   0.82      3      3      1   
  0.92   0.77   0.30   0.40      7      7      1   
  0.16   0.65   0.35   0.69      2      2      1   
  0.49   0.10   0.17   0.34      5      5      1   
  0.60   0.31   0.97   0.05      4      4      1   
  0.70   0.81   0.57   0.05      7      7      1   
  0.52   0.67   0.01   0.24      6      6      1   
  0.51   0.93   0.28   0.51      5      4      1   
  0.79   0.77   0.03   0.32      9      8      1   
  0.21   0.64   1.00   0.63      7      7      1   
  0.25   0.53   0.67   0.01      7      7      1   
  0.06   0.99   0.52   0.34      8      8      1   
  0.55   0.49   0.98   0.31      4      4      1   
  0.28   0.88   0.06   0.99      3      3      1   
  0.20   0.51   0.88   0.94      8      8      1   
  0.44   0.85   0.80   0.11      8      8      1   
  0.39   0.72   0.46   0.10      6      6      1   
  0.12   0.73   0.58   0.79      4      4      1   
  0.08   1.00   0.03   0.32      6      6      1   
  0.98   0.27   0.64   0.09      4      4      1   
  0.08   0.44   0.91   0.01      9      9      1   
  0.33   0.51   0.60   0.52      3      3      1   
  0.54   0.11   0.20   0.75      7      7      1   
  0.08   0.26   0.76   0.87      8      8      1   
  0.55   0.24   0.65   0.01      3      3      1   
  0.25   0.75   0.45   0.38      4      4      1   
  0.08   0.44   0.54   0.01     40      7      1   
  0.56   0.12   0.03   0.02     24      9      1   
  0.08   0.44   0.09   0.16      3      3      1   
  0.74   0.25   0.06   0.04     20      9      1   
  0.77   0.41   0.30   0.53      5      5      1   
  0.55   0.08   0.99   0.76      7      7      1   
  0.55   0.08   0.80   0.24      3      3      1   
  0.16   0.45   0.15   0.02      4      4      1   
  0.10   0.09   0.84   0.53     10     10      1   
  0.90   0.01   0.22   0.95     11     11      1   
  0.09   0.43   0.46   0.88      6      5      1   
  0.70   0.19   0.86   0.70      5      5      1   
  0.57   0.20   0.37   0.83      6      6      1   
  0.94   0.02   0.02   0.78     11     11      1   
  0.86   0.70   0.54   0.67      3      3      1   
  0.28   0.55   0.87   0.65      6      6      1   
  0.60   0.31   0.01   0.44      6      6      1   
  0.96   0.36   0.81   0.49      2      2      1   
  0.55   0.74   0.07   0.67      5      5      1   
  0.06   0.39   0.99   0.12      9      9      1   
  0.89   0.29   0.70   0.23      2      2      1   
  0.12   0.24   0.80   0.36      8      7      1   
  0.77   0.34   0.53   0.17      3      3      1   
  0.30   0.66   0.46   0.81      2      2      1   
  0.52   0.89   0.64   0.09      8      8      1   
  0.07   0.99   0.10   0.72      3      3      1   
  0.88   0.16   0.18   0.38      7      7      1   
  0.00   0.01   0.29   0.91      9      9      1   
  0.09   0.52   0.84   0.20      8      8      1   
  0.27   0.65   0.45   0.28      4      4      1   
  0.03   0.89   0.52   0.34      7      7      1   
  0.90   0.01   0.41   0.04      5      5      1   
  0.46   0.42   0.84   0.71      5      5      1   
  0.00   0.01   0.20   0.96      9      9      1   
  0.51   0.55   0.80   0.25      5      5      1   
  0.15   0.72   0.72   0.61      6      5      1   
  0.74   0.08   0.10   0.58      8      8      1   
  0.81   0.38   0.28   0.88      7      7      1   
  0.02   0.18   0.61   0.31      7      7      1   
  0.23   0.97   0.10   0.72      3      3      1   
  0.81   0.42   0.16   0.17     13      8      1   
  0.84   0.45   0.47   0.12      5      5      1   
  0.98   0.31   0.77   0.13      3      3      1   
  0.89   0.29   0.20   0.80      9      8      1   
  0.69   0.46   0.78   0.95      5      5      1   
  0.84   0.20   0.45   0.29      4      4      1   
  0.93   0.70   0.91   0.35      4      4      1   
  0.03   0.40   0.29   0.91      6      6      1   
  0.45   0.98   0.34   0.82      2      2      1   
  0.30   0.95   0.19   0.44      5      5      1   
  0.77   0.34   0.13   0.24     11      7      1   
  0.09   0.67   0.84   0.53      8      8      1   
  0.14   1.00   1.00   0.63      8      8      1   
  0.27   0.60   0.20   0.47      2      2      1   
  0.11   0.18   0.45   0.98      8      8      1   
  0.10   0.45   0.65   0.13      6      6      1   
  0.52   0.89   0.46   0.88      1      1      1   
  0.22   0.39   0.17   0.19      2      2      1   
  0.40   0.80   0.23   0.85      2      2      1   
  0.01   0.94   0.21   0.53      4      4      1   
  0.71   0.73   0.78   0.95      3      3      1   
  0.64   0.87   0.03   0.95      6      6      1   
  0.84   0.71   0.44   0.38      5      5      1   
  0.95   0.25   0.86   0.70      5      5      1   
  0.34   0.91   0.98   0.34      8      8      1   
  0.52   0.12   0.80   0.05      3      3      1   
  0.08   0.82   0.89   0.89      8      8      1   
  0.41   0.35   0.80   0.11      5      5      1   
  0.28   0.66   0.31   0.55      1      1      1   
  0.75   0.63   0.57   0.00      6      6      1   
  0.78   0.95   0.94   0.13      8      8      1   
  0.91   0.35   0.12   0.23     12      8      1   
  0.55   0.49   0.30   0.53      3      3      1   
  0.31   1.00   0.44   0.85      2      2      1   
  0.50   0.39   0.86   0.70      5      5      1   
  0.39   0.52   0.87   0.64      5      5      1   
  0.13   0.04   0.83   0.73     11     10      1   
  0.64   0.84   0.30   0.66      4      4      1   
  0.15   0.72   0.84   0.89      7      7      1   
  0.91   0.62   0.22   0.91      7      7      1   
  0.44   0.20   0.08   0.86      7      7      1   
  0.12   0.13   0.13   0.05      1      1      1   
  0.23   0.85   0.73   0.08      9      9      1   
  0.74   0.44   0.14   0.84      7      7      1   
  0.74   0.44   0.42   0.86      5      5      1   
  0.10   0.09   0.38   0.91      8      8      1   
  0.81   0.00   0.20   0.80     10     10      1   
  0.75   0.63   0.11   0.40      7      7      1   
  0.00   0.01   0.34   0.91      9      9      1   
  0.30   0.53   0.79   0.70      5      5      1   
  0.94   0.49   0.57   0.76      5      5      1   
  0.15   0.72   0.56   0.58      4      4      1   
  0.09   0.21   0.79   0.77      9      9      1   
  0.74   0.77   0.65   0.98      2      2      1   
  0.17   0.98   0.83   0.73      7      7      1   
  0.78   0.20   0.23   0.79      8      8      1   
  0.10   0.25   0.86   0.70      9      8      1   
  0.67   0.30   0.91   0.01      4      4      1   
  0.86   0.70   0.45   0.38      5      5      1   
  0.59   0.25   0.18   0.11     17      7      1   
  0.74   0.65   0.05   0.71      6      6      1   
  0.51   0.93   0.16   0.45      5      5      1   
  0.06   0.36   0.05   0.71      3      3      1   
  0.10   0.45   0.68   0.66      6      6      1   
  0.13   0.17   0.91   0.35      9      9      1   
  0.44   0.08   0.65   0.13      2      2      1   
  0.52   0.73   0.49   0.71      1      1      1   
  0.77   0.43   0.01   0.94      9      9      1   
  0.55   0.49   0.87   0.65      4      4      1   
  0.75   0.17   0.64   0.84      7      7      1   
  0.69   0.03   0.05   0.31      8      8      1   
  0.70   0.81   0.92   0.77      2      2      1   
  0.92   0.77   0.69   0.86      3      3      1   
  0.64   0.71   0.87   0.64      2      2      1   
  0.32   0.98   0.19   0.01     10      9      1   
  0.70   0.81   0.40   0.58      4      4      1   
  0.03   0.47   0.25   0.53      2      2      1   
  0.92   0.83   0.10   0.25      9      9      1   
  0.70   0.19   0.40   0.77      6      6      1   
  0.71   0.73   0.15   0.72      5      5      1   
  0.21   0.58   0.12   0.24      3      3      1   
  0.65   0.91   0.16   0.52      6      6      1   
  0.88   0.16   0.91   0.74      6      6      1   
  0.62   0.44   0.04   0.71      6      6      1   
  0.08   0.26   0.13   0.04      2      2      1   
  0.80   0.25   0.56   0.78      6      6      1   
  0.99   0.12   0.60   0.31      4      4      1   
  0.13   0.17   0.79   0.77      9      9      1   
  0.16   0.98   0.77   0.55      7      7      1   
  0.94   0.49   0.67   0.01      6      6      1   
  0.65   0.47   0.28   0.45      4      4      1   
  0.00   0.01   0.03   0.95      8      8      1   
  0.64   0.84   0.54   0.52      3      3      1   
  0.60   0.52   0.86   0.34      3      3      1   
  0.03   0.31   0.23   0.97      6      6      1   
  0.89   0.29   0.90   0.67      4      4      1   
  0.38   0.62   0.65   0.98      5      5      1   
  0.22   0.39   0.66   0.06      6      6      1   
  0.24   0.64   0.22   0.95      3      3      1   
  0.65   0.01   0.91   0.62      6      6      1   
  0.62   0.44   0.31   0.55      3      3      1   
  0.17   0.02   0.70   0.23     13      9      1   
  0.25   0.53   0.03   0.47      2      2      1   
  0.45   0.29   0.03   0.31      6      5      1   
  0.21   0.64   0.03   0.31      4      4      1   
  0.49   0.95   0.91   0.62      5      5      1   
  0.13   0.83   0.82   0.12      9      9      1   
  0.36   0.83   0.03   0.02      9      9      1   
  0.99   0.74   0.52   0.15      7      7      1   
  0.89   0.89   0.77   0.34      5      5      1   
  0.54   0.52   0.42   0.86      4      4      1   
  0.91   0.94   0.03   0.89      8      8      1   
  0.18   0.61   0.19   0.01      6      6      1   
  0.69   0.86   0.58   0.28      6      6      1   
  0.92   0.65   0.61   0.31      5      5      1   
  0.07   0.99   0.10   0.27      7      7      1   
  0.51   0.23   0.69   0.45      3      3      1   
  0.70   0.88   0.60   0.31      6      6      1   
  0.71   0.45   0.52   0.34      3      3      1   
  0.44   0.36   0.98   0.34      5      5      1   
  0.14   0.68   0.80   0.05      9      8      1   
  0.64   0.71   0.67   0.82      1      1      1   
  0.73   0.66   0.58   0.62      2      2      1   
  0.11   0.40   0.80   0.36      7      7      1   
  0.18   0.11   0.10   0.72      7      7      1   
  0.43   0.50   0.72   0.39      3      3      1   
  0.03   0.32   0.52   0.15     11      7      1   
  0.55   0.49   0.77   0.41      2      2      1   
  0.27   0.52   0.05   0.31      3      3      1   
  0.04   0.93   0.44   0.38      7      6      1   
  0.73   0.47   0.91   0.35      2      2      1   
  0.24   0.49   1.00   0.63      7      7      1   
  0.13   0.04   0.91   0.62     12     11      1   
  0.08   0.44   0.05   0.05      4      4      1   
  0.01   0.99   0.52   0.67      7      6      1   
  0.15   0.65   0.26   0.49      2      2      1   
  0.14   1.00   0.65   0.01     11     10      1   
  0.92   0.42   0.81   0.49      1      1      1   
  0.73   0.66   0.27   0.65      5      5      1   
  0.75   0.17   0.62   0.34      2      2      1   
  0.13   0.24   0.89   0.89      9      9      1   
  0.74   0.25   0.01   0.67      8      8      1   
  0.90   0.92   0.11   0.18     10     10      1   
  0.70   0.81   0.22   0.17     14      8      1   
  0.66   0.06   0.70   0.01      1      1      1   
  0.70   0.23   0.08   0.44      6      6      1   
  0.95   0.82   0.81   0.38      5      5      1   
  0.55   0.49   0.85   0.05      5      5      1   
  0.16   0.18   0.46   0.88      7      7      1   
  0.80   0.24   0.76   0.03      2      2      1   
  0.25   0.74   0.79   0.77      5      5      1   
  0.25   0.75   0.17   0.02      7      7      1   
  0.03   0.40   0.04   0.58      2      2      1   
  0.16   0.52   0.69   0.97      7      7      1   
  0.07   0.67   0.74   0.66      6      6      1   
  0.69   0.45   0.71   0.91      5      5      1   
  0.18   0.14   0.66   0.40      8      7      1   
  0.39   0.65   0.84   0.53      5      5      1   
  0.08   1.00   0.01   0.82      2      2      1   
