  0.29   0.10   0.78   0.32      5      5      1   
  0.55   0.95   0.18   0.27      7      7      1   
  0.70   0.64   0.01   0.33      7      7      1   
  0.13   0.36   0.71   0.74      6      6      1   
  0.87   0.26   0.88   0.51      3      3      1   
  0.09   0.78   0.39   0.29      8      8      1   
  0.34   0.21   0.03   0.84     42      9      1   
  0.41   0.10   0.86   1.00      9      9      1   
  0.49   0.73   0.86   1.00      4      4      1   
  0.99   0.55   0.65   0.19      5      5      1   
  0.31   0.86   0.30   0.39      6      6      1   
  0.95   0.25   0.19   0.10      7      7      1   
  0.25   0.05   0.18   0.77     28      9      1   
  0.51   0.19   0.17   0.06      4      4      1   
  0.06   0.99   0.15   0.18     18     11      1   
  0.99   0.21   0.14   0.33      7      7      1   
  0.81   0.18   0.53   0.02      3      3      1   
  0.09   0.34   0.83   0.34      7      7      1   
  0.34   0.19   0.06   0.96     41     10      1   
  0.13   0.36   0.25   0.10      3      3      1   
  0.59   0.18   0.96   0.06      4      4      1   
  0.56   0.24   0.50   0.52      3      3      1   
  0.54   0.17   0.84   0.38      3      3      1   
  0.54   0.21   0.70   0.44      3      3      1   
  0.08   0.28   0.71   0.00      7      7      1   
  0.79   0.10   0.50   0.82      7      7      1   
  0.23   0.12   0.18   0.37      3      3      1   
  0.34   0.39   0.96   0.06      7      7      1   
  0.26   0.16   0.89   0.19      6      6      1   
  0.09   0.34   0.26   0.92     10      8      1   
  0.38   0.37   0.19   0.20      3      3      1   
  0.96   0.26   0.20   0.54      8      8      1   
  0.76   0.78   0.12   0.30      7      7      1   
  0.84   0.87   0.78   0.32      6      6      1   
  0.85   0.49   0.47   0.98      6      6      1   
  1.00   0.10   0.18   0.79     39     10      1   
  0.53   0.38   0.60   0.32      1      1      1   
  0.44   0.25   0.26   0.32      2      2      1   
  0.15   0.38   0.54   0.85      6      6      1   
  0.85   0.86   0.19   0.94      7      6      1   
  0.70   0.42   0.56   0.24      2      2      1   
  0.15   0.38   0.51   0.16      4      4      1   
  0.75   0.30   0.85   0.02      3      3      1   
  0.75   0.26   0.05   0.11      7      7      1   
  0.92   0.22   0.61   0.93      8      7      1   
  0.19   0.20   0.68   0.71      7      7      1   
  0.15   0.25   0.25   0.37      2      2      1   
  0.26   0.92   0.99   0.55      8      7      1   
  0.79   0.24   0.84   0.38      2      2      1   
  0.21   0.12   0.89   0.35      7      6      1   
  0.56   0.94   0.76   0.74      3      3      1   
  0.58   0.83   0.88   0.56      4      4      1   
  0.53   0.48   0.78   0.91      5      5      1   
  0.09   0.18   0.36   0.55      4      4      1   
  0.10   0.19   0.74   0.97      9      9      1   
  0.33   0.18   0.05   0.07      3      3      1   
  0.65   0.13   0.53   0.33      2      2      1   
  0.70   0.64   0.27   0.15      6      6      1   
  0.68   0.55   0.10   0.22      7      7      1   
  0.52   0.91   0.91   0.18      8      8      1   
  0.83   0.23   0.37   0.90      8      8      1   
  0.16   0.04   0.40   0.36      4      4      1   
  0.31   0.03   0.02   0.51      5      5      1   
  0.79   0.24   0.31   0.45      6      5      1   
  0.01   0.08   0.56   0.24      5      5      1   
  0.44   0.95   0.69   0.47      5      5      1   
  0.88   0.56   0.91   0.00      5      5      1   
  0.25   0.10   0.26   0.37      3      3      1   
  0.37   0.06   0.55   0.24      3      3      1   
  0.22   0.45   0.03   0.12      4      4      1   
  0.58   0.26   0.14   0.33      5      4      1   
  0.47   0.98   0.81   0.89      4      4      1   
  0.04   0.13   0.75   0.30      7      7      1   
  0.19   0.11   0.30   0.43      3      3      1   
  0.63   0.35   0.05   0.31      5      5      1   
  0.13   0.37   0.56   0.94      7      7      1   
  0.69   0.31   0.20   0.50      5      5      1   
  0.54   0.80   0.41   0.10      8      7      1   
  0.94   0.03   0.26   0.92     11     11      1   
  0.29   0.10   0.77   0.26      5      5      1   
  0.54   0.21   0.34   0.21      2      2      1   
  0.20   0.81   0.20   0.01     22     10      1   
  0.55   0.41   0.25   1.00      6      6      1   
  0.45   0.69   0.09   0.78      4      4      1   
  0.91   0.25   0.52   0.91      7      7      1   
  0.70   0.64   0.52   0.91      4      4      1   
  0.44   0.14   0.67   0.72      6      6      1   
  0.15   0.18   0.27   0.15      1      1      1   
  0.55   0.03   0.36   0.94     10      9      1   
  0.18   0.10   0.08   0.23      2      2      1   
  0.13   0.32   0.26   0.85     10      7      1   
  0.62   0.26   1.00   0.89     15      8      1   
  0.19   0.13   0.92   0.10      7      7      1   
  0.23   0.11   0.95   0.25      7      7      1   
  0.59   0.14   0.46   0.34      3      3      1   
  0.05   0.11   0.82   0.14      7      7      1   
  0.85   0.86   0.27   0.09      9      9      1   
  0.55   0.03   0.04   0.93     42     11      1   
  0.58   0.43   0.71   0.00      4      4      1   
  0.02   0.80   0.35   0.92      4      4      1   
  0.12   0.32   0.36   0.78      7      6      1   
  0.53   0.03   0.18   0.79     30      9      1   
  0.23   0.37   0.55   0.48      4      4      1   
  0.59   0.14   0.53   0.35      2      2      1   
  0.19   0.11   0.08   0.38      3      3      1   
  0.97   0.32   0.12   0.93     10     10      1   
  0.59   0.15   0.88   0.63      5      5      1   
  0.57   0.95   0.26   0.49      6      6      1   
  0.04   0.13   0.28   0.02      3      3      1   
  0.15   0.07   0.18   0.10      1      1      1   
  0.75   0.30   0.70   0.44      2      2      1   
  0.05   0.11   0.58   0.85      9      8      1   
  0.88   0.63   0.63   0.20      5      5      1   
  0.52   0.47   0.18   0.25      5      5      1   
  0.93   0.54   0.18   0.27      7      7      1   
  0.22   0.45   0.07   0.20      3      3      1   
  0.57   0.59   0.18   0.25      6      5      1   
  0.54   0.80   0.49   0.81      1      1      1   
  0.06   0.45   0.38   0.37      3      3      1   
  0.94   0.12   0.25   0.37      7      7      1   
  0.51   0.10   0.59   0.42      3      3      1   
  0.29   0.10   0.35   0.23      2      2      1   
  0.66   0.64   0.54   0.30      4      4      1   
  0.92   0.61   0.86   0.89      3      3      1   
  0.86   0.89   0.69   0.19      8      7      1   
  0.58   0.85   0.17   0.78      4      4      1   
  0.89   0.19   0.47   0.79      7      7      1   
  0.52   0.91   0.12   0.32      7      7      1   
  0.59   0.42   0.11   0.55      5      5      1   
  0.12   0.56   0.69   0.86      7      7      1   
  0.97   0.05   0.71   0.33      4      4      1   
  0.05   0.98   0.71   0.00     12     12      1   
  0.02   0.51   0.91   0.25      9      9      1   
  0.80   0.00   0.97   0.22      3      3      1   
  0.25   0.87   0.94   0.39      8      8      1   
  0.76   0.14   0.96   0.26      3      3      1   
  0.27   0.11   0.61   0.52      5      5      1   
  0.28   0.80   0.18   0.27     12      7      1   
  0.68   0.71   0.06   0.96      6      6      1   
  0.65   0.41   0.84   0.41      2      2      1   
  0.16   0.44   0.86   0.09      7      7      1   
  0.06   0.96   0.01   0.21     22     12      1   
  0.63   0.35   0.61   0.22      2      2      1   
  0.75   0.80   0.15   0.38      7      7      1   
  0.64   0.40   0.59   0.15      3      3      1   
  0.52   0.47   0.24   0.50      3      3      1   
  0.07   0.20   0.94   0.75      9      9      1   
  0.35   0.49   0.80   0.30      6      5      1   
  0.08   0.38   0.56   0.87      8      7      1   
  0.88   0.47   0.69   0.61      2      2      1   
  0.03   0.12   0.22   0.49      4      4      1   
  0.93   0.66   0.75   0.30      4      4      1   
  0.00   0.46   0.04   0.04      5      5      1   
  0.65   0.41   0.97   0.22      4      4      1   
  0.48   0.09   0.21   0.91     22      9      1   
  0.53   0.38   0.98   0.96      8      7      1   
  0.85   0.49   0.38   0.37      5      5      1   
  0.23   0.30   0.93   0.54      7      7      1   
  0.60   0.12   0.10   0.19      5      5      1   
  0.18   0.25   0.15   0.38      1      1      1   
  0.69   0.82   0.10   0.22      8      8      1   
  0.31   0.45   0.18   0.10      4      4      1   
  0.53   0.02   0.36   0.55      6      6      1   
  0.98   0.49   0.00   0.51      9      9      1   
  0.54   0.96   0.86   0.71      4      4      1   
  0.96   0.06   0.78   0.24      3      3      1   
  0.54   0.80   0.30   0.89      2      2      1   
  0.71   0.94   0.64   0.40      5      5      1   
  0.08   0.38   0.54   0.60      5      5      1   
  0.02   0.80   0.51   0.33      8      8      1   
  0.19   0.20   0.69   0.47      6      6      1   
  0.25   0.05   0.16   0.04      1      1      1   
  0.03   0.47   0.33   0.18      4      4      1   
  0.59   0.42   0.80   0.53      2      2      1   
  0.23   0.39   0.59   0.38      4      4      1   
  0.88   0.56   0.78   0.97      5      5      1   
  0.06   0.82   0.20   0.54     13      8      1   
  0.84   0.41   0.77   0.26      2      2      1   
  0.86   0.71   0.68   0.55      2      2      1   
  0.94   0.49   0.59   0.75      4      4      1   
  0.52   0.58   0.53   0.35      2      2      1   
  0.03   0.46   0.20   0.93     15      8      1   
  0.25   1.00   0.27   0.15     14      9      1   
  0.86   0.70   0.02   0.80      8      8      1   
  0.20   0.50   0.78   0.97      8      7      1   
  0.92   0.74   0.29   0.10      8      8      1   
  0.75   0.80   0.81   0.32      5      5      1   
  0.53   0.02   0.48   0.47      5      5      1   
  0.79   0.46   0.26   0.32      6      6      1   
  0.71   0.74   0.79   0.52      3      3      1   
  0.18   0.57   0.08   0.23      3      3      1   
  0.88   0.63   0.04   0.81      8      8      1   
  0.93   0.10   0.53   0.35      4      4      1   
  0.59   0.15   0.94   0.26      4      4      1   
  0.54   0.09   0.93   0.10      4      4      1   
  0.59   0.05   0.25   0.10      3      3      1   
  0.56   0.44   0.03   0.84    114      7      1   
  0.36   0.94   0.26   0.17      8      8      1   
  0.25   0.37   0.57   0.59      4      4      1   
  0.65   0.23   0.76   0.78      5      5      1   
  0.54   0.17   0.87   0.29      3      3      1   
  0.30   0.43   0.84   0.87      6      6      1   
  0.14   0.33   0.86   0.71      7      7      1   
  0.82   0.14   0.25   0.37      6      6      1   
  0.18   0.37   0.13   0.37      1      1      1   
  0.51   0.83   0.74   0.97      3      3      1   
  0.04   0.13   0.89   0.08      8      8      1   
  0.86   0.41   0.71   0.01      4      4      1   
  0.62   0.26   0.61   0.22      1      1      1   
  0.55   0.24   0.53   0.03      2      2      1   
  0.17   0.49   0.12   0.82     27      7      1   
  0.86   0.71   0.65   0.19      6      6      1   
  0.36   0.78   0.19   0.10      8      7      1   
  0.48   0.47   0.68   0.12      4      4      1   
  0.40   0.36   0.37   0.06      3      3      1   
  0.04   0.08   0.93   0.66     10     10      1   
  0.78   0.97   0.62   0.26      7      7      1   
  0.55   0.41   0.54   0.21      2      2      1   
  0.39   0.35   0.67   0.37      3      3      1   
  0.23   0.30   0.56   0.90      7      7      1   
  0.66   0.39   0.59   0.79      4      4      1   
  0.66   0.45   0.88   0.11      4      4      1   
  0.09   0.89   0.45   0.02     11     11      1   
  0.09   0.24   0.87   0.29      7      7      1   
  0.56   0.90   0.12   0.93      5      5      1   
  0.19   0.10   0.02   0.80     38     10      1   
  0.65   0.55   0.81   0.18      4      4      1   
  0.94   0.12   0.29   0.10      6      6      1   
  0.06   0.23   0.46   0.34      4      4      1   
  0.58   0.83   0.62   0.21      6      6      1   
  0.18   0.37   0.15   0.07      3      3      1   
  0.75   0.28   0.12   0.93      9      9      1   
  0.36   0.94   0.86   0.09     10     10      1   
  0.12   0.93   0.58   0.22      9      9      1   
  0.27   0.11   0.16   0.44      3      3      1   
  0.65   0.23   0.00   0.51      7      7      1   
  0.51   0.33   0.99   0.21      5      5      1   
  0.94   0.12   0.62   0.21      3      3      1   
  0.29   0.00   0.62   0.32      5      5      1   
  0.44   0.95   0.05   0.31     37      8      1   
  0.84   0.38   0.59   0.42      3      3      1   
  0.84   0.38   0.45   0.69      5      5      1   
  0.75   0.80   0.25   0.87      5      5      1   
  0.05   0.98   0.19   0.10     19     11      1   
  0.61   0.63   0.35   0.49      3      3      1   
  0.57   0.10   0.57   0.59      5      5      1   
  0.55   0.41   0.79   0.46      3      3      1   
  0.68   0.09   0.03   0.84     45     10      1   
  0.86   0.09   1.00   0.10      2      2      1   
  0.65   0.19   0.80   0.30      2      2      1   
  0.20   0.02   0.78   0.93     10     10      1   
  0.27   0.54   0.59   0.05      6      6      1   
  0.23   0.11   0.94   0.43      7      7      1   
  0.84   0.41   0.02   0.80     55      8      1   
  0.61   0.32   0.54   0.28      1      1      1   
  0.15   0.25   0.19   0.11      2      2      1   
  0.23   0.12   0.31   0.04      1      1      1   
  0.73   0.46   0.19   0.10      6      6      1   
  0.62   0.32   0.16   0.44      5      5      1   
  0.53   0.60   0.44   0.91      3      3      1   
  0.31   0.45   0.69   0.47      4      4      1   
  0.58   0.85   0.89   0.08      8      8      1   
  1.00   0.89   0.55   0.95      4      4      1   
  0.89   0.25   0.34   0.50      6      6      1   
  0.70   0.64   0.20   0.50      5      5      1   
  0.17   0.49   0.35   0.23      3      3      1   
  0.06   0.96   0.02   0.51     31     10      1   
  0.88   0.51   0.54   0.30      4      4      1   
  0.23   0.44   0.20   0.01      4      4      1   
  0.57   0.10   0.54   0.80      7      7      1   
  0.91   0.18   0.58   0.22      3      3      1   
  0.68   0.55   0.34   0.16      6      6      1   
  0.48   0.71   0.65   0.23      5      5      1   
  0.10   0.22   0.25   0.37      2      2      1   
  0.05   0.28   0.40   0.81      7      7      1   
  0.89   0.19   0.91   0.00      2      2      1   
  0.19   0.20   0.71   0.74      7      7      1   
  0.23   0.24   0.26   0.93      8      8      1   
  0.35   0.23   0.58   0.83      7      7      1   
  0.51   0.21   0.80   0.20      3      3      1   
  0.46   0.34   0.63   0.03      4      4      1   
  0.98   0.67   0.12   0.93      8      8      1   
  0.51   0.83   0.71   0.01      8      8      1   
  0.53   0.33   0.60   0.32      1      1      1   
  0.35   0.49   0.01   0.33      4      4      1   
  0.59   0.38   0.69   0.86      5      5      1   
  0.25   0.87   0.54   0.28      7      7      1   
  0.29   0.37   0.57   0.52      4      4      1   
  0.54   0.28   0.60   0.32      1      1      1   
  0.29   0.43   1.00   0.89      8      8      1   
  0.59   0.05   0.03   0.46      7      7      1   
  0.17   0.98   0.18   0.77      2      2      1   
  0.20   0.81   0.81   0.32      8      8      1   
  0.35   0.92   0.34   0.39      6      6      1   
  0.70   0.72   0.23   0.39      5      5      1   
  0.96   0.26   0.77   0.79      5      5      1   
  0.99   0.22   0.06   0.82    116     11      1   
  0.04   0.04   0.76   0.78     10     10      1   
  0.79   0.56   0.85   0.70      2      2      1   
  0.16   0.04   0.94   0.26      8      8      1   
  0.85   0.70   0.31   0.26      6      6      1   
  0.20   0.02   0.59   0.14      4      4      1   
  0.44   0.94   0.57   0.52      4      4      1   
  0.29   0.00   0.19   0.11      2      2      1   
  0.18   0.25   0.27   0.11      2      2      1   
  0.60   0.32   0.09   0.86      8      8      1   
  0.26   0.17   0.50   0.75      6      6      1   
  0.30   0.89   0.59   0.75      3      3      1   
  0.25   0.87   0.70   0.72      4      4      1   
  0.79   0.93   0.83   0.35      6      6      1   
  0.73   0.10   0.19   0.13      5      5      1   
  0.53   0.35   0.39   0.29      2      2      1   
  0.52   0.47   0.09   0.22      5      5      1   
  0.24   0.50   0.35   0.92      6      5      1   
  0.09   0.34   0.29   0.43      2      2      1   
  0.17   0.49   0.78   0.91      7      7      1   
  0.47   0.81   0.01   0.08      8      8      1   
  0.41   0.10   0.73   0.46      5      5      1   
  0.78   0.93   0.83   0.15      8      8      1   
  0.72   0.03   0.69   0.24      2      2      1   
  0.69   0.47   0.72   0.88      4      4      1   
  0.73   0.10   0.25   0.87     25      9      1   
  0.96   0.06   0.92   0.61      6      6      1   
  0.45   0.05   0.03   0.12      4      4      1   
  0.50   0.93   0.09   0.93      5      5      1   
  0.34   0.50   0.92   0.65      6      6      1   
  0.51   0.16   0.61   0.52      4      4      1   
  0.09   0.18   0.75   0.26      6      6      1   
  0.64   0.81   0.72   0.20      6      6      1   
  0.17   0.02   0.50   0.61      7      7      1   
  0.72   0.20   0.23   0.39      5      5      1   
  0.30   0.43   0.59   0.15      4      4      1   
  0.57   0.87   0.50   0.93      1      1      1   
  0.94   0.39   0.58   0.51      4      4      1   
  0.79   0.10   0.19   0.06      6      6      1   
  0.79   0.56   0.41   0.10      6      6      1   
  0.75   0.80   0.47   0.81      3      3      1   
  0.77   0.48   0.51   0.16      4      4      1   
  0.18   0.25   0.15   0.07      2      2      1   
  0.01   0.21   0.83   0.23      8      8      1   
  0.50   0.11   0.48   0.99      9      9      1   
  0.92   0.61   0.75   0.80      3      3      1   
  0.06   0.45   0.37   0.30      3      3      1   
  0.78   0.97   0.65   0.67      3      3      1   
  0.26   0.17   0.18   0.37      2      2      1   
  0.10   0.53   0.30   0.43      2      2      1   
  0.56   0.44   0.92   0.65      5      5      1   
  0.18   0.44   0.59   0.18      5      5      1   
  0.00   0.46   0.98   0.67      9      9      1   
  0.71   0.33   0.62   0.32      1      1      1   
  0.36   0.78   0.97   0.32      7      7      1   
  0.49   0.46   0.79   0.24      3      3      1   
  0.71   0.33   0.33   0.00      5      5      1   
  0.10   0.22   0.15   0.25      1      1      1   
  0.25   0.10   0.70   0.79      8      8      1   
  0.77   0.14   0.22   0.07      6      5      1   
  0.25   0.37   0.68   0.12      5      5      1   
  0.70   0.64   0.83   0.34      3      3      1   
  0.88   0.51   0.53   0.35      4      4      1   
  0.00   0.51   1.00   0.10     10     10      1   
  0.15   0.18   0.89   0.25      7      7      1   
  0.25   0.05   0.19   0.85     17      9      1   
  1.00   0.19   0.08   0.10      9      9      1   
  0.69   0.19   0.21   0.12      5      5      1   
  0.52   0.91   0.65   0.19      7      7      1   
  0.83   0.34   0.54   0.80      5      5      1   
  0.53   0.02   0.09   0.18      5      5      1   
  0.25   0.18   0.98   0.71      8      8      1   
  0.78   0.24   0.12   0.30      6      6      1   
  0.21   0.12   0.83   0.09      6      6      1   
  0.28   0.80   0.83   0.15      8      8      1   
  0.73   0.67   0.52   0.47      3      3      1   
  0.18   0.34   0.19   0.94     14      8      1   
  0.99   0.21   0.39   0.29      5      5      1   
  0.37   0.90   0.95   0.48      6      6      1   
  0.59   0.42   0.66   0.64      3      3      1   
  0.31   0.03   0.04   0.81     52     11      1   
  0.79   0.24   0.49   0.97      7      7      1   
  0.20   0.81   0.67   0.15      8      8      1   
  0.25   1.00   0.58   0.26      7      7      1   
  0.91   0.25   0.55   0.48      4      4      1   
  0.53   0.06   0.75   0.80      7      7      1   
  0.23   0.37   0.54   0.80      5      5      1   
  0.27   0.15   0.35   0.49      3      3      1   
  0.98   0.49   0.26   0.92      8      7      1   
  0.06   0.87   0.86   0.41      9      9      1   
  0.20   0.01   0.26   0.37      4      4      1   
  0.06   0.87   0.24   0.89      3      3      1   
  0.07   0.20   0.13   0.32      2      2      1   
  0.94   0.31   0.79   0.46      2      2      1   
  0.41   0.10   0.62   0.32      3      3      1   
  0.53   0.33   0.88   0.63      4      4      1   
  0.79   0.93   0.32   0.48      6      6      1   
  0.06   0.96   0.66   0.97      6      6      1   
  0.99   0.21   0.43   0.13      5      5      1   
  0.34   0.16   0.01   0.23      3      3      1   
  0.34   0.39   0.79   0.10      5      5      1   
  0.79   0.24   0.02   0.00      8      8      1   
  0.80   0.00   0.04   0.08      7      7      1   
  0.47   0.81   0.88   0.11      8      8      1   
  0.26   0.37   0.77   0.38      5      5      1   
  0.45   0.69   0.81   0.32      5      5      1   
  0.09   0.24   0.87   0.29      7      7      1   
  0.98   0.67   0.44   0.91      5      5      1   
  0.09   0.86   0.60   0.37      7      7      1   
  0.27   0.15   0.38   0.02      2      2      1   
  0.51   0.83   0.51   0.31      5      5      1   
  0.80   0.00   0.69   0.47      5      5      1   
  0.52   0.47   0.89   0.98      6      6      1   
  0.47   0.10   0.21   0.12      3      3      1   
  0.15   0.07   0.63   0.35      5      5      1   
  0.76   0.78   0.80   0.30      5      5      1   
  0.26   0.17   0.17   0.78     28      8      1   
  0.68   0.12   0.23   0.12      5      5      1   
  0.86   0.71   0.17   0.49      7      7      1   
  0.71   0.33   0.99   0.21      3      3      1   
  0.03   0.12   0.88   0.47      9      9      1   
  0.48   0.47   0.77   0.38      3      3      1   
  0.71   0.76   0.43   0.13      7      7      1   
  0.07   0.20   0.17   0.49      3      3      1   
  0.36   0.53   0.19   0.06      4      4      1   
  0.79   0.42   0.00   0.46      8      8      1   
  0.69   0.82   0.39   0.29      7      6      1   
  0.26   0.32   0.22   0.45      2      2      1   
  0.57   0.95   0.64   0.41      5      5      1   
  0.49   0.73   0.20   0.01      8      8      1   
  0.61   0.63   0.26   0.92      5      5      1   
  0.45   0.27   0.28   0.35      2      2      1   
  0.36   0.40   0.10   0.55      3      3      1   
  0.44   0.94   0.27   0.11      8      8      1   
  0.15   0.25   0.87   0.26      7      7      1   
  0.92   0.74   0.46   0.34      6      6      1   
  0.96   0.06   0.92   0.10      1      1      1   
  0.26   0.93   0.55   0.95      3      3      1   
  0.78   0.93   0.57   0.59      4      4      1   
  0.92   0.65   0.53   0.48      5      5      1   
  0.26   0.32   0.19   0.11      2      2      1   
  0.34   0.16   0.96   0.26      6      6      1   
  0.92   0.22   0.44   0.91      8      8      1   
  0.68   0.09   0.04   0.81     45     10      1   
  0.47   0.79   0.76   0.58      3      3      1   
  0.76   0.14   0.10   0.53      7      7      1   
  0.19   0.24   0.02   0.51      3      3      1   
  0.18   0.77   0.16   0.28     19      8      1   
  0.28   0.12   0.04   0.81     48     10      1   
  0.13   0.37   0.22   0.16      2      2      1   
  0.25   0.37   0.71   0.74      6      6      1   
  0.23   0.12   0.41   0.33      3      3      1   
  0.03   0.12   0.13   0.36      3      3      1   
  0.53   0.03   0.09   0.18      5      5      1   
  0.84   0.41   0.18   0.27      6      6      1   
  0.69   0.86   0.60   0.12      7      7      1   
  0.03   0.84   0.59   0.75      5      5      1   
  0.23   0.11   0.06   0.87     40     10      1   
  0.19   0.85   0.18   0.57     16      7      1   
  0.60   0.12   0.67   0.72      6      6      1   
  0.27   0.54   0.06   0.96     28      8      1   
  0.68   0.09   0.88   0.56      5      5      1   
  0.08   0.28   0.70   0.79      8      8      1   
  0.67   0.15   0.44   0.25      2      2      1   
  0.08   0.10   0.89   0.90     12     11      1   
  0.13   0.07   0.68   0.55      7      7      1   
  0.89   0.35   0.12   0.34      7      7      1   
  0.54   0.17   0.35   0.49      4      4      1   
  0.69   0.61   0.83   0.23      4      4      1   
  0.75   0.28   0.17   0.13      6      6      1   
  0.78   0.91   0.94   0.31      6      6      1   
  0.30   1.00   0.17   0.13     22      9      1   
  0.27   0.09   0.59   0.42      4      4      1   
  0.06   0.45   0.75   0.97      9      9      1   
  0.09   0.24   0.29   0.00      3      3      1   
  0.48   0.71   0.01   0.08      7      7      1   
  0.69   0.86   0.20   0.01     10      9      1   
  0.83   0.23   0.72   0.88      6      6      1   
  0.54   0.30   0.34   0.19      2      2      1   
  0.44   0.84   0.92   0.51      6      6      1   
  0.86   0.89   0.22   0.07     10     10      1   
  0.19   0.06   0.69   0.47      6      6      1   
  0.09   0.93   0.24   0.89      2      2      1   
  0.91   0.18   0.62   0.26      3      3      1   
  0.53   0.48   0.08   0.28      5      5      1   
  0.73   0.67   0.15   0.38      6      6      1   
  0.01   0.21   0.19   0.06      2      2      1   
  0.59   0.75   0.83   0.15      6      6      1   
  0.30   0.39   0.35   0.92      6      6      1   
  0.32   0.48   0.34   0.16      3      3      1   
  0.92   0.01   0.28   0.35      7      7      1   
  0.53   0.06   0.23   0.11      3      3      1   
  0.27   0.09   0.20   0.01      1      1      1   
  0.59   0.42   0.06   0.96     31      8      1   
  0.62   0.26   0.45   0.27      2      2      1   
  0.37   0.90   0.78   0.24      7      7      1   
  1.00   0.55   0.85   0.86      4      4      1   
  0.59   0.18   0.05   0.07      5      5      1   
  0.79   0.56   0.85   0.84      3      3      1   
  0.80   0.20   0.83   0.35      2      2      1   
  0.25   0.37   0.02   0.45      3      3      1   
  0.95   0.48   0.82   0.14      4      4      1   
  0.13   0.18   0.97   0.32      8      8      1   
  0.57   0.87   0.92   0.01      9      9      1   
  0.54   0.28   0.09   0.79     37      8      1   
  0.21   0.91   0.37   0.30      7      7      1   
  0.60   0.37   0.37   0.30      3      3      1   
  0.17   0.49   0.36   0.94      7      7      1   
  0.70   0.64   0.30   1.00      5      5      1   
  0.63   0.35   0.53   0.06      3      3      1   
  0.21   0.91   0.23   0.44     16      7      1   
  0.87   0.26   0.28   0.80      8      8      1   
  0.18   0.34   0.10   0.55      2      2      1   
  1.00   0.19   0.87   0.29      2      2      1   
  0.52   0.01   0.80   0.00      3      3      1   
  0.09   0.34   0.56   0.94      8      7      1   
  0.65   0.67   0.44   0.91      3      3      1   
  0.80   0.20   0.63   0.03      2      2      1   
  0.76   0.66   0.50   0.61      3      3      1   
  0.93   0.10   0.50   0.52      6      6      1   
  0.13   0.07   0.31   0.86      9      9      1   
  0.44   0.95   0.26   0.17      7      7      1   
  0.98   0.67   0.90   0.43      3      3      1   
  0.28   0.30   0.28   0.12      2      2      1   
  0.88   0.56   0.18   0.79      7      7      1   
  0.01   0.33   0.06   0.99     35     11      1   
  0.93   0.54   0.26   0.49      6      6      1   
  0.44   0.25   0.19   0.85     20      8      1   
  0.68   0.12   0.58   0.83      7      7      1   
  0.62   0.61   0.08   0.35      6      6      1   
  0.24   0.50   0.36   0.40      2      2      1   
  0.62   0.61   0.01   0.23      7      7      1   
  0.16   0.04   0.94   0.26      8      8      1   
  0.25   0.37   0.58   0.26      3      3      1   
  0.52   0.58   0.88   0.56      4      4      1   
  0.10   0.19   0.48   0.09      4      4      1   
  0.26   0.93   0.70   0.79      4      4      1   
  0.34   0.19   0.97   0.32      6      6      1   
  0.82   0.14   0.70   0.42      3      3      1   
  0.65   0.67   0.71   0.74      1      1      1   
  0.53   0.02   0.85   0.86      9      8      1   
  0.60   0.12   0.41   0.10      2      2      1   
  0.47   0.81   0.89   0.19      8      7      1   
  0.50   0.11   0.83   0.23      4      4      1   
  0.18   0.37   0.78   0.97      8      8      1   
  0.15   0.18   0.03   0.84     37     10      1   
  0.92   0.74   0.82   0.14      6      6      1   
  0.59   0.79   0.04   0.13      8      8      1   
  0.23   0.52   0.84   0.87      7      7      1   
  0.34   0.16   0.65   0.23      3      3      1   
  0.23   0.39   0.23   0.52      2      2      1   
  0.49   0.62   0.45   0.60      1      1      1   
  0.26   0.16   0.18   0.57      4      4      1   
  0.55   0.03   0.99   0.42      6      6      1   
  0.01   0.94   0.45   0.60      6      6      1   
  0.56   0.87   0.51   0.21      6      6      1   
  0.71   0.76   0.02   0.51      7      7      1   
  0.81   0.89   0.65   0.55      4      4      1   
  0.48   0.09   0.76   0.67      6      6      1   
  0.76   0.94   0.51   0.31      6      6      1   
  0.06   0.14   0.29   0.00      3      3      1   
  0.69   0.24   0.75   0.80      5      5      1   
  0.34   0.16   0.44   0.14      1      1      1   
  0.65   0.13   0.25   0.37      5      5      1   
  0.93   0.10   0.79   0.93      8      8      1   
  0.36   0.53   0.04   0.93     38      7      1   
  0.04   0.08   0.32   0.48      4      4      1   
  0.60   0.67   0.85   0.02      7      7      1   
  0.84   0.41   0.27   0.11      6      6      1   
  0.92   0.10   0.71   0.33      3      3      1   
  0.69   0.19   0.61   0.52      3      3      1   
  0.94   0.31   0.18   0.79      9      9      1   
  0.22   0.07   0.23   0.79     13      8      1   
  0.85   0.70   0.49   0.73      4      4      1   
  0.50   0.52   0.58   0.26      3      3      1   
  0.26   0.96   0.13   0.32     21      8      1   
  0.89   0.08   0.66   0.97      9      9      1   
  0.30   1.00   0.09   0.18     21      9      1   
  0.62   0.21   0.66   0.16      1      1      1   
  0.92   0.10   0.79   0.46      4      4      1   
  0.41   0.33   0.59   0.05      4      4      1   
  0.54   0.28   0.00   0.51      6      6      1   
  0.51   0.10   0.89   0.98      9      9      1   
  0.14   0.33   0.35   0.49      3      3      1   
  0.06   0.82   0.65   0.67      6      6      1   
  0.58   0.22   0.26   0.11      4      4      1   
  0.73   0.67   0.18   0.37      6      6      1   
  0.67   0.15   0.17   0.49      6      6      1   
  0.13   0.18   0.65   0.67      7      7      1   
  0.60   0.28   0.23   0.52      4      4      1   
  0.61   0.52   0.76   0.66      2      2      1   
  0.18   0.10   1.00   0.19      8      8      1   
  0.13   0.32   0.88   0.56      8      7      1   
  0.81   0.89   0.45   0.05      8      8      1   
  0.48   0.99   0.15   0.07     10     10      1   
  0.65   0.23   0.77   0.14      2      2      1   
  0.75   0.65   0.26   0.34      6      6      1   
  0.09   0.79   0.52   0.47      6      6      1   
  0.26   0.34   0.84   0.41      6      6      1   
  0.24   0.50   0.87   0.93      7      7      1   
  0.93   0.66   0.00   0.51      9      9      1   
  0.29   0.43   0.58   0.85      5      5      1   
  0.25   1.00   0.20   0.02     23     10      1   
  0.51   0.19   0.70   0.42      3      3      1   
  0.26   0.49   0.94   0.49      7      7      1   
  0.50   0.11   0.89   0.19      4      4      1   
  0.24   0.50   0.12   0.82     27      6      1   
  0.87   0.29   0.20   0.17      6      6      1   
  0.28   0.80   0.46   0.34      6      6      1   
  0.79   0.56   0.78   0.32      3      3      1   
  0.93   0.66   0.12   0.56      8      8      1   
  0.49   0.62   0.70   0.44      3      3      1   
  0.14   0.77   0.86   0.09     10     10      1   
  0.31   0.26   0.88   0.10      5      5      1   
  0.18   0.34   0.12   0.93     22      9      1   
  0.93   0.07   0.26   0.32      7      7      1   
  0.54   0.80   0.29   0.00      8      8      1   
  0.76   0.61   0.49   0.81      3      3      1   
  0.61   0.93   0.88   0.51      5      5      1   
  0.78   0.93   0.73   0.46      5      5      1   
  0.18   0.57   0.06   0.82     39      8      1   
  0.26   0.37   0.18   0.27      1      1      1   
  0.18   0.34   0.68   0.82      7      7      1   
  0.75   0.30   0.45   0.69      5      5      1   
  0.86   0.09   0.86   1.00      9      9      1   
  0.79   0.93   0.27   0.09      9      9      1   
  0.65   0.13   0.36   0.78      7      7      1   
  0.98   0.96   0.76   0.94      2      2      1   
  0.76   0.20   0.45   0.69      5      5      1   
  0.81   0.18   0.66   0.16      2      2      1   
  0.35   0.23   0.61   0.22      3      3      1   
  0.19   0.94   0.71   0.94      5      5      1   
  0.23   0.39   0.11   0.55      2      2      1   
  0.96   0.26   0.86   0.71      5      5      1   
  0.76   0.58   0.53   0.33      3      3      1   
  0.89   0.90   0.91   0.00      9      9      1   
  0.06   0.45   0.25   0.10      4      4      1   
  0.76   0.67   0.09   0.89      7      7      1   
  0.25   0.37   0.86   0.70      6      6      1   
  0.38   0.02   0.97   0.32      6      6      1   
  0.76   0.94   0.74   0.82      1      1      1   
  0.72   0.03   0.69   0.31      3      3      1   
  0.59   0.15   0.85   0.86      7      7      1   
  0.23   0.79   0.53   0.03      8      8      1   
  0.79   0.46   0.08   0.23      7      7      1   
  0.13   0.07   0.91   0.00      7      7      1   
  0.44   0.91   0.73   0.10      8      8      1   
  0.71   0.74   0.70   0.42      4      4      1   
  0.18   0.25   0.34   0.21      2      2      1   
  0.10   0.22   0.65   0.23      5      5      1   
  0.21   0.91   0.06   0.14     21     10      1   
  0.65   0.41   0.88   0.47      3      3      1   
  0.37   0.90   0.49   0.62      3      3      1   
  0.60   0.67   0.85   0.86      3      3      1   
  0.53   0.84   0.50   0.11      7      7      1   
  0.05   0.98   0.97   0.22     12     11      1   
  0.66   0.45   0.30   1.00      6      6      1   
  0.89   0.90   0.72   0.03      9      9      1   
  0.89   0.08   0.66   0.97      9      9      1   
  0.86   0.41   0.31   0.04      6      6      1   
  0.26   0.93   0.17   0.06     23     10      1   
  0.24   0.89   0.23   0.37     16      7      1   
  0.01   0.87   0.29   0.37      9      8      1   
  0.89   0.08   0.55   0.41      4      4      1   
  0.64   0.81   0.12   0.93      5      5      1   
  0.61   0.56   0.85   0.49      3      3      1   
  0.83   0.09   0.18   0.25      7      7      1   
  0.06   0.45   0.94   0.49      8      8      1   
  0.18   0.57   0.59   0.15      6      6      1   
  0.18   0.37   0.67   0.72      5      5      1   
  0.86   0.89   0.17   0.49      8      8      1   
  0.20   0.50   0.66   0.16      5      5      1   
  0.38   0.02   0.92   0.10      5      5      1   
  0.65   0.19   0.50   0.52      4      4      1   
  0.51   0.31   0.45   0.05      3      3      1   
  0.61   0.56   0.18   0.25      6      6      1   
  0.29   0.20   0.75   0.97      9      8      1   
  0.57   0.52   0.26   0.92      5      5      1   
  0.78   0.24   0.68   0.12      2      2      1   
  0.06   0.87   0.88   0.10     11     11      1   
  0.67   0.37   0.94   0.26      3      3      1   
  0.09   0.97   0.59   0.05     11     10      1   
  0.55   0.24   0.25   0.37      3      3      1   
  0.68   0.55   0.76   0.61      1      1      1   
  0.98   0.71   0.59   0.79      4      4      1   
  0.79   0.56   0.18   0.10      7      7      1   
  0.76   0.61   0.91   0.18      5      5      1   
  0.53   0.38   0.26   0.85      6      5      1   
  0.00   0.51   0.03   0.12      4      4      1   
  0.23   0.30   0.69   0.24      4      4      1   
  0.34   0.21   0.67   0.37      4      4      1   
  0.20   0.81   0.26   0.37     11      7      1   
  0.44   0.95   0.16   0.28      7      7      1   
  0.92   0.65   0.93   0.54      1      1      1   
  0.18   0.25   0.66   0.64      6      6      1   
  0.23   0.52   0.59   0.15      5      5      1   
  0.57   0.94   0.09   0.78      5      5      1   
  0.31   0.26   0.23   0.39      2      2      1   
  0.46   0.72   0.53   0.60      2      2      1   
  0.58   0.83   0.56   0.24      6      6      1   
  0.18   0.44   0.93   0.66      8      8      1   
  0.71   0.94   0.51   0.33      6      6      1   
  0.92   0.22   0.89   0.08      2      2      1   
  0.88   0.10   0.57   0.59      6      6      1   
  0.22   0.16   0.99   0.42      7      7      1   
  0.54   0.82   0.09   0.79      5      5      1   
  0.59   0.75   0.87   0.29      5      5      1   
  0.57   0.95   0.96   0.06     10     10      1   
  0.06   0.23   0.29   0.10      3      3      1   
  0.26   0.32   0.22   0.45      2      2      1   
  0.54   0.96   0.22   0.49      6      6      1   
  0.06   0.03   0.25   0.87     23     11      1   
  0.65   0.13   0.26   0.37      4      4      1   
  0.15   0.25   0.69   0.61      6      6      1   
  0.59   0.18   0.48   0.09      2      2      1   
  0.08   0.23   0.52   0.47      5      5      1   
  0.17   0.49   0.87   0.29      7      7      1   
  0.44   0.91   0.47   0.98      1      1      1   
  0.94   0.31   0.06   0.45      9      8      1   
  0.57   0.87   0.65   0.67      2      2      1   
  0.62   0.32   0.01   0.21      6      6      1   
  0.48   0.12   0.76   0.58      5      5      1   
  0.10   0.22   0.01   0.87     37     10      1   
  0.13   0.32   0.37   0.06      4      4      1   
  0.26   0.34   0.51   0.33      2      2      1   
  0.67   0.15   0.25   0.37      5      5      1   
  0.26   0.11   0.69   0.86      8      8      1   
  0.18   0.25   0.20   0.93     15      8      1   
  0.58   0.43   0.55   0.24      2      2      1   
  0.17   0.06   0.76   0.14      6      6      1   
  0.01   0.87   0.92   0.74      9      9      1   
  0.63   0.03   0.54   0.09      1      1      1   
  0.44   0.25   0.75   0.80      6      6      1   
  0.06   0.82   0.50   0.82      4      4      1   
  0.47   0.79   0.23   0.39      5      5      1   
  0.73   0.97   0.06   0.45     33      8      1   
  0.68   0.09   0.27   0.54      6      6      1   
  0.06   0.23   0.18   0.27      1      1      1   
  0.56   0.24   0.32   0.48      4      3      1   
  0.26   0.93   0.31   0.45      6      6      1   
  0.73   0.67   0.46   0.72      3      3      1   
  0.12   0.93   0.97   0.22     11     11      1   
  0.99   0.21   0.15   0.38      7      7      1   
  0.95   0.48   0.62   0.26      4      4      1   
  0.55   0.03   0.20   0.50      6      6      1   
  0.55   0.95   0.84   0.41      6      6      1   
  0.55   0.67   0.22   0.16      6      6      1   
  0.08   0.10   0.92   0.74     10     10      1   
  0.09   0.93   0.15   0.38     17      9      1   
  0.31   0.86   0.75   0.30      7      7      1   
  0.91   0.00   0.04   0.13      8      8      1   
  0.92   0.10   0.93   0.10      1      1      1   
  0.88   0.11   0.61   0.22      3      3      1   
  0.22   0.52   0.96   0.26      7      7      1   
  0.44   0.95   0.89   0.35      7      7      1   
  0.92   0.74   0.88   0.47      3      3      1   
  0.82   0.14   0.34   0.50      6      6      1   
  0.47   0.98   0.70   0.44      6      6      1   
  0.22   0.49   0.70   0.44      5      5      1   
  0.84   0.87   0.23   0.39      7      7      1   
  0.90   0.43   0.61   0.56      3      3      1   
  0.19   0.10   0.16   0.04      1      1      1   
  0.10   0.46   0.13   0.37      1      1      1   
  0.88   0.63   0.04   0.08      9      9      1   
  0.57   0.95   0.55   0.24      7      7      1   
  0.48   0.99   0.34   0.39      7      7      1   
  0.35   0.92   0.01   0.21     24      9      1   
  0.10   0.19   0.27   0.09      2      2      1   
  0.65   0.41   0.69   0.82      4      4      1   
  0.73   0.97   0.55   0.03      9      9      1   
  0.58   0.43   0.18   0.79      6      6      1   
  0.09   0.22   0.58   0.51      6      6      1   
  0.64   0.41   0.09   0.24      5      5      1   
  0.18   0.77   0.89   0.08     10     10      1   
  0.18   0.34   0.76   0.14      6      6      1   
  0.75   0.80   0.84   0.87      1      1      1   
  0.78   0.24   0.62   0.61      4      4      1   
  0.37   0.30   0.08   0.10      3      3      1   
  0.80   0.20   0.76   0.61      4      4      1   
  0.48   0.09   0.44   0.54      5      5      1   
  0.14   0.39   0.50   0.61      4      4      1   
  0.63   0.97   0.35   0.23      8      8      1   
  0.55   0.67   0.96   0.06      7      7      1   
  0.97   0.05   0.73   0.97     10     10      1   
  0.70   0.42   0.94   0.49      3      3      1   
  0.61   0.32   0.20   0.02      5      5      1   
  0.92   0.51   0.98   0.67      2      2      1   
  0.53   0.02   0.18   0.34      5      5      1   
  0.92   0.10   0.64   0.81      8      7      1   
  0.65   0.55   0.61   0.32      3      3      1   
  0.46   0.72   0.65   0.13      6      6      1   
  0.26   0.96   0.72   0.20      8      8      1   
  0.44   0.95   0.36   0.78      2      2      1   
  0.61   0.22   0.89   0.25      3      3      1   
  0.12   0.32   0.04   0.47      2      2      1   
  0.14   0.77   0.72   0.88      6      6      1   
  0.44   0.25   0.46   0.34      1      1      1   
  0.47   0.98   0.79   0.24      8      8      1   
  0.47   0.81   0.66   0.97      2      2      1   
  0.19   0.20   0.14   0.77     37      9      1   
  0.18   0.57   0.37   0.30      3      3      1   
  0.57   0.52   0.36   0.53      2      2      1   
  0.92   0.10   0.83   0.09      1      1      1   
  0.50   0.75   0.63   0.97      3      3      1   
  0.68   0.82   0.09   0.22      8      8      1   
  0.85   0.02   0.79   0.56      5      5      1   
  0.18   0.27   0.20   0.54      3      3      1   
  0.23   0.24   0.24   0.89     14      8      1   
  0.48   0.99   0.87   0.26      8      8      1   
  0.49   0.73   0.10   0.46      6      5      1   
  0.09   0.22   0.76   0.58      7      7      1   
  0.67   0.37   0.62   0.26      1      1      1   
  0.23   0.24   0.27   0.09      2      2      1   
  0.41   0.33   0.61   0.32      2      2      1   
  0.08   0.28   0.65   0.23      5      5      1   
  0.99   0.55   0.58   0.51      4      4      1   
  0.78   0.24   0.71   0.00      3      3      1   
  0.06   0.87   0.89   0.25     10     10      1   
  0.05   0.28   0.75   0.97      9      9      1   
  0.50   0.61   0.75   0.73      3      3      1   
  0.23   0.37   0.59   0.42      4      4      1   
  0.79   0.46   0.52   0.47      3      3      1   
  0.95   0.48   0.84   0.38      2      2      1   
  0.40   0.81   0.76   0.58      4      4      1   
  0.59   0.15   0.47   0.10      1      1      1   
  0.68   0.55   0.77   0.26      3      3      1   
  0.69   0.18   0.37   0.30      4      4      1   
  0.48   0.47   0.67   0.62      3      3      1   
  0.95   0.25   0.18   0.25      8      7      1   
  0.55   0.67   0.19   0.13      6      6      1   
  0.20   0.01   0.78   0.97     10     10      1   
  0.76   0.94   0.92   0.61      4      4      1   
  0.01   0.33   0.18   0.34      2      2      1   
  0.87   0.26   0.59   0.42      3      3      1   
  0.63   0.03   0.46   0.72      7      6      1   
  0.70   0.72   0.01   0.87      6      6      1   
  0.66   0.64   0.22   0.52      4      4      1   
  0.26   0.17   0.88   0.56      7      7      1   
  0.94   0.75   0.54   0.82      4      4      1   
  0.07   0.20   0.61   0.63      6      6      1   
  0.53   0.38   0.64   0.81      5      5      1   
  0.84   0.87   0.80   0.20      7      7      1   
  0.05   0.28   0.95   0.25      8      8      1   
  0.01   0.23   0.57   0.94      9      9      1   
  0.88   0.11   0.19   0.94     10     10      1   
  0.76   0.14   0.38   0.02      4      4      1   
  0.93   0.54   0.44   0.91      6      6      1   
  0.68   0.82   0.18   0.10      9      8      1   
  0.47   0.10   0.68   0.82      7      7      1   
  0.26   0.37   0.33   0.00      4      4      1   
  0.71   0.01   0.09   0.34      7      7      1   
  0.30   1.00   0.83   0.35      8      8      1   
  0.70   0.44   0.86   0.09      4      4      1   
  0.05   0.11   0.19   0.24      2      2      1   
  1.00   0.19   0.77   0.26      2      2      1   
  0.18   0.10   0.15   0.07      1      1      1   
  0.06   0.14   0.58   0.43      6      6      1   
  0.31   0.04   0.93   0.07      6      6      1   
  0.71   0.74   0.58   0.43      3      3      1   
  0.63   0.03   0.72   0.03      1      1      1   
  0.03   0.84   0.70   0.64      7      7      1   
  0.78   0.97   0.62   0.61      4      4      1   
  0.98   0.96   0.20   0.81      8      8      1   
  0.83   0.23   0.50   0.82      7      6      1   
  0.53   0.48   0.60   0.67      2      2      1   
  0.44   0.25   0.81   0.18      4      4      1   
  0.30   0.43   0.31   0.45      1      1      1   
  0.18   0.25   0.86   0.71      8      8      1   
  0.91   0.25   0.01   0.08      8      8      1   
  0.59   0.79   0.18   0.27      6      6      1   
  0.10   0.22   0.57   0.86      8      7      1   
  0.73   0.46   0.78   0.97      5      5      1   
  0.83   0.15   0.31   0.45      5      5      1   
  0.57   0.59   0.80   0.53      2      2      1   
  0.68   0.12   0.73   0.10      1      1      1   
  0.02   0.80   0.22   0.16     15     10      1   
  0.26   0.49   0.08   0.35      2      2      1   
  0.86   0.41   0.73   0.46      2      2      1   
  0.89   0.90   0.14   0.77      8      7      1   
  0.75   0.65   0.13   0.52      6      6      1   
  0.31   0.03   0.26   0.17      2      2      1   
  0.51   0.83   0.62   0.26      5      5      1   
  0.67   0.72   0.00   0.51      7      6      1   
  0.61   0.52   0.76   0.94      4      4      1   
  0.75   0.30   0.92   0.10      3      3      1   
  0.46   0.72   0.04   0.08      7      7      1   
  0.98   0.71   0.03   0.46      9      9      1   
  0.86   0.71   0.57   0.94      4      4      1   
  0.16   0.28   0.54   0.09      4      4      1   
  0.73   0.46   0.54   0.17      3      3      1   
  0.79   0.46   0.53   0.03      5      5      1   
  0.23   0.37   0.19   0.11      3      3      1   
  0.56   0.24   0.12   0.34      4      4      1   
  0.65   0.55   0.66   0.45      1      1      1   
  0.83   0.34   0.54   0.80      5      5      1   
  0.65   0.55   0.23   0.39      4      4      1   
  0.57   0.86   0.25   1.00      3      3      1   
  0.54   0.17   0.09   0.78     39      9      1   
  0.68   0.71   0.18   0.77      5      5      1   
  0.40   0.81   0.54   0.28      5      5      1   
  0.13   0.37   0.51   0.21      4      4      1   
  0.55   0.48   0.58   0.85      4      4      1   
  0.27   0.11   0.20   0.17      1      1      1   
  0.94   0.31   0.77   0.79      5      5      1   
  0.04   0.08   0.37   0.30      4      4      1   
  0.01   0.21   0.92   0.74     10     10      1   
  0.88   0.63   0.71   0.76      2      2      1   
  0.23   0.79   0.01   0.94      3      3      1   
  0.26   0.96   0.98   0.96      7      7      1   
  0.75   0.73   0.60   0.67      2      2      1   
  0.01   0.08   0.37   0.30      4      4      1   
  0.14   0.77   0.20   0.01     17     10      1   
  0.08   0.23   0.58   0.22      5      5      1   
  0.86   0.70   0.31   0.86      5      5      1   
  0.60   0.12   0.68   0.12      1      1      1   
  0.02   0.45   0.94   0.39      9      9      1   
  0.04   0.04   0.99   0.21      9      9      1   
  0.54   0.80   0.18   0.25      6      6      1   
  0.27   0.54   0.36   0.90      5      5      1   
  0.26   0.34   0.17   0.13      2      2      1   
  0.43   0.13   0.26   0.96      9      9      1   
  0.06   0.17   0.87   0.29      8      8      1   
  0.43   0.13   0.44   0.91      8      8      1   
  0.18   0.34   0.58   0.22      4      4      1   
  0.78   0.32   0.36   0.55      5      5      1   
  0.92   0.22   0.06   0.14      8      8      1   
  0.44   0.94   0.49   0.46      5      5      1   
  0.28   0.12   0.97   0.32      7      7      1   
  0.67   0.62   0.26   0.17      6      6      1   
  0.06   0.87   0.41   0.82      4      4      1   
  0.24   0.89   0.19   0.94      1      1      1   
  0.96   0.06   0.13   0.52      9      9      1   
  0.12   0.56   0.12   0.32      2      2      1   
  0.72   0.03   0.06   0.45      7      7      1   
  0.08   0.38   0.20   0.93     16      8      1   
  0.44   0.95   0.48   0.47      5      5      1   
  0.90   0.43   0.76   0.61      2      2      1   
  0.62   0.21   0.71   0.00      2      2      1   
  0.68   0.55   0.47   0.81      4      4      1   
  0.13   0.52   0.25   0.18      4      4      1   
  0.53   0.33   0.69   0.47      2      2      1   
  0.89   0.35   0.61   0.22      3      3      1   
  0.31   0.45   0.25   0.37      1      1      1   
  0.66   0.30   0.75   0.28      1      1      1   
  0.55   0.67   0.74   0.82      2      2      1   
  0.27   0.09   0.51   0.16      3      3      1   
  0.18   0.77   0.24   0.50     13      6      1   
  0.13   0.52   0.20   0.32      2      2      1   
  0.39   0.35   0.86   0.71      6      6      1   
  0.28   0.30   0.06   0.82     42      8      1   
  0.94   0.49   0.64   0.81      4      4      1   
  0.91   0.25   0.22   0.45      7      7      1   
  0.57   0.87   0.44   0.84      1      1      1   
  0.92   0.10   0.89   0.90      8      8      1   
  0.09   0.24   0.74   0.97      9      9      1   
  0.20   0.17   0.36   0.53      4      4      1   
  0.03   0.84   0.15   0.07     18     11      1   
  0.69   0.61   0.00   0.51      7      6      1   
  0.31   0.03   0.62   0.61      7      7      1   
  0.93   0.66   0.31   0.45      7      7      1   
  0.54   0.85   0.59   0.38      4      4      1   
  0.94   0.43   0.27   0.09      7      7      1   
  0.08   0.10   0.02   0.51      4      4      1   
  0.66   0.45   0.54   0.09      4      4      1   
  0.04   0.81   0.53   0.38      7      7      1   
  0.80   0.53   0.21   0.12      6      6      1   
  0.68   0.12   0.04   0.81     45     10      1   
  0.18   0.34   0.13   0.52      2      2      1   
  0.76   0.67   0.71   0.94      3      3      1   
  0.06   0.96   0.54   0.80      5      5      1   
  0.69   0.19   0.51   0.31      2      2      1   
  0.77   0.14   0.86   0.09      1      1      1   
  0.82   0.14   0.90   0.43      3      3      1   
  0.63   0.03   0.05   0.11      5      5      1   
  0.08   0.35   0.26   0.93     10      8      1   
  0.55   0.95   0.83   0.15      8      8      1   
  0.67   0.15   0.64   0.81      6      6      1   
  0.50   0.75   0.52   0.47      3      3      1   
  0.65   0.23   0.78   0.97      7      7      1   
  0.04   0.81   0.36   0.78      3      3      1   
  0.58   0.83   0.73   0.67      2      2      1   
  0.53   0.48   0.68   0.71      3      3      1   
  0.44   0.14   0.90   0.43      5      5      1   
  0.34   0.39   0.49   0.62      3      3      1   
  0.26   0.85   0.49   0.62      3      3      1   
  0.86   0.89   0.30   1.00      6      6      1   
  0.92   0.61   0.94   0.75      2      2      1   
  0.24   0.50   0.53   0.38      4      3      1   
  0.09   0.24   0.39   0.29      3      3      1   
  0.98   0.71   0.04   0.93      9      9      1   
  0.23   0.44   0.13   0.07      4      4      1   
  0.66   0.45   0.09   0.79      7      7      1   
  0.65   0.55   0.28   0.02      6      6      1   
  0.28   0.35   0.75   0.80      6      6      1   
  0.41   0.33   0.24   0.89     22      7      1   
  0.63   0.35   0.94   0.49      4      4      1   
  0.81   0.89   0.58   0.22      7      7      1   
  0.62   0.26   0.93   0.66      5      5      1   
  0.90   0.43   0.78   0.24      2      2      1   
  0.18   0.44   0.78   0.93      7      7      1   
  0.56   0.94   0.02   0.51     35      7      1   
  0.71   0.01   0.76   0.66      7      7      1   
  0.78   0.24   0.53   0.03      3      3      1   
  0.20   0.17   0.08   0.10      2      2      1   
