  0.86   0.91   0.20   0.89      7      7      1   
  0.75   0.97   0.73   0.97      1      1      1   
  0.72   0.20   0.12   0.56      7      7      1   
  0.20   0.89   0.74   0.82      5      5      1   
  0.89   0.98   0.44   0.54      6      6      1   
  0.50   0.61   0.79   0.93      4      4      1   
  0.22   0.52   0.31   0.86      6      6      1   
  0.53   0.48   0.53   0.60      1      1      1   
  0.50   0.11   0.23   0.79      7      7      1   
  0.06   0.45   0.63   0.03     47      8      1   
  0.53   0.02   0.12   0.54      8      8      1   
  0.54   0.96   0.44   0.01      9      9      1   
  0.66   0.45   0.94   0.26      4      4      1   
  0.09   0.93   0.08   0.38     25      9      1   
  0.87   0.26   0.54   0.28      3      3      1   
  0.75   0.97   0.20   0.54      8      8      1   
  0.60   0.37   0.09   0.97      7      7      1   
  0.88   0.11   0.04   0.26     10      9      1   
  0.58   0.51   0.31   0.86      4      4      1   
  0.96   0.26   0.55   0.44      4      4      1   
  0.65   0.28   0.83   0.09      3      3      1   
  0.86   1.00   0.79   0.93      1      1      1   
  0.45   0.69   0.53   0.03      6      6      1   
  0.54   0.74   0.18   0.46      5      5      1   
  0.30   0.43   0.99   0.21      7      7      1   
  0.51   0.10   0.79   0.24      3      3      1   
  0.83   0.15   0.18   0.27      9      8      1   
  0.23   1.00   0.54   0.10      9      9      1   
  0.85   0.02   0.76   0.26      2      2      1   
  0.06   0.03   0.22   0.52      5      5      1   
  0.53   0.02   0.17   0.06     41     10      1   
  0.08   0.23   0.80   0.20     20      8      1   
  0.02   0.00   0.75   0.30     11      9      1   
  0.52   0.47   0.01   0.94      7      7      1   
  0.05   0.11   0.76   0.94     10     10      1   
  0.80   0.30   0.45   0.05      4      4      1   
  0.05   0.28   0.44   0.91      8      8      1   
  0.05   0.98   0.75   0.28     10     10      1   
  0.44   0.84   0.01   0.21     48      8      1   
  0.73   0.97   0.44   0.61      5      4      1   
  0.18   0.27   0.20   0.02      3      3      1   
  0.08   0.35   0.51   0.03     48      7      1   
  0.82   0.87   0.55   0.48      5      5      1   
  0.69   0.82   0.26   0.82      4      4      1   
  0.78   0.93   0.68   0.09      8      8      1   
  0.40   0.45   0.08   0.23      4      4      1   
  0.59   0.14   0.75   0.28      2      2      1   
  0.46   0.72   0.24   0.89      3      3      1   
  0.50   0.61   0.61   0.93      3      3      1   
  0.30   0.43   0.91   0.25      6      6      1   
  0.43   0.13   0.69   0.24      3      3      1   
  0.13   0.07   0.49   0.73      8      8      1   
  0.56   0.94   0.60   0.03      9      8      1   
  0.01   0.33   0.25   0.87     10      9      1   
  0.22   0.49   0.55   0.48      3      3      1   
  0.31   0.86   0.60   0.32      6      6      1   
  0.03   0.46   0.22   0.49      2      2      1   
  0.64   0.41   0.12   0.82      6      6      1   
  0.48   0.74   0.09   0.08      8      8      1   
  0.83   0.23   0.41   0.10      4      4      1   
  0.63   0.97   0.55   0.03      9      8      1   
  0.24   0.50   0.13   0.98     31      7      1   
  0.55   0.06   0.47   0.81      7      7      1   
  0.67   0.72   0.09   0.24      7      7      1   
  0.99   0.22   0.18   0.27      9      8      1   
  0.07   0.20   0.63   0.97     10      9      1   
  0.20   0.81   0.59   0.03      9      9      1   
  0.51   0.83   0.51   0.16      6      6      1   
  0.86   0.83   0.18   0.77      6      6      1   
  0.43   0.07   0.61   0.90      8      8      1   
  0.40   0.81   0.44   0.54      3      3      1   
  0.63   0.03   0.76   0.78      7      7      1   
  0.53   0.33   0.59   0.38      1      1      1   
  0.18   0.27   0.62   0.32      6      5      1   
  0.57   0.95   0.62   0.17      8      7      1   
  0.91   0.25   0.22   0.45      7      7      1   
  0.66   0.30   0.18   0.34      6      6      1   
  0.04   0.81   0.09   0.93      1      1      1   
  0.15   0.38   0.40   0.81      6      6      1   
  0.49   0.62   0.44   0.79      2      2      1   
  0.36   0.78   0.77   0.79      4      4      1   
  0.96   0.26   0.84   0.87     10      9      1   
  0.72   0.03   0.10   0.55      8      8      1   
  0.30   0.89   0.15   0.18     28      8      1   
  0.17   0.13   0.19   0.06      1      1      1   
  0.90   0.87   0.47   0.81      4      4      1   
  0.84   0.87   0.71   0.76      2      2      1   
  0.62   0.17   0.08   0.23      8      7      1   
  0.73   0.10   0.97   0.05      2      2      1   
  0.12   0.34   0.24   0.89     12      8      1   
  0.42   0.44   0.26   0.96      6      6      1   
  0.71   0.94   0.81   0.18      8      8      1   
  0.20   0.81   0.12   0.32     24      8      1   
  0.06   0.87   0.71   0.76      6      6      1   
  0.83   0.23   0.12   0.56      7      7      1   
  0.71   0.76   0.03   0.84      6      6      1   
  0.03   0.47   0.72   0.20      8      8      1   
  0.24   0.50   0.79   0.24      6      6      1   
  0.80   0.20   0.70   0.79      7      7      1   
  0.12   0.34   0.81   0.18     26      7      1   
  0.18   0.25   0.46   0.34      5      4      1   
  0.97   0.32   0.57   0.94      9      9      1   
  0.09   0.18   0.01   0.08      2      2      1   
  0.09   0.18   0.04   0.93     49     11      1   
  0.50   0.61   0.82   0.14      5      5      1   
  0.18   0.79   0.62   0.17      8      8      1   
  0.52   0.01   0.06   0.45      8      8      1   
  0.09   0.78   0.55   0.03     10     10      1   
  0.49   0.62   0.43   0.13      5      5      1   
  0.87   0.29   0.09   0.08     46      9      1   
  0.12   0.56   0.87   0.26      8      7      1   
  0.62   0.32   0.63   0.03      3      3      1   
  0.09   0.86   0.94   0.75      8      8      1   
  0.05   0.31   0.64   0.41      6      6      1   
  0.29   0.54   0.55   0.23      5      5      1   
  0.73   0.97   0.08   0.23     10      9      1   
  0.69   0.18   0.61   0.32      2      2      1   
  0.13   0.18   0.46   0.53      5      5      1   
  0.16   0.44   1.00   0.10     37      9      1   
  0.54   0.60   0.62   0.17      4      4      1   
  0.46   0.34   0.72   0.20      3      3      1   
  0.54   0.17   0.69   0.31      2      2      1   
  0.54   0.74   0.75   0.30      5      5      1   
  0.89   0.08   0.18   0.77     10     10      1   
  0.76   0.14   0.61   0.22      2      2      1   
  0.50   0.52   0.69   0.47      2      2      1   
  0.47   0.79   0.59   0.14      6      6      1   
  0.53   0.33   0.47   0.98      7      7      1   
  0.20   0.89   0.62   0.21      8      8      1   
  0.17   0.49   0.80   0.17      7      7      1   
  0.23   0.44   0.20   0.01      4      4      1   
  0.09   0.78   0.54   0.21      9      9      1   
  0.60   0.12   0.03   0.84     57      9      1   
  0.20   0.02   0.14   0.77     54     10      1   
  0.66   0.64   0.24   0.50      4      4      1   
  0.53   0.03   0.48   0.12      1      1      1   
  0.05   0.32   0.35   0.49      4      4      1   
  0.41   0.82   0.52   0.04      7      7      1   
  0.02   0.00   0.13   0.07      2      2      1   
  0.68   0.12   0.19   0.24      8      7      1   
  0.47   0.98   0.71   0.94      3      3      1   
  0.83   0.12   0.06   0.23     14      9      1   
  0.26   0.96   0.71   0.01     10     10      1   
  0.20   0.32   0.71   0.76      7      7      1   
  0.51   0.83   0.61   0.90      1      1      1   
  0.51   0.33   0.58   0.85      5      5      1   
  0.06   0.45   0.30   1.00      9      8      1   
  0.44   0.91   0.94   0.12     10      9      1   
  0.82   0.14   0.61   0.32      3      3      1   
  0.09   0.34   0.18   0.86     40      8      1   
  0.61   0.32   0.58   0.85      5      5      1   
  0.78   0.24   0.76   0.14      1      1      1   
  0.64   0.41   0.69   0.82      4      4      1   
  0.72   0.88   0.15   0.25      8      8      1   
  0.89   0.19   0.61   0.93      9      8      1   
  0.60   0.27   0.54   0.80      5      5      1   
  0.02   0.56   0.05   0.28      3      3      1   
  0.85   0.84   0.13   0.52      7      7      1   
  0.36   0.53   0.44   0.84      3      3      1   
  0.54   0.28   0.13   0.98      8      8      1   
  0.52   0.91   0.26   0.99      3      3      1   
  0.01   0.94   0.60   0.32      9      9      1   
  0.26   0.99   0.48   0.99      3      3      1   
  0.09   0.86   0.08   0.28     26     10      1   
  0.59   0.75   0.18   0.86      4      4      1   
  0.18   0.25   0.46   0.53      4      4      1   
  0.86   1.00   0.03   0.47     10      9      1   
  0.58   0.85   0.53   0.35      5      5      1   
  0.41   0.10   0.54   0.80      7      7      1   
  0.76   0.26   0.51   0.03      3      3      1   
  0.82   0.14   0.02   0.56      9      9      1   
  0.26   0.93   0.37   0.82      2      2      1   
  0.56   0.24   0.18   0.57      6      6      1   
  0.55   0.48   0.58   0.20      3      3      1   
  0.53   0.48   0.35   0.92      4      4      1   
  0.53   0.60   0.60   0.27      3      3      1   
  0.58   0.22   0.78   0.24      2      2      1   
  0.53   0.33   0.27   0.54      4      4      1   
  0.97   0.77   0.03   0.12     11     11      1   
  0.45   0.27   0.54   0.60      3      3      1   
  0.94   0.75   0.63   0.20      8      8      1   
  0.66   0.97   0.00   0.51     58      8      1   
  0.75   0.30   0.46   0.79      6      6      1   
  0.56   0.24   0.82   0.14      3      3      1   
  0.23   1.00   0.98   0.96      8      8      1   
  0.90   0.13   0.66   0.45      4      4      1   
  0.08   0.10   0.48   0.71      7      7      1   
  0.69   0.47   0.41   0.33      3      3      1   
  0.79   0.10   0.10   0.53      8      8      1   
  1.00   0.89   0.75   0.26     10      9      1   
  0.49   0.97   0.67   0.73      3      3      1   
  0.44   0.95   0.11   0.55     34      7      1   
  0.67   0.73   0.05   0.28      7      7      1   
  0.67   0.72   0.31   0.86      4      4      1   
  0.81   0.89   0.08   0.10     10     10      1   
  0.04   0.47   0.69   0.86      8      8      1   
  0.17   0.02   0.68   0.82      9      9      1   
  0.52   0.91   0.45   0.27      6      6      1   
  0.50   0.61   0.97   0.77      5      5      1   
  0.65   0.55   0.79   0.10      5      5      1   
  0.19   0.85   0.12   0.32     24      8      1   
  0.74   0.82   0.45   0.02      8      8      1   
  0.01   0.23   0.47   0.10     55      8      1   
  0.98   0.96   0.50   0.61      6      6      1   
  0.46   0.73   0.65   0.23      5      5      1   
  0.15   0.38   0.01   0.10      3      3      1   
  0.41   0.10   0.20   0.81     39      9      1   
  0.55   0.48   0.67   0.72      3      3      1   
  0.48   0.74   0.41   0.33      4      4      1   
  0.96   0.06   0.55   0.95     10     10      1   
  0.87   0.26   0.20   0.32      8      7      1   
  0.57   0.87   0.46   0.34      5      5      1   
  0.57   0.95   0.12   0.30      7      7      1   
  0.18   0.44   0.48   0.47      3      3      1   
  0.57   0.87   0.60   0.67      2      2      1   
  0.53   0.03   0.13   0.18     20      9      1   
  0.12   0.82   0.43   0.00     10     10      1   
  0.77   0.14   0.57   0.10      2      2      1   
  0.63   0.97   0.22   0.45      7      6      1   
  0.47   0.79   0.49   0.46      3      3      1   
  0.17   0.49   0.55   0.48      4      4      1   
  0.79   0.24   0.87   0.26      1      1      1   
  0.05   0.07   0.50   0.52      6      6      1   
  0.52   0.47   0.25   1.00      5      5      1   
  0.42   0.06   0.67   0.62      6      6      1   
  0.19   0.11   0.21   0.12      1      1      1   
  0.59   0.05   0.62   0.32      3      3      1   
  0.49   0.46   0.54   0.21      3      3      1   
  0.30   0.43   1.00   0.89      8      8      1   
  0.12   0.34   0.67   0.15     36      7      1   
  0.54   0.10   0.20   0.50      6      6      1   
  0.21   0.12   0.59   0.42      7      6      1   
  0.53   0.84   0.63   0.20      6      6      1   
  0.57   0.86   0.53   0.48      4      4      1   
  0.11   0.05   0.26   0.92     15     10      1   
  0.70   0.79   0.58   0.20      6      6      1   
  0.51   0.19   0.13   0.36      6      6      1   
  0.80   0.30   0.87   0.06      2      2      1   
  0.10   0.22   0.25   0.87     13      9      1   
  0.48   0.47   0.17   0.05     46      6      1   
  0.89   0.19   0.69   0.19      2      2      1   
  0.78   0.93   0.78   0.32      7      7      1   
  0.02   0.45   0.57   0.66      5      5      1   
  0.36   0.94   0.50   0.61      4      4      1   
  0.48   0.09   0.54   0.21      1      1      1   
  0.68   0.09   0.06   0.45      7      7      1   
  0.51   0.10   0.89   0.25      4      4      1   
  0.64   0.81   0.43   0.07      8      8      1   
  0.20   0.01   0.81   0.22     15      9      1   
  0.64   0.81   0.10   0.19      8      8      1   
  0.50   0.11   0.21   0.91      8      8      1   
  0.44   0.94   0.43   0.13      8      8      1   
  0.45   0.27   0.46   0.34      1      1      1   
  0.51   0.33   0.01   0.33      6      6      1   
  0.26   0.93   0.13   0.32     25      8      1   
  0.20   0.89   0.46   0.08      9      9      1   
  0.70   0.79   0.01   0.82      6      6      1   
  0.14   0.77   0.13   0.37     24      8      1   
  0.54   0.80   0.17   0.02     48      8      1   
  0.48   0.47   0.19   0.10     48      6      1   
  0.49   0.60   0.04   0.81      5      5      1   
  0.97   0.77   0.15   0.18     10     10      1   
  0.81   0.22   0.95   0.00      3      3      1   
  0.04   0.93   0.61   0.93      5      5      1   
  0.90   0.87   0.47   0.81      4      4      1   
  0.20   0.32   0.69   0.31     13      6      1   
  0.53   0.35   0.14   0.39      5      5      1   
  0.68   0.09   0.36   0.55      5      5      1   
  0.51   0.83   0.65   0.41      4      4      1   
  0.49   0.60   0.75   0.30      4      4      1   
  0.53   0.48   0.78   0.97      5      5      1   
  0.05   0.34   0.21   0.12      3      3      1   
  0.12   0.32   0.89   0.98      9      9      1   
  0.13   0.98   0.63   0.03     10     10      1   
  0.41   0.10   0.68   0.55      5      5      1   
  0.22   0.45   0.16   0.44      1      1      1   
  0.18   0.27   0.53   0.33      6      5      1   
  0.57   0.87   0.70   0.79      2      2      1   
  0.66   0.45   0.54   0.96      5      5      1   
  0.91   0.25   0.95   0.00      3      3      1   
  0.00   0.97   0.01   0.82      2      2      1   
  0.50   0.11   0.53   0.33      2      2      1   
  0.18   0.37   0.68   0.82      6      6      1   
  0.20   0.93   0.87   0.26      9      9      1   
  0.45   0.69   0.58   0.20      5      5      1   
  0.69   0.24   0.01   0.57      7      7      1   
  0.22   0.16   0.62   0.61      7      7      1   
  0.60   0.28   0.20   0.01     66      7      1   
  0.52   0.01   0.54   0.30      3      3      1   
  0.29   0.43   0.09   0.79     48      7      1   
  0.27   0.97   0.36   0.90      1      1      1   
  0.59   0.75   0.03   0.47      6      6      1   
  0.13   0.18   0.06   0.93     56     10      1   
  0.46   0.72   0.26   0.96      3      3      1   
  0.23   1.00   0.15   0.07     30     10      1   
  0.19   0.24   0.61   0.22     18      6      1   
  0.94   0.75   0.55   0.03      9      9      1   
  0.41   0.33   0.02   0.51      5      5      1   
  0.69   0.24   0.46   0.53      3      3      1   
  0.14   0.77   0.85   0.84      7      7      1   
  0.17   0.77   0.06   0.96      2      2      1   
  0.87   0.29   0.25   0.87      9      9      1   
  0.55   0.67   0.58   0.83      2      2      1   
  0.94   0.03   0.55   0.48      6      6      1   
  0.12   0.93   0.62   0.21      9      9      1   
  0.15   0.25   0.89   0.90      9      9      1   
  0.34   0.50   0.25   0.87     13      6      1   
  0.59   0.03   0.52   0.58      5      5      1   
  0.48   0.12   0.13   0.07     31      9      1   
  0.16   0.44   0.77   0.90      7      7      1   
  0.66   0.45   0.84   0.77      5      5      1   
  0.76   0.78   1.00   0.89      3      3      1   
  0.73   0.97   0.58   0.43      5      5      1   
  0.94   0.12   0.65   0.28      3      3      1   
  0.09   0.08   0.51   0.03     48      9      1   
  0.29   0.54   0.64   0.81      5      5      1   
  0.25   1.00   0.56   0.94      3      3      1   
  0.65   0.28   0.86   0.89      7      7      1   
  0.05   0.31   0.20   0.89     35      9      1   
  0.87   0.29   0.05   0.98     62     11      1   
  0.18   0.79   0.43   0.00     10     10      1   
  0.69   0.19   0.85   0.86      8      7      1   
  0.67   0.62   0.54   0.82      3      3      1   
  0.06   0.17   0.20   0.02      2      2      1   
  0.65   0.19   0.54   0.76      6      6      1   
  0.55   0.06   0.06   0.45      8      7      1   
  0.44   0.01   0.45   0.02      1      1      1   
  0.06   0.87   0.56   0.87      5      5      1   
  0.27   0.54   0.44   0.94      5      5      1   
  0.67   0.74   0.56   0.87      2      2      1   
  0.16   0.21   0.80   0.30     11      8      1   
  0.46   0.73   0.68   0.71      2      2      1   
  0.90   0.87   0.18   0.25      9      9      1   
  0.66   0.64   0.03   0.12      8      8      1   
  0.94   0.12   0.20   0.01     62     11      1   
  0.45   0.02   0.46   0.79      8      7      1   
  0.80   0.17   0.51   0.21      3      3      1   
  0.95   0.25   0.61   0.52      5      5      1   
  0.49   0.36   0.57   0.10      3      3      1   
  0.68   0.82   0.75   0.30      6      6      1   
  0.48   0.71   0.10   0.19      6      6      1   
  0.60   0.12   0.40   0.81      6      6      1   
  0.02   0.51   0.18   0.79     36      8      1   
  0.57   0.86   0.79   0.93      2      2      1   
  0.74   0.82   0.68   0.82      1      1      1   
  0.51   0.03   0.63   0.20      2      2      1   
  0.18   0.10   0.60   0.27      8      8      1   
  0.13   0.32   0.14   0.77     35      8      1   
  0.17   0.78   0.09   0.79      1      1      1   
  0.36   0.94   0.29   0.54      6      6      1   
  0.16   0.21   0.20   0.01      2      2      1   
  0.80   0.30   0.20   0.89      8      8      1   
  0.40   0.81   0.29   0.43      4      4      1   
  0.51   0.19   0.54   0.10      1      1      1   
  0.14   0.33   0.16   0.04      3      3      1   
  0.55   0.95   0.06   0.82      5      5      1   
  0.52   0.91   0.59   0.12      7      7      1   
  0.06   0.23   0.37   0.82      9      8      1   
  0.48   0.12   0.50   0.93      8      8      1   
  0.13   0.36   0.07   0.20      2      2      1   
  0.23   0.52   0.12   0.30      3      3      1   
  0.81   0.89   0.17   0.78      6      6      1   
  0.61   0.32   0.15   0.51      5      5      1   
  0.09   0.97   0.65   0.23      9      9      1   
  0.14   0.39   0.65   0.23     28      6      1   
  0.53   0.33   0.83   0.23      3      3      1   
  0.47   0.79   0.67   0.74      2      2      1   
  0.89   0.98   0.36   0.94      5      5      1   
  0.09   0.97   0.23   0.44     13      8      1   
  0.06   0.93   0.53   0.84      5      5      1   
  0.11   0.05   0.36   0.90     10      9      1   
  0.42   0.06   0.47   0.81      8      7      1   
  0.81   0.05   0.49   0.60      6      6      1   
  0.58   0.22   0.46   0.07      2      2      1   
  0.01   0.10   0.69   0.31     11      8      1   
  0.06   0.23   0.71   0.01     38      9      1   
  0.29   0.54   0.11   0.55      2      2      1   
  0.22   0.49   0.49   0.81      5      5      1   
  0.06   0.17   0.65   0.13     48      8      1   
  0.97   0.32   0.41   0.10      6      6      1   
  0.20   0.32   0.64   0.40      7      5      1   
  0.57   0.52   0.34   0.50      2      2      1   
  0.05   0.98   0.67   0.37      9      9      1   
  0.30   1.00   0.92   0.10     10     10      1   
  0.55   0.44   0.97   0.22      4      4      1   
  0.85   0.86   0.25   1.00      6      6      1   
  0.22   0.45   0.71   0.94      7      7      1   
  0.70   0.88   0.61   0.63      3      3      1   
  0.53   0.60   0.27   0.97      4      4      1   
  0.70   0.88   0.13   0.37      7      7      1   
  0.01   0.94   0.60   0.32      9      9      1   
  0.48   0.12   0.78   0.32      3      3      1   
  0.82   0.87   0.08   0.56     58      8      1   
  0.83   0.09   0.60   0.37      4      4      1   
  0.19   0.24   0.43   0.00     51      8      1   
  0.51   0.21   0.12   0.30      6      6      1   
  0.07   0.20   0.63   0.35      7      6      1   
  0.01   0.10   0.13   0.07      2      2      1   
  0.30   0.43   0.16   0.04      5      5      1   
  0.65   0.28   0.45   0.27      2      2      1   
  0.97   0.77   0.41   0.82      5      5      1   
  0.01   0.23   0.45   0.02     68      8      1   
  0.20   0.81   0.15   0.38     17      8      1   
  0.05   0.07   0.09   0.08      1      1      1   
  0.46   0.72   0.07   0.20      6      6      1   
  0.10   0.55   0.86   0.83      8      8      1   
  0.44   0.91   0.09   0.24     30      8      1   
  0.14   0.77   0.24   0.50     11      6      1   
  0.05   0.28   0.44   0.91      8      8      1   
  0.86   0.09   0.80   0.00      1      1      1   
  0.59   0.42   0.56   0.94      5      5      1   
  0.44   0.25   0.20   0.17     13      6      1   
  0.59   0.18   0.80   0.00      3      3      1   
  0.12   0.54   0.83   0.12      8      8      1   
  0.00   0.97   0.62   0.21     10     10      1   
  0.10   0.05   0.73   0.10     36      9      1   
  0.60   0.37   0.72   0.93      6      6      1   
  0.50   0.82   0.65   0.41      4      4      1   
  0.11   0.06   0.18   0.25      2      2      1   
  0.00   0.51   0.50   0.61      5      5      1   
  0.14   0.77   0.57   0.59      5      5      1   
  0.26   0.49   0.63   0.97      6      6      1   
  0.22   0.49   0.26   0.93     11      7      1   
  0.18   0.37   0.53   0.38      3      3      1   
  0.04   0.81   0.13   0.32     22      9      1   
  1.00   0.19   0.76   0.74     10      8      1   
  0.73   0.97   0.03   0.47      8      8      1   
  0.15   0.07   0.57   0.87     10      9      1   
  0.19   0.11   0.10   0.53      4      4      1   
  0.44   0.94   0.67   0.37      6      6      1   
  0.57   0.10   0.88   0.10      3      3      1   
  0.26   0.99   0.60   0.28      7      7      1   
  0.49   0.81   0.78   0.32      6      6      1   
  0.17   0.39   0.21   0.91     31      7      1   
  0.18   0.77   0.46   0.08      9      9      1   
  0.67   0.74   1.00   0.89      4      4      1   
  0.81   0.18   0.06   0.14     28      9      1   
  0.15   0.07   0.43   0.13     42      8      1   
  0.77   0.90   0.64   0.41      5      5      1   
  0.61   0.32   0.79   0.24      2      2      1   
  0.56   0.44   0.78   0.97      6      6      1   
  0.99   0.22   0.06   0.45      9      8      1   
  0.44   0.84   0.01   0.10     48      8      1   
  0.03   0.84   0.04   0.08     28     11      1   
  0.57   0.86   0.20   0.81      4      4      1   
  0.69   0.19   0.53   0.33      2      2      1   
  0.23   0.52   0.01   0.10      4      4      1   
  0.97   0.89   0.44   0.91      5      5      1   
  0.10   0.53   0.29   0.54      2      2      1   
  0.18   0.46   0.42   0.06     46      6      1   
  0.21   0.91   0.08   0.56     45      8      1   
  0.10   0.05   0.90   0.13     28     10      1   
  0.47   0.10   0.12   0.32      7      7      1   
  0.24   0.50   0.77   0.14      6      6      1   
  0.71   0.00   0.37   0.90      9      9      1   
  0.15   0.51   0.53   0.48      4      4      1   
  0.37   0.90   0.73   0.97      4      4      1   
  0.53   0.60   0.08   0.04      7      7      1   
  0.09   0.93   0.79   0.24      9      9      1   
  0.78   0.24   0.89   0.08      2      2      1   
  0.78   0.93   0.09   0.86      7      7      1   
  0.77   0.26   0.63   0.35      2      2      1   
  0.97   0.22   0.08   0.35      9      8      1   
  0.01   0.23   0.41   0.82      8      7      1   
  0.53   0.60   0.59   0.38      2      2      1   
  0.47   0.81   0.51   0.31      5      5      1   
  0.53   0.84   0.26   0.96      3      3      1   
  0.52   0.91   0.96   0.30     18      9      1   
  0.09   0.93   0.52   0.02     10     10      1   
  0.86   0.09   0.02   0.80     58     11      1   
  0.44   0.14   0.12   0.56      6      6      1   
  0.48   0.99   0.91   0.00     10     10      1   
  0.11   0.05   0.71   0.76      9      9      1   
  0.51   0.82   0.69   0.24      6      6      1   
  0.85   0.02   0.18   0.25      9      9      1   
  0.92   0.22   0.65   0.67      6      6      1   
  0.54   0.85   0.17   0.49      6      6      1   
  0.94   0.75   0.54   0.60      5      5      1   
  0.56   0.94   0.44   0.84      2      2      1   
  0.81   0.22   0.58   0.43      3      3      1   
  0.11   0.05   0.18   0.25      2      2      1   
  0.08   0.38   0.04   0.93     47     10      1   
  0.12   0.56   0.94   0.31      8      8      1   
  0.26   0.93   0.16   0.21     29      9      1   
  0.26   0.49   0.57   0.95      5      5      1   
  0.04   0.26   0.50   0.82      8      7      1   
  0.87   0.93   0.04   0.93      9      8      1   
  0.97   0.05   0.06   0.14     28     11      1   
  0.47   0.98   0.44   0.54      5      5      1   
  0.26   0.92   0.06   0.03     31     11      1   
  0.05   0.28   0.10   0.46      2      2      1   
  0.85   0.84   0.18   0.27      8      8      1   
  0.58   0.83   0.51   0.33      5      5      1   
  0.54   0.82   0.52   0.04      8      7      1   
  0.46   0.73   0.12   0.82      3      3      1   
  0.72   0.93   0.17   0.13      9      9      1   
  0.63   0.97   0.40   0.45      5      5      1   
  0.36   0.55   0.12   0.30      4      4      1   
  0.50   0.82   0.78   0.91      3      3      1   
  0.66   0.97   0.75   0.80      2      2      1   
  0.31   0.86   0.16   0.04     20      9      1   
  0.88   0.10   0.76   0.78      8      8      1   
  0.43   0.13   0.60   0.03      2      2      1   
  0.06   0.17   0.52   0.04     49      8      1   
  0.69   0.31   0.56   0.24      2      2      1   
  0.13   0.07   0.63   0.35      8      7      1   
  0.19   0.85   0.62   0.05      9      9      1   
  0.53   0.03   0.24   0.50      7      7      1   
  0.09   0.97   0.11   0.06     20     11      1   
  0.75   0.97   0.54   0.96      2      2      1   
  0.51   0.19   0.86   0.09      4      3      1   
  1.00   0.19   0.16   0.04     51     11      1   
  0.91   0.18   0.01   0.23     10      9      1   
  0.18   0.79   0.20   0.54     18      7      1   
  0.30   0.89   0.67   0.74      4      4      1   
  0.54   0.82   0.66   0.97      2      2      1   
  0.18   0.77   0.46   0.08      9      9      1   
  0.43   0.07   1.00   0.10      5      5      1   
  0.19   0.24   0.32   0.48      3      3      1   
  0.10   0.19   0.48   0.09     44      8      1   
  0.01   0.87   0.09   0.34     28      9      1   
  0.18   0.77   0.49   0.62      4      4      1   
  0.49   0.97   0.71   0.76      3      3      1   
  0.55   0.41   0.58   0.51      1      1      1   
  0.59   0.42   0.86   1.00      6      6      1   
  0.46   0.73   0.08   0.35      5      5      1   
  0.56   0.94   0.31   0.86      3      3      1   
  0.20   0.81   0.86   0.89      7      7      1   
  0.49   0.36   0.53   0.33      1      1      1   
  0.59   0.14   0.06   0.14     26      9      1   
  0.36   0.55   0.16   0.28      4      4      1   
  0.62   0.32   0.49   0.81      5      5      1   
  0.65   0.41   0.90   0.13      4      4      1   
  0.55   0.41   0.86   1.00      6      6      1   
  0.69   0.61   0.68   0.71      1      1      1   
  0.18   0.86   0.89   0.25     10      9      1   
  0.54   0.10   0.22   0.45      6      6      1   
  0.64   0.81   0.91   0.00      9      9      1   
  0.77   0.79   0.60   0.32      5      5      1   
  0.74   0.97   0.64   0.41      5      5      1   
  0.63   0.03   0.63   0.97      8      8      1   
  0.20   0.02   0.92   0.22     16     10      1   
  0.67   0.15   0.10   0.55      7      7      1   
  0.52   0.91   0.18   0.46      6      6      1   
  0.92   0.22   0.60   0.12      3      3      1   
  0.88   0.11   0.38   0.93      9      9      1   
  0.79   0.24   0.66   0.45      3      3      1   
  0.96   0.26   0.00   0.51     10      9      1   
  0.62   0.05   0.77   0.79      7      7      1   
  0.89   0.19   0.81   0.22      1      1      1   
  0.97   0.32   0.89   0.90     12     10      1   
  0.41   0.33   0.55   0.44      2      2      1   
  0.86   1.00   0.87   0.06     15     10      1   
  0.44   0.91   0.31   0.86      2      2      1   
  0.56   0.90   0.19   0.09      9      9      1   
  0.48   0.99   0.05   0.28     31      9      1   
  0.55   0.24   0.54   0.17      1      1      1   
  0.71   0.94   0.93   0.07     10      9      1   
  0.96   0.06   0.09   0.93     62     12      1   
  0.06   0.03   0.80   0.20     21     10      1   
  0.17   0.77   0.18   0.77      1      1      1   
  0.91   0.00   0.55   0.03      4      4      1   
  0.52   0.58   0.20   0.17     17      6      1   
  0.92   0.10   0.15   0.51      9      9      1   
  0.51   0.03   0.47   0.81      7      7      1   
  0.22   0.16   0.23   1.00     11      9      1   
  0.42   0.44   0.24   0.89      6      6      1   
  0.69   0.24   0.01   0.57      7      7      1   
  0.83   0.15   0.94   0.26      2      2      1   
  0.04   0.04   0.82   0.14     29     11      1   
  0.26   0.49   0.81   0.22      6      6      1   
  0.13   0.18   0.44   0.01     69      8      1   
  0.55   0.95   0.60   0.37      6      5      1   
  0.60   0.03   0.53   0.48      4      4      1   
  0.53   0.33   0.47   0.81      5      5      1   
  0.69   0.31   0.04   0.13     50      8      1   
  0.44   0.94   0.46   0.73      2      2      1   
  0.81   0.89   0.01   0.10     10     10      1   
  0.46   0.34   0.74   0.82      5      5      1   
  0.53   0.20   0.58   0.83      6      6      1   
  0.53   0.03   0.01   0.87     59     10      1   
  0.21   0.91   0.18   0.34     28      8      1   
  0.37   0.90   0.80   0.20      8      8      1   
  0.69   0.19   0.63   0.97      7      7      1   
  0.04   0.08   0.94   0.12     29     11      1   
  0.19   0.85   0.26   0.82      1      1      1   
  1.00   0.23   0.63   0.03      4      4      1   
  0.32   0.48   0.94   0.03      7      7      1   
  0.01   0.87   0.46   0.72      4      4      1   
  0.06   0.99   0.03   0.46     34     10      1   
  0.85   0.86   0.50   0.61      4      4      1   
  0.44   0.84   0.00   0.46     54      7      1   
  0.55   0.67   0.05   0.28      6      6      1   
  0.93   0.10   0.46   0.73      7      7      1   
  0.87   0.29   0.05   0.31      9      8      1   
  0.42   0.44   0.58   0.43      2      2      1   
  0.93   0.07   0.13   0.32     10      9      1   
  0.19   0.24   0.54   0.74      6      6      1   
  0.57   0.86   0.55   0.24      6      6      1   
  0.71   0.76   0.20   0.54      6      6      1   
  0.70   0.79   0.79   0.93      2      2      1   
  0.13   0.36   0.40   0.81      6      6      1   
  0.44   0.25   0.59   0.14      2      2      1   
  0.61   0.22   0.73   0.97      7      7      1   
  0.96   0.30   0.52   0.58      6      6      1   
  0.67   0.62   0.46   0.72      2      2      1   
  0.48   0.71   0.79   0.93      4      4      1   
  0.65   0.13   0.08   0.38      7      7      1   
  0.52   0.04   0.86   0.83      9      8      1   
  0.15   0.07   0.22   0.49      4      4      1   
  0.15   0.18   0.44   0.54      5      5      1   
  0.92   0.01   0.85   0.84     15     10      1   
  0.97   0.32   0.65   0.19      3      3      1   
  0.46   0.72   0.54   0.96      3      3      1   
  0.07   0.20   0.69   0.47      8      7      1   
  0.04   0.13   0.02   0.80     58     11      1   
  0.94   0.26   0.02   0.80     58     11      1   
  0.09   0.24   0.05   0.28      1      1      1   
  0.64   0.40   0.55   0.41      1      1      1   
  0.62   0.17   0.01   0.94     58     10      1   
  0.59   0.15   0.59   0.03      1      1      1   
  0.01   0.33   0.04   0.81     56     10      1   
  0.22   0.16   0.63   0.03     52      9      1   
  0.47   0.10   0.54   0.80      7      7      1   
  0.60   0.27   0.74   0.82      6      5      1   
  0.83   0.09   0.16   0.21     15      9      1   
  0.75   0.97   0.45   0.69      4      4      1   
  0.93   0.10   0.44   0.25      5      5      1   
  1.00   0.23   0.67   0.37      3      3      1   
  0.35   0.92   0.69   0.86      3      3      1   
  0.62   0.61   0.90   0.87      4      4      1   
  0.15   0.25   0.18   0.77     35      8      1   
  0.11   0.05   0.94   0.03     37     11      1   
  0.50   0.61   0.09   0.24      5      5      1   
  0.54   0.10   0.70   0.88      8      8      1   
  0.65   0.23   0.67   0.62      4      4      1   
  0.06   0.23   0.92   0.22     16      9      1   
  0.60   0.37   0.26   0.85      5      5      1   
  0.26   0.92   0.11   0.55     33      8      1   
  0.58   0.43   0.47   0.98      6      6      1   
  0.96   0.30   0.23   1.00     10     10      1   
  0.95   0.95   0.93   0.10     17     10      1   
  0.63   0.35   0.08   0.35      6      5      1   
  0.69   0.18   0.09   0.86     60      9      1   
  0.61   0.52   0.20   0.32      5      5      1   
  0.30   0.43   0.11   0.05      5      5      1   
  0.15   0.07   0.49   0.97     11     10      1   
  0.73   0.10   0.69   0.18      1      1      1   
  0.55   0.24   0.26   0.49      5      5      1   
  0.17   0.39   0.67   0.73      5      5      1   
  0.97   0.32   0.57   0.95      9      9      1   
  0.44   0.54   0.50   0.52      1      1      1   
  0.46   0.72   0.28   0.80      2      2      1   
  0.44   0.14   0.46   0.79      7      7      1   
  0.85   0.86   0.26   0.96      6      6      1   
  0.04   0.13   0.48   0.47      6      6      1   
  0.97   0.77   0.46   0.08     10      9      1   
  0.02   0.00   0.44   0.14     43      9      1   
  0.56   0.94   0.65   0.23      7      7      1   
  0.18   0.86   0.18   0.37     27      7      1   
  0.16   0.28   0.59   0.42      6      5      1   
  0.54   0.80   0.58   0.43      4      4      1   
  0.18   0.25   0.35   0.92      8      7      1   
  0.76   0.74   0.52   0.91      3      3      1   
  0.58   0.43   0.01   0.21     17      7      1   
  0.68   0.12   0.10   0.19     23      8      1   
  0.47   0.10   0.06   0.93     62     10      1   
  0.60   0.28   0.59   0.15      2      2      1   
  0.35   0.92   0.58   0.83      3      3      1   
  0.77   0.79   0.40   0.81      4      4      1   
  0.68   0.12   0.16   0.21     14      8      1   
  0.77   0.90   0.69   0.18      7      7      1   
  0.18   0.79   0.24   0.50     15      6      1   
  0.49   0.81   0.69   0.86      2      2      1   
  0.54   0.10   0.53   0.06      1      1      1   
  0.64   0.81   0.50   0.52      3      3      1   
  0.05   0.32   0.68   0.71      7      7      1   
  0.11   0.55   0.50   0.75      5      5      1   
  0.48   0.09   0.80   0.30      4      4      1   
  0.43   0.13   0.53   0.48      4      4      1   
  0.13   0.36   0.09   0.18      2      2      1   
  0.35   0.49   0.58   0.83      4      4      1   
  0.31   0.86   0.05   0.34     37      7      1   
  0.20   0.02   0.44   0.61      6      6      1   
  0.15   0.18   0.65   0.23     19      7      1   
  0.91   0.25   0.54   0.09      4      4      1   
  0.99   0.01   0.86   1.00     14     11      1   
  0.96   0.30   0.18   0.57      8      8      1   
  0.20   0.01   0.75   0.28     11      9      1   
  0.50   0.82   0.98   0.96      5      5      1   
  0.30   1.00   0.11   0.05     21     10      1   
  0.06   0.93   0.80   0.30     10      9      1   
  0.06   0.99   0.55   0.24      9      9      1   
  0.02   0.56   0.01   0.87     45      9      1   
  0.87   0.06   0.92   0.01      1      1      1   
  0.41   0.10   0.08   0.56      8      8      1   
  0.23   0.79   0.92   0.10      9      9      1   
  0.50   0.11   0.52   0.01      1      1      1   
  0.88   0.11   0.49   0.97      9      9      1   
  0.09   0.24   0.06   0.23      1      1      1   
  0.05   0.32   0.99   0.01     58     10      1   
  0.13   0.37   0.56   0.90      7      7      1   
  0.15   0.18   0.26   0.92     14      9      1   
  0.94   0.03   0.36   0.55      7      7      1   
  0.55   0.44   0.69   0.31      2      2      1   
  0.18   0.25   0.18   0.46      2      2      1   
  0.05   0.34   0.18   0.25      2      2      1   
  0.81   0.22   0.60   0.67      5      5      1   
  0.61   0.90   0.58   0.22      7      7      1   
  0.67   0.74   0.37   0.82      3      3      1   
  0.02   0.80   0.12   0.56     33      8      1   
  0.09   0.22   0.12   0.93     35     10      1   
  0.42   0.06   0.44   0.61      6      6      1   
  0.18   0.46   0.12   0.32      2      2      1   
  0.11   0.06   1.00   0.23     16     10      1   
  1.00   0.10   0.51   0.82      9      8      1   
  0.13   0.07   1.00   0.23     21     10      1   
  0.71   0.01   0.66   0.97      9      9      1   
  0.09   0.08   0.47   0.79      9      8      1   
  0.15   0.38   0.70   0.88      7      7      1   
  0.04   0.26   0.89   0.19     32      9      1   
  0.45   0.02   0.00   0.46      8      8      1   
  0.02   0.51   1.00   0.19     10     10      1   
  0.85   0.86   0.97   0.05     16     10      1   
  0.67   0.72   0.54   0.74      2      2      1   
  0.19   0.85   0.18   0.27     27      8      1   
  0.02   0.45   0.03   0.12      3      3      1   
  0.10   0.55   0.58   0.43      5      5      1   
  0.53   0.03   0.78   0.97      9      9      1   
  0.54   0.60   0.15   0.38      4      4      1   
  0.63   0.20   0.54   0.74      5      5      1   
  0.55   0.03   0.45   0.05      1      1      1   
  0.22   0.45   0.56   0.24      5      5      1   
  0.08   0.23   0.52   0.58      6      6      1   
  0.97   0.22   0.61   0.63      6      6      1   
  0.43   0.07   0.54   0.60      5      5      1   
  0.54   0.82   0.44   0.14      7      7      1   
  0.71   0.00   0.66   0.39      4      4      1   
  0.10   0.22   0.41   0.10     40      8      1   
  0.51   0.83   0.40   0.81      1      1      1   
  0.86   0.89   0.79   0.24      9      8      1   
  0.10   0.53   0.50   0.82      6      6      1   
  0.08   0.38   0.16   0.28      1      1      1   
  0.55   0.24   0.04   0.81     56      8      1   
  0.67   0.15   0.69   0.82      6      6      1   
  0.18   0.27   0.56   0.90      8      7      1   
  0.89   0.90   0.03   0.46      9      9      1   
  0.54   0.60   0.55   0.06      5      5      1   
  0.43   0.13   0.76   0.78      7      7      1   
  0.48   0.09   0.46   0.53      4      4      1   
  0.93   0.07   0.54   0.76      8      8      1   
  0.73   0.10   0.30   0.89      8      8      1   
  0.49   0.46   0.54   0.21      3      3      1   
  0.73   0.10   0.05   0.28     13      8      1   
  0.78   0.97   0.78   0.93      1      1      1   
  0.55   0.06   0.19   0.09     42      9      1   
  0.86   0.91   0.15   0.25      9      9      1   
  0.35   0.49   0.61   0.32      3      3      1   
  0.59   0.03   0.83   0.12      3      3      1   
  0.57   0.66   0.89   0.08      6      6      1   
  0.03   0.47   0.51   0.31      6      6      1   
  0.44   0.94   0.13   0.52     33      6      1   
  0.04   0.81   0.65   0.23      9      9      1   
  0.74   0.82   0.46   0.72      3      3      1   
  0.01   0.33   0.00   0.97     47     11      1   
  0.88   0.10   0.59   0.18      3      3      1   
  0.17   0.39   0.04   0.26      2      2      1   
  0.50   0.75   1.00   0.19      9      8      1   
  0.03   0.12   0.65   0.23     20      8      1   
  0.44   0.14   0.20   0.01     58      8      1   
  0.60   0.03   0.03   0.84     58     10      1   
  0.40   0.45   0.65   0.13      4      4      1   
  0.65   0.28   0.22   0.45      5      5      1   
  0.50   0.93   0.04   0.47     54      7      1   
  0.54   0.28   0.70   0.79      5      5      1   
  0.85   0.02   0.19   0.85     10     10      1   
  0.05   0.31   0.19   0.94     32      9      1   
  0.37   0.90   0.56   0.87      2      2      1   
  0.01   0.82   0.17   0.39     15      8      1   
  0.45   0.60   0.47   0.81      2      2      1   
  0.01   0.82   0.69   0.31      9      8      1   
  0.11   0.05   0.03   0.84     57     11      1   
  0.96   0.30   0.99   0.21      1      1      1   
  0.17   0.77   0.11   0.06     18     10      1   
  0.59   0.75   0.18   0.44      5      5      1   
  0.34   0.50   0.12   0.30      3      3      1   
  0.54   0.09   0.41   0.10      2      2      1   
  0.64   0.81   0.66   0.16      6      6      1   
  0.10   0.19   0.26   0.92     14      9      1   
  0.23   1.00   0.66   0.39      7      7      1   
  0.52   0.02   0.46   0.72      7      7      1   
  0.66   0.97   0.46   0.73      3      3      1   
  0.53   0.02   0.26   0.82      9      8      1   
  0.97   0.32   0.91   0.25      1      1      1   
  0.64   0.40   0.92   0.22      3      3      1   
  0.81   0.18   0.53   0.06      3      3      1   
  0.20   0.02   0.97   0.77     12     11      1   
  0.66   0.39   0.12   0.34      7      6      1   
  0.51   0.33   0.75   0.30      2      2      1   
  0.65   0.19   0.44   0.54      4      4      1   
  0.54   0.74   0.63   0.97      2      2      1   
  0.76   0.20   0.06   0.87      9      9      1   
  0.96   0.30   0.78   0.91     10      9      1   
  0.16   0.21   0.79   0.10     36      9      1   
  0.15   0.25   0.53   0.60      5      5      1   
  0.66   0.39   0.61   0.56      2      2      1   
  0.36   0.78   0.18   0.27      6      6      1   
  0.57   0.52   0.44   0.84      3      3      1   
  0.08   0.35   0.49   0.97      9      8      1   
  0.02   0.45   0.01   0.57      1      1      1   
  0.81   0.89   0.95   0.25     15      9      1   
  0.16   0.28   0.54   0.82      6      6      1   
  0.90   0.87   0.51   0.16      9      9      1   
  0.51   0.31   0.18   0.37      4      4      1   
  0.09   0.08   0.12   0.32      2      2      1   
  0.44   0.01   0.79   0.24      4      4      1   
  0.10   0.22   0.70   0.88      9      9      1   
  0.09   0.93   0.54   0.74      5      5      1   
  0.62   0.26   0.44   0.91      6      6      1   
  0.55   0.23   0.16   0.21     14      7      1   
  0.67   0.62   0.62   0.21      4      4      1   
  0.30   0.89   0.03   0.46     33      7      1   
  0.25   0.87   0.88   0.11     10     10      1   
  0.45   0.05   0.21   0.12     39      8      1   
  0.22   0.45   0.25   0.87     11      7      1   
  0.11   0.05   0.66   0.39      9      8      1   
  0.72   0.93   0.06   0.03     11     11      1   
  0.20   0.89   0.85   0.02     10     10      1   
  0.19   0.11   0.65   0.41      8      7      1   
  0.77   0.14   0.12   0.56      8      7      1   
  0.07   0.20   0.64   0.40      7      6      1   
  0.71   0.01   0.09   0.22     12      9      1   
  0.61   0.63   0.19   0.24      6      6      1   
  0.61   0.22   0.63   0.20      1      1      1   
  0.69   0.19   0.49   0.97      8      7      1   
  0.54   0.80   0.53   0.48      3      3      1   
  0.24   0.50   0.15   0.38      2      2      1   
  0.25   0.87   0.57   0.95      4      4      1   
  0.71   0.94   0.57   0.86      2      2      1   
  0.02   0.51   0.86   0.91      9      9      1   
  0.57   0.59   0.64   0.40      2      2      1   
  0.54   0.80   0.86   0.09      8      8      1   
  0.38   0.93   0.86   0.09      9      9      1   
  0.49   0.36   0.67   0.74      4      4      1   
  0.98   0.96   0.23   0.79      7      7      1   
  0.53   0.60   0.88   0.11      6      6      1   
  0.90   0.87   0.58   0.20      8      8      1   
  0.67   0.15   0.53   0.38      3      3      1   
  0.23   0.44   0.06   0.17      3      3      1   
  0.30   0.89   0.15   0.51     22      6      1   
  0.73   0.10   0.19   0.13     27      8      1   
  0.09   0.79   0.50   0.61      5      5      1   
  0.77   0.90   0.10   0.19      9      9      1   
  0.89   0.98   0.08   0.35      9      9      1   
  0.10   0.05   0.03   0.84     57     11      1   
  0.40   0.81   0.09   0.93      3      3      1   
  0.64   0.40   0.54   0.10      3      3      1   
  0.96   0.06   0.94   0.75     19     11      1   
  0.46   0.07   0.62   0.21      2      2      1   
  0.61   0.90   0.29   0.54      5      5      1   
  0.54   0.10   0.76   0.78      7      7      1   
  0.51   0.31   0.67   0.62      3      3      1   
  1.00   0.19   0.78   0.93     11      9      1   
  0.86   0.09   0.27   0.97     10     10      1   
  0.60   0.32   0.65   0.55      3      3      1   
  0.60   0.03   0.06   0.93     63     10      1   
  0.20   0.81   0.97   0.77      7      7      1   
  0.05   0.31   0.40   0.45      4      4      1   
  0.44   0.61   0.62   0.26      4      4      1   
  0.54   0.21   0.97   0.32      4      4      1   
  0.17   0.13   0.76   0.20     20      8      1   
  0.89   0.98   0.25   1.00      6      6      1   
  0.09   0.93   0.09   0.79      2      2      1   
  0.09   0.86   0.55   0.67      5      5      1   
  0.75   0.26   0.47   0.58      4      4      1   
  0.01   0.08   0.08   0.04      1      1      1   
  0.55   0.23   0.61   0.32      1      1      1   
  0.46   0.53   0.15   0.51      3      3      1   
  0.65   0.55   0.97   0.05      6      6      1   
  0.09   0.18   0.62   0.26      9      7      1   
  0.62   0.26   0.28   0.80      6      6      1   
  0.58   0.22   0.53   0.60      4      4      1   
  0.93   0.10   0.97   0.89     17     10      1   
  0.01   0.21   0.60   0.37      8      7      1   
  0.04   0.26   0.67   0.62      7      7      1   
  0.20   0.89   0.46   0.79      3      3      1   
  0.55   0.24   0.56   0.87      6      6      1   
  0.19   0.24   0.69   0.47      7      6      1   
  0.26   0.92   0.10   0.16     26      9      1   
  0.68   0.71   0.17   0.78      5      5      1   
  0.10   0.46   0.94   0.75      9      9      1   
  0.10   0.19   0.57   0.52      6      6      1   
  0.01   0.57   0.54   0.17      7      7      1   
  0.91   0.00   0.55   0.48      6      6      1   
  0.92   0.10   0.36   0.55      7      6      1   
  0.97   0.77   0.58   0.43      7      6      1   
  0.37   0.90   0.18   0.25      7      7      1   
  0.69   0.24   0.94   0.75     20      8      1   
  0.37   0.90   0.20   0.93      2      2      1   
  0.06   0.17   0.51   0.19     42      7      1   
  0.97   0.32   0.19   0.85     55     10      1   
  0.97   0.89   0.48   0.09      9      9      1   
  0.62   0.61   0.07   0.20      7      7      1   
  0.63   0.03   0.03   0.46      9      9      1   
  0.04   0.81   0.62   0.21      9      9      1   
  0.30   0.43   0.23   0.79     12      5      1   
  0.19   0.20   0.71   0.94      9      9      1   
  0.09   0.89   0.11   0.55     34      9      1   
  0.78   0.32   0.08   0.38      7      7      1   
  0.48   0.47   0.66   0.30      3      3      1   
  0.50   0.75   0.41   0.33      4      4      1   
  0.23   0.79   0.54   0.80      3      3      1   
  0.06   0.23   0.13   0.18      1      1      1   
  0.20   0.54   1.00   0.23      8      8      1   
  0.80   0.17   0.02   0.00     50     10      1   
  0.61   0.22   0.98   0.96     10      9      1   
  0.62   0.61   0.46   0.73      2      2      1   
  0.74   0.82   0.71   0.94      1      1      1   
  0.04   0.47   0.96   0.30      9      9      1   
  0.82   0.14   0.91   0.25      2      2      1   
  0.54   0.96   0.01   0.57     53      7      1   
  0.47   0.10   0.44   0.61      5      5      1   
  0.46   0.72   0.18   0.10      7      7      1   
  0.69   0.86   0.02   0.00     10     10      1   
  0.62   0.61   0.60   0.37      3      3      1   
  0.34   0.50   0.26   0.92     12      6      1   
  0.54   0.80   0.92   0.10      9      8      1   
  0.81   0.18   0.73   0.97      9      8      1   
  0.66   0.64   0.83   0.12      6      6      1   
  0.12   0.82   0.55   0.48      5      5      1   
  0.21   0.12   0.18   0.86     44      9      1   
  0.48   0.99   0.51   0.83      2      2      1   
  0.27   0.54   0.63   0.35      4      4      1   
  0.05   0.07   0.44   0.84      9      8      1   
  0.37   0.82   0.67   0.62      4      4      1   
  0.76   0.26   0.53   0.35      3      3      1   
  0.50   0.93   0.10   0.55     44      7      1   
  0.48   0.71   0.09   0.34      5      5      1   
  0.44   0.61   0.88   0.10      6      6      1   
  0.24   0.50   0.05   0.31      3      3      1   
  0.68   0.12   0.19   0.24      8      7      1   
  0.49   0.62   0.02   0.00      7      7      1   
  0.19   0.11   0.09   0.24      2      2      1   
  0.55   0.95   0.17   0.98      4      4      1   
  0.57   0.95   0.34   0.50      5      5      1   
  0.63   0.03   0.06   0.45      8      8      1   
  0.99   0.21   0.50   0.61      6      6      1   
  0.19   0.85   0.49   0.46      5      5      1   
  0.19   0.06   0.44   0.91     10      9      1   
  0.26   0.93   0.94   0.75      7      7      1   
  0.06   0.45   0.14   0.39      1      1      1   
  0.49   0.46   0.31   0.86      4      4      1   
  0.52   0.91   0.13   0.37      7      7      1   
  0.48   0.74   0.20   0.81      3      3      1   
  0.05   0.07   0.06   0.14      1      1      1   
  0.26   0.92   0.44   0.94      2      2      1   
  0.27   0.97   0.85   0.02     10     10      1   
  0.53   0.38   0.36   0.55      2      2      1   
  0.86   0.09   0.80   0.00      1      1      1   
  0.65   0.23   0.86   1.00      8      8      1   
  0.09   0.08   0.54   0.21     14      8      1   
  0.53   0.60   0.76   0.74      3      3      1   
  0.54   0.60   0.06   0.82      5      5      1   
  0.54   0.10   0.18   0.79     50      9      1   
  0.05   0.11   0.72   0.93     10     10      1   
  0.15   0.18   0.77   0.14     26      8      1   
  0.52   0.47   0.57   0.87      4      4      1   
  0.71   0.00   0.09   0.18     16      9      1   
  0.08   0.23   0.56   0.87      9      8      1   
  0.52   0.91   0.10   0.16      8      8      1   
  0.53   0.38   0.94   0.75      8      7      1   
  0.44   0.54   0.31   0.45      2      2      1   
  0.95   0.25   0.13   0.98     33     11      1   
  0.19   0.09   0.51   0.21     19      8      1   
  0.31   0.86   0.51   0.82      2      2      1   
  0.94   0.26   0.58   0.20      4      4      1   
  0.46   0.07   0.45   0.60      6      6      1   
  0.30   0.43   0.47   0.10      5      5      1   
  0.44   0.61   0.68   0.55      2      2      1   
  0.57   0.95   0.56   0.90      1      1      1   
  0.49   0.81   0.01   0.87      5      5      1   
  0.09   0.97   0.78   0.93      7      7      1   
  0.97   0.32   0.63   0.20      4      4      1   
  0.59   0.75   0.52   0.58      2      2      1   
  0.60   0.32   0.49   0.60      3      3      1   
  0.55   0.44   0.46   0.72      3      3      1   
  0.72   0.93   0.18   0.27      8      8      1   
  0.71   0.94   0.81   0.22      8      8      1   
  0.60   0.27   0.72   0.20      2      2      1   
  0.88   0.11   0.00   0.51     10      9      1   
  0.18   0.46   0.66   0.30      5      5      1   
  0.13   0.07   0.01   0.57      5      5      1   
  0.15   0.38   0.86   0.89      9      9      1   
  0.36   0.94   0.14   0.39     24      8      1   
  0.15   0.25   0.17   0.98     36      9      1   
  0.23   0.79   0.31   0.45      5      5      1   
  0.93   0.07   0.67   0.37      4      4      1   
  0.62   0.05   0.41   0.10      2      2      1   
  0.69   0.47   0.16   0.21     16      7      1   
  0.79   0.93   0.76   0.20      7      7      1   
