  0.16   0.22   0.23   0.08      2      2      1   
  0.34   0.83   0.22   0.10      7      7      1   
  0.94   0.76   0.09   0.83      8      8      1   
  0.93   0.61   0.33   0.41      6      6      1   
  0.39   0.14   0.26   0.77      6      6      1   
  0.21   0.99   0.10   0.92      2      2      1   
  0.63   0.16   0.74   0.71      6      6      1   
  0.77   0.14   0.25   0.15      5      5      1   
  0.54   0.20   0.93   0.78      7      7      1   
  0.70   0.21   0.79   0.23      1      1      1   
  0.70   0.21   0.09   0.48      6      6      1   
  0.25   0.44   0.10   0.79      3      3      1   
  0.54   0.27   0.38   0.59      5      4      1   
  0.93   0.61   0.15   0.27      8      8      1   
  0.81   0.04   0.04   0.04      8      8      1   
  0.10   0.51   0.90   0.89      9      9      1   
  0.37   0.25   0.84   0.85      7      7      1   
  0.67   0.73   0.86   0.09      7      7      1   
  0.32   0.62   0.22   0.97      3      3      1   
  0.17   0.06   0.73   0.35      6      6      1   
  0.37   0.29   0.10   0.93      7      7      1   
  0.99   0.06   0.56   0.88      9      9      1   
  0.77   0.25   0.14   0.82      8      8      1   
  0.59   0.57   0.94   0.57      4      4      1   
  0.10   0.92   0.93   0.09     11     11      1   
  0.73   0.75   0.37   0.67      4      4      1   
  0.34   0.83   0.24   0.19      6      6      1   
  0.91   0.21   0.25   0.18      6      6      1   
  0.24   0.23   0.24   0.56      3      3      1   
  0.96   0.26   0.26   0.96      9      9      1   
  0.01   0.52   0.32   0.20      5      5      1   
  0.62   0.49   0.94   0.57      3      3      1   
  0.30   0.28   0.23   0.08      2      2      1   
  0.56   0.79   0.06   0.17      7      7      1   
  0.82   0.12   0.09   0.68      9      9      1   
  0.16   0.51   0.96   0.26      8      8      1   
  0.47   0.04   0.02   0.85      9      8      1   
  0.10   0.41   0.44   0.18      4      4      1   
  0.13   0.04   0.23   0.01      1      1      1   
  0.00   0.91   0.10   0.92      1      1      1   
  0.26   0.58   0.49   0.35      4      3      1   
  0.34   0.46   0.53   0.10      4      4      1   
  0.08   0.01   0.35   0.83      8      8      1   
  0.39   0.30   0.35   0.83      5      5      1   
  0.94   0.19   0.34   0.83      8      8      1   
  0.51   0.00   0.39   0.23      3      3      1   
  0.73   0.35   0.78   0.76      4      4      1   
  0.03   0.94   0.66   0.93      6      6      1   
  0.84   0.53   0.24   0.69      6      6      1   
  0.23   0.83   0.37   0.18      6      6      1   
  0.03   0.59   0.43   0.90      5      5      1   
  0.46   0.79   0.07   0.13      7      7      1   
  0.51   0.58   0.48   0.77      2      2      1   
  0.81   0.40   0.05   0.45      8      7      1   
  0.13   0.04   0.01   0.20      2      2      1   
  0.93   0.61   0.25   0.89      7      7      1   
  0.18   0.81   0.66   0.34      7      7      1   
  0.58   0.52   0.97   0.09      6      6      1   
  0.11   0.19   0.68   0.37      5      5      1   
  0.35   0.28   0.06   0.17      3      3      1   
  0.32   0.60   0.20   0.80      2      2      1   
  0.27   0.45   0.01   0.92      5      5      1   
  0.24   0.19   0.25   0.89      6      6      1   
  0.65   0.75   0.71   0.98      2      2      1   
  0.51   0.58   0.87   0.57      4      4      1   
  0.24   0.09   0.63   0.16      4      4      1   
  0.04   0.31   0.57   0.09      5      5      1   
  0.70   0.21   0.85   0.54      4      4      1   
  0.10   0.73   0.96   0.26      9      9      1   
  0.48   0.53   0.16   0.22      5      5      1   
  0.19   0.69   0.62   0.67      5      4      1   
  0.77   0.25   0.25   0.44      5      5      1   
  0.77   0.15   0.46   0.73      6      6      1   
  0.54   0.27   0.78   0.17      3      3      1   
  0.67   0.73   0.49   0.98      3      3      1   
  0.50   0.34   0.18   0.81      6      6      1   
  0.54   0.27   0.26   0.94      7      7      1   
  0.35   0.63   0.79   0.47      5      5      1   
  0.76   0.39   0.63   0.88      5      5      1   
  0.29   0.39   0.09   0.83      5      5      1   
  0.63   0.16   0.96   0.98      9      9      1   
  0.73   0.75   0.61   0.76      1      1      1   
  0.87   0.57   0.94   0.19      4      4      1   
  0.16   0.34   0.97   0.09      8      8      1   
  0.43   0.04   0.31   0.05      1      1      1   
  0.30   0.28   0.24   0.56      3      3      1   
  0.91   0.21   0.56   0.12      4      4      1   
  0.49   0.17   0.85   0.58      6      6      1   
  0.81   0.04   0.17   0.26      7      7      1   
  0.82   0.54   0.49   0.22      4      4      1   
  0.91   0.52   0.49   0.85      5      5      1   
  0.24   0.79   0.02   0.28      5      5      1   
  0.10   0.41   0.18   0.33      1      1      1   
  0.75   0.50   0.33   0.71      5      5      1   
  0.78   0.36   0.93   0.12      3      3      1   
  0.14   0.44   0.55   0.65      5      5      1   
  0.25   0.18   0.49   0.94      8      8      1   
  0.30   0.12   0.23   0.65      5      5      1   
  0.16   0.34   0.64   0.19      5      5      1   
  0.95   0.55   0.18   0.81      8      8      1   
  0.97   0.78   0.20   0.07     10     10      1   
  0.87   0.25   0.93   0.20      1      1      1   
  0.01   0.20   0.70   0.85      9      9      1   
  0.38   0.53   0.44   0.70      2      2      1   
  0.01   0.52   0.90   0.56      9      9      1   
  0.91   0.44   0.43   0.90      6      6      1   
  0.16   0.22   0.16   0.66      4      4      1   
  0.67   0.55   0.35   0.63      3      3      1   
  0.09   0.27   0.30   0.23      2      2      1   
  0.60   0.27   0.07   0.15      5      5      1   
  0.42   0.59   0.30   0.28      3      3      1   
  0.38   0.59   0.51   0.92      4      4      1   
  0.65   0.92   0.08   0.01     10     10      1   
  0.42   0.70   0.87   0.57      5      5      1   
  0.16   0.51   0.10   1.00      5      5      1   
  0.11   0.19   0.34   0.46      4      4      1   
  0.93   0.78   0.75   0.35      4      4      1   
  0.37   0.29   0.95   0.44      6      6      1   
  0.33   0.53   0.26   0.58      1      1      1   
  0.83   0.58   0.78   0.36      2      2      1   
  0.10   0.41   0.78   0.36      7      7      1   
  0.03   0.63   0.99   0.48      9      9      1   
  0.37   0.18   0.18   0.33      3      3      1   
  0.02   0.45   0.77   0.14      8      8      1   
  0.89   0.30   0.25   0.95      8      8      1   
  0.06   0.53   0.06   0.37      2      2      1   
  0.36   0.40   0.55   1.00      6      6      1   
  0.15   0.27   0.67   0.12      5      5      1   
  0.23   0.08   0.73   0.35      5      5      1   
  0.39   0.34   0.54   0.44      2      2      1   
  0.63   0.88   0.89   1.00     11      4      1   
  0.67   0.73   0.63   0.02      7      7      1   
  0.02   0.45   0.50   0.24      5      5      1   
  0.84   0.03   0.06   0.17      8      8      1   
  0.42   0.79   0.35   0.53      3      3      1   
  0.35   0.89   0.37   0.13      8      7      1   
  0.26   0.96   0.62   0.67      5      5      1   
  0.08   0.89   0.68   0.24      8      8      1   
  0.39   0.34   0.28   0.08      3      3      1   
  0.09   0.27   0.00   0.29      1      1      1   
  0.98   0.89   0.03   0.53      9      9      1   
  0.16   0.26   0.82   0.06      7      7      1   
  0.26   0.62   0.11   0.26      4      4      1   
  0.67   0.55   0.32   0.12      5      5      1   
  0.79   0.59   0.89   0.30      3      3      1   
  0.35   0.63   0.68   0.37      5      5      1   
  0.63   0.88   0.82   0.74      3      3      1   
  0.82   0.06   0.03   0.31      8      8      1   
  0.37   0.67   0.86   0.85      5      5      1   
  0.45   0.22   0.02   0.85      7      7      1   
  0.01   0.52   0.98   0.05     10     10      1   
  0.99   0.06   0.86   0.85      8      8      1   
  0.65   0.92   0.92   0.26      7      7      1   
  0.37   0.38   0.24   0.09      3      3      1   
  0.21   0.34   0.60   0.45      4      4      1   
  0.92   0.26   0.74   0.71      5      5      1   
  0.16   0.51   0.26   0.31      2      2      1   
  0.72   0.46   0.21   0.51      6      5      1   
  0.20   0.29   0.00   0.43      3      3      1   
  0.00   0.43   0.72   0.67      7      7      1   
  0.82   0.74   0.18   0.59      6      6      1   
  0.71   0.98   0.11   0.05     10     10      1   
  0.78   0.36   0.35   0.89      6      6      1   
  0.77   0.26   0.61   0.50      3      3      1   
  0.72   0.70   0.64   0.19      5      5      1   
  0.30   0.54   0.39   0.14      4      4      1   
  0.14   0.82   0.06   0.17      7      6      1   
  0.23   0.65   0.83   0.58      6      6      1   
  0.03   0.63   0.08   0.04      6      6      1   
  0.03   0.55   0.77   0.18      8      8      1   
  0.33   0.14   0.04   0.31      3      3      1   
  0.55   0.10   0.55   0.99      8      8      1   
  0.93   0.26   0.02   0.85     10     10      1   
  0.96   0.98   0.05   0.45     10     10      1   
  0.79   0.23   0.48   0.32      3      3      1   
  0.37   0.25   0.87   0.84      7      7      1   
  0.05   0.45   0.06   0.19      3      3      1   
  0.60   0.27   0.64   0.70      4      4      1   
  0.91   0.44   0.54   0.27      5      5      1   
  0.59   0.35   0.16   0.26      4      4      1   
  0.37   0.67   0.90   0.37      6      6      1   
  0.98   0.05   0.70   0.31      4      4      1   
  0.18   0.25   0.41   0.84      6      6      1   
  0.00   0.29   0.74   0.92      9      9      1   
  0.47   0.69   0.94   0.44      5      5      1   
  0.90   0.56   0.22   0.97      7      7      1   
  0.85   0.19   0.35   0.63      7      7      1   
  0.89   0.86   0.93   0.50      4      4      1   
  0.79   0.23   0.08   0.04      7      7      1   
  1.00   0.25   0.47   0.48      6      6      1   
  0.77   0.25   0.06   0.96     10     10      1   
  0.48   0.53   0.24   0.09      6      5      1   
  0.80   0.28   0.45   0.22      3      3      1   
  0.11   0.88   0.82   0.54      8      8      1   
  0.15   0.83   0.54   0.27      7      7      1   
  0.56   0.79   0.33   0.71      3      3      1   
  0.64   0.19   0.89   0.30      3      3      1   
  0.07   0.13   0.17   0.26      2      2      1   
  1.00   0.86   0.15   0.59      8      8      1   
  0.18   0.69   0.35   0.08      6      6      1   
  0.25   0.89   0.28   0.05      8      8      1   
  0.07   0.22   0.00   0.80      6      6      1   
  0.74   0.21   0.59   0.35      2      2      1   
  0.00   0.29   0.55   0.11      5      5      1   
  0.42   0.79   0.50   0.20      6      6      1   
  0.63   0.16   0.20   0.07      4      4      1   
  0.03   0.94   0.25   0.18      8      8      1   
  0.41   0.55   0.91   0.52      6      5      1   
  0.77   0.26   0.52   0.61      4      4      1   
  0.10   0.51   0.10   0.25      3      3      1   
  0.87   0.25   0.56   0.61      4      4      1   
  0.64   0.66   0.57   0.09      6      6      1   
  0.48   0.32   0.10   1.00      7      7      1   
  0.35   0.08   0.75   0.50      6      6      1   
  0.55   0.36   0.05   0.97      8      8      1   
  0.22   0.09   0.28   0.08      1      1      1   
  0.94   0.01   0.73   0.49      5      5      1   
  0.95   0.44   0.18   0.33      7      7      1   
  0.85   0.26   0.42   0.79      6      6      1   
  0.51   0.92   0.56   0.61      3      3      1   
  0.89   0.81   0.16   0.51      7      7      1   
  0.91   0.44   0.67   0.98      5      5      1   
  0.07   0.13   0.58   0.76      7      7      1   
  0.19   0.51   0.46   0.73      4      4      1   
  0.23   0.01   0.17   0.25      3      3      1   
  0.82   0.41   0.25   0.95      7      7      1   
  0.82   0.06   0.38   0.84      8      8      1   
  0.49   0.26   0.28   0.08      3      3      1   
  0.16   0.26   0.10   0.92      7      6      1   
  0.79   0.18   0.49   0.26      3      3      1   
  0.13   0.19   0.01   0.20      1      1      1   
  0.29   0.87   0.53   0.10      7      7      1   
  0.77   0.14   0.30   0.37      5      5      1   
  0.61   0.76   0.99   0.06      8      8      1   
  0.34   0.26   0.70   0.21      4      4      1   
  0.58   0.52   0.82   0.50      3      3      1   
  0.30   0.23   0.10   0.73      5      5      1   
  0.43   0.90   0.35   0.08      8      8      1   
  0.89   1.00   0.61   0.76      5      5      1   
  0.01   0.92   0.42   0.59      5      5      1   
  0.26   0.75   0.49   0.22      5      5      1   
  0.67   0.55   0.91   0.78      3      3      1   
  0.43   0.58   1.00   0.30      6      6      1   
  0.36   0.40   0.64   0.70      5      4      1   
  0.44   0.70   0.26   0.96      3      3      1   
  0.02   0.38   0.12   0.21      2      2      1   
  0.35   0.08   0.34   0.83      7      7      1   
  0.37   0.13   0.78   0.76      7      7      1   
  0.58   0.76   0.98   0.47      6      5      1   
  0.49   0.94   0.38   0.53      4      4      1   
  0.10   0.93   0.85   0.19     10     10      1   
  0.32   0.61   0.36   0.40      2      2      1   
  0.37   0.29   0.11   0.19      3      3      1   
  0.47   0.52   0.11   0.50      4      4      1   
  0.80   0.28   0.61   0.29      2      2      1   
  0.17   0.06   0.32   0.81      8      7      1   
  0.76   0.29   0.23   0.06      5      5      1   
  0.71   0.86   0.59   0.57      3      3      1   
  0.18   0.91   0.82   0.50      8      7      1   
  0.61   0.29   0.03   0.53      6      6      1   
  0.78   0.76   0.42   0.79      4      4      1   
  0.51   0.02   0.46   0.79      7      7      1   
  0.21   0.34   0.16   0.51      2      2      1   
  0.45   0.31   0.54   0.44      2      2      1   
  0.91   0.21   0.12   0.03      7      7      1   
  0.01   0.92   0.79   0.59      8      8      1   
  0.55   0.68   0.03   0.53      5      5      1   
  0.77   0.14   0.87   0.84      7      7      1   
  0.03   0.53   0.12   0.23      3      3      1   
  0.55   0.10   0.37   0.25      2      2      1   
  0.34   0.26   0.15   0.59      4      4      1   
  0.50   0.20   0.03   0.59      6      6      1   
  0.21   0.34   0.12   0.03      3      3      1   
  0.38   0.15   0.34   0.09      1      1      1   
  0.97   0.78   0.07   0.15     12     11      1   
  0.97   0.09   0.74   0.71      6      6      1   
  0.97   0.09   0.33   0.53      8      8      1   
  0.91   0.44   0.03   0.55      8      8      1   
  0.14   0.82   0.78   0.76      6      6      1   
  0.10   0.57   0.18   0.25      4      4      1   
  0.87   0.06   0.99   0.06      1      1      1   
  0.37   0.29   0.19   0.51      3      3      1   
  0.93   0.04   0.53   0.10      4      4      1   
  0.87   0.84   0.19   0.69      7      7      1   
  0.34   0.83   0.41   0.84      1      1      1   
  0.46   0.49   0.18   0.15      5      5      1   
  0.09   0.54   0.13   0.19      4      4      1   
  0.23   0.08   0.40   0.36      3      3      1   
  0.48   0.32   0.42   0.79      5      5      1   
  0.86   0.57   0.10   0.08      8      8      1   
  0.73   0.75   0.09   0.27      8      8      1   
  0.27   0.45   0.94   0.76      7      7      1   
  0.80   0.75   0.78   0.76      1      1      1   
  0.34   0.09   0.37   0.25      2      2      1   
  0.14   0.59   0.82   0.12      8      8      1   
  0.64   0.19   0.20   0.07      4      4      1   
  0.82   0.74   0.91   0.78      1      1      1   
  0.55   1.00   0.47   0.04      9      9      1   
  0.81   0.49   0.90   0.89      4      4      1   
  0.10   0.41   0.51   0.92      6      6      1   
  0.02   0.38   0.26   0.31      3      3      1   
  0.05   0.45   0.23   0.65      3      3      1   
  0.10   0.92   0.21   0.51      5      5      1   
  0.44   0.23   0.75   0.35      4      4      1   
  0.87   0.06   0.65   0.92      9      9      1   
  0.93   0.12   0.12   0.23      8      8      1   
  0.75   0.50   0.42   0.59      4      4      1   
  0.11   0.27   0.34   0.26      2      2      1   
  0.33   0.71   0.60   0.45      4      4      1   
  0.94   0.56   0.24   0.23      7      7      1   
  0.71   0.98   0.93   0.20      8      7      1   
  0.63   0.16   0.23   0.01      4      4      1   
  0.39   0.66   0.02   0.53      4      4      1   
  0.26   0.31   0.91   0.21      6      6      1   
  0.13   0.17   0.57   0.18      4      4      1   
  0.54   0.44   0.20   0.76      4      4      1   
  0.22   0.99   0.03   0.53      5      5      1   
  0.26   0.75   1.00   0.30      8      8      1   
  0.02   0.28   0.25   0.44      3      3      1   
  0.18   0.25   0.44   0.18      3      3      1   
  0.10   0.25   0.64   0.19      5      5      1   
  0.03   0.55   0.10   0.08      4      4      1   
  0.37   0.60   0.70   0.86      4      4      1   
  0.10   0.08   0.25   0.44      4      4      1   
  0.86   0.09   0.55   1.00      9      9      1   
  0.13   0.19   0.94   0.01      8      8      1   
  0.09   0.86   0.66   0.93      5      5      1   
  0.93   0.78   0.67   0.98      3      3      1   
  0.35   0.53   0.24   0.19      3      3      1   
  0.68   0.30   0.10   0.51      6      6      1   
  0.04   0.31   0.39   0.94      7      7      1   
  0.89   0.24   0.64   0.66      5      5      1   
  0.93   0.50   0.70   0.21      4      4      1   
  0.09   0.48   0.97   0.66      9      8      1   
  0.25   0.18   0.10   0.92      7      7      1   
  0.97   0.66   0.31   0.51      6      6      1   
  0.46   0.49   0.39   0.34      4      3      1   
  0.67   0.60   0.70   0.86      3      3      1   
  0.38   0.15   0.09   0.27      3      3      1   
  0.15   0.83   0.55   0.10      8      8      1   
  0.25   0.44   0.58   0.19      4      4      1   
  0.30   0.37   0.25   0.18      2      2      1   
  0.00   0.80   0.05   0.97      2      2      1   
  0.03   0.55   0.68   0.30      7      7      1   
  0.79   0.77   0.90   0.36      4      4      1   
  0.00   0.33   0.15   0.27      2      2      1   
  0.28   0.08   0.49   0.35      4      3      1   
  0.37   0.67   0.33   0.01      6      6      1   
  0.90   0.37   0.35   0.53      5      5      1   
  0.51   0.58   0.86   0.09      6      6      1   
  0.02   0.38   0.85   0.58      9      9      1   
  0.46   0.00   0.95   0.55      7      7      1   
  0.08   0.01   0.80   0.75      9      9      1   
  0.18   0.15   0.38   0.08      2      2      1   
  0.76   0.28   0.46   0.10      4      4      1   
  0.20   0.07   0.22   0.92      8      8      1   
  0.00   0.33   0.03   0.55      2      2      1   
  0.25   0.89   0.20   0.29      6      6      1   
  0.80   0.54   0.90   0.56      1      1      1   
  0.54   0.20   0.96   0.54      6      6      1   
  0.90   0.89   0.37   0.25      8      8      1   
  0.26   0.94   0.55   0.99      3      3      1   
  0.81   0.04   0.76   0.39      3      3      1   
  0.61   0.92   0.19   1.00      5      5      1   
  0.40   0.64   0.31   0.69      1      1      1   
  0.19   1.00   0.10   0.51      5      5      1   
  0.30   0.23   0.16   0.26      2      2      1   
  0.09   0.68   0.54   0.20      6      6      1   
  0.77   0.18   0.47   0.03      3      3      1   
  0.32   0.60   0.97   0.74      6      6      1   
  0.09   0.48   0.08   0.01      4      4      1   
  0.91   0.44   0.46   0.00      6      6      1   
  0.82   0.69   0.26   0.94      6      6      1   
  0.86   0.85   0.79   0.59      3      3      1   
  0.06   0.19   0.14   0.44      3      3      1   
  0.76   0.28   0.72   0.18      1      1      1   
  0.20   0.29   0.91   0.44      7      7      1   
  0.37   0.38   0.93   0.09      6      6      1   
  0.32   0.61   0.17   0.54      2      2      1   
  0.30   0.37   0.01   0.92      6      6      1   
  0.00   0.02   0.30   0.23      4      4      1   
  0.29   0.87   0.37   0.25      6      6      1   
  0.52   0.79   0.93   0.61      4      4      1   
  0.89   0.86   0.22   0.99      7      7      1   
  0.39   0.14   0.34   0.09      1      1      1   
  0.37   0.13   0.98   0.89      9      9      1   
  0.21   0.99   0.16   0.34      7      6      1   
  0.39   0.14   0.62   0.49      4      4      1   
  0.33   0.71   0.73   0.75      4      4      1   
  0.01   0.20   0.89   0.09      8      8      1   
  0.14   0.77   0.28   0.75      2      2      1   
  0.61   0.76   0.98   0.47      4      4      1   
  0.10   0.41   0.48   0.77      5      5      1   
  0.10   0.92   0.28   0.08      8      8      1   
  0.15   0.59   0.19   0.69      1      1      1   
  0.37   0.18   0.81   0.49      5      5      1   
  0.03   0.94   0.04   0.16      7      7      1   
  0.67   0.33   0.12   0.28      5      5      1   
  0.72   0.67   0.43   0.04      6      6      1   
  0.78   0.36   0.34   0.83      6      6      1   
  0.48   0.77   0.65   0.92      3      3      1   
  0.07   0.13   0.81   0.04      8      8      1   
  0.63   0.61   0.52   0.13      5      5      1   
  0.28   0.05   0.85   0.54      8      7      1   
  0.43   0.04   0.53   0.36      3      3      1   
  0.93   0.26   0.38   0.08      6      6      1   
  0.56   0.88   0.37   0.67      3      3      1   
  0.10   0.19   0.49   0.98      9      9      1   
  0.03   0.59   0.49   0.35      6      5      1   
  0.55   0.65   0.41   0.64      2      2      1   
  0.77   0.26   0.72   0.46      2      2      1   
  0.30   0.12   0.38   0.84      7      7      1   
  0.16   0.34   0.96   0.06      8      8      1   
  0.93   0.78   0.43   0.30      7      6      1   
  0.95   0.44   0.91   0.44      1      1      1   
  0.83   0.58   0.68   0.24      4      4      1   
  0.86   0.31   0.91   0.44      2      2      1   
  0.08   0.89   0.65   0.92      5      5      1   
  0.18   0.33   0.18   0.25      1      1      1   
  1.00   0.86   0.21   0.62      8      8      1   
  0.30   0.66   0.43   0.58      2      2      1   
  0.75   0.35   0.70   0.85      5      5      1   
  0.30   0.66   0.10   0.79      2      2      1   
  0.98   0.05   0.06   0.53      9      9      1   
  0.82   0.37   0.19   0.51      7      7      1   
  0.08   0.01   0.34   0.09      3      3      1   
  0.02   0.28   0.82   0.06      8      8      1   
  0.79   0.77   0.00   0.71      7      7      1   
  0.05   0.45   0.12   0.94      5      5      1   
  0.03   0.59   0.10   0.47      2      2      1   
  0.42   0.59   0.30   0.75      2      2      1   
  0.24   0.19   0.32   0.60      4      4      1   
  0.16   0.34   0.60   0.53      5      5      1   
  0.03   0.63   0.10   0.93      3      3      1   
  0.46   0.00   0.23   0.06      3      3      1   
  0.70   0.85   0.76   0.71      2      2      1   
  0.33   0.53   0.67   0.98      5      5      1   
  0.18   0.91   0.82   0.50      8      7      1   
  0.22   0.99   0.82   0.12     10     10      1   
  0.58   0.19   0.68   0.03      2      2      1   
  0.18   0.33   0.46   0.03      4      4      1   
  0.26   0.75   0.75   0.94      5      5      1   
  0.03   0.63   0.20   0.07      5      5      1   
  0.37   0.67   0.51   0.88      3      3      1   
  0.81   0.64   0.43   0.04      7      7      1   
  0.79   0.59   0.60   0.27      4      4      1   
  0.70   0.21   0.41   0.84      6      6      1   
  0.30   0.37   0.18   0.59      3      3      1   
  0.98   0.47   0.27   0.45      8      7      1   
  0.35   0.08   0.02   0.38      4      4      1   
  0.39   0.14   0.03   0.59      6      6      1   
  0.90   0.56   0.47   0.69      4      4      1   
  0.58   0.76   0.76   0.71      2      2      1   
  0.12   0.48   0.10   0.47      1      1      1   
  0.98   0.05   0.02   0.38      9      9      1   
  0.52   0.22   0.97   0.74      7      7      1   
  0.06   0.87   0.89   0.86      8      8      1   
  0.56   0.79   0.49   0.35      5      5      1   
  0.46   0.73   0.01   0.52      5      5      1   
  0.26   0.62   0.19   0.34      3      3      1   
  0.39   0.30   0.75   0.35      4      4      1   
  0.10   0.57   0.87   0.57      8      8      1   
  0.02   0.20   0.10   0.88      7      7      1   
  0.26   0.77   0.35   0.39      4      4      1   
  0.67   0.60   0.55   0.10      5      5      1   
  0.73   0.75   0.00   0.91      7      7      1   
  0.89   0.81   0.54   0.44      5      5      1   
  0.25   0.89   0.19   0.10      7      7      1   
  0.02   0.53   0.47   0.04      7      7      1   
  0.18   0.15   0.99   0.06      8      8      1   
  0.37   0.25   0.49   0.17      2      2      1   
  0.46   0.73   0.09   0.27      6      6      1   
  0.42   0.59   0.04   0.31      5      5      1   
  0.29   0.39   0.22   0.58      2      2      1   
  0.93   0.04   0.38   0.84      9      9      1   
  0.11   0.05   0.32   0.13      2      2      1   
  0.33   0.14   0.00   0.02      3      3      1   
  0.22   0.10   0.23   0.65      5      5      1   
  0.66   0.93   0.03   0.06     10     10      1   
  0.28   0.16   0.38   0.84      7      6      1   
  0.42   0.59   0.75   0.11      5      5      1   
  0.60   0.45   0.23   0.01      6      6      1   
  0.27   0.45   0.61   0.62      4      4      1   
  0.90   0.56   0.13   0.04      9      9      1   
  0.26   0.96   0.81   0.04     10     10      1   
  0.48   0.32   0.02   0.85      7      7      1   
  0.64   0.19   0.11   0.88      8      8      1   
  0.53   0.10   0.05   0.97      9      9      1   
  0.23   0.08   0.30   0.66      5      5      1   
  0.04   0.16   0.82   0.41      8      8      1   
  0.11   0.88   0.99   0.48     10      9      1   
  0.09   0.54   0.05   0.45      1      1      1   
  0.93   0.04   0.87   0.25      3      3      1   
  0.35   0.28   0.89   0.09      5      5      1   
  0.43   0.30   0.77   0.15      3      3      1   
  0.12   0.28   0.10   0.29      1      1      1   
  0.97   0.78   0.75   0.50      4      4      1   
  0.31   0.05   0.61   0.69      7      7      1   
  0.58   0.52   0.18   0.25      5      5      1   
  0.94   0.44   0.14   0.44      8      8      1   
  0.55   0.68   0.27   0.18      6      6      1   
  0.85   0.58   0.82   0.37      2      2      1   
  0.44   0.56   0.27   0.18      4      4      1   
  0.63   0.02   0.77   0.26      3      3      1   
  0.37   0.38   0.12   0.68      4      4      1   
  0.18   0.91   0.38   0.15      7      7      1   
  0.11   0.27   0.95   0.55      8      8      1   
  0.64   0.19   0.75   0.35      2      2      1   
  0.14   0.44   0.22   0.92      5      5      1   
  0.21   0.51   0.81   0.40      6      6      1   
  0.79   0.70   0.69   0.45      3      3      1   
  0.00   0.43   0.28   0.75      4      4      1   
  0.97   0.74   0.20   0.07      9      9      1   
  0.96   0.54   0.10   0.79      9      8      1   
  0.93   0.12   0.36   0.40      6      6      1   
  0.49   0.17   0.35   0.28      2      2      1   
  0.56   0.88   0.54   0.27      6      6      1   
  0.06   0.19   0.97   0.74     10     10      1   
  0.05   0.97   0.38   0.08      9      9      1   
  0.39   0.23   0.35   0.53      3      3      1   
  0.00   0.71   0.42   0.59      4      4      1   
  0.66   0.34   0.10   0.88      8      8      1   
  0.86   0.31   0.23   0.08      6      6      1   
  0.63   0.02   0.75   0.35      4      4      1   
  0.77   0.26   0.05   0.45      7      7      1   
  0.36   0.40   0.02   0.20      4      4      1   
  0.55   0.65   0.28   0.05      6      6      1   
  0.18   0.09   0.67   0.73      8      7      1   
  0.93   0.61   0.49   0.85      5      5      1   
  0.09   0.48   0.97   0.75      8      8      1   
  0.57   0.18   0.90   0.36      4      4      1   
  0.60   0.45   0.94   0.71      4      4      1   
  0.41   0.64   0.89   1.00     14      7      1   
  0.07   0.05   0.98   0.89     11     11      1   
  0.09   0.68   0.66   0.34      7      7      1   
  0.10   0.08   0.93   0.87     11     11      1   
  0.47   0.48   0.93   0.09      6      6      1   
  0.68   0.03   0.93   0.09      3      3      1   
  0.02   0.38   0.77   0.14      8      8      1   
  0.10   0.41   0.44   0.56      4      4      1   
  0.60   0.27   0.86   0.31      3      3      1   
  0.47   0.48   0.44   0.23      3      3      1   
  0.00   0.91   0.93   0.26     12     11      1   
  0.10   0.19   0.35   0.39      3      3      1   
  0.67   0.33   0.82   0.50      2      2      1   
  0.44   0.16   0.03   0.63      6      6      1   
  0.51   0.58   0.30   0.28      4      4      1   
  0.17   0.54   0.82   0.12      7      7      1   
  0.57   0.18   0.20   0.76      7      7      1   
  0.36   0.13   0.31   0.69      5      5      1   
  0.49   0.26   0.66   0.34      2      2      1   
  0.97   0.78   0.51   0.00      8      8      1   
  0.97   0.78   0.30   0.37      9      8      1   
  0.22   0.99   0.21   0.01      9      9      1   
  0.80   0.02   0.28   0.16      5      5      1   
  0.87   0.25   0.62   0.67      5      5      1   
  0.44   0.18   0.23   0.83      6      6      1   
  0.45   0.22   0.11   0.26      3      3      1   
  0.77   0.15   0.04   0.16      7      7      1   
  0.98   0.47   0.91   0.21      3      3      1   
  0.58   0.34   0.95   0.57      5      5      1   
  0.90   0.37   0.26   0.77      7      7      1   
  0.58   0.34   0.30   0.75      5      5      1   
  0.25   0.18   0.10   0.92      7      7      1   
  0.60   0.45   0.91   0.44      3      3      1   
  0.22   0.09   0.56   0.12      3      3      1   
  0.82   0.54   1.00   0.25      4      4      1   
  0.02   0.53   0.89   0.09     10      9      1   
  0.81   0.40   0.98   0.89      5      5      1   
  0.89   1.00   0.50   0.34      8      8      1   
  0.17   0.54   0.23   0.01      5      5      1   
  0.07   0.13   0.67   0.73      8      8      1   
  0.11   0.88   0.08   0.01      8      8      1   
  0.46   0.00   0.71   0.98      9      9      1   
  0.76   0.28   0.14   0.44      6      6      1   
  0.01   0.92   0.32   0.61      4      4      1   
  0.37   0.18   0.53   0.10      2      2      1   
  0.89   0.81   0.89   1.00      2      2      1   
  0.32   0.81   0.67   0.55      4      4      1   
  0.80   0.54   0.10   0.73      7      7      1   
  0.42   0.59   0.34   0.26      3      3      1   
  0.10   0.51   0.80   0.54      8      7      1   
  0.22   0.61   0.41   0.65      2      2      1   
  0.65   0.75   0.82   0.41      4      4      1   
  0.02   0.45   0.32   0.20      4      4      1   
  0.47   0.88   0.41   0.65      3      3      1   
  0.74   0.92   0.13   0.17      9      9      1   
  0.12   0.48   0.23   0.65      2      2      1   
  0.16   0.66   0.51   0.02      7      7      1   
  1.00   0.25   0.33   0.41      7      7      1   
  0.33   0.51   0.75   0.94      6      6      1   
  0.34   0.12   0.38   0.15      1      1      1   
  0.46   0.10   0.91   0.44      6      6      1   
  0.42   0.59   0.03   0.63      4      4      1   
  0.24   0.79   0.61   0.76      4      4      1   
  0.49   0.26   0.79   0.77      5      5      1   
  0.52   0.22   0.50   0.24      1      1      1   
  0.10   0.93   0.00   0.71      3      3      1   
  0.45   0.66   0.79   0.47      4      4      1   
  0.48   0.32   0.55   0.10      2      2      1   
  0.19   0.10   0.39   0.14      2      2      1   
  0.72   0.67   0.55   0.99      4      4      1   
  0.82   0.37   0.62   0.67      4      4      1   
  0.28   0.75   0.05   0.59      3      3      1   
  0.97   0.66   0.39   0.30      7      7      1   
  0.66   0.34   0.91   0.44      3      3      1   
  0.84   0.85   0.06   0.53      8      8      1   
  0.91   0.78   0.12   0.94      8      8      1   
  0.44   0.56   0.81   0.04      6      6      1   
  0.12   0.03   0.48   0.95     10     10      1   
  0.19   0.10   0.19   0.51      4      4      1   
  0.61   0.62   0.13   0.19      7      6      1   
  0.10   0.08   0.15   0.59      5      5      1   
  0.92   0.26   0.51   0.88      7      7      1   
  0.43   0.90   0.18   0.25      7      7      1   
  0.64   0.66   0.17   0.54      5      5      1   
  0.12   0.23   0.97   0.73      9      9      1   
  0.56   0.88   0.01   0.92      5      5      1   
  0.43   0.30   0.02   0.38      4      4      1   
  0.07   0.05   0.17   0.54      5      5      1   
  0.97   0.63   0.80   0.54      2      2      1   
  0.55   0.99   0.36   0.13      8      8      1   
  0.89   0.30   0.67   0.33      2      2      1   
  0.06   0.53   0.56   0.12      6      6      1   
  0.16   0.66   0.80   0.54      6      6      1   
  0.72   0.18   0.79   0.59      4      4      1   
  0.34   0.26   0.14   0.77      5      5      1   
  0.60   0.54   0.17   0.20      5      5      1   
  0.93   0.87   0.37   0.67      6      6      1   
  0.17   0.20   0.48   0.32      3      3      1   
  0.90   0.37   0.74   0.76      4      4      1   
  0.85   0.19   0.15   0.59      8      8      1   
  0.86   0.09   0.82   0.74      6      6      1   
  0.95   0.44   0.46   0.49      5      5      1   
  0.84   0.53   0.50   0.34      4      4      1   
  0.11   0.26   0.55   0.36      4      4      1   
  0.76   0.28   0.71   0.98      7      7      1   
  0.90   0.37   0.12   0.21      7      7      1   
  0.82   0.50   0.25   0.15      6      6      1   
  0.93   0.26   0.54   0.44      5      5      1   
  0.09   0.48   0.96   0.26     10      9      1   
  0.85   0.19   0.72   0.70      5      5      1   
  0.22   0.61   0.68   0.37      6      6      1   
  0.30   0.80   0.87   0.84      6      6      1   
  0.31   0.51   0.03   0.72      3      3      1   
  0.10   0.19   0.03   0.53      4      4      1   
  0.67   0.65   0.46   0.73      2      2      1   
  0.07   0.22   0.38   0.15      3      3      1   
  0.53   0.80   0.92   0.26      7      7      1   
  0.09   0.83   0.10   0.92      1      1      1   
  0.18   0.15   0.80   0.75      8      8      1   
  0.82   0.41   0.64   0.66      3      3      1   
  0.70   0.85   0.02   0.85      7      7      1   
  0.10   0.19   0.04   0.04      2      2      1   
  0.35   0.63   0.33   0.53      1      1      1   
  0.87   0.84   0.35   0.83      5      5      1   
  0.79   0.77   0.63   0.02      7      7      1   
  0.24   0.79   0.37   0.13      6      6      1   
  0.06   0.96   0.33   0.51      5      5      1   
  0.84   0.44   0.33   0.53      6      5      1   
  0.46   0.79   0.48   0.95      2      2      1   
  0.26   0.31   0.64   0.70      6      5      1   
  0.49   0.98   0.74   0.21      8      8      1   
  0.10   0.51   0.61   0.50      5      5      1   
  0.04   0.31   0.35   0.08      4      4      1   
  0.32   0.13   0.02   0.28      3      3      1   
  0.10   0.29   0.93   0.20      8      8      1   
  0.37   0.38   0.01   0.20      4      4      1   
  0.33   0.41   0.71   0.86      6      6      1   
  0.61   0.76   0.85   0.26      5      5      1   
  0.46   0.03   0.98   0.89      9      9      1   
  0.33   0.51   0.82   0.68      5      5      1   
  0.76   0.28   0.38   0.59      5      5      1   
  0.16   0.26   0.67   0.73      7      7      1   
  0.05   0.59   0.26   0.96      5      5      1   
  0.19   0.51   0.25   0.95      5      5      1   
  0.97   0.78   0.93   0.20      6      6      1   
  0.82   0.12   0.00   0.33      8      8      1   
  0.23   0.01   0.50   0.34      4      4      1   
  0.86   0.85   0.34   0.46      6      6      1   
  0.33   0.71   0.34   0.26      4      4      1   
  0.47   0.48   0.34   0.12      4      4      1   
  0.79   0.23   0.47   0.69      5      5      1   
  0.55   0.65   0.22   0.61      4      4      1   
  0.45   0.66   0.67   0.73      2      2      1   
  0.20   0.19   0.76   0.28      5      5      1   
  0.14   0.82   0.08   0.04      8      8      1   
  0.76   0.29   0.44   0.56      5      5      1   
  0.10   0.29   0.76   0.28      7      7      1   
  0.91   0.78   0.12   0.94      8      8      1   
  0.43   0.58   0.94   0.76      5      5      1   
  0.02   0.53   0.24   0.69      3      3      1   
  0.10   0.79   0.08   0.89      1      1      1   
  0.87   0.01   0.37   0.60      7      7      1   
  0.91   0.78   0.37   0.29      7      7      1   
  0.61   0.92   0.03   0.53      6      6      1   
  0.32   0.97   0.48   0.53      5      5      1   
  0.53   0.36   0.15   0.83      6      6      1   
  0.37   0.38   0.55   0.36      2      2      1   
  0.82   0.41   0.16   0.26      7      7      1   
  0.01   0.92   0.99   0.48     11     10      1   
  0.00   0.43   0.02   0.38      1      1      1   
  0.51   0.92   0.48   0.95      1      1      1   
  0.46   0.03   0.67   0.12      2      2      1   
  0.34   0.83   0.66   0.34      6      6      1   
  0.75   0.94   0.80   0.54      4      4      1   
  0.32   0.97   0.15   0.83      2      2      1   
  0.86   0.69   0.12   0.68      7      7      1   
  0.70   0.86   0.21   0.62      6      5      1   
  0.28   0.05   0.98   0.47      9      8      1   
  0.30   0.66   0.03   0.72      3      3      1   
  0.11   0.50   0.10   0.92      4      4      1   
  0.25   0.91   0.13   0.19      7      7      1   
  0.44   0.70   0.61   0.76      2      2      1   
  0.75   0.50   0.53   0.80      4      4      1   
  0.52   0.13   0.32   0.81      7      7      1   
  0.09   0.48   0.89   0.30      9      8      1   
  0.53   0.80   0.93   0.12      8      8      1   
  0.77   0.25   0.06   0.37      7      7      1   
  0.15   0.59   0.90   0.56      7      7      1   
  0.80   0.28   0.46   0.10      4      4      1   
  0.34   0.46   0.11   0.50      3      3      1   
  0.93   0.78   0.70   0.85      3      3      1   
  0.97   0.78   0.03   0.06     12     12      1   
  0.37   0.25   0.45   0.22      1      1      1   
  0.15   0.83   0.72   0.46      6      6      1   
  0.80   0.54   0.16   0.26      7      7      1   
  0.81   0.20   0.26   0.58      6      6      1   
  0.31   0.51   0.10   0.51      2      2      1   
  0.18   0.13   0.14   0.59      5      5      1   
  0.91   0.21   0.18   0.81      9      9      1   
  0.52   0.79   0.85   0.19      7      7      1   
  0.74   0.21   0.50   0.20      3      3      1   
  0.29   0.39   0.91   0.78      7      7      1   
  0.03   0.72   0.99   0.06     11     10      1   
  0.75   0.11   0.32   0.20      4      4      1   
  0.14   0.76   0.93   0.87      8      8      1   
  0.05   0.97   0.82   0.50      9      9      1   
  0.26   0.62   0.25   0.89      3      3      1   
  0.45   0.31   0.16   0.51      3      3      1   
  0.46   0.73   0.01   0.52      5      5      1   
  0.18   0.69   0.22   0.97      3      3      1   
  0.45   0.02   0.03   0.55      7      7      1   
  0.24   0.79   0.70   0.85      5      5      1   
  0.73   0.75   0.94   0.44      4      4      1   
  0.93   0.61   1.00   0.25      4      4      1   
  0.25   0.95   0.37   0.67      3      3      1   
  0.02   0.38   0.82   0.50      8      8      1   
  0.82   0.12   0.16   0.22      7      7      1   
  0.82   0.37   0.37   0.38      5      5      1   
  0.09   0.68   0.17   0.54      2      2      1   
  0.34   0.09   0.06   0.19      3      3      1   
  0.78   0.09   0.32   0.13      4      4      1   
  0.33   0.71   0.87   0.01      8      8      1   
  0.06   0.53   0.38   0.53      3      3      1   
  0.17   0.20   0.50   0.20      3      3      1   
  0.43   0.30   0.61   0.76      5      5      1   
  0.97   0.73   0.64   0.19      6      6      1   
  0.86   0.85   0.73   0.49      4      4      1   
  0.84   0.03   0.44   0.70      7      7      1   
  0.24   0.69   0.33   0.14      5      5      1   
  0.87   0.01   0.89   0.81      7      7      1   
  0.94   0.36   0.79   0.18      2      2      1   
  0.77   0.15   0.91   0.44      3      3      1   
  0.64   0.66   0.20   0.80      5      5      1   
  0.11   0.05   0.10   0.51      4      4      1   
  0.13   0.65   0.37   0.38      4      4      1   
  0.93   0.04   0.09   0.54      9      9      1   
  0.45   0.31   0.02   0.85      6      6      1   
  0.18   0.81   0.00   0.71      2      2      1   
  0.02   0.53   0.64   0.19      7      7      1   
  0.56   0.88   0.18   0.13      8      8      1   
  0.03   0.53   0.08   0.04      5      5      1   
  0.03   0.59   0.54   0.27      6      6      1   
  0.41   0.64   0.36   0.40      2      2      1   
  0.02   0.45   0.51   0.92      7      7      1   
  0.47   0.04   0.48   0.32      3      3      1   
  0.98   0.17   0.75   0.11      2      2      1   
  0.12   0.28   0.89   0.81      9      9      1   
  0.96   0.54   0.54   0.27      6      6      1   
  0.51   0.00   0.35   0.63      7      6      1   
  0.93   0.20   0.67   0.55      4      4      1   
  0.19   0.10   0.49   0.26      3      3      1   
  0.23   0.06   0.64   0.70      8      7      1   
  0.02   0.17   0.04   0.31      2      2      1   
  0.97   0.78   0.31   0.05      9      9      1   
  0.89   0.81   0.47   0.69      4      4      1   
  0.89   1.00   0.90   0.89      1      1      1   
  0.16   0.22   0.68   0.37      5      5      1   
  0.22   0.97   0.68   0.37      8      7      1   
  0.10   0.73   0.10   0.51      3      3      1   
  0.21   0.01   0.32   0.97      9      9      1   
  0.78   0.76   0.25   0.18      7      7      1   
  0.32   0.26   0.42   0.59      4      4      1   
  0.82   0.06   0.10   0.93     11     11      1   
  0.26   0.62   0.44   0.70      2      2      1   
  0.72   0.18   0.24   0.19      5      5      1   
  0.35   0.53   0.06   0.19      4      4      1   
  0.82   0.54   0.63   0.02      5      5      1   
  0.79   0.23   0.56   0.79      6      6      1   
  0.13   0.65   0.02   0.45      2      2      1   
  0.84   0.03   0.62   0.67      6      6      1   
  0.33   0.01   0.47   0.03      2      2      1   
  0.19   0.34   0.18   0.91      6      5      1   
  0.66   0.93   0.91   0.78      3      3      1   
  0.10   0.19   0.33   0.14      3      3      1   
  0.91   0.44   0.10   0.73      8      8      1   
  0.28   0.05   0.58   0.34      4      4      1   
  0.93   0.09   0.12   0.28      8      8      1   
  0.57   0.18   0.53   0.80      6      6      1   
  1.00   0.25   0.31   0.94      9      9      1   
  0.20   0.63   0.31   0.69      1      1      1   
  0.13   0.43   0.26   0.31      2      2      1   
  0.98   0.17   0.25   0.89     10     10      1   
  0.30   0.54   0.13   0.65      2      2      1   
  0.50   0.34   0.55   0.36      1      1      1   
  0.86   0.57   0.46   0.49      4      4      1   
  0.69   0.45   0.22   0.99      7      7      1   
  0.07   0.13   0.10   0.19      1      1      1   
  0.19   0.10   0.61   0.92      9      9      1   
  0.51   0.02   0.86   0.57      6      6      1   
  0.18   0.13   0.24   0.79      6      6      1   
  0.84   0.85   0.19   1.00      7      7      1   
  0.97   0.78   0.37   0.13      9      9      1   
  0.64   0.70   0.81   0.49      3      3      1   
  0.35   0.89   0.93   0.79      6      6      1   
  0.30   0.80   0.22   0.92      2      2      1   
  0.77   0.15   0.54   0.44      4      4      1   
  0.16   0.22   0.16   0.34      1      1      1   
  0.46   0.00   0.12   0.94     10     10      1   
  0.63   0.16   0.30   0.80      8      7      1   
  0.82   0.41   0.93   0.09      3      3      1   
  0.70   0.86   0.52   0.22      6      6      1   
  0.67   0.12   0.53   0.36      3      3      1   
  0.25   0.18   0.13   0.43      3      3      1   
  0.04   0.04   0.33   0.01      3      3      1   
  0.79   0.47   0.09   0.48      7      7      1   
  0.02   0.85   0.57   0.09      9      9      1   
  0.39   0.66   0.10   0.79      3      3      1   
  0.72   0.18   0.00   0.91     10     10      1   
  0.39   0.30   0.32   0.26      1      1      1   
  0.33   0.01   0.32   0.13      1      1      1   
  0.11   0.50   0.36   0.40      3      3      1   
  0.39   0.66   0.63   0.02      7      6      1   
  0.61   0.62   0.86   0.57      3      3      1   
  0.35   0.28   0.34   0.26      1      1      1   
  0.94   0.19   0.47   0.03      5      5      1   
  0.28   0.05   0.06   0.17      2      2      1   
  0.30   0.66   0.81   0.49      5      5      1   
  0.94   0.56   0.12   0.68      8      8      1   
  0.31   0.69   0.42   0.99      3      3      1   
  0.08   0.89   0.77   0.26      9      9      1   
  0.19   0.51   0.37   0.67      3      3      1   
  0.41   0.64   0.97   0.09      8      7      1   
  0.24   0.23   0.32   0.13      2      2      1   
  0.16   0.26   0.81   0.64      8      8      1   
  0.75   0.50   0.10   1.00      8      8      1   
  0.05   0.25   0.93   0.09      9      9      1   
  0.58   0.76   0.28   0.54      4      4      1   
  0.73   0.35   0.15   0.83      7      7      1   
  0.98   0.17   0.15   0.27      8      8      1   
  0.75   0.35   0.56   0.61      3      3      1   
  0.33   0.51   0.20   0.29      3      3      1   
  0.44   0.18   0.10   0.19      3      3      1   
  0.00   0.91   0.77   0.26     10     10      1   
  0.94   0.36   0.18   0.13      8      8      1   
  0.68   0.30   0.87   0.01      3      3      1   
  0.72   0.46   0.02   0.17      7      7      1   
  0.30   0.37   0.56   0.12      3      3      1   
  0.70   0.31   0.14   0.76      7      7      1   
  0.98   0.05   0.10   0.57      9      9      1   
  0.77   0.25   0.61   0.92      7      7      1   
  0.10   0.73   0.57   0.18      7      7      1   
  0.94   0.56   0.73   0.35      3      3      1   
  0.30   0.75   0.81   0.20      7      7      1   
  0.23   0.06   0.49   0.98      9      9      1   
  0.33   0.14   0.46   0.03      2      2      1   
  0.45   0.22   0.82   0.12      4      4      1   
  0.04   0.04   0.89   0.30      9      8      1   
  0.81   0.64   0.04   0.04     10     10      1   
  0.70   0.85   0.62   0.49      3      3      1   
  1.00   0.30   0.51   0.58      5      5      1   
  0.44   0.56   0.90   0.36      5      5      1   
  0.68   0.37   0.87   0.84      5      5      1   
  0.63   0.88   0.22   0.10      9      8      1   
  0.67   0.33   0.10   1.00      8      8      1   
  0.89   0.30   0.79   0.59      3      3      1   
  0.34   0.12   0.84   0.03      5      5      1   
  0.94   0.76   0.67   0.65      3      3      1   
  0.23   0.01   0.84   0.03      7      6      1   
  0.20   0.76   0.76   0.28      7      7      1   
  0.53   0.10   0.10   0.41      5      5      1   
  0.32   0.61   0.58   0.34      4      4      1   
  0.06   0.96   0.93   0.78     10      9      1   
  0.14   0.44   0.20   0.80      4      4      1   
  0.49   0.17   0.45   0.66      5      5      1   
  0.77   0.15   0.46   0.79      7      7      1   
  0.30   0.23   0.64   0.19      4      4      1   
  0.86   0.85   0.35   0.08      8      8      1   
  0.83   0.58   0.95   0.55      1      1      1   
  0.32   0.81   0.02   0.85      3      3      1   
  0.33   0.71   0.58   0.12      6      6      1   
  0.80   0.75   0.32   0.61      5      5      1   
  0.38   0.08   0.64   0.19      3      3      1   
  0.99   0.06   0.52   0.61      7      7      1   
  0.98   0.47   0.00   0.33     10     10      1   
  0.42   0.79   0.75   0.11      7      7      1   
  0.11   0.26   0.95   0.57      9      9      1   
  0.43   0.58   0.80   0.75      4      4      1   
  0.10   0.29   0.30   0.80      5      5      1   
  0.60   0.54   0.71   0.48      1      1      1   
  0.30   0.12   0.30   0.37      3      3      1   
  0.26   0.75   0.36   0.40      3      3      1   
  0.99   0.48   0.15   0.59      8      8      1   
  0.55   0.99   0.33   0.51      5      5      1   
  0.35   0.63   0.67   0.12      6      6      1   
  0.18   0.13   0.10   0.93      8      8      1   
  0.52   0.13   0.94   0.01      4      4      1   
  0.35   0.08   0.81   0.20      5      5      1   
  0.03   0.06   0.79   0.18      8      7      1   
  0.80   0.75   0.58   0.52      3      3      1   
  0.19   0.51   0.26   0.96      5      5      1   
  0.08   0.89   0.09   0.27      6      6      1   
  0.18   0.81   0.61   0.69      5      5      1   
  0.51   0.02   0.76   0.29      4      4      1   
  0.48   0.77   0.65   0.92      3      3      1   
  0.51   0.02   0.10   0.51      7      7      1   
  0.58   0.12   0.95   0.44      5      5      1   
  0.58   0.52   0.26   0.58      3      3      1   
  0.96   0.98   0.66   0.93      5      4      1   
  0.24   0.23   0.10   0.08      2      2      1   
  0.42   0.59   0.13   0.17      5      5      1   
  0.68   0.24   0.82   0.74      5      5      1   
  0.55   0.10   0.25   0.15      3      3      1   
  0.82   0.37   0.39   0.94      7      7      1   
  0.10   0.93   0.93   0.09     11     11      1   
  0.06   0.19   0.89   0.81      9      9      1   
  0.82   0.06   0.12   0.48      8      8      1   
  0.05   0.59   0.47   0.88      5      5      1   
  0.84   0.85   0.06   0.96      8      8      1   
  0.42   0.99   0.45   0.66      3      3      1   
  0.95   0.55   0.93   0.09      5      5      1   
  0.30   0.80   0.75   0.35      7      6      1   
  0.25   0.95   0.12   0.23      7      7      1   
  0.85   0.26   0.51   0.00      4      4      1   
  0.11   0.88   0.98   0.47     10      9      1   
  0.94   0.71   0.77   0.18      5      5      1   
  0.93   0.50   0.03   0.59      8      8      1   
  0.07   0.22   0.86   0.85      9      9      1   
  0.09   0.54   0.94   0.57      9      8      1   
  0.17   0.20   0.27   0.18      1      1      1   
  0.10   0.47   0.84   0.85      8      8      1   
  0.19   0.89   0.82   0.50      8      7      1   
  0.10   0.47   0.82   0.12      8      8      1   
  0.10   0.19   0.12   0.23      1      1      1   
  0.96   0.26   0.17   0.26      8      8      1   
  0.29   0.39   0.34   0.12      3      3      1   
  0.67   0.60   0.21   0.99      6      6      1   
  0.28   0.16   0.98   0.89      9      9      1   
  0.28   0.54   0.30   0.37      2      2      1   
  0.30   0.66   0.15   0.67      2      2      1   
  0.10   0.79   0.49   0.98      4      4      1   
  0.25   0.89   0.71   0.48      6      6      1   
  0.72   0.70   0.35   0.89      4      4      1   
  0.76   0.28   0.37   0.38      4      4      1   
  0.00   0.29   0.73   0.49      8      8      1   
  0.97   0.78   0.58   0.76      4      4      1   
  0.21   0.01   0.53   0.80      8      8      1   
  0.12   0.03   0.06   0.17      2      2      1   
  0.75   0.50   0.46   0.00      5      5      1   
  0.71   0.48   0.63   0.61      2      2      1   
  0.02   0.28   0.20   0.07      3      3      1   
  0.31   0.05   0.64   0.70      7      7      1   
  0.64   0.19   0.61   0.76      6      6      1   
  0.23   0.35   0.55   0.68      5      5      1   
  0.98   0.17   0.82   0.68      5      5      1   
  0.63   0.02   0.26   0.94      9      9      1   
  0.66   0.93   0.90   0.37      6      6      1   
  0.71   0.48   0.37   0.23      4      4      1   
  0.47   0.52   0.35   0.08      5      5      1   
  0.80   0.02   0.64   0.66      6      6      1   
  0.55   0.36   0.61   0.92      6      6      1   
  0.83   0.58   0.01   0.52      9      9      1   
  0.09   0.68   0.79   0.70      7      7      1   
  0.67   0.12   0.10   0.29      6      6      1   
  0.18   0.91   0.49   0.22      7      7      1   
  0.25   0.15   0.52   0.22      3      3      1   
  0.53   0.10   0.79   0.59      6      6      1   
  0.94   0.44   0.15   0.59      7      7      1   
  0.30   0.12   0.58   0.34      3      3      1   
  0.85   0.19   0.64   0.19      2      2      1   
  0.78   0.17   0.10   0.25      6      6      1   
  0.40   0.36   0.63   0.02      4      4      1   
  0.12   0.28   0.23   0.65      4      4      1   
  0.76   0.29   0.79   0.18      1      1      1   
  0.38   0.84   0.77   0.25      7      7      1   
  0.52   0.61   0.43   0.04      6      6      1   
  0.98   0.47   0.38   0.84      7      7      1   
  0.10   0.19   0.71   0.48      6      6      1   
  0.33   0.41   0.74   0.21      5      5      1   
