  0.55   0.68   0.27   0.18      5      5      1   
  0.85   0.58   0.82   0.37      2      2      1   
  0.20   0.04   0.35   0.21      2      2      1   
  0.63   0.02   0.77   0.26      3      3      1   
  0.37   0.38   0.46   0.90      5      5      1   
  1.00   0.56   0.62   0.33      4      4      1   
  0.48   0.82   0.64   0.74      2      2      1   
  0.64   0.19   0.32   0.78      6      6      1   
  0.14   0.44   0.76   0.84      7      7      1   
  0.01   0.14   0.81   0.40      8      8      1   
  0.70   0.92   0.62   0.02      8      8      1   
  0.89   0.24   0.28   0.75      7      7      1   
  0.58   0.47   0.20   0.07      5      5      1   
  0.96   0.54   0.97   0.27      3      3      1   
  0.28   0.40   0.36   0.40      1      1      1   
  0.48   0.21   0.35   0.28      2      2      1   
  0.59   0.04   0.02   0.29      6      6      1   
  0.06   0.19   0.58   0.47      5      5      1   
  0.05   0.97   0.65   0.56      7      7      1   
  0.11   0.22   0.35   0.53      4      4      1   
  0.00   0.71   0.52   0.50      5      5      1   
  0.54   0.12   0.10   0.88      8      8      1   
  0.75   0.59   0.80   0.48      1      1      1   
  0.28   0.72   0.32   0.78      1      1      1   
  0.12   0.60   0.05   0.45      2      2      1   
  0.34   0.97   0.02   0.20      8      8      1   
  0.26   0.93   0.71   0.22      8      8      1   
  0.18   0.09   0.67   0.73      7      7      1   
  0.77   0.97   0.49   0.85      3      3      1   
  0.09   0.48   0.34   0.33      3      3      1   
  0.87   0.07   0.91   0.60      5      5      1   
  0.58   0.21   0.39   0.81      6      6      1   
  0.28   0.11   0.66   0.77      7      7      1   
  0.17   0.28   0.22   0.81      5      5      1   
  0.21   0.81   0.66   0.34      6      6      1   
  0.10   0.08   0.93   0.87     11     10      1   
  0.12   0.83   0.93   0.09     10     10      1   
  0.68   0.03   0.93   0.09      3      3      1   
  0.02   0.38   0.77   0.14      7      7      1   
  0.10   0.41   0.20   0.04      4      4      1   
  0.60   0.27   0.86   0.31      3      3      1   
  0.12   0.83   0.88   0.72      7      7      1   
  0.00   0.91   0.93   0.26     10     10      1   
  0.10   0.19   0.35   0.39      3      3      1   
  0.62   0.14   0.87   0.33      3      3      1   
  0.56   0.18   0.22   0.82      7      7      1   
  0.51   0.58   0.30   0.28      4      4      1   
  0.17   0.54   0.01   0.71      2      2      1   
  0.57   0.18   0.28   0.69      6      6      1   
  0.40   0.08   0.31   0.69      6      6      1   
  0.49   0.26   0.41   0.46      2      2      1   
  0.57   0.47   0.51   0.00      4      4      1   
  0.97   0.78   0.72   0.86      3      3      1   
  0.22   0.99   0.21   0.01      9      9      1   
  0.92   0.83   0.28   0.16      8      8      1   
  0.88   0.70   0.63   0.70      3      3      1   
  0.44   0.18   0.62   0.03      2      2      1   
  0.45   0.22   0.34   0.05      2      2      1   
  0.21   0.16   0.19   0.27      1      1      1   
  0.62   0.26   0.91   0.21      3      3      1   
  0.58   0.34   0.95   0.57      4      4      1   
  0.90   0.22   0.26   0.77      8      8      1   
  0.60   0.02   0.07   0.43      6      6      1   
  0.57   0.01   1.00   0.23      4      4      1   
  0.58   0.21   0.10   0.24      5      5      1   
  0.22   0.09   0.56   0.12      3      3      1   
  0.99   0.26   0.73   0.34      3      3      1   
  0.08   0.97   0.10   0.58      4      4      1   
  0.75   0.20   0.98   0.89      7      7      1   
  0.89   1.00   0.23   1.00      6      6      1   
  0.49   0.73   0.79   0.44      4      4      1   
  0.07   0.13   0.67   0.73      8      8      1   
  0.11   0.88   0.05   0.16      7      7      1   
  0.46   0.00   0.18   0.38      4      4      1   
  0.76   0.28   0.07   0.46      6      6      1   
  0.54   0.29   0.97   0.00      5      5      1   
  0.37   0.18   0.53   0.10      2      2      1   
  0.32   0.90   0.89   1.00      5      5      1   
  0.30   0.96   0.67   0.55      5      5      1   
  0.27   0.16   0.61   0.32      4      4      1   
  0.42   0.59   0.34   0.26      3      3      1   
  0.15   0.48   0.80   0.54      6      6      1   
  0.22   0.61   0.99   0.09      9      9      1   
  0.65   0.75   0.82   0.41      4      4      1   
  0.08   0.09   0.32   0.20      3      3      1   
  0.47   0.88   0.41   0.65      3      3      1   
  0.74   0.92   0.13   0.17      9      9      1   
  0.12   0.48   0.23   0.65      2      2      1   
  0.11   0.67   0.71   0.24      7      7      1   
  1.00   0.25   0.33   0.41      6      6      1   
  0.50   0.62   0.09   0.04      6      6      1   
  0.75   0.18   0.62   0.33      2      2      1   
  0.46   0.10   0.52   0.57      4      4      1   
  0.42   0.59   0.60   0.49      2      2      1   
  0.24   0.79   0.95   0.75      7      7      1   
  0.49   0.26   0.03   0.66      6      6      1   
  0.51   0.98   0.08   0.31      7      7      1   
  0.12   0.59   0.00   0.71      2      2      1   
  0.72   0.22   0.73   0.41      2      2      1   
  0.48   0.32   0.55   0.10      2      2      1   
  0.59   0.15   0.38   0.17      2      2      1   
  0.65   0.21   0.55   0.99      7      7      1   
  0.82   0.37   0.62   0.67      4      4      1   
  0.12   0.88   0.05   0.59      3      3      1   
  1.00   0.63   0.39   0.30      6      6      1   
  0.41   0.46   0.91   0.44      5      5      1   
  0.84   0.85   0.06   0.53      8      8      1   
  0.26   0.87   0.12   0.94      2      2      1   
  0.20   0.04   0.37   0.39      4      4      1   
  0.12   0.03   0.67   0.22      5      5      1   
  0.19   0.10   0.33   0.13      2      2      1   
  0.79   0.12   0.13   0.19      6      6      1   
  0.10   0.08   0.38   0.77      7      7      1   
  0.36   0.39   0.91   0.86      7      7      1   
  0.26   0.76   0.54   0.79      3      3      1   
  0.64   0.66   0.17   0.54      4      4      1   
  0.68   0.59   0.87   0.82      3      3      1   
  0.59   0.04   0.54   0.29      3      3      1   
  0.69   0.88   0.02   0.38      8      8      1   
  0.07   0.05   0.49   0.73      7      7      1   
  0.73   0.49   0.85   0.61      2      2      1   
  0.55   0.34   0.27   0.16      3      3      1   
  0.55   0.99   0.36   0.13      8      8      1   
  0.83   0.04   0.67   0.33      3      3      1   
  0.30   0.96   0.72   0.64      5      5      1   
  0.11   0.67   0.43   0.97      4      4      1   
  0.71   0.17   0.79   0.59      4      4      1   
  0.34   0.26   0.71   0.13      4      4      1   
  0.60   0.54   0.17   0.20      6      5      1   
  0.93   0.87   0.86   0.18      7      7      1   
  0.80   0.99   0.48   0.32      7      7      1   
  0.90   0.22   0.07   0.58      8      8      1   
  0.85   0.19   0.15   0.59      7      7      1   
  0.48   0.91   0.82   0.74      4      4      1   
  0.05   0.17   0.92   0.66     10      9      1   
  0.84   0.53   0.23   1.00      7      7      1   
  0.11   0.26   0.47   0.72      6      6      1   
  0.76   0.28   0.18   0.38      5      5      1   
  0.90   0.37   0.12   0.21      7      7      1   
  0.82   0.50   0.25   0.15      6      6      1   
  0.89   0.46   0.51   0.97      6      6      1   
  0.09   0.48   0.96   0.26      8      8      1   
  0.43   0.58   0.72   0.70      3      3      1   
  0.22   0.61   0.68   0.37      5      5      1   
  0.74   0.12   0.64   0.43      3      3      1   
  0.04   0.12   0.03   0.72      5      5      1   
  0.13   0.49   0.03   0.55      1      1      1   
  0.47   0.72   0.14   0.06      7      7      1   
  0.07   0.22   0.62   0.33      5      5      1   
  0.53   0.80   0.92   0.26      6      6      1   
  0.09   0.83   0.56   0.08      8      8      1   
  0.01   0.04   0.80   0.75     10      9      1   
  0.28   0.85   0.64   0.66      4      4      1   
  0.70   0.85   0.85   0.18      6      6      1   
  0.10   0.19   0.04   0.04      2      2      1   
  0.12   0.27   0.33   0.53      3      3      1   
  0.64   0.43   0.10   0.30      5      5      1   
  0.79   0.77   0.28   0.72      5      5      1   
  0.24   0.79   0.55   0.24      6      6      1   
  0.06   0.96   0.50   0.62      5      5      1   
  0.84   0.44   0.33   0.53      5      5      1   
  0.31   0.66   0.67   0.22      5      5      1   
  0.33   0.30   0.34   0.29      1      1      1   
  0.07   0.43   0.65   0.94      7      7      1   
  0.15   0.48   0.79   0.09      7      7      1   
  0.04   0.31   0.35   0.11      3      3      1   
  0.67   0.75   0.31   0.28      6      6      1   
  0.82   0.01   0.93   0.20      2      2      1   
  0.37   0.38   0.87   0.56      5      5      1   
  0.23   0.61   0.96   0.94      8      7      1   
  0.95   0.75   0.85   0.26      5      5      1   
  0.46   0.03   0.22   0.81      8      7      1   
  0.33   0.51   0.32   0.05      4      4      1   
  0.45   0.89   0.38   0.59      3      3      1   
  0.16   0.26   0.67   0.73      6      6      1   
  0.05   0.59   0.26   0.96      4      4      1   
  0.33   0.13   0.61   0.78      6      6      1   
  0.57   0.47   0.93   0.20      4      4      1   
  0.01   0.71   0.37   0.82      4      4      1   
  0.23   0.01   0.23   1.00      9      9      1   
  0.86   0.85   0.30   0.51      6      6      1   
  0.33   0.71   0.57   0.63      3      3      1   
  0.12   0.83   0.75   0.18      8      8      1   
  0.79   0.23   0.18   0.15      6      6      1   
  0.55   0.65   0.48   0.02      6      6      1   
  0.45   0.66   0.02   0.52      4      4      1   
  0.24   0.23   0.10   0.01      3      3      1   
  0.14   0.82   0.05   0.10      7      7      1   
  0.76   0.29   0.44   0.56      4      4      1   
  0.82   0.01   0.45   0.89      8      8      1   
  0.26   0.87   0.12   0.94      2      2      1   
  0.43   0.58   0.07   0.24      5      5      1   
  0.08   0.97   0.37   0.26      7      7      1   
  0.10   0.79   0.08   0.89      1      1      1   
  0.87   0.01   0.37   0.60      7      7      1   
  0.26   0.87   0.94   0.21      8      8      1   
  0.41   0.37   0.03   0.55      4      4      1   
  0.89   0.97   0.01   0.20     10     10      1   
  0.09   0.23   0.25   0.73      5      5      1   
  0.87   0.98   0.55   0.36      6      6      1   
  0.28   0.85   0.16   0.26      6      6      1   
  0.01   0.92   0.99   0.48     10     10      1   
  0.00   0.43   0.02   0.38      1      1      1   
  0.31   0.57   0.67   0.22      5      5      1   
  0.46   0.03   0.67   0.12      2      2      1   
  0.27   0.56   0.66   0.34      4      4      1   
  0.09   0.04   0.43   0.97      9      9      1   
  0.89   0.97   0.25   0.73      7      7      1   
  0.19   0.81   0.12   0.68      2      2      1   
  0.70   0.86   0.10   0.12      8      8      1   
  0.71   0.22   0.62   0.26      1      1      1   
  0.30   0.66   0.89   0.46      6      6      1   
  0.10   0.54   1.00   0.23      8      8      1   
  0.79   0.18   0.79   0.37      2      2      1   
  0.07   0.86   0.95   0.75      8      8      1   
  0.94   0.14   0.53   0.80      7      7      1   
  0.00   0.07   0.30   0.96      8      8      1   
  0.09   0.48   0.83   0.04      8      8      1   
  0.34   0.16   0.28   0.40      2      2      1   
  0.77   0.25   0.45   0.40      3      3      1   
  0.15   0.59   0.18   0.04      5      5      1   
  0.80   0.82   0.66   0.76      2      2      1   
  0.30   0.51   0.10   0.54      2      2      1   
  0.93   0.78   0.58   0.05      7      7      1   
  0.97   0.78   0.03   0.06     11     10      1   
  0.45   0.94   0.06   0.78      4      4      1   
  0.15   0.83   0.72   0.46      6      6      1   
  0.80   0.54   0.67   0.76      3      3      1   
  0.04   0.78   0.26   0.58      3      3      1   
  0.31   0.51   0.10   0.51      2      2      1   
  0.31   0.24   0.14   0.59      4      4      1   
  0.51   0.76   0.18   0.81      3      3      1   
  0.52   0.79   0.43   0.58      2      2      1   
  0.65   0.94   0.68   0.89      1      1      1   
  0.29   0.39   0.26   0.87      4      4      1   
  0.89   0.46   0.99   0.06      4      4      1   
  0.75   0.11   0.32   0.20      4      4      1   
  0.26   0.04   0.87   0.78      8      8      1   
  0.05   0.97   0.82   0.50      8      8      1   
  0.79   0.05   0.25   0.89     10      9      1   
  0.56   0.95   0.16   0.51      6      6      1   
  0.14   0.06   0.01   0.52      4      4      1   
  0.73   0.46   0.13   0.90      7      7      1   
  0.26   0.33   0.01   0.99      6      6      1   
  0.34   0.12   0.70   0.85      7      7      1   
  0.73   0.75   0.35   0.48      4      4      1   
  0.77   0.97   0.73   0.34      6      6      1   
  0.61   0.78   0.37   0.67      3      3      1   
  0.81   0.49   0.87   0.33      2      2      1   
  0.82   0.12   0.16   0.22      6      6      1   
  0.82   0.37   0.87   0.98      5      5      1   
  0.09   0.68   0.17   0.54      2      2      1   
  0.34   0.09   0.34   0.71      6      6      1   
  0.78   0.09   0.67   0.75      6      6      1   
  0.33   0.71   0.87   0.01      8      8      1   
  0.30   0.96   0.38   0.53      4      4      1   
  0.17   0.20   0.68   0.89      8      8      1   
  0.69   0.88   0.61   0.76      2      2      1   
  0.97   0.73   0.64   0.19      6      6      1   
  0.86   0.85   0.85   0.61      2      2      1   
  0.77   0.27   0.44   0.70      5      5      1   
  0.37   0.26   0.33   0.14      1      1      1   
  0.87   0.01   0.89   0.81      7      7      1   
  0.94   0.36   0.47   0.92      7      7      1   
  0.21   0.16   0.91   0.44      7      7      1   
  0.11   0.14   0.20   0.46      3      3      1   
  0.11   0.05   0.15   0.48      4      4      1   
  0.16   0.10   0.87   0.98     10     10      1   
  0.65   0.95   0.09   0.54      6      6      1   
  0.45   0.31   0.85   0.18      4      4      1   
  0.09   0.51   0.34   0.18      4      4      1   
  0.08   0.97   0.16   0.57      4      4      1   
  0.56   0.88   0.31   0.24      7      7      1   
  0.03   0.53   0.08   0.04      5      5      1   
  0.70   0.42   0.02   0.29      7      7      1   
  0.28   0.11   0.36   0.40      3      3      1   
  0.08   0.09   0.51   0.92      8      8      1   
  0.47   0.04   0.07   0.93      9      9      1   
  0.98   0.17   0.79   0.66      5      5      1   
  0.12   0.28   0.32   0.90      6      6      1   
  0.24   0.37   0.54   0.27      3      3      1   
  0.51   0.00   0.35   0.63      6      6      1   
  0.93   0.20   0.67   0.55      4      4      1   
  0.59   0.15   0.20   0.58      5      5      1   
  0.23   0.06   0.34   0.29      2      2      1   
  0.02   0.17   0.51   0.56      6      6      1   
  0.46   0.18   0.59   0.30      2      2      1   
  0.32   0.90   0.47   0.69      3      3      1   
  0.89   1.00   0.48   0.55      6      6      1   
  0.16   0.22   0.68   0.37      5      5      1   
  0.22   0.97   0.61   0.28      7      7      1   
  0.10   0.73   0.10   0.51      2      2      1   
  0.98   0.13   0.89   0.97      8      8      1   
  0.78   0.76   0.57   0.01      7      7      1   
  0.54   0.93   0.42   0.59      3      3      1   
  0.82   0.06   0.12   0.59      8      8      1   
  0.26   0.62   0.07   0.86      3      3      1   
  0.72   0.18   0.24   0.19      5      5      1   
  0.35   0.53   0.06   0.19      4      4      1   
  0.82   0.54   0.63   0.02      5      5      1   
  0.79   0.23   0.76   0.15      1      1      1   
  0.13   0.65   0.08   0.09      5      5      1   
  0.77   0.27   0.62   0.67      4      4      1   
  0.72   0.50   0.47   0.03      5      5      1   
  0.15   0.37   1.00   0.56      8      8      1   
  0.23   0.55   0.91   0.78      7      7      1   
  0.13   0.49   0.72   0.46      6      5      1   
  0.52   0.57   0.10   0.73      4      4      1   
  0.28   0.05   0.60   0.02      3      3      1   
  0.93   0.09   0.12   0.28      7      7      1   
  0.87   0.07   0.34   0.16      5      5      1   
  0.73   0.34   0.28   0.80      6      6      1   
  0.20   0.63   0.41   0.86      3      3      1   
  0.13   0.43   0.33   0.30      2      2      1   
  0.98   0.17   0.25   0.89      9      9      1   
  0.30   0.54   0.16   0.10      4      4      1   
  0.23   1.00   0.55   0.36      6      6      1   
  0.86   0.57   0.92   0.66      1      1      1   
  0.62   0.02   0.22   0.99      9      9      1   
  0.07   0.13   0.10   0.19      1      1      1   
  0.59   0.15   0.41   0.37      3      3      1   
  0.51   0.02   0.86   0.57      6      6      1   
  0.31   0.24   0.24   0.79      5      5      1   
  0.17   0.79   0.19   1.00      2      2      1   
  0.97   0.78   0.37   0.13      8      8      1   
  0.34   0.29   0.81   0.49      5      5      1   
  0.35   0.89   0.25   0.07      7      7      1   
  0.74   0.12   0.22   0.92      9      9      1   
  0.21   0.16   0.54   0.44      4      4      1   
  0.16   0.22   0.16   0.34      1      1      1   
  0.46   0.00   0.98   0.72      8      8      1   
  0.63   0.16   0.74   0.12      1      1      1   
  0.82   0.41   0.93   0.09      3      3      1   
  0.96   0.71   0.51   0.98      5      5      1   
  0.67   0.12   0.09   0.23      5      5      1   
  0.25   0.18   0.50   0.97      8      8      1   
  0.17   0.80   0.72   0.50      6      6      1   
  0.73   0.41   0.05   0.11      7      7      1   
  0.85   0.18   0.93   0.38      2      2      1   
  0.08   0.27   0.97   0.27      8      8      1   
  0.72   0.18   0.00   0.91      9      9      1   
  0.39   0.30   0.54   0.93      6      6      1   
  0.33   0.01   0.32   0.13      1      1      1   
  0.11   0.50   0.34   0.97      5      5      1   
  0.39   0.66   0.63   0.02      6      6      1   
  0.61   0.62   0.86   0.57      3      3      1   
  0.35   0.28   0.34   0.26      1      1      1   
  0.44   0.70   0.47   0.03      6      6      1   
  0.28   0.05   0.81   0.47      6      6      1   
  0.01   0.31   0.81   0.49      8      8      1   
  0.94   0.56   0.12   0.68      8      8      1   
  0.31   0.69   0.42   0.99      3      3      1   
  0.09   0.30   0.12   0.60      3      3      1   
  0.33   0.13   0.37   0.67      5      5      1   
  0.28   0.11   0.61   0.44      4      4      1   
  0.81   0.34   0.67   0.75      4      4      1   
  0.16   0.26   0.81   0.64      7      7      1   
  0.75   0.50   0.10   1.00      7      7      1   
  0.50   0.24   0.82   0.51      4      4      1   
  0.74   0.54   0.45   0.40      3      3      1   
  0.95   0.15   0.25   0.73      8      8      1   
  0.98   0.17   0.15   0.27      8      8      1   
  0.32   0.78   0.56   0.61      3      3      1   
  0.33   0.51   0.20   0.29      3      3      1   
  0.22   0.87   0.13   0.49      4      4      1   
  0.29   0.55   0.12   0.60      2      2      1   
  0.47   0.94   0.31   0.24      7      7      1   
  0.09   0.87   0.87   0.01     10     10      1   
  0.05   0.27   0.02   0.17      1      1      1   
  0.72   0.86   0.56   0.12      7      7      1   
  0.16   0.45   0.26   0.04      4      4      1   
  0.98   0.05   0.10   0.57      9      9      1   
  0.65   0.63   0.41   0.37      4      4      1   
  0.10   0.73   0.57   0.18      7      7      1   
  0.94   0.56   0.95   0.15      4      4      1   
  0.30   0.75   0.04   0.78      3      3      1   
  0.23   0.06   0.49   0.98      8      8      1   
  0.72   0.46   0.93   0.06      4      4      1   
  0.06   0.78   0.01   0.71      1      1      1   
  0.17   0.80   0.83   0.04      9      9      1   
  0.81   0.64   0.17   0.80      6      6      1   
  0.58   0.05   0.62   0.49      4      4      1   
  0.74   0.06   0.51   0.58      5      5      1   
  0.20   0.04   0.90   0.36      7      7      1   
  0.61   0.28   0.87   0.84      6      6      1   
  0.00   0.78   0.22   0.10      6      6      1   
  0.67   0.33   0.10   1.00      8      8      1   
  0.83   0.04   0.39   0.30      5      5      1   
  0.34   0.12   0.84   0.03      5      5      1   
  0.94   0.76   0.67   0.65      3      3      1   
  0.23   0.01   0.77   0.27      6      5      1   
  0.20   0.76   0.45   0.89      3      3      1   
  0.49   0.86   0.10   0.41      6      6      1   
  0.32   0.61   0.58   0.34      4      4      1   
  0.06   0.96   0.11   0.48      4      4      1   
  0.07   0.46   0.20   0.80      4      4      1   
  0.49   0.17   0.45   0.66      5      5      1   
  0.77   0.15   0.31   0.66      7      6      1   
  0.30   0.23   0.16   0.57      4      4      1   
  0.86   0.31   0.35   0.08      5      5      1   
  0.56   0.02   0.95   0.55      6      6      1   
  0.32   0.81   0.85   0.18      8      8      1   
  0.64   0.32   0.50   0.91      5      5      1   
  0.71   0.68   0.32   0.61      4      4      1   
  0.38   0.08   0.16   0.57      5      5      1   
  0.44   0.72   0.52   0.61      2      2      1   
  0.62   0.26   0.37   0.82      6      6      1   
  0.42   0.79   0.75   0.11      7      7      1   
  0.34   0.05   0.95   0.57      7      7      1   
  0.76   0.21   0.71   0.68      5      5      1   
  0.82   0.01   0.30   0.80      9      9      1   
  0.60   0.54   0.18   0.95      5      5      1   
  0.69   0.75   0.30   0.37      5      5      1   
  0.24   0.78   0.34   0.97      2      2      1   
  0.99   0.48   0.38   0.77      6      6      1   
  0.93   0.94   0.33   0.51      7      7      1   
  0.35   0.63   0.67   0.12      5      5      1   
  0.31   0.24   0.12   0.59      4      4      1   
  0.00   0.07   0.94   0.01      9      9      1   
  0.35   0.08   0.81   0.20      5      5      1   
  0.05   0.81   0.79   0.18      9      9      1   
  0.80   0.75   0.84   0.55      2      2      1   
  0.19   0.51   0.26   0.96      4      4      1   
  0.08   0.89   0.36   0.21      6      6      1   
  0.18   0.81   0.61   0.69      4      4      1   
  0.51   0.02   0.44   0.59      5      5      1   
  0.48   0.77   0.13   0.73      4      4      1   
  0.71   0.24   0.10   0.51      6      6      1   
  0.50   0.91   0.05   0.17      8      8      1   
  0.58   0.52   0.69   0.22      3      3      1   
  0.96   0.98   0.66   0.93      3      3      1   
  0.81   0.34   0.10   0.08      7      7      1   
  0.42   0.59   0.57   0.30      3      3      1   
  0.68   0.24   0.74   0.67      4      4      1   
  0.35   0.94   0.01   0.10      8      8      1   
  0.73   0.53   0.28   0.65      4      4      1   
  0.12   0.59   0.93   0.09      8      8      1   
  0.06   0.19   0.32   0.90      7      7      1   
  0.41   0.85   0.43   0.97      1      1      1   
  0.05   0.59   0.03   0.31      3      3      1   
  0.17   0.79   0.08   0.89      2      2      1   
  0.00   0.95   0.72   0.22      9      9      1   
  0.95   0.55   0.82   0.51      2      2      1   
  0.74   0.12   0.75   0.35      2      2      1   
  0.61   0.78   0.12   0.23      7      7      1   
  0.30   0.39   0.48   0.55      2      2      1   
  0.11   0.88   0.62   0.26      7      7      1   
  0.94   0.71   0.77   0.18      5      5      1   
  0.93   0.50   0.03   0.59      8      8      1   
  0.07   0.22   0.86   0.31      7      7      1   
  0.09   0.54   0.94   0.57      8      8      1   
  0.17   0.20   0.35   0.21      2      2      1   
  0.10   0.47   0.84   0.85      8      7      1   
  0.56   0.81   0.87   0.33      5      5      1   
  0.10   0.47   0.82   0.12      7      7      1   
  0.10   0.19   0.68   0.59      6      6      1   
  0.96   0.26   0.26   0.82      8      8      1   
  0.16   0.37   0.34   0.12      3      3      1   
  0.54   0.60   0.04   0.45      5      5      1   
  0.28   0.16   0.98   0.89      9      9      1   
  0.45   0.40   0.72   0.86      5      5      1   
  0.30   0.66   0.15   0.67      2      2      1   
  0.97   0.27   0.49   0.98      8      7      1   
  0.64   0.42   0.71   0.48      1      1      1   
  0.05   0.66   0.46   0.23      5      5      1   
  0.76   0.28   0.87   0.98      6      6      1   
  0.66   0.57   0.73   0.49      1      1      1   
  0.46   0.18   0.58   0.76      6      6      1   
  0.98   0.13   0.53   0.80      7      7      1   
  0.12   0.03   0.81   0.47      7      7      1   
  0.94   0.14   0.46   0.00      5      5      1   
  0.71   0.48   0.64   0.09      4      4      1   
  0.31   0.28   0.20   0.07      2      2      1   
  0.59   0.30   0.64   0.70      4      4      1   
  0.64   0.19   0.95   0.75      6      6      1   
  0.23   0.35   0.12   0.00      4      4      1   
  0.81   1.00   0.82   0.68      3      3      1   
  0.63   0.02   0.83   0.86      8      8      1   
  0.66   0.93   0.90   0.22      7      7      1   
  0.18   0.95   0.37   0.23      7      7      1   
  0.47   0.52   0.35   0.11      4      4      1   
  0.92   0.83   0.11   0.14      9      9      1   
  0.47   0.72   0.41   0.37      4      4      1   
  0.83   0.58   0.35   0.10      6      6      1   
  0.09   0.68   0.79   0.70      6      6      1   
  0.74   0.48   0.82   0.01      4      4      1   
  1.00   0.56   0.87   0.90      3      3      1   
  0.25   0.15   0.51   0.98      8      8      1   
  0.53   0.10   0.39   0.30      2      2      1   
  0.94   0.44   0.38   0.77      6      6      1   
  0.69   0.75   0.58   0.34      4      4      1   
  0.85   0.19   0.64   0.19      2      2      1   
  0.76   0.81   0.97   0.49      4      4      1   
  0.06   0.93   0.28   0.72      3      3      1   
  0.65   0.40   0.23   0.65      4      4      1   
  0.44   0.59   0.79   0.18      5      5      1   
  0.52   0.73   0.65   0.63      2      2      1   
  0.06   0.23   0.92   0.35      8      8      1   
  0.62   0.26   0.52   0.73      5      5      1   
  0.10   0.19   0.18   0.95      7      7      1   
  0.33   0.41   0.65   0.94      6      6      1   
  0.05   0.45   0.07   0.22      3      3      1   
  0.72   0.67   0.09   0.04      8      8      1   
  0.71   0.13   0.87   0.84      7      7      1   
  0.89   1.00   0.21   0.01     11     11      1   
  0.28   0.69   0.63   0.88      4      4      1   
  0.98   0.79   0.08   0.97      9      9      1   
  0.71   0.21   0.65   0.56      4      4      1   
  0.69   0.88   0.61   0.92      1      1      1   
  0.25   0.18   0.37   0.67      5      5      1   
  0.34   0.26   0.97   0.00      6      6      1   
  0.38   0.84   0.55   0.24      6      6      1   
  0.51   0.76   0.56   0.88      1      1      1   
  0.49   0.17   0.08   0.47      5      5      1   
  0.60   0.49   0.21   0.01      6      6      1   
  0.24   0.19   0.48   0.02      3      3      1   
  0.06   0.37   0.22   0.61      3      3      1   
  0.00   0.43   0.20   0.04      4      4      1   
  0.20   0.29   0.70   0.31      4      4      1   
  0.90   0.22   0.77   0.25      2      2      1   
  0.18   0.91   0.76   0.01     10     10      1   
  0.52   0.13   0.08   0.31      4      4      1   
  0.44   0.23   0.57   0.47      3      3      1   
  0.44   0.59   0.87   0.78      4      4      1   
  0.71   0.24   0.60   0.03      3      3      1   
  0.10   0.88   0.91   0.44      8      8      1   
  0.79   0.12   0.10   0.79      9      8      1   
  0.95   0.95   0.47   0.72      5      5      1   
  0.16   0.66   0.68   0.59      5      5      1   
  0.34   0.97   0.43   0.58      4      4      1   
  0.21   0.01   0.28   0.05      1      1      1   
  0.27   0.88   0.01   0.04      8      8      1   
  0.30   0.28   0.23   0.65      4      4      1   
  1.00   0.30   0.36   0.13      6      6      1   
  0.28   0.05   0.26   0.96      8      8      1   
  0.01   0.10   0.12   0.28      2      2      1   
  0.45   0.66   0.05   0.17      6      6      1   
  0.48   0.02   0.26   0.77      7      7      1   
  0.10   0.92   0.94   0.77      7      7      1   
  0.61   0.78   0.00   0.91      6      6      1   
  0.01   0.92   0.46   0.00      9      9      1   
  0.79   0.46   0.85   0.26      2      2      1   
  0.10   1.00   0.76   0.81      6      6      1   
  0.13   0.73   0.97   0.78      8      8      1   
  0.96   0.94   0.23   0.35      9      9      1   
  0.60   0.27   0.04   0.16      5      5      1   
  0.85   0.19   0.10   0.88      9      9      1   
  0.46   0.49   0.11   0.05      6      6      1   
  0.05   0.62   0.24   0.56      2      2      1   
  0.74   0.71   0.07   0.58      6      6      1   
  0.40   0.36   0.68   0.92      6      6      1   
  0.36   0.21   0.87   0.78      7      7      1   
  0.82   0.69   0.46   0.79      4      4      1   
  0.61   0.44   0.76   0.81      4      4      1   
  0.78   0.17   0.25   0.07      5      5      1   
  0.51   0.58   0.90   0.37      4      4      1   
  0.13   0.65   0.97   0.63      8      8      1   
  0.57   0.09   0.73   0.34      3      3      1   
  0.06   0.96   0.65   0.40      7      7      1   
  0.05   0.45   0.22   0.92      5      5      1   
  0.18   0.13   0.35   0.21      2      2      1   
  0.02   0.53   0.90   0.89      9      8      1   
  0.20   0.63   0.92   0.22      8      8      1   
  0.12   0.68   0.54   0.12      6      6      1   
  0.61   0.50   0.18   0.15      6      5      1   
  0.10   0.79   0.80   0.02      9      9      1   
  0.35   0.10   0.14   0.59      5      5      1   
  0.03   0.72   0.29   0.34      4      4      1   
  0.62   0.03   0.93   0.06      3      3      1   
  0.73   0.20   0.85   0.18      1      1      1   
  0.80   0.99   0.04   0.04     11     11      1   
  0.46   0.73   0.18   0.15      6      6      1   
  0.80   0.99   0.06   0.87      7      7      1   
  0.97   0.78   0.26   0.93      7      7      1   
  0.97   0.78   0.86   0.85      2      2      1   
  0.97   0.63   0.08   0.89      8      8      1   
  0.15   0.37   0.89   1.00      9      9      1   
  0.44   0.70   0.79   0.18      6      6      1   
  0.12   0.59   0.24   0.80      2      2      1   
  0.07   0.13   0.70   0.31      6      6      1   
  0.03   0.31   0.51   0.76      6      6      1   
  0.19   0.65   0.41   0.86      3      3      1   
  0.91   0.44   0.35   0.63      6      6      1   
  0.20   0.72   0.26   0.19      5      5      1   
  0.42   0.99   0.45   0.94      1      1      1   
  0.16   0.45   0.34   0.11      4      4      1   
  0.87   0.07   0.63   0.09      2      2      1   
  0.05   0.10   0.77   0.27      7      7      1   
  0.01   0.14   0.60   0.85      8      8      1   
  0.71   0.21   0.25   0.51      5      5      1   
  0.19   0.34   0.37   0.38      2      2      1   
  0.34   0.71   0.91   0.21      7      7      1   
  0.77   0.18   0.98   0.17      2      2      1   
  0.03   0.55   0.58   0.76      5      5      1   
  0.18   0.15   0.01   0.52      4      4      1   
  0.71   0.17   0.40   0.00      4      4      1   
  0.46   0.23   0.39   0.23      1      1      1   
  0.47   0.03   0.63   0.16      2      2      1   
  0.19   0.34   1.00   0.25      7      7      1   
  0.36   0.49   0.31   0.25      3      3      1   
  0.66   0.38   0.26   0.04      5      5      1   
  0.16   0.06   0.07   0.93      8      8      1   
  0.11   0.27   0.57   0.30      4      4      1   
  0.87   0.56   0.00   0.02      9      9      1   
  0.92   0.35   0.96   0.71      4      4      1   
  0.31   0.51   0.24   0.78      3      3      1   
  0.03   0.60   0.23   1.00      4      4      1   
  0.13   0.24   0.11   0.14      1      1      1   
  0.90   0.36   0.12   0.28      7      7      1   
  0.00   0.80   0.97   0.65      9      9      1   
  0.94   0.71   0.32   0.81      6      6      1   
  0.24   0.37   0.95   0.37      6      6      1   
  0.40   0.00   0.05   0.59      6      6      1   
  0.62   0.02   0.79   0.46      4      4      1   
  0.08   0.27   0.02   0.53      3      3      1   
  0.37   0.29   0.63   0.16      3      3      1   
  0.72   0.67   0.61   0.32      3      3      1   
  0.93   0.61   0.18   0.23      7      7      1   
  0.55   0.24   0.28   0.16      3      3      1   
  0.44   0.70   0.18   0.25      5      5      1   
  0.26   0.82   0.52   0.57      4      4      1   
  0.86   0.31   0.48   0.89      6      6      1   
  0.59   0.57   0.10   0.25      5      5      1   
  0.03   0.66   0.18   0.15      5      5      1   
  0.18   0.25   0.44   0.34      3      3      1   
  0.48   0.77   0.67   0.76      2      2      1   
  0.05   0.11   0.07   0.43      3      3      1   
  0.29   0.87   0.54   0.29      6      6      1   
  0.37   0.18   0.48   0.95      7      7      1   
  0.07   0.43   0.73   0.53      6      6      1   
  0.66   0.09   0.49   0.52      5      5      1   
  0.50   0.24   0.93   0.06      4      4      1   
  0.22   0.61   0.41   0.65      2      2      1   
  0.93   0.09   0.25   0.73      8      8      1   
  0.53   0.10   0.65   0.92      8      8      1   
  0.90   0.37   0.79   0.47      2      2      1   
  0.71   0.68   0.49   0.85      3      3      1   
  0.28   0.05   0.14   0.82      7      7      1   
  0.41   0.55   0.33   0.41      2      2      1   
  0.05   0.25   0.14   0.77      5      5      1   
  0.03   0.94   0.39   0.14      8      8      1   
  0.26   0.87   0.61   0.44      5      5      1   
  0.68   0.49   0.35   0.21      4      4      1   
  0.05   0.11   0.43   0.29      4      4      1   
  0.50   0.24   0.01   0.04      5      5      1   
  0.64   0.70   0.24   0.55      4      4      1   
  0.79   0.70   0.61   0.03      6      6      1   
  0.69   0.22   0.81   0.40      2      2      1   
  0.21   0.71   0.47   0.72      3      3      1   
  0.13   0.90   0.49   0.35      6      6      1   
  0.43   0.80   0.19   0.89      3      3      1   
  0.07   0.13   0.72   0.18      6      6      1   
  0.40   0.00   0.70   0.43      5      5      1   
  0.37   0.13   0.81   0.20      4      4      1   
  0.44   0.70   0.10   0.18      6      6      1   
  0.47   0.48   0.95   0.44      5      5      1   
  0.46   0.18   0.65   0.56      4      4      1   
  0.54   0.60   0.75   0.11      5      5      1   
  0.10   0.92   0.03   0.63      3      3      1   
  0.06   0.78   0.46   0.23      6      6      1   
  0.33   0.41   0.35   0.11      3      3      1   
  0.51   0.76   0.70   0.85      2      2      1   
  0.88   0.50   0.37   0.25      5      5      1   
  0.77   0.25   0.66   0.76      5      5      1   
  0.89   0.30   0.49   0.94      7      7      1   
  0.23   0.01   0.01   0.52      5      5      1   
  0.32   0.61   0.99   0.48      6      6      1   
  0.75   0.59   0.44   0.34      4      4      1   
  0.23   0.55   0.32   0.62      1      1      1   
  0.16   0.45   0.24   0.55      1      1      1   
  0.09   0.51   0.63   0.70      5      5      1   
  0.30   0.51   0.30   0.37      2      2      1   
  0.90   0.89   0.63   0.02      8      8      1   
  0.02   0.29   0.49   0.48      5      5      1   
  0.69   0.22   0.31   0.51      5      5      1   
  0.06   0.55   0.21   0.54      2      2      1   
  0.87   0.06   0.30   0.39      6      6      1   
  0.63   0.88   0.61   0.50      4      4      1   
  0.59   0.57   0.65   0.40      2      2      1   
  0.88   0.70   0.48   0.02      7      7      1   
  0.14   0.06   0.18   0.09      1      1      1   
  0.82   0.50   0.47   0.94      5      5      1   
  0.07   0.58   0.82   0.50      7      7      1   
  0.75   0.50   0.01   0.92      8      8      1   
  0.35   0.93   0.65   0.92      3      3      1   
  0.10   1.00   0.59   0.57      6      6      1   
  0.86   0.85   0.14   0.06     10     10      1   
  0.13   0.73   0.94   0.19      9      9      1   
  0.82   0.06   0.00   0.78     10     10      1   
  0.70   0.42   0.02   0.28      7      7      1   
  0.32   0.62   0.59   0.35      4      4      1   
  0.45   0.31   0.82   0.01      4      4      1   
  0.07   0.43   0.13   0.38      1      1      1   
  0.47   0.53   0.03   0.31      5      5      1   
  0.01   0.44   0.44   0.23      4      4      1   
  0.93   0.09   0.70   0.92      8      8      1   
  0.74   0.92   0.51   0.97      2      2      1   
  0.38   0.59   0.68   0.24      5      5      1   
  0.04   0.08   0.76   0.84     10      9      1   
  0.23   0.61   0.18   0.38      3      3      1   
  0.26   0.76   0.58   0.76      3      3      1   
  0.49   0.94   0.93   0.61      5      5      1   
  0.32   0.13   0.83   0.58      6      6      1   
  0.19   0.27   0.98   0.13      7      7      1   
  0.94   0.59   0.77   0.15      5      5      1   
  0.63   0.88   0.79   0.05      7      7      1   
  0.11   0.19   0.02   0.38      2      2      1   
  0.79   0.37   0.58   0.34      2      2      1   
  0.76   0.71   0.68   0.37      3      3      1   
  0.33   0.53   0.41   0.65      2      2      1   
  0.46   0.00   0.90   0.37      5      5      1   
  0.94   0.36   0.80   0.28      2      2      1   
  0.49   0.35   0.73   0.41      3      3      1   
  0.02   0.53   0.52   0.50      5      5      1   
  0.57   0.01   0.35   0.83      8      8      1   
  0.73   0.93   0.24   0.37      7      7      1   
  0.94   0.01   0.07   0.46      9      9      1   
  0.37   0.26   0.74   0.67      5      5      1   
  0.67   0.22   0.89   0.24      2      2      1   
  0.24   0.79   0.68   0.37      6      6      1   
  0.56   0.18   0.75   0.35      3      3      1   
  0.92   0.35   0.04   0.78      8      8      1   
  0.71   0.68   0.94   0.36      4      4      1   
  1.00   0.23   0.34   0.12      6      6      1   
  0.40   0.64   0.32   0.13      5      5      1   
  0.39   0.34   0.73   0.67      5      5      1   
  0.39   0.15   0.44   0.72      5      5      1   
  0.30   0.96   0.62   0.57      5      5      1   
  0.81   0.40   0.15   0.13      7      7      1   
  0.86   0.31   0.05   0.59      8      8      1   
  0.39   0.14   0.95   0.55      6      6      1   
  0.33   0.41   0.47   0.72      3      3      1   
  0.56   0.12   0.62   0.33      2      2      1   
  0.15   0.13   0.30   0.75      6      6      1   
  0.08   0.89   0.86   0.18      9      9      1   
  0.79   0.59   0.81   0.40      2      2      1   
  0.15   0.48   0.20   0.19      3      3      1   
  0.35   0.10   0.24   0.69      5      5      1   
  0.18   0.95   0.37   0.23      7      7      1   
  0.60   0.49   0.92   0.35      3      3      1   
  0.05   0.17   0.10   0.30      2      2      1   
  0.26   0.75   0.44   0.70      2      2      1   
  0.01   0.44   0.32   0.20      4      4      1   
  0.18   0.23   0.48   0.53      4      4      1   
  0.97   0.27   0.23   0.06      7      7      1   
  0.86   0.69   0.55   0.65      3      3      1   
  0.64   0.42   0.30   0.37      3      3      1   
  0.89   0.24   0.62   0.03      4      4      1   
  0.63   0.16   0.62   0.03      2      2      1   
  0.23   0.93   0.52   0.23      7      7      1   
  0.37   0.39   0.33   0.30      1      1      1   
  0.04   0.78   0.73   0.34      7      7      1   
  0.08   0.97   0.45   0.40      6      6      1   
  0.56   0.88   0.55   0.99      1      1      1   
  0.94   0.21   0.02   0.38      9      8      1   
  0.51   0.88   0.46   0.90      1      1      1   
  0.49   0.26   0.15   0.83      6      6      1   
  0.34   0.18   0.18   0.15      2      2      1   
  0.00   0.78   0.51   0.15      8      7      1   
  0.77   0.18   0.17   0.79      8      8      1   
  0.72   0.22   0.24   0.09      5      5      1   
  0.23   1.00   0.81   1.00      5      5      1   
  0.63   0.16   0.01   0.99      9      9      1   
  0.48   0.53   0.64   0.42      2      2      1   
  0.38   0.59   0.86   0.18      6      6      1   
  0.33   0.01   0.46   0.18      2      2      1   
  0.49   0.48   0.56   0.88      4      4      1   
  0.32   0.97   0.36   0.49      4      4      1   
  0.94   0.21   0.23   0.83      8      8      1   
  0.34   0.12   0.38   0.59      5      5      1   
  0.13   0.19   0.76   0.21      6      6      1   
  0.31   0.94   0.68   0.89      3      3      1   
  0.74   0.59   0.31   0.05      6      6      1   
  0.31   0.24   0.32   0.90      6      6      1   
  0.62   0.26   0.82   0.12      2      2      1   
  0.93   0.26   0.94   0.44      2      2      1   
  0.10   0.88   0.67   0.75      5      5      1   
  0.80   0.48   0.14   0.03      7      7      1   
  0.28   0.80   0.46   0.90      2      2      1   
  0.51   0.88   0.66   0.09      7      7      1   
  0.02   0.20   0.52   0.79      7      7      1   
  0.47   0.94   0.26   0.82      2      2      1   
  0.24   0.56   0.46   0.79      3      3      1   
  0.41   0.85   0.79   0.47      5      5      1   
  0.12   0.48   0.36   0.13      4      4      1   
  0.24   0.19   0.89   1.00      9      9      1   
  0.14   0.82   0.19   0.89      1      1      1   
  0.26   0.75   0.02   0.20      6      6      1   
  0.03   0.31   1.00   0.56      9      9      1   
  0.44   0.55   0.68   0.24      4      4      1   
  0.37   0.82   0.11   0.88      3      3      1   
  0.65   0.21   0.33   0.13      3      3      1   
  0.47   0.92   0.77   0.26      7      7      1   
  0.43   0.97   0.01   0.44      6      6      1   
  0.51   0.97   0.44   0.56      4      4      1   
  0.38   0.08   0.95   0.57      7      7      1   
  0.45   0.94   0.44   0.56      4      4      1   
  0.97   0.78   0.22   0.07      9      9      1   
  0.11   0.48   0.89   0.81      8      8      1   
  0.93   0.26   0.43   0.58      6      6      1   
  0.10   0.30   0.35   0.10      3      3      1   
  0.39   0.17   0.94   0.36      6      6      1   
  0.46   0.73   0.31   0.33      4      4      1   
  0.53   0.36   0.26   0.04      4      4      1   
  0.17   0.25   0.81   0.98      9      9      1   
  0.11   0.50   0.62   0.26      5      5      1   
  0.54   0.20   0.80   0.28      3      3      1   
  0.39   0.30   0.09   0.86      6      6      1   
  0.74   0.76   0.35   0.10      7      7      1   
  0.53   0.36   0.54   0.02      3      3      1   
  0.43   0.80   0.29   0.87      2      2      1   
  0.55   0.24   0.87   0.06      3      3      1   
  0.17   0.54   0.82   0.06      7      7      1   
  0.61   0.03   0.90   0.56      6      6      1   
  0.20   0.46   0.25   0.15      3      3      1   
  0.51   0.02   0.87   0.25      4      4      1   
  0.63   0.16   0.56   0.79      6      6      1   
  0.63   0.88   0.16   0.22      7      7      1   
  0.67   0.60   0.80   0.82      3      3      1   
  0.79   0.18   0.46   0.90      7      7      1   
  0.24   0.37   0.47   0.52      3      3      1   
  0.37   0.67   0.04   0.31      5      5      1   
  0.35   0.53   0.02   0.28      4      4      1   
  0.40   0.88   0.79   0.12      8      8      1   
  0.71   0.48   0.01   0.44      6      6      1   
  0.31   0.51   0.53   0.46      2      2      1   
  0.09   0.48   0.43   0.90      5      5      1   
  0.18   0.69   0.28   0.75      1      1      1   
  0.37   0.29   0.82   0.74      6      6      1   
  0.06   0.42   0.32   0.62      3      3      1   
  0.83   0.51   0.50   0.24      4      4      1   
  0.12   0.88   0.87   0.98      7      7      1   
  0.43   0.94   0.10   1.00      3      3      1   
  0.44   0.34   0.81   0.47      4      4      1   
  0.81   1.00   0.83   0.04      9      9      1   
  0.80   0.02   0.18   0.23      6      6      1   
  0.09   0.30   0.10   0.47      2      2      1   
  0.47   0.94   0.92   0.35      7      7      1   
  0.11   0.88   0.63   0.02      9      9      1   
  0.57   0.30   0.57   0.18      1      1      1   
  0.10   0.01   0.09   0.63      6      6      1   
  0.37   0.23   0.33   0.71      5      5      1   
  0.24   0.23   0.81   0.47      6      6      1   
  0.68   0.30   0.07   0.43      6      6      1   
  0.27   0.56   0.20   0.46      1      1      1   
  0.43   0.58   0.10   0.58      3      3      1   
  0.31   0.28   0.10   0.79      5      5      1   
  0.25   0.95   0.23   0.35      6      6      1   
  0.06   0.78   0.06   0.55      2      2      1   
  0.40   0.88   0.92   0.83      5      5      1   
  0.01   0.71   0.35   0.94      4      4      1   
  0.92   0.26   0.82   0.41      2      2      1   
  0.10   0.30   0.61   0.29      5      5      1   
  0.20   0.72   0.54   0.93      4      4      1   
  0.37   0.13   0.31   0.69      5      5      1   
  0.52   0.50   0.70   0.98      5      5      1   
  0.79   0.18   0.03   0.06      7      7      1   
  0.10   0.25   0.46   0.00      4      4      1   
  0.63   0.70   0.89   0.26      5      5      1   
  0.13   0.17   0.51   0.98      8      8      1   
  0.72   0.18   0.32   0.78      7      7      1   
  0.30   0.51   0.25   0.18      3      3      1   
  0.00   0.43   0.88   0.72      8      8      1   
  0.32   0.26   0.53   0.10      3      3      1   
  0.29   0.55   0.02   0.45      3      3      1   
  0.21   0.71   0.61   0.50      4      4      1   
  0.98   0.79   0.37   0.60      6      6      1   
  0.25   0.51   0.61   0.78      5      5      1   
  0.95   0.55   0.64   0.19      5      5      1   
  0.76   0.15   0.64   0.66      5      5      1   
  0.62   0.67   0.61   0.03      6      6      1   
  1.00   0.23   0.98   0.79      6      6      1   
  0.99   0.09   0.31   0.69      8      8      1   
  0.49   0.17   0.37   0.60      5      5      1   
  0.85   0.18   0.45   0.06      4      4      1   
  0.32   0.26   0.05   0.81      6      6      1   
  0.72   0.67   0.38   0.08      6      6      1   
  0.25   0.44   0.44   0.70      3      3      1   
  0.99   0.26   0.72   0.46      3      3      1   
  0.77   0.18   0.75   0.35      2      2      1   
  0.31   0.28   0.07   0.05      3      3      1   
  0.79   0.05   0.72   0.46      4      4      1   
  0.10   0.19   0.18   0.38      2      2      1   
  0.91   0.44   1.00   0.63      2      2      1   
  0.91   0.60   0.09   0.30      8      8      1   
  0.48   0.53   0.32   0.61      2      2      1   
  1.00   0.25   0.31   0.33      6      6      1   
  0.50   0.62   0.23   0.55      3      3      1   
  0.64   0.59   0.88   0.93      4      4      1   
  0.68   0.49   0.14   0.44      5      5      1   
  0.56   0.79   0.18   0.15      7      7      1   
  0.07   0.43   0.85   0.18      8      8      1   
  0.52   0.73   0.55   0.82      1      1      1   
  0.05   0.97   0.96   0.51      9      9      1   
  0.24   0.23   0.83   0.04      6      6      1   
  0.73   0.20   0.14   0.03      6      6      1   
  0.62   0.49   0.17   0.62      4      4      1   
  0.14   0.03   0.30   0.54      5      5      1   
  0.12   0.28   0.60   0.85      7      7      1   
  0.95   0.83   0.65   0.21      6      6      1   
  0.79   0.66   0.43   0.97      5      5      1   
  0.72   0.50   0.88   0.70      3      3      1   
  0.75   0.18   0.62   0.03      2      2      1   
  0.58   0.05   0.19   0.65      6      6      1   
  0.12   0.27   0.19   0.10      2      2      1   
  0.73   0.93   0.26   0.75      5      5      1   
  0.74   0.92   0.02   0.52      7      7      1   
  0.53   0.10   0.05   0.59      6      6      1   
  0.75   0.11   0.30   0.54      6      6      1   
  0.52   0.61   0.11   0.23      5      5      1   
  0.34   0.16   0.00   0.78      7      7      1   
  0.96   0.51   0.90   0.61      1      1      1   
  0.49   0.48   0.04   0.45      4      4      1   
  0.10   0.54   0.42   0.59      3      3      1   
  0.71   0.98   0.12   0.48      7      7      1   
  0.79   0.70   0.73   0.20      5      5      1   
  0.80   0.75   0.91   0.44      3      3      1   
  0.06   0.11   0.74   0.12      6      6      1   
  0.10   0.79   0.68   0.49      6      6      1   
  0.07   0.21   0.67   0.73      7      7      1   
  0.59   0.35   0.86   0.57      3      3      1   
  0.74   0.48   0.75   0.64      2      2      1   
  0.40   0.36   0.39   0.66      3      3      1   
  0.43   0.97   0.09   0.27      7      7      1   
  0.06   0.42   0.77   0.18      7      7      1   
  0.76   0.84   0.03   0.72      7      7      1   
  0.11   0.50   0.59   0.35      5      5      1   
  0.34   0.26   0.02   0.17      3      3      1   
  0.18   0.81   0.02   0.29      5      5      1   
  0.53   0.46   0.62   0.33      2      2      1   
  0.78   0.17   0.97   0.66      5      5      1   
  0.16   0.34   1.00   0.56      8      8      1   
  0.51   0.92   0.48   0.53      4      4      1   
  0.82   0.68   0.02   0.45      8      8      1   
  0.07   0.46   0.44   0.34      4      4      1   
  0.32   0.59   0.39   0.30      3      3      1   
  0.34   0.83   0.05   0.81      3      3      1   
  0.15   0.67   0.18   0.23      4      4      1   
  0.08   0.01   0.72   0.46      7      7      1   
  0.89   0.24   0.60   0.02      4      4      1   
  0.46   0.90   0.01   0.44      6      6      1   
  0.27   0.60   0.94   0.59      6      6      1   
  0.50   0.91   0.69   0.98      2      2      1   
  0.10   0.01   0.85   0.34      7      7      1   
  0.47   0.48   0.55   0.85      4      4      1   
  0.54   0.93   0.37   0.29      6      6      1   
  0.51   0.92   0.60   0.49      4      4      1   
  0.30   0.37   0.75   0.35      4      4      1   
  0.65   0.92   0.25   0.95      4      4      1   
  0.82   0.01   0.57   0.18      3      3      1   
  0.56   0.95   0.13   0.43      6      6      1   
  0.48   0.32   0.10   0.30      4      4      1   
  0.21   0.54   0.69   0.98      6      6      1   
  0.56   0.88   0.32   0.20      7      7      1   
  0.77   0.26   0.55   0.65      4      4      1   
  0.19   1.00   0.14   0.59      4      4      1   
  0.73   0.75   0.41   0.46      4      4      1   
  0.24   0.09   0.21   0.51      5      4      1   
  0.67   0.65   0.20   0.29      6      5      1   
  0.89   1.00   0.84   0.03      9      9      1   
  0.25   0.18   0.91   0.44      6      6      1   
  0.91   0.81   0.44   0.23      7      7      1   
  0.30   0.96   0.12   0.23      7      7      1   
  0.74   0.71   0.32   0.61      4      4      1   
  0.17   0.20   0.35   0.48      3      3      1   
  0.15   0.83   0.77   0.27      7      7      1   
  0.95   0.44   0.13   0.24      8      8      1   
  0.95   0.44   0.65   0.24      4      4      1   
  0.01   0.14   0.33   0.56      5      5      1   
  0.89   0.26   0.39   0.23      5      5      1   
  0.07   0.43   0.31   0.25      3      3      1   
  0.15   0.13   0.87   0.07      6      6      1   
  0.52   0.21   0.06   0.93      8      8      1   
  0.03   0.06   0.60   0.53      7      7      1   
  0.51   0.88   0.10   0.18      8      7      1   
  0.68   0.24   0.05   0.17      6      6      1   
  0.66   0.77   0.23   0.08      8      7      1   
  0.46   0.03   0.47   0.52      5      5      1   
  0.84   0.85   0.48   0.02      8      8      1   
  0.97   0.09   0.94   0.56      5      5      1   
  0.35   0.93   0.93   0.06      9      9      1   
  0.20   0.72   0.02   0.29      5      5      1   
  0.12   0.27   0.67   0.12      5      5      1   
  0.62   0.03   0.45   0.89      8      8      1   
  0.30   0.66   0.94   0.76      6      6      1   
  0.09   0.27   0.18   0.33      1      1      1   
  0.03   0.66   0.47   0.04      7      7      1   
  0.42   0.70   0.87   0.84      5      5      1   
  0.08   0.31   0.64   0.32      5      5      1   
  0.50   0.24   0.48   0.77      5      5      1   
  0.22   0.07   0.22   0.61      5      5      1   
  0.80   0.99   0.10   0.79      7      7      1   
  0.18   0.59   0.80   0.02      8      8      1   
  0.03   0.51   0.89   0.20      8      8      1   
  0.13   0.04   0.95   0.44      9      8      1   
  0.02   0.38   0.20   0.46      2      2      1   
  0.97   0.53   0.43   0.90      6      6      1   
  0.47   0.88   0.27   0.88      2      2      1   
  0.94   0.59   0.19   0.34      7      7      1   
  0.60   0.54   0.93   0.87      5      4      1   
