  0.09   0.18   0.23   0.55      4      4      1   
  0.04   0.33   0.02   0.11      3      3      1   
Routing Failed to deliver
Routing Failed to deliver
  0.87   0.74   0.29   0.00     10     10      1   
  0.57   0.92   0.95   0.28      8      8      1   
  0.26   0.03   0.76   0.55      8      8      1   
  0.06   0.50   0.15   0.92      4      4      1   
  0.77   0.51   0.08   0.09      9      9      1   
  0.86   0.92   0.05   0.12     14     13      1   
  0.94   0.15   0.01   0.03     11     11      1   
  0.10   0.62   0.44   0.65      5      4      1   
  0.26   0.62   0.18   0.22      4      4      1   
  0.79   0.64   0.64   0.53      2      2      1   
  0.47   0.77   0.10   0.94      5      5      1   
  0.21   0.40   0.76   0.43      5      5      1   
  0.83   0.32   0.74   0.25      1      1      1   
  0.87   0.74   0.78   0.43      3      3      1   
  0.23   0.55   0.44   0.43      3      3      1   
  0.38   0.74   0.89   0.90      7      7      1   
  0.95   0.93   0.74   0.25      7      7      1   
  0.25   0.46   0.34   0.40      1      1      1   
  0.08   0.03   0.13   1.00     10      9      1   
  0.47   0.79   0.05   0.81      5      5      1   
  0.49   0.37   0.69   0.83      5      5      1   
  0.99   0.70   0.26   0.62      9      8      1   
  0.80   0.36   0.05   0.81     10     10      1   
Routing Failed to deliver
  0.01   0.12   0.17   0.69      6      6      1   
  0.26   0.09   0.44   0.65     10      7      1   
  0.97   0.46   0.43   0.36      5      5      1   
  0.63   0.57   0.21   0.40      4      4      1   
  0.23   0.85   0.06   0.14      7      7      1   
  0.85   0.00   0.40   0.46     10      9      1   
  0.33   0.40   0.01   0.43      3      3      1   
  0.46   0.24   0.24   0.61      4      4      1   
  0.44   0.43   0.53   0.48      1      1      1   
  0.80   0.36   0.29   0.00      7      7      1   
  0.74   0.50   0.60   0.63      2      2      1   
  0.61   0.83   0.43   0.31     11      6      1   
  0.65   0.15   0.10   0.94     11     10      1   
  0.63   0.45   0.40   0.46      2      2      1   
Routing Failed to deliver
  0.76   0.55   0.29   0.00      8      8      1   
  0.08   0.75   0.49   0.64      5      4      1   
  0.77   0.51   0.42   0.60     11      4      1   
  0.52   0.06   0.32   0.02      2      2      1   
  0.29   0.98   0.02   0.44      7      7      1   
  0.07   0.51   0.86   0.92      9      9      1   
  0.59   0.93   0.26   0.62      6      5      1   
  0.21   0.40   0.33   0.40      1      1      1   
  0.57   0.92   0.08   0.96      7      7      1   
  0.30   0.23   0.01   0.43      4      4      1   
  0.02   0.39   0.01   0.12      3      3      1   
  0.02   0.39   0.09   0.98      9      6      1   
  0.65   0.34   0.42   0.60     11      5      1   
  0.99   0.88   0.15   0.92     10     10      1   
  0.80   0.45   0.04   0.33      8      8      1   
  0.47   0.79   0.97   0.46      7      7      1   
  0.48   0.24   0.08   0.75      6      6      1   
  0.76   0.43   0.66   0.35      2      2      1   
  0.60   0.63   0.02   0.32      8      7      1   
  0.63   0.45   0.05   1.00      9      8      1   
  0.92   0.64   0.85   0.00      8      8      1   
  0.56   0.68   0.35   0.44     12      5      1   
  0.16   0.65   0.74   0.25      8      7      1   
  0.24   0.61   0.15   0.92      3      3      1   
  0.92   0.64   0.05   0.32      9      9      1   
  0.66   0.35   0.40   0.46      3      3      1   
  0.65   0.63   0.11   0.48      8      6      1   
  0.33   0.40   0.97   0.87      8      8      1   
  0.44   0.65   0.00   0.73      5      5      1   
  0.81   0.57   0.47   0.79      5      5      1   
  0.95   0.93   0.03   0.28     14     12      1   
  0.38   0.74   0.38   0.17     11      7      1   
  0.89   0.49   0.13   1.00      9      9      1   
  0.77   0.51   0.08   0.03     10      9      1   
  0.38   0.17   0.15   0.48      4      4      1   
  0.28   0.27   0.24   0.61      4      4      1   
  0.01   0.43   0.24   0.61      3      3      1   
  0.07   0.51   0.04   0.78      3      3      1   
  0.13   0.80   0.29   0.99      3      3      1   
  0.25   0.46   0.47   0.77      5      4      1   
  0.99   0.19   0.52   0.74      8      8      1   
  0.72   0.80   0.25   0.46      8      7      1   
  0.95   0.62   1.00   0.41      5      5      1   
  0.77   0.51   0.84   0.89      5      4      1   
  0.08   0.75   0.63   0.45      7      7      1   
  0.25   0.67   0.20   0.19      4      4      1   
  0.25   0.46   0.87   0.50      6      6      1   
  0.23   0.40   0.32   0.02      4      4      1   
Routing Failed to deliver
  0.24   0.17   0.08   0.09      3      3      1   
  0.58   0.63   0.23   0.58      4      4      1   
  0.20   0.19   0.04   0.33      3      3      1   
  0.05   1.00   0.40   0.76      4      4      1   
  0.95   0.93   0.38   0.74      7      7      1   
  0.34   0.40   0.21   0.61      2      2      1   
  0.49   0.64   0.25   0.26      7      6      1   
  0.77   0.51   0.64   0.53      1      1      1   
  0.95   0.74   0.95   0.93      2      2      1   
  0.98   0.34   0.96   0.83      6      6      1   
  0.65   0.51   0.76   0.55      1      1      1   
  0.03   0.13   0.23   0.55      5      5      1   
  0.28   0.27   0.57   0.00      5      5      1   
  0.81   0.57   0.64   0.63      2      2      1   
  0.11   0.48   0.83   0.75      8      8      1   
  0.17   0.88   0.75   0.89      7      7      1   
Routing Failed to deliver
Routing Failed to deliver
  0.38   0.17   0.44   0.65      9      7      1   
  0.80   0.36   0.10   0.62      8      8      1   
  0.32   0.02   0.22   0.42      4      4      1   
  0.05   0.76   0.76   0.43      8      8      1   
  0.87   0.74   1.00   0.41     11      5      1   
  0.64   0.53   0.48   0.24      4      4      1   
  0.02   0.39   0.92   0.64      9      9      1   
  0.69   0.83   0.26   0.09     10     10      1   
  0.06   0.14   0.74   0.50      9      8      1   
  0.25   0.46   0.98   0.22      8      7      1   
  0.26   0.96   0.66   0.35      8      8      1   
  0.49   0.64   0.89   0.49      4      4      1   
  0.63   0.57   0.46   0.24      4      4      1   
  0.99   0.19   0.20   0.19      9      9      1   
  0.52   0.74   0.49   0.37      8      5      1   
  0.23   0.58   0.18   0.22      4      4      1   
  0.26   0.96   0.32   0.73      3      3      1   
  0.08   0.03   0.47   0.83     11      9      1   
  0.24   0.78   0.40   0.22      6      6      1   
  0.99   0.88   0.14   0.71     10     10      1   
  0.65   0.34   0.98   0.06      4      4      1   
  0.97   0.46   0.47   0.79      7      7      1   
  0.63   0.39   0.56   0.68      3      3      1   
  0.85   0.36   0.25   0.67      8      7      1   
Routing Failed to deliver
  0.21   0.40   0.05   0.12      4      4      1   
  0.16   0.65   0.08   0.75      1      1      1   
  0.96   0.83   0.19   0.30      9      9      1   
  0.79   0.64   0.81   0.18      5      5      1   
  0.72   0.57   0.38   0.17      6      6      1   
  0.29   0.99   0.29   0.00     10     10      1   
  0.34   0.40   0.98   0.34      7      7      1   
Routing Failed to deliver
  0.87   0.74   0.78   0.43      3      3      1   
  0.65   0.63   0.92   0.64      3      3      1   
  0.17   0.54   0.40   0.76      3      3      1   
  0.87   0.74   0.36   0.02     10     10      1   
  0.69   0.83   0.65   0.63      2      2      1   
  0.36   0.02   0.25   0.67      6      6      1   
  0.23   0.55   0.97   0.87     10      9      1   
  0.29   0.00   0.43   0.36      4      4      1   
  0.49   0.64   0.06   0.47      6      5      1   
  0.66   0.43   0.44   0.43      2      2      1   
  0.40   0.46   0.15   0.55      3      3      1   
  0.45   0.70   0.16   0.65      3      3      1   
  0.03   0.13   0.56   0.37      7      7      1   
  0.26   0.58   0.04   0.33      4      4      1   
  0.46   0.24   0.01   0.12      5      5      1   
  0.45   0.97   0.26   0.96      3      3      1   
  0.61   0.83   0.64   0.53      3      3      1   
  0.99   0.70   0.66   0.35      5      5      1   
  0.74   0.80   0.03   0.28     11      9      1   
  0.63   0.57   0.01   0.03      8      8      1   
  0.13   1.00   0.81   0.57      9      9      1   
  0.96   0.83   0.69   0.10     22      9      1   
  0.16   0.65   0.47   0.77      4      3      1   
  0.66   0.43   0.15   0.55      5      5      1   
  0.00   0.73   0.21   0.61      3      3      1   
  0.01   0.12   0.21   0.40      4      4      1   
  0.66   0.35   0.49   0.64      4      4      1   
  0.14   0.71   0.52   0.74      4      4      1   
  0.38   0.86   0.26   0.09     10      8      1   
  0.23   0.58   0.48   0.24      4      4      1   
  0.23   0.85   0.95   0.62      8      8      1   
  0.45   0.97   0.03   0.42      7      7      1   
  0.12   0.73   0.47   0.79      4      4      1   
  0.24   0.69   0.05   0.32      4      4      1   
  0.36   0.05   0.23   0.55      5      5      1   
  0.65   0.63   0.29   0.98      6      6      1   
  0.20   0.19   0.89   0.49      9      8      1   
  0.06   0.14   0.40   0.46      7      5      1   
  0.44   0.43   0.04   0.33      4      4      1   
  0.75   0.89   0.16   0.65      7      7      1   
  0.77   0.51   0.26   0.03      8      8      1   
  0.85   0.00   0.23   0.58     12     11      1   
  0.17   0.54   0.63   0.45      5      5      1   
  0.97   0.87   0.06   0.50     11     10      1   
  0.09   0.98   0.32   0.73      3      3      1   
  0.06   0.50   0.53   0.44      5      5      1   
  0.54   0.48   0.56   0.37      1      1      1   
  0.65   0.29   0.05   0.76      8      7      1   
  0.80   0.45   0.64   0.53      2      2      1   
  0.19   0.30   0.33   0.40      2      2      1   
  0.03   0.13   0.60   0.63     10      9      1   
  0.95   0.74   0.32   0.73      6      6      1   
  0.38   0.86   0.47   0.83      1      1      1   
  0.72   0.57   0.74   0.50      1      1      1   
  0.30   0.23   0.38   0.87      7      7      1   
  0.22   0.42   0.34   0.40      1      1      1   
  0.44   0.79   0.64   0.63      3      3      1   
  0.38   0.74   0.28   0.27      8      6      1   
  0.95   0.62   0.11   0.50     10     10      1   
  0.23   0.40   0.08   0.75      4      4      1   
  0.69   0.83   0.22   0.42      8      7      1   
  0.29   0.98   0.25   0.67      4      4      1   
  0.58   0.63   0.57   0.25      4      4      1   
Routing Failed to deliver
  0.36   0.05   0.01   0.43      6      6      1   
  0.02   0.39   0.76   0.55      7      7      1   
  0.81   0.01   0.65   0.63     10      9      1   
  0.72   0.57   0.25   0.46      5      5      1   
  0.00   0.73   0.53   0.48      7      7      1   
  0.61   0.83   0.64   0.53      3      3      1   
  0.49   0.64   0.66   0.35      4      4      1   
  0.64   0.53   0.02   0.44      6      6      1   
  0.22   0.42   0.89   0.49      7      6      1   
  0.28   0.27   0.68   0.33      6      6      1   
  0.09   0.18   0.08   0.75      6      6      1   
  0.45   0.70   0.10   0.62      4      4      1   
  0.28   0.27   0.24   0.03      3      3      1   
  0.96   0.83   0.38   0.69      7      7      1   
  0.63   0.45   0.67   0.59      2      2      1   
  0.44   0.79   0.98   0.34      8      8      1   
  0.99   0.97   0.58   0.93      6      6      1   
  0.91   0.69   0.99   0.27      8      6      1   
  0.44   0.79   0.11   0.50      4      4      1   
Routing Failed to deliver
  0.17   0.54   0.14   0.38      2      2      1   
  0.30   0.23   1.00   0.41      9      9      1   
  0.76   0.55   0.02   0.39      7      7      1   
  0.53   0.44   0.06   0.47      5      5      1   
  0.47   0.83   0.11   0.48      5      5      1   
  0.48   0.24   0.26   0.93     10      8      1   
  0.38   0.69   0.65   0.34      5      5      1   
  0.15   0.48   0.99   0.27      8      8      1   
  0.19   0.30   0.48   0.24      3      3      1   
  0.89   0.90   0.24   0.17     14     11      1   
  0.16   0.65   0.26   0.93      4      4      1   
  0.16   0.65   0.91   0.69      8      8      1   
  0.22   0.42   0.15   0.92      5      5      1   
  0.72   0.80   0.87   0.74      2      2      1   
  0.43   0.31   0.97   0.87      8      8      1   
  0.85   0.00   0.64   0.74     10     10      1   
  0.36   0.05   0.56   0.68      8      8      1   
Routing Failed to deliver
  0.29   0.99   0.21   0.40      7      7      1   
  0.16   0.65   0.30   0.75      2      2      1   
  0.74   0.50   0.43   0.31      4      4      1   
  0.52   0.06   0.29   0.99     11     11      1   
  0.45   0.97   0.22   0.42      6      6      1   
  0.65   0.15   0.23   0.40      5      5      1   
  0.86   0.42   0.38   0.87      7      7      1   
  0.57   0.92   0.29   0.98      6      6      1   
  0.18   0.22   0.23   0.58      4      4      1   
  0.26   0.09   0.65   0.51      7      7      1   
  0.19   0.30   0.99   0.70      9      9      1   
Routing Failed to deliver
  0.14   0.71   0.05   0.12      6      6      1   
  0.03   0.28   0.36   0.02      4      4      1   
Routing Failed to deliver
  0.66   0.43   0.40   0.22      4      4      1   
  0.62   0.80   0.25   0.26      9      8      1   
  0.53   0.44   0.46   0.24      2      2      1   
Routing Failed to deliver
  0.05   0.32   0.29   0.99      8      8      1   
  0.25   0.67   0.38   0.69      1      1      1   
  0.53   0.48   0.13   0.80      6      6      1   
  0.07   0.51   0.13   0.80      3      3      1   
  0.56   0.68   0.76   0.43      4      4      1   
  0.01   0.12   0.21   0.40      4      4      1   
  0.72   0.80   0.17   0.54      8      6      1   
  0.81   0.01   0.17   0.54     12     11      1   
  0.01   0.99   0.35   0.44      7      7      1   
  0.24   0.03   0.32   0.73      7      7      1   
  0.65   0.15   0.95   0.74      7      7      1   
  0.08   0.03   0.16   0.05      1      1      1   
  0.43   0.36   0.78   0.43      3      3      1   
  0.04   0.55   0.17   0.54      1      1      1   
  0.87   0.24   0.98   0.34      2      2      1   
  0.53   0.48   0.17   0.88      7      7      1   
  0.16   0.05   0.66   0.43      7      7      1   
  0.98   0.22   0.80   0.45      4      3      1   
  0.41   0.05   0.20   0.19      3      3      1   
Routing Failed to deliver
  0.66   0.35   0.19   0.30      5      5      1   
  0.98   0.34   0.99   0.88      7      7      1   
  0.29   0.98   0.04   0.33      8      8      1   
  0.97   0.87   0.00   0.73     10     10      1   
Routing Failed to deliver
  0.04   0.78   0.08   0.03      8      8      1   
  0.78   0.43   0.04   0.78      8      8      1   
Routing Failed to deliver
  0.65   0.34   0.49   0.37      2      2      1   
  0.07   0.13   0.76   0.55      9      8      1   
  0.30   0.75   0.08   0.75      3      3      1   
  0.11   0.48   0.83   0.75      8      8      1   
  0.43   0.31   0.38   0.69      7      5      1   
  0.10   0.94   0.64   0.74      6      6      1   
  0.08   0.96   0.65   0.29      9      9      1   
  0.34   0.40   0.49   0.64      6      5      1   
  0.17   0.88   0.21   0.40      5      5      1   
  0.03   0.13   0.81   0.57     10     10      1   
  0.28   0.27   0.15   0.48      3      3      1   
  0.08   0.96   0.01   0.43      6      6      1   
  0.17   0.69   0.40   0.46      4      4      1   
  0.05   0.76   0.61   0.83      6      6      1   
  0.47   0.79   0.10   0.94      4      4      1   
  0.03   0.13   0.48   0.24      5      5      1   
  0.97   0.82   0.21   0.40      8      8      1   
  0.43   0.31   0.17   0.54      3      3      1   
Routing Failed to deliver
  0.15   0.92   0.98   0.34     10     10      1   
  0.14   0.71   0.32   0.02      8      7      1   
  0.77   0.51   0.14   0.38      6      6      1   
  0.68   0.33   0.02   0.11      8      8      1   
  0.36   0.05   0.57   0.92     10     10      1   
  0.05   0.76   0.24   0.03      8      8      1   
  0.44   0.79   0.30   0.23     14      6      1   
  0.98   0.06   0.54   0.48      6      6      1   
  0.43   0.36   0.38   0.17      2      2      1   
  0.47   0.83   0.38   0.69      2      2      1   
  0.02   0.44   0.06   0.14      4      4      1   
  0.24   0.17   0.14   0.71      6      6      1   
  0.05   0.32   0.21   0.61      4      4      1   
  0.20   0.01   0.52   0.74     12      9      1   
Routing Failed to deliver
  0.35   0.44   0.60   0.63      4      4      1   
  0.62   0.80   0.03   0.28     10      8      1   
  0.59   0.93   0.99   0.27      9      9      1   
  0.13   0.80   0.17   0.88      1      1      1   
  0.11   0.50   0.77   0.51      7      7      1   
  0.36   0.05   0.17   0.69      7      7      1   
  0.65   0.51   0.66   0.43      1      1      1   
  0.10   0.94   0.02   0.44      6      6      1   
  0.48   0.24   0.89   0.90      9      9      1   
  0.60   0.63   0.47   0.77      2      2      1   
  0.38   0.86   0.36   0.02     14      9      1   
  0.53   0.44   0.26   0.62      4      4      1   
  0.15   0.55   0.56   0.68      5      5      1   
  0.57   0.92   0.05   1.00      7      7      1   
  0.66   0.43   0.30   0.23      5      5      1   
  0.79   0.64   0.85   0.00      8      8      1   
  0.26   0.09   0.82   0.75     11     10      1   
  0.06   0.14   0.21   0.61      5      5      1   
  0.65   0.15   0.47   0.79      8      8      1   
  0.53   0.48   0.96   0.83      5      5      1   
  0.32   0.02   0.17   0.81      8      8      1   
  0.44   0.79   0.81   0.18      8      8      1   
  0.63   0.57   0.24   0.78      5      5      1   
  0.97   0.87   0.97   0.46     10      6      1   
  0.15   0.48   0.30   0.23      3      3      1   
  0.65   0.29   0.26   0.62      6      5      1   
  0.56   0.68   0.08   0.75      6      5      1   
  0.42   0.60   0.47   0.79      2      2      1   
  0.74   0.25   0.09   0.98     11     10      1   
Routing Failed to deliver
  0.49   0.64   0.36   0.02     12      8      1   
  0.29   0.99   0.95   0.74      8      8      1   
  0.83   0.75   0.38   0.86      5      5      1   
  0.98   0.06   0.38   0.86     11     11      1   
  0.80   0.45   0.23   0.58      7      7      1   
  0.11   0.50   0.56   0.37      5      5      1   
  0.49   0.64   0.53   0.48      3      3      1   
  0.97   0.82   0.49   0.64      6      6      1   
  0.17   0.54   0.49   0.64      4      4      1   
  0.26   0.93   0.44   0.43     15      7      1   
  0.10   0.62   0.21   0.40      3      3      1   
  0.24   0.61   0.32   0.02      7      6      1   
  0.29   0.99   0.15   0.92      2      2      1   
  0.72   0.57   0.13   0.80      7      7      1   
  0.01   0.99   0.29   0.98      4      4      1   
Routing Failed to deliver
  0.26   0.62   0.16   0.05      6      6      1   
  0.07   0.51   0.44   0.79      5      5      1   
  0.07   0.51   0.26   0.09      5      5      1   
  0.44   0.65   0.67   0.59      3      3      1   
  0.98   0.06   0.61   0.83      9      9      1   
  0.74   0.80   0.72   0.57      3      3      1   
  0.85   0.36   0.10   0.62      8      8      1   
  0.07   0.51   0.45   0.70      5      5      1   
  0.07   0.51   0.77   0.51      7      7      1   
  0.21   0.40   0.44   0.43      2      2      1   
  0.19   0.30   0.07   0.13      2      2      1   
  0.05   0.76   0.08   0.03      8      8      1   
  0.06   0.14   0.09   0.18      1      1      1   
  0.99   0.27   0.58   0.93      9      9      1   
  0.30   0.75   0.28   0.27      5      5      1   
  0.02   0.44   0.08   0.09      4      4      1   
  0.65   0.29   0.26   0.96     10      8      1   
  0.78   0.43   0.99   0.70      4      4      1   
  0.06   0.50   0.02   0.39      1      1      1   
Routing Failed to deliver
  0.99   0.70   0.63   0.45      4      4      1   
  0.81   0.57   0.95   0.62      2      2      1   
  0.15   0.48   0.11   0.48      1      1      1   
  0.17   0.54   0.54   0.48      4      4      1   
  0.21   0.40   0.57   0.25      4      4      1   
  0.38   0.69   0.86   0.42      5      5      1   
  0.43   0.31   0.76   0.43      4      4      1   
  0.49   0.37   0.09   0.18      5      5      1   
  0.40   0.22   0.29   0.99     11      9      1   
  0.08   0.09   0.07   0.13      1      1      1   
  0.60   0.63   0.18   0.22      8      7      1   
  0.02   0.11   0.28   0.27      3      3      1   
  0.16   0.05   0.47   0.77     10      8      1   
  0.78   0.43   0.22   0.71      7      7      1   
  0.16   0.05   0.06   0.14      2      2      1   
  0.17   0.20   0.74   0.80     10      9      1   
  0.49   0.37   0.61   0.83      5      5      1   
  0.86   0.42   0.61   0.83      5      5      1   
Routing Failed to deliver
  0.33   0.40   0.86   0.42      5      5      1   
  0.08   0.09   0.03   0.13      1      1      1   
  0.62   0.80   0.09   0.98     10      6      1   
  0.41   0.05   0.40   0.22      2      2      1   
  0.81   0.57   0.59   0.93      5      5      1   
  0.58   0.93   0.13   1.00      8      7      1   
  0.06   0.50   0.95   0.74      9      9      1   
  0.05   0.76   0.24   0.03      8      8      1   
  0.89   0.49   0.35   0.44      5      5      1   
  0.97   0.87   0.52   0.74      5      5      1   
  0.32   0.02   0.17   0.81      8      8      1   
  0.19   0.30   0.17   0.54      3      3      1   
  0.05   0.32   0.77   0.51      7      7      1   
  0.25   0.67   0.26   0.93      3      3      1   
  0.45   0.70   0.10   0.94      5      5      1   
  0.23   0.85   0.60   0.63      4      4      1   
  0.14   0.71   0.68   0.33      7      7      1   
  0.57   0.25   0.76   0.43      3      3      1   
  0.17   0.81   0.79   0.64      8      8      1   
  0.83   0.32   0.20   0.19      7      7      1   
  0.38   0.17   0.78   0.43      5      5      1   
  0.15   0.55   0.03   0.13      5      5      1   
  0.40   0.76   0.47   0.77      1      1      1   
  0.14   0.38   0.80   0.36      7      7      1   
  0.64   0.63   0.22   0.42      7      5      1   
  0.29   0.98   0.17   0.20      8      8      1   
  0.63   0.57   0.80   0.36      3      3      1   
  0.38   0.87   0.95   0.93      7      7      1   
  0.17   0.20   0.91   0.69     10      9      1   
  0.47   0.83   0.26   0.62      3      3      1   
  0.15   0.92   0.10   0.94      1      1      1   
  0.92   0.64   0.23   0.58      8      8      1   
Routing Failed to deliver
  0.92   0.64   0.02   0.11     11     11      1   
  0.02   0.11   0.74   0.80     12     11      1   
  0.02   0.44   0.64   0.63      8      7      1   
  0.97   0.87   0.26   0.03     12     12      1   
  0.28   0.27   0.04   0.78      6      6      1   
  0.24   0.78   0.24   0.03      7      7      1   
  0.16   0.65   0.29   0.00      6      6      1   
  0.19   0.30   0.14   0.71      4      4      1   
  0.05   0.32   0.95   0.62     19     10      1   
  0.11   0.50   0.53   0.44      5      5      1   
  0.74   0.50   0.66   0.35      2      2      1   
  0.75   0.89   0.11   0.48     10      8      1   
  0.49   0.64   0.95   0.93      6      6      1   
  0.11   0.48   0.72   0.57      6      6      1   
  0.36   0.02   0.24   0.17      2      2      1   
  0.13   0.80   0.05   0.76      1      1      1   
  0.12   0.73   0.34   0.40      4      4      1   
  0.66   0.35   0.44   0.65     10      5      1   
  0.26   0.93   0.89   0.49      8      8      1   
  0.08   0.09   0.30   0.23      3      3      1   
  0.75   0.89   0.18   0.88      7      7      1   
Routing Failed to deliver
Routing Failed to deliver
  0.61   0.83   0.05   0.12     11     10      1   
  0.99   0.88   0.77   0.51      4      4      1   
  0.53   0.44   0.77   0.51      3      3      1   
  0.22   0.71   0.59   0.93      6      5      1   
  0.23   0.58   0.26   0.03      6      6      1   
  0.18   0.88   0.16   0.05      8      8      1   
  0.17   0.20   0.56   0.68      9      7      1   
  0.01   0.43   0.40   0.46      4      4      1   
  0.23   0.55   0.49   0.64      4      3      1   
  0.97   0.46   0.56   0.68      5      5      1   
  0.87   0.74   0.33   0.40      6      6      1   
  0.64   0.63   0.10   0.94      7      7      1   
  0.64   0.53   0.46   0.24      4      4      1   
  0.89   0.49   0.49   0.64      4      4      1   
  0.26   0.93   1.00   0.41     10     10      1   
  0.36   0.05   0.16   0.65      6      6      1   
  0.34   0.40   0.12   0.73      4      4      1   
  0.25   0.26   0.05   0.76      6      6      1   
  0.58   0.63   0.13   1.00      6      6      1   
  0.99   0.97   0.83   0.75      5      4      1   
  0.56   0.68   0.86   0.92      4      4      1   
  0.56   0.37   0.38   0.17      3      3      1   
  0.05   1.00   0.26   0.09      9      9      1   
  0.45   0.97   0.38   0.74      2      2      1   
  0.63   0.45   0.49   0.64      3      3      1   
  0.89   0.90   0.74   0.25      7      7      1   
  0.01   0.99   0.21   0.61      5      5      1   
  0.49   0.64   0.79   0.64      4      4      1   
Routing Failed to deliver
  0.57   0.25   0.85   0.36      4      4      1   
  0.46   0.24   0.82   0.75      7      7      1   
  0.53   0.44   0.79   0.64      4      4      1   
  0.17   0.20   0.49   0.64      9      6      1   
  0.06   0.14   0.23   0.58      5      5      1   
  0.63   0.39   0.58   0.93      5      5      1   
  0.19   0.30   0.99   0.27      8      8      1   
  0.15   0.55   0.01   0.03      6      6      1   
  0.85   0.36   0.19   0.30      7      7      1   
  0.21   0.40   0.24   0.78      4      4      1   
  0.74   0.50   0.65   0.29      3      3      1   
  0.17   0.54   1.00   0.41      9      9      1   
  0.40   0.22   0.76   0.43      5      5      1   
  0.24   0.03   0.21   0.61      6      6      1   
  0.29   0.98   0.97   0.46     10     10      1   
  0.86   0.42   0.89   0.90      6      5      1   
Routing Failed to deliver
  0.24   0.17   0.99   0.88     12     11      1   
  0.24   0.78   0.23   0.85      1      1      1   
  0.04   0.55   0.02   0.32      2      2      1   
  0.14   0.38   0.03   0.42      1      1      1   
  0.47   0.79   0.40   0.46     11      6      1   
  0.95   0.28   0.26   0.62      8      8      1   
  0.40   0.76   0.25   0.26      8      6      1   
  0.79   0.64   0.44   0.65      4      4      1   
  0.99   0.27   0.02   0.39      9      9      1   
  0.74   0.25   0.26   0.93      9      9      1   
  0.26   0.96   0.24   0.78      2      2      1   
  0.95   0.62   0.84   0.89      3      3      1   
  0.47   0.79   0.81   0.57      5      5      1   
  0.74   0.80   0.36   0.02     10     10      1   
  0.46   0.24   0.72   0.57      5      5      1   
  0.02   0.32   0.22   0.71      5      5      1   
  0.01   0.12   0.92   0.64     11     11      1   
  0.98   0.22   0.44   0.65     13      8      1   
  0.38   0.87   0.24   0.78      3      3      1   
  0.28   0.27   0.30   0.75      5      5      1   
  0.99   0.88   0.17   0.20     11     11      1   
  0.02   0.32   0.25   0.67      4      4      1   
Routing Failed to deliver
  0.25   0.67   0.65   0.29      6      6      1   
  0.15   0.92   0.89   0.49      8      8      1   
  0.04   0.55   0.19   0.30      3      3      1   
  0.17   0.81   0.19   0.30      5      5      1   
  0.92   0.64   0.16   0.65      9      8      1   
  0.44   0.43   0.05   1.00      7      7      1   
  0.02   0.44   0.86   0.42      8      8      1   
  0.62   0.80   0.02   0.39      9      7      1   
Routing Failed to deliver
  0.91   0.69   0.47   0.83      5      5      1   
  0.04   0.33   0.40   0.76      6      6      1   
  0.08   0.96   0.20   0.19      7      7      1   
  0.99   0.27   0.98   0.34      1      1      1   
  0.95   0.74   0.87   0.74      1      1      1   
  0.48   0.24   0.02   0.44      5      5      1   
  0.33   0.40   0.17   0.54      2      2      1   
  0.03   0.28   0.82   0.75     10     10      1   
  0.44   0.79   0.64   0.74      2      2      1   
  0.83   0.75   0.01   0.03     11     11      1   
  0.83   0.32   0.00   0.73     10     10      1   
  0.26   0.96   0.72   0.80      7      6      1   
  0.68   0.33   0.23   0.55      6      6      1   
  1.00   0.41   0.65   0.15      7      7      1   
  0.65   0.29   0.29   0.98     11      9      1   
  0.60   0.63   0.10   0.62      5      5      1   
  0.03   0.13   0.49   0.37      6      6      1   
  0.25   0.46   0.08   0.96      5      5      1   
  0.26   0.09   0.02   0.32      4      4      1   
  0.22   0.71   0.56   0.68      4      4      1   
  0.41   0.05   0.13   1.00     10      9      1   
  0.05   1.00   0.84   0.89      9      9      1   
  0.05   0.76   0.59   0.93     10      7      1   
  0.26   0.09   0.30   0.75      6      6      1   
  0.65   0.34   0.95   0.28      3      3      1   
  0.00   0.73   0.63   0.45      8      8      1   
  0.38   0.69   0.19   0.30      4      4      1   
  0.08   0.09   0.74   0.50      9      9      1   
  0.84   0.89   0.98   0.06     10      9      1   
  0.07   0.13   0.87   0.50     10      9      1   
  0.74   0.80   0.09   0.18     11     10      1   
  0.62   0.80   0.22   0.42      7      6      1   
  0.97   0.46   0.06   0.47      9      9      1   
  0.03   0.42   0.13   0.46      1      1      1   
  0.41   0.05   0.72   0.80      9      9      1   
  0.08   0.75   0.08   0.96      4      3      1   
  0.86   0.42   0.74   0.80      4      4      1   
  0.13   0.80   0.52   0.74      4      4      1   
  0.38   0.86   0.38   0.69      2      2      1   
  0.20   0.01   0.17   0.54      6      6      1   
  0.72   0.57   0.58   0.63      2      2      1   
  0.26   0.96   0.99   0.27     11     11      1   
  0.67   0.59   0.87   0.24      4      4      1   
  0.40   0.46   0.28   0.27      4      4      1   
Routing Failed to deliver
  0.64   0.63   0.58   0.93      3      3      1   
  0.04   0.55   0.24   0.78      3      3      1   
  0.66   0.35   0.86   0.92      7      7      1   
  0.02   0.32   0.26   0.09      4      4      1   
  0.26   0.09   0.47   0.79     10      8      1   
  0.02   0.39   0.09   0.98      9      6      1   
  0.24   0.69   0.44   0.43      4      4      1   
Routing Failed to deliver
  0.13   1.00   0.72   0.57      8      8      1   
Routing Failed to deliver
  0.99   0.97   0.65   0.15     18     10      1   
  0.05   1.00   0.01   0.03     11     10      1   
  0.25   0.46   0.17   0.81      3      3      1   
  0.62   0.80   0.65   0.15      7      7      1   
  0.46   0.24   1.00   0.41      7      7      1   
  0.18   0.22   0.83   0.32      7      7      1   
  0.10   0.62   0.17   0.88      3      3      1   
  0.97   0.82   0.25   0.26     10     10      1   
  0.87   0.24   0.15   0.55      7      7      1   
  0.19   0.30   0.13   0.46      2      2      1   
  0.30   0.75   0.25   0.67      1      1      1   
  0.40   0.22   0.47   0.77      7      7      1   
  0.17   0.69   0.10   0.94      3      3      1   
  0.87   0.50   0.97   0.87      5      5      1   
  0.99   0.97   0.33   0.40     16      9      1   
  0.23   0.40   0.41   0.05      4      4      1   
  0.22   0.42   0.16   0.65      2      2      1   
  0.86   0.92   0.18   0.22     12     11      1   
  0.65   0.15   0.87   0.50      5      5      1   
  0.81   0.18   0.26   0.58      7      7      1   
  0.06   0.14   0.03   0.13      1      1      1   
  0.25   0.46   0.05   0.76      4      4      1   
  0.03   0.13   0.87   0.50     10     10      1   
  0.09   0.98   0.15   0.92      1      1      1   
  0.36   0.05   0.85   0.36      7      7      1   
  0.80   0.36   0.78   0.43      1      1      1   
  0.65   0.51   0.83   0.75      3      3      1   
  0.86   0.42   0.23   0.40      6      6      1   
  0.62   0.80   0.38   0.74      3      3      1   
  0.74   0.50   0.32   0.73      5      5      1   
  0.65   0.34   0.01   0.03      8      8      1   
  0.09   0.98   0.64   0.74      6      6      1   
  0.01   0.43   0.26   0.09      5      5      1   
  0.11   0.48   0.65   0.63      6      6      1   
  0.29   0.99   0.82   0.75      7      7      1   
  0.87   0.50   0.04   0.33      8      8      1   
  0.08   0.96   0.09   0.18      8      8      1   
  0.29   0.99   0.24   0.69      4      4      1   
  0.98   0.22   0.86   0.42      3      3      1   
  0.13   1.00   0.65   0.34      9      9      1   
  0.05   0.12   0.40   0.46      8      6      1   
  0.95   0.28   0.16   0.05      9      9      1   
  0.74   0.50   0.12   0.73      7      7      1   
  0.08   0.09   0.84   0.89     14     13      1   
  0.05   0.12   0.52   0.74     12      9      1   
  0.30   0.75   0.05   0.12      7      7      1   
  0.15   0.55   0.47   0.83      4      4      1   
  0.04   0.78   0.81   0.57      8      8      1   
  0.08   0.09   0.01   0.03      1      1      1   
  0.40   0.22   0.42   0.60     10      7      1   
  0.63   0.45   0.18   0.22      6      6      1   
  0.56   0.68   0.38   0.69      2      2      1   
  0.68   0.33   0.02   0.32      8      8      1   
  0.22   0.42   0.68   0.33      6      5      1   
  0.01   0.12   0.57   0.25      6      6      1   
  0.02   0.44   0.24   0.78      4      4      1   
  0.38   0.87   0.05   0.81      4      4      1   
  0.84   0.89   0.80   0.45      5      5      1   
  0.43   0.31   0.00   0.73      6      6      1   
  0.23   0.58   0.02   0.32      4      4      1   
  0.99   0.19   0.17   0.54      9      9      1   
  0.28   0.27   0.43   0.36      4      4      1   
  0.07   0.13   0.26   0.58      5      5      1   
  0.49   0.64   0.24   0.78      3      3      1   
  0.36   0.05   0.99   0.88     11     11      1   
  0.82   0.75   0.95   0.62      2      2      1   
  0.10   0.94   0.82   0.75      8      8      1   
  0.38   0.87   0.16   0.05     11      9      1   
  0.04   0.78   0.87   0.74      9      9      1   
  0.17   0.54   0.08   0.03      6      6      1   
  0.36   0.05   0.04   0.55      6      6      1   
  0.14   0.38   0.34   0.40      2      2      1   
  0.83   0.32   0.63   0.39      3      3      1   
  0.06   0.47   0.27   0.50      2      2      1   
  0.74   0.25   0.29   0.00      6      6      1   
  0.86   0.42   0.18   0.22      8      8      1   
  0.06   0.14   0.04   0.78      7      7      1   
  0.02   0.11   0.38   0.69      7      7      1   
  0.08   0.03   0.07   0.51      6      5      1   
  0.95   0.93   0.45   0.70      6      6      1   
  0.92   0.64   0.68   0.33      4      4      1   
  0.07   0.13   0.47   0.77      9      7      1   
  0.87   0.74   0.85   0.00      9      9      1   
  0.64   0.53   0.07   0.51      6      6      1   
  0.11   0.50   0.80   0.45      8      8      1   
Routing Failed to deliver
  0.15   0.55   0.05   0.12      6      5      1   
  0.38   0.69   0.00   0.73      4      4      1   
  0.83   0.32   0.29   0.99     10     10      1   
  0.38   0.69   0.99   0.19      8      8      1   
  0.75   0.89   0.65   0.15      8      8      1   
  0.15   0.55   0.12   0.73      2      2      1   
  0.65   0.34   0.03   0.28      7      7      1   
  0.43   0.36   0.49   0.37      1      1      1   
  0.26   0.62   0.03   0.13      6      6      1   
  0.61   0.83   0.05   0.12     11     10      1   
  0.89   0.49   0.26   0.58      7      7      1   
  0.91   0.69   0.06   0.50      9      9      1   
  0.44   0.65   0.64   0.74      2      2      1   
  0.64   0.74   0.02   0.11     11     10      1   
  0.02   0.39   0.66   0.35      6      6      1   
  0.07   0.13   0.97   0.46     11     10      1   
  0.15   0.48   0.17   0.88      4      4      1   
  0.07   0.13   0.26   0.96      8      8      1   
Routing Failed to deliver
  0.22   0.71   0.56   0.37      5      5      1   
  0.65   0.51   0.23   0.40      4      4      1   
  0.44   0.79   0.49   0.37     13      6      1   
  0.63   0.45   0.86   0.42      3      3      1   
  0.42   0.60   0.38   0.74      2      2      1   
  0.64   0.74   0.80   0.36      5      5      1   
  0.87   0.50   0.26   0.62      7      7      1   
  0.04   0.78   0.19   0.30      5      5      1   
  0.25   0.67   0.38   0.17      5      5      1   
  0.57   0.92   0.01   0.03     12     11      1   
  0.10   0.62   0.26   0.96      4      4      1   
  0.96   0.83   0.32   0.02     11     11      1   
  0.08   0.03   0.32   0.02      2      2      1   
  0.64   0.74   0.67   0.59      2      2      1   
  0.81   0.18   0.57   0.92      8      8      1   
  0.05   0.32   0.64   0.74      8      8      1   
  0.47   0.79   0.30   0.75      2      2      1   
  0.56   0.68   0.38   0.69      2      2      1   
  0.47   0.79   0.38   0.86      1      1      1   
  0.86   0.42   0.09   0.18      9      9      1   
  0.24   0.78   0.64   0.74      4      4      1   
  0.85   0.36   0.89   0.49      2      2      1   
  0.85   0.00   0.27   0.50     11     10      1   
  0.81   0.01   0.17   0.69     14     12      1   
  0.98   0.34   0.80   0.45      3      3      1   
  0.05   0.76   0.07   0.13      7      7      1   
  0.53   0.48   0.02   0.44      5      5      1   
  0.76   0.55   0.54   0.48      2      2      1   
  0.24   0.03   0.44   0.79      8      8      1   
  0.87   0.50   0.32   0.02      8      8      1   
  0.74   0.50   0.64   0.53      1      1      1   
  0.03   0.13   0.62   0.80     12     10      1   
  0.52   0.74   0.21   0.61      4      4      1   
  0.63   0.57   0.07   0.13      7      7      1   
  0.72   0.80   0.98   0.06      8      8      1   
  0.11   0.48   0.47   0.83      5      5      1   
  0.85   0.36   0.25   0.67      8      7      1   
  0.23   0.58   0.49   0.37      4      4      1   
  0.16   0.65   0.26   0.96      4      4      1   
  0.22   0.71   0.82   0.75      6      6      1   
  0.10   0.62   0.74   0.80      7      7      1   
  0.86   0.92   0.05   0.76      9      9      1   
  0.99   0.27   0.65   0.34      3      3      1   
  0.89   0.90   0.08   0.75     10     10      1   
  0.83   0.32   0.18   0.88     10      9      1   
  0.23   0.40   0.40   0.76      4      4      1   
  0.38   0.87   0.99   0.97      8      8      1   
  0.36   0.05   0.63   0.39      5      5      1   
  0.56   0.37   0.08   0.75      7      6      1   
  0.99   0.27   0.21   0.40      7      7      1   
  0.23   0.58   0.23   0.55      1      1      1   
  0.81   0.57   0.15   0.55      7      7      1   
  0.58   0.93   0.40   0.46     16      6      1   
  0.01   0.43   0.30   0.75      4      4      1   
  0.29   0.98   0.47   0.79      3      3      1   
  0.17   0.88   0.99   0.88     10     10      1   
  0.80   0.45   0.16   0.05      9      9      1   
  0.04   0.78   0.14   0.71      1      1      1   
  0.03   0.13   0.23   0.55      5      5      1   
  0.64   0.63   0.40   0.22      6      5      1   
  0.81   0.01   0.02   0.32     14     13      1   
  0.22   0.71   0.68   0.33      7      7      1   
  0.48   0.24   0.85   0.36      5      5      1   
  0.40   0.46   0.02   0.44      4      4      1   
  0.89   0.90   0.32   0.73      7      7      1   
  0.85   0.36   0.22   0.71      8      8      1   
  0.44   0.65   0.99   0.88      7      7      1   
  0.32   0.02   0.63   0.45      6      6      1   
  0.65   0.63   0.10   0.62      6      6      1   
  0.05   1.00   0.17   0.81      2      2      1   
Routing Failed to deliver
  0.04   0.78   0.58   0.63      5      5      1   
  0.83   0.75   0.14   0.71      7      7      1   
  0.81   0.18   0.63   0.57      4      4      1   
  0.11   0.50   0.63   0.39      6      6      1   
  0.08   0.09   0.04   0.33      3      3      1   
  0.97   0.87   0.21   0.40     12      9      1   
  0.65   0.63   0.29   0.98      6      6      1   
  0.47   0.83   0.45   0.70      2      2      1   
  0.65   0.63   0.29   0.00      8      8      1   
  0.81   0.18   0.79   0.64      5      5      1   
  0.01   0.12   0.04   0.33      3      3      1   
  0.75   0.89   0.04   0.33     11     10      1   
  0.97   0.82   0.63   0.45      5      5      1   
  0.03   0.13   0.24   0.69      7      7      1   
  0.46   0.24   0.49   0.37      2      2      1   
  0.98   0.34   0.47   0.77      7      7      1   
Routing Failed to deliver
  0.17   0.54   0.87   0.50      7      7      1   
  0.44   0.65   0.25   0.26      7      6      1   
  0.17   0.88   0.65   0.15      9      9      1   
  0.19   0.30   0.24   0.17      2      2      1   
  0.47   0.77   0.27   0.50      4      4      1   
  0.24   0.69   0.25   0.26      5      5      1   
  0.03   0.42   0.47   0.83      6      6      1   
  0.69   0.10   0.95   0.74      8      8      1   
  0.45   0.70   0.77   0.51      4      4      1   
  0.76   0.55   0.26   0.09      8      8      1   
  0.15   0.92   0.05   0.12      9      8      1   
Routing Failed to deliver
  0.77   0.51   0.58   0.93      5      5      1   
  0.01   0.99   0.13   0.46      7      6      1   
  0.83   0.32   0.24   0.69      8      8      1   
  0.81   0.57   0.15   0.48      7      7      1   
  0.13   1.00   0.45   0.97      6      4      1   
  0.25   0.26   0.04   0.33      3      3      1   
  0.85   0.36   0.24   0.78     10      8      1   
  0.54   0.48   0.30   0.23      4      4      1   
  0.69   0.83   0.05   0.32     10      9      1   
  0.07   0.51   0.86   0.42      8      8      1   
  0.42   0.60   0.08   0.09     10      8      1   
  0.38   0.69   0.87   0.50      5      5      1   
  0.57   0.00   0.29   0.99     12     12      1   
  0.91   0.69   0.68   0.33      4      4      1   
  0.00   0.73   0.49   0.64      5      5      1   
  0.17   0.20   0.23   0.85      6      6      1   
  0.98   0.34   0.01   0.03     12     12      1   
  0.43   0.36   0.22   0.71      4      4      1   
  0.17   0.88   0.40   0.76      3      3      1   
  0.34   0.40   0.67   0.59      4      4      1   
  0.26   0.62   0.36   0.05      6      6      1   
  0.07   0.51   0.97   0.87     11     10      1   
  0.23   0.85   0.41   0.05      8      8      1   
  0.07   0.51   0.20   0.01      6      6      1   
  0.38   0.17   0.59   0.93      9      9      1   
  0.33   0.40   0.75   0.89      7      7      1   
  0.44   0.65   0.01   0.03      9      8      1   
  0.44   0.79   0.04   0.55      5      5      1   
  0.49   0.64   0.27   0.50      5      4      1   
  0.00   0.73   0.86   0.42      9      9      1   
  0.23   0.85   0.99   0.88      9      9      1   
  0.30   0.75   1.00   0.41      8      8      1   
  0.87   0.24   0.84   0.89      8      7      1   
  0.47   0.83   0.78   0.43      6      6      1   
  0.89   0.49   0.74   0.80      4      4      1   
  0.40   0.22   0.83   0.32      5      5      1   
  0.47   0.83   0.35   0.44     13      5      1   
  0.38   0.69   0.23   0.40      4      4      1   
  0.56   0.37   0.05   0.76      7      6      1   
  0.16   0.65   0.81   0.57      8      7      1   
  0.80   0.36   0.17   0.88     10      9      1   
  0.49   0.37   0.69   0.10      4      4      1   
  0.02   0.11   0.83   0.75     12     11      1   
  0.40   0.76   0.35   0.44     12      4      1   
  0.53   0.48   0.03   0.13      7      7      1   
  0.44   0.65   0.28   0.27      7      6      1   
  0.62   0.80   0.11   0.50      7      6      1   
  0.97   0.87   0.05   0.12     15     13      1   
  0.82   0.75   0.02   0.32     10     10      1   
  0.20   0.01   0.77   0.51      9      9      1   
  0.06   0.50   0.26   0.93      5      5      1   
  0.74   0.50   0.72   0.57      1      1      1   
  0.52   0.06   0.27   0.50      6      6      1   
Routing Failed to deliver
  0.40   0.46   0.38   0.86      7      6      1   
  0.20   0.01   0.53   0.44      7      6      1   
  0.87   0.74   0.85   0.00      9      9      1   
  0.15   0.48   0.47   0.83      5      5      1   
Routing Failed to deliver
  0.01   0.43   0.46   0.24      6      5      1   
  0.92   0.64   0.17   0.20      9      9      1   
  0.33   0.40   0.40   0.22      3      3      1   
  0.10   0.62   0.86   0.42      8      8      1   
  0.56   0.37   0.62   0.80      5      5      1   
  0.59   0.93   0.57   0.25      7      7      1   
  0.74   0.25   0.11   0.50      7      7      1   
  0.80   0.45   0.02   0.39      8      8      1   
  0.24   0.69   0.34   0.40      3      3      1   
  0.76   0.55   0.34   0.40      4      4      1   
  0.40   0.22   0.64   0.53      4      4      1   
  0.56   0.37   0.09   0.98      9      8      1   
Routing Failed to deliver
  0.95   0.28   0.77   0.51      3      3      1   
Routing Failed to deliver
  0.21   0.61   0.97   0.46      8      8      1   
  0.44   0.43   0.67   0.59      3      3      1   
  0.56   0.68   0.17   0.81      5      5      1   
  0.91   0.69   0.81   0.57      2      2      1   
  0.14   0.38   0.32   0.02      4      4      1   
  0.99   0.70   0.96   0.83      2      2      1   
  0.38   0.17   0.14   0.38      3      3      1   
  0.49   0.37   0.63   0.39      2      2      1   
  0.74   0.80   0.94   0.15      7      7      1   
  0.80   0.45   0.53   0.48      3      3      1   
  0.11   0.48   0.23   0.85      5      5      1   
  0.89   0.49   0.74   0.80      4      4      1   
  0.64   0.63   0.86   0.03      9      8      1   
  0.96   0.83   0.18   0.88      9      9      1   
  0.23   0.58   0.76   0.43      6      6      1   
  0.95   0.74   0.26   0.09     10     10      1   
  0.95   0.62   0.58   0.63      5      5      1   
Routing Failed to deliver
  0.47   0.83   0.16   0.65      4      4      1   
  0.13   1.00   0.89   0.90     10     10      1   
  0.62   0.80   0.04   0.78      6      6      1   
  0.02   0.39   0.99   0.88     11     11      1   
  0.25   0.26   1.00   0.41     10     10      1   
  0.56   0.68   0.15   0.55      5      5      1   
  0.06   0.14   0.56   0.68     10      8      1   
Routing Failed to deliver
  0.40   0.76   0.99   0.88      7      7      1   
  0.57   0.92   0.07   0.13     11     10      1   
  0.47   0.77   0.49   0.37      8      5      1   
  0.85   0.36   0.19   0.30      7      7      1   
  0.29   0.99   0.64   0.53      7      7      1   
  0.58   0.93   0.95   0.28      8      8      1   
  0.80   0.45   0.02   0.32      9      9      1   
  0.18   0.88   0.24   0.61      3      3      1   
  0.98   0.34   0.15   0.55      9      9      1   
  0.13   0.80   0.14   0.71      1      1      1   
  0.04   0.55   0.66   0.35      6      6      1   
  0.61   0.83   0.16   0.05     11     10      1   
  0.86   0.92   0.95   0.62      3      3      1   
  0.98   0.22   0.03   0.28     10     10      1   
  0.48   0.24   0.16   0.65      5      5      1   
  0.52   0.06   0.13   0.80      9      9      1   
  0.95   0.74   0.84   0.89      2      2      1   
  0.06   0.14   0.86   0.42     10      9      1   
  0.72   0.57   0.01   0.99      9      9      1   
  0.65   0.29   0.36   0.05      4      4      1   
  0.12   0.73   0.04   0.33      4      4      1   
  0.06   0.14   0.09   0.18      1      1      1   
  0.23   0.55   0.14   0.38      2      2      1   
  0.09   0.98   0.95   0.93     10     10      1   
  0.13   0.80   0.83   0.75      7      7      1   
  0.66   0.43   0.16   0.65      6      6      1   
  0.06   0.14   0.17   0.88      8      7      1   
  0.23   0.40   0.74   0.50      5      5      1   
  0.62   0.80   0.32   0.73      3      3      1   
  0.04   0.33   0.26   0.93      7      7      1   
  0.11   0.48   0.47   0.77      5      5      1   
  0.26   0.96   0.95   0.93     10      9      1   
  0.79   0.64   0.97   0.46     22      3      1   
  0.04   0.55   0.92   0.64     10      9      1   
  0.15   0.48   0.30   0.75      3      3      1   
  0.02   0.32   0.38   0.87      7      7      1   
  0.17   0.54   0.22   0.42      2      2      1   
  0.83   0.75   0.22   0.71      6      6      1   
  0.38   0.74   0.58   0.63      3      3      1   
  0.40   0.76   0.48   0.24     10      6      1   
Routing Failed to deliver
  0.38   0.87   0.44   0.43     14      6      1   
  0.47   0.77   0.98   0.22      8      8      1   
  1.00   0.41   0.10   0.94     11     11      1   
  0.32   0.73   0.72   0.80      4      4      1   
  0.72   0.80   0.79   0.64      2      2      1   
  0.66   0.43   0.34   0.40      3      3      1   
  0.72   0.57   0.12   0.73      7      7      1   
  0.40   0.22   0.20   0.19      2      2      1   
  0.99   0.70   0.05   0.76     11     10      1   
  0.94   0.15   0.01   0.99     16     13      1   
  0.97   0.87   0.18   0.22     13     11      1   
  0.40   0.22   0.06   0.14      4      4      1   
  0.30   0.23   0.08   0.09      3      3      1   
  0.21   0.40   0.05   1.00     10      6      1   
  0.49   0.37   0.97   0.87      7      7      1   
  0.05   0.76   0.47   0.83      5      5      1   
  0.46   0.24   0.41   0.05      2      2      1   
  0.04   0.78   0.67   0.59      6      6      1   
  0.65   0.51   0.74   0.50      1      1      1   
  0.26   0.96   0.89   0.90     10      9      1   
  0.53   0.44   0.38   0.69      7      5      1   
  0.30   0.23   0.86   0.42      7      7      1   
  0.44   0.65   0.17   0.20      7      6      1   
  0.94   0.15   0.86   0.92      8      8      1   
  0.47   0.83   0.48   0.24     11      7      1   
Routing Failed to deliver
  0.87   0.24   0.77   0.51      3      3      1   
  0.47   0.83   0.72   0.80      3      3      1   
  0.26   0.96   0.16   0.65      4      4      1   
  0.57   0.25   0.40   0.76      8      7      1   
  0.86   0.92   0.65   0.51      5      5      1   
  0.24   0.69   0.06   0.47      3      3      1   
  0.97   0.46   0.63   0.45      4      4      1   
  0.65   0.63   0.26   0.96      6      6      1   
  0.54   0.48   0.24   0.78      7      6      1   
  0.40   0.76   0.11   0.48      4      4      1   
  0.56   0.68   0.03   0.13     10      9      1   
  0.96   0.83   0.05   0.12     12     12      1   
  0.83   0.32   0.04   0.78      9      9      1   
  0.40   0.46   0.82   0.75      5      5      1   
  0.03   0.28   0.22   0.71      5      5      1   
  0.25   0.26   0.76   0.43      7      7      1   
  0.01   0.99   0.86   0.92     10     10      1   
  0.36   0.05   0.81   0.57      7      7      1   
  0.47   0.79   0.97   0.87      7      6      1   
  0.65   0.51   0.47   0.77      3      3      1   
  0.83   0.75   0.74   0.25      5      5      1   
  0.66   0.43   0.85   0.36      2      2      1   
  0.05   0.76   0.99   0.97     11     11      1   
  0.17   0.81   0.38   0.69      3      3      1   
  0.02   0.44   0.29   0.99      7      7      1   
  0.38   0.86   0.25   0.26      9      7      1   
  0.23   0.55   0.25   0.26      3      3      1   
  0.30   0.75   0.81   0.01     13     12      1   
