  0.41   0.84   0.94   0.71      6      6      1   
  0.77   0.18   0.25   0.44      7      7      1   
  0.68   0.03   0.76   0.28      3      3      1   
  0.38   0.59   0.02   0.45      4      4      1   
  0.04   0.04   0.74   0.71     11     11      1   
  0.73   0.75   0.59   0.35     10      7      1   
  0.09   0.54   0.35   0.63      3      3      1   
  0.83   0.51   0.85   0.19      4      4      1   
  0.65   0.75   0.03   0.06     11     11      1   
  0.32   0.20   0.65   0.75     10      8      1   
  0.32   0.81   0.53   0.36      5      5      1   
  0.32   0.20   0.93   0.61     11     10      1   
  0.15   0.59   0.46   0.03      8      7      1   
  0.38   0.59   0.24   0.69      2      2      1   
  0.58   0.12   0.65   0.75     18      8      1   
  0.52   0.22   0.77   0.15      3      3      1   
  0.56   0.88   0.11   0.50      6      6      1   
  0.38   0.84   0.15   0.83      3      3      1   
  0.49   0.26   0.10   0.92      8      8      1   
  0.95   0.44   0.47   0.88      7      7      1   
  0.56   0.79   0.90   0.89      4      4      1   
  0.08   0.04   0.75   0.35      7      7      1   
  0.47   0.88   0.00   0.29      8      8      1   
  0.15   0.59   0.10   0.93      4      4      1   
  0.67   0.12   0.24   0.79      9      9      1   
  0.19   0.10   0.10   0.08      1      1      1   
  0.59   0.57   0.08   0.04      8      8      1   
  0.10   0.93   0.19   0.10      9      9      1   
  0.11   0.26   0.80   0.75     10     10      1   
  0.08   0.04   0.38   0.15      3      3      1   
  0.18   0.09   0.32   0.61      6      6      1   
  0.32   0.20   0.60   0.27      3      3      1   
  0.24   0.79   0.28   0.54      3      3      1   
  0.28   0.16   0.32   0.26      1      1      1   
  0.97   0.78   0.24   0.69      8      8      1   
  0.09   0.48   0.82   0.68     10      9      1   
  0.83   0.51   0.82   0.68      2      2      1   
  0.58   0.12   0.77   0.26      3      3      1   
  0.60   0.54   0.30   0.75      4      4      1   
  0.99   0.06   0.22   0.99     14     14      1   
  0.67   0.12   0.97   0.73     11      8      1   
  0.91   0.44   0.54   0.20     16      6      1   
  0.14   0.82   0.22   0.97      2      2      1   
  0.59   0.35   0.46   0.73      5      5      1   
  0.89   0.24   0.04   0.16     10      9      1   
  0.76   0.28   0.06   0.19      7      7      1   
  0.62   0.67   0.01   0.92      8      7      1   
  0.00   0.71   0.11   0.26      5      5      1   
  0.42   0.59   0.93   0.79      6      6      1   
  0.90   0.89   0.47   0.88      5      5      1   
  0.90   0.89   0.79   0.59      3      3      1   
  0.28   0.54   0.56   0.88      5      5      1   
  0.51   0.00   0.23   0.01      3      3      1   
  0.82   0.12   0.57   0.09      3      3      1   
  0.42   0.99   0.23   0.83      3      3      1   
  0.04   0.16   0.55   1.00     11     11      1   
  0.51   0.00   0.38   0.15      2      2      1   
  0.95   0.44   0.32   0.60      9      9      1   
  0.14   0.44   0.31   0.05      5      5      1   
  0.38   0.59   0.66   0.34     15      5      1   
  0.32   0.61   0.47   0.69      2      2      1   
  0.11   0.26   0.20   0.07      3      3      1   
  0.15   0.83   0.32   0.26      7      7      1   
  0.11   0.50   0.94   0.01     14     12      1   
  0.40   0.64   0.44   0.23      5      5      1   
  0.38   0.59   0.66   0.34     15      5      1   
  0.95   0.44   0.03   0.55     12     12      1   
  0.10   0.92   0.38   0.08      9      9      1   
  0.10   0.25   0.82   0.12      8      8      1   
  0.02   0.45   0.28   0.54      3      3      1   
  0.28   0.16   0.42   0.99     10      9      1   
  0.30   0.80   0.82   0.74      6      6      1   
  0.06   0.53   0.96   0.54     12     10      1   
  0.97   0.78   0.86   0.31      6      6      1   
  0.79   0.59   0.82   0.69      1      1      1   
  0.20   0.07   0.65   0.75     11      9      1   
  0.23   0.01   0.86   0.31      8      7      1   
  0.15   0.59   0.44   0.23      6      5      1   
  0.76   0.39   0.62   0.67      9      7      1   
  0.85   0.58   0.25   0.91      7      7      1   
  0.10   0.92   0.77   0.26     18     11      1   
  0.16   0.26   0.76   0.28      6      6      1   
  0.55   1.00   0.06   0.19     11     10      1   
  0.35   0.89   0.47   0.88      1      1      1   
  0.97   0.74   0.28   0.16     13     11      1   
  0.48   0.32   0.51   0.00      3      3      1   
  0.17   0.26   0.65   0.75      9      9      1   
  0.31   0.05   0.30   0.75      8      8      1   
  0.94   0.01   0.12   0.21      9      9      1   
  0.28   0.16   0.14   0.44      4      4      1   
  0.85   0.19   0.87   0.01      2      2      1   
  0.16   0.26   0.56   0.61      7      7      1   
  0.23   0.01   0.32   0.97     11     11      1   
  0.59   0.57   0.80   0.75      3      3      1   
  0.18   0.15   0.60   0.27      4      4      1   
  0.86   0.31   0.59   0.57      7      7      1   
  0.18   0.15   0.26   0.75      7      7      1   
  0.58   0.76   0.77   0.14     13      9      1   
  0.98   0.05   0.38   0.15      7      7      1   
  0.79   0.59   0.97   0.09      7      7      1   
  0.25   0.91   0.06   0.19      7      7      1   
  0.51   0.00   0.26   0.75      9      9      1   
  0.51   0.88   0.13   0.65      5      5      1   
  0.68   0.03   0.97   0.09      6      5      1   
  0.91   0.78   0.98   0.89      1      1      1   
  0.95   0.44   0.05   0.25     15     10      1   
  0.39   0.94   0.10   0.29      8      8      1   
  0.89   0.24   0.41   0.84     10      9      1   
  0.16   0.51   0.94   0.36     11     10      1   
  0.52   0.22   0.14   0.76      7      7      1   
  0.99   0.06   0.21   0.01      9      9      1   
  0.79   0.18   0.37   0.23      5      5      1   
  0.89   1.00   0.78   0.17     10     10      1   
  0.33   0.14   0.23   0.83      8      8      1   
  0.38   0.08   0.10   0.08      3      3      1   
  0.79   0.18   0.06   0.17      8      8      1   
  0.40   0.64   0.08   0.89      4      4      1   
  0.06   0.53   0.82   0.74      8      8      1   
  0.25   0.15   0.60   0.54      8      7      1   
  0.99   0.06   0.56   0.88     12     11      1   
  0.18   0.09   0.02   0.38      4      4      1   
  0.90   0.89   0.32   0.26     18     11      1   
  0.14   0.44   0.54   0.27      6      5      1   
  0.23   0.01   0.37   0.23      3      3      1   
  0.23   0.83   0.32   0.12      9      8      1   
  0.33   0.14   0.15   0.83      8      8      1   
  0.16   0.34   0.58   0.76      7      7      1   
  0.19   0.10   0.37   0.13      2      2      1   
  1.00   0.25   0.54   0.27      5      5      1   
  0.66   0.93   0.32   0.12      9      9      1   
  0.83   0.58   0.38   0.08     10     10      1   
  0.10   0.79   0.05   0.25      6      6      1   
  0.05   0.25   0.49   0.17      4      4      1   
  0.01   0.20   0.60   0.27      5      5      1   
  0.18   0.69   0.73   0.75      7      7      1   
  0.26   0.94   0.31   0.69      3      3      1   
  0.37   0.18   0.38   0.08      1      1      1   
  0.41   0.84   0.38   0.08      9      9      1   
  0.09   0.83   0.79   0.59      9      8      1   
  0.91   0.21   0.60   0.27      6      4      1   
  0.10   0.29   0.75   0.35      7      7      1   
  0.60   0.54   0.06   0.19      8      8      1   
  0.31   0.05   0.93   0.61     10     10      1   
  0.35   0.63   0.82   0.69      6      6      1   
  0.74   0.21   0.22   0.97     11     11      1   
  0.62   0.67   0.99   0.06     14      9      1   
  0.87   0.25   0.37   0.18      5      5      1   
  0.83   0.58   0.86   0.85      3      3      1   
  0.58   0.12   0.15   0.83      9      9      1   
  0.51   0.00   0.94   0.71     11     10      1   
  0.47   0.52   0.73   0.75      4      4      1   
  0.91   0.78   0.38   0.59      6      6      1   
  0.85   0.54   0.56   0.61      4      4      1   
  0.32   0.13   0.32   0.12      1      1      1   
  0.22   0.99   0.11   0.27      8      8      1   
  0.26   0.94   0.24   0.79      2      2      1   
  0.32   0.13   0.46   0.73      7      7      1   
  0.66   0.34   0.59   0.57      5      5      1   
  0.60   0.27   0.11   0.27      6      5      1   
  0.95   0.44   0.76   0.39     25      3      1   
  0.93   0.09   0.59   0.35      5      5      1   
  0.00   0.29   0.95   0.44     15     11      1   
  0.67   0.12   0.85   0.54      9      6      1   
  0.16   0.51   0.98   0.05     12     11      1   
  0.74   0.71   0.30   0.80      5      5      1   
  0.59   0.35   0.54   0.20      2      2      1   
  0.94   0.01   0.82   0.68     18      8      1   
  0.85   0.19   0.79   0.77     17      7      1   
  0.35   0.89   0.68   0.03     10     10      1   
  0.85   0.58   0.37   0.13     10     10      1   
  0.44   0.23   0.52   0.22      1      1      1   
  0.49   0.26   0.02   0.17      5      5      1   
  0.25   0.18   0.10   0.79      7      7      1   
  0.61   0.50   0.79   0.18     13      8      1   
  0.32   0.97   0.39   0.94      1      1      1   
  0.18   0.09   0.79   0.77     10     10      1   
  0.42   0.59   0.42   0.70      1      1      1   
  0.12   0.28   0.23   0.83      6      6      1   
  0.32   0.26   0.11   0.50      4      4      1   
  0.00   0.29   0.86   0.57     17     12      1   
  0.97   0.78   0.58   0.76      4      4      1   
  0.98   0.05   0.61   0.50     11     11      1   
  0.16   0.34   0.51   0.00      5      5      1   
  0.68   0.03   0.17   0.26      5      5      1   
  1.00   0.25   0.24   0.69     11      9      1   
  0.86   0.85   0.24   0.79      7      7      1   
  0.87   0.25   0.97   0.78      7      7      1   
  0.18   0.15   0.82   0.68     19     10      1   
  0.83   0.51   0.00   0.71     11     10      1   
  0.98   0.89   0.18   0.69      9      9      1   
  0.99   0.06   0.06   0.17     10     10      1   
  0.48   0.53   0.12   0.21      7      6      1   
  0.28   0.54   0.11   0.50      2      2      1   
  0.97   0.78   0.35   0.89      7      6      1   
  0.32   0.97   0.79   0.18     15     11      1   
  0.04   0.04   0.94   0.01     12     11      1   
  0.39   0.94   0.95   0.44      8      8      1   
  0.51   0.88   0.35   0.39      7      7      1   
  0.86   0.31   0.67   0.73     16      6      1   
  0.02   0.17   0.26   0.94      8      8      1   
  0.35   0.39   1.00   0.25      9      9      1   
  0.12   0.28   0.24   0.69      5      5      1   
  0.94   0.71   0.46   0.10     11     10      1   
  0.37   0.23   0.21   0.01      3      3      1   
  0.23   0.01   0.85   0.58     11     11      1   
  0.66   0.34   0.52   0.22      2      2      1   
  0.56   0.88   0.19   0.10      9      9      1   
  0.13   0.65   1.00   0.25     10     10      1   
  0.79   0.77   0.58   0.76      2      2      1   
  0.25   0.44   0.51   0.88      6      6      1   
  0.06   0.17   0.97   0.74     19     13      1   
  0.80   0.75   0.65   0.75      2      2      1   
  0.25   0.15   0.42   0.99     10      9      1   
  0.15   0.83   0.91   0.44     13      9      1   
  0.14   0.82   0.55   1.00      5      5      1   
  0.22   0.97   0.80   0.75      6      6      1   
  0.03   0.94   0.13   0.65      3      3      1   
  0.17   0.26   0.58   0.12      4      4      1   
  0.40   0.64   0.86   0.57      6      6      1   
  0.35   0.89   0.44   0.23      8      8      1   
  0.93   0.61   0.49   0.26      9      8      1   
  0.37   0.23   0.10   0.79      7      7      1   
  0.60   0.54   0.25   0.15      7      7      1   
  0.20   0.07   0.10   0.08      1      1      1   
  0.62   0.67   0.59   0.35      8      5      1   
  0.10   0.93   0.08   0.04      9      9      1   
  0.11   0.27   0.97   0.78     12     12      1   
  0.10   0.25   0.42   0.59      6      6      1   
  0.97   0.74   0.43   0.04     13     12      1   
  0.91   0.78   0.16   0.34     21     10      1   
  0.82   0.54   0.85   0.19      5      5      1   
  0.26   0.94   0.79   0.77      5      5      1   
  0.07   0.15   0.31   0.69      7      7      1   
  0.98   0.05   0.23   0.83     12     12      1   
  0.43   0.90   0.91   0.21     15     10      1   
  0.14   0.77   0.80   0.75      7      7      1   
  0.11   0.50   0.62   0.67      6      6      1   
  0.09   0.48   0.87   0.01     13     11      1   
  0.42   0.59   0.06   0.17      7      7      1   
  0.89   1.00   0.48   0.53      7      7      1   
  0.77   0.18   0.14   0.44      8      8      1   
  0.79   0.18   0.14   0.82     12     10      1   
  0.50   0.34   0.49   0.26      1      1      1   
  0.76   0.28   0.60   0.27      2      2      1   
  0.30   0.37   0.00   0.71      5      5      1   
  0.47   0.69   0.93   0.79      5      5      1   
  0.24   0.79   0.03   0.55      3      3      1   
  0.03   0.94   0.12   0.21      7      7      1   
  0.02   0.38   0.85   0.54     15     11      1   
  0.80   0.75   0.13   0.65      7      7      1   
  0.10   0.29   0.95   0.44     14     10      1   
  0.87   0.25   0.51   0.88     11      9      1   
  0.77   0.26   0.06   0.19      8      8      1   
  0.11   0.26   0.30   0.75      6      6      1   
  0.11   0.27   0.43   0.90      8      8      1   
  0.06   0.19   0.32   0.20      3      3      1   
  0.03   0.63   0.08   0.04      6      6      1   
  0.26   0.75   0.38   0.84      2      2      1   
  0.15   0.59   0.11   0.50      1      1      1   
  0.82   0.12   0.39   0.94     11     11      1   
  0.55   0.11   0.85   0.19      3      3      1   
  0.93   0.79   0.35   0.89      6      6      1   
  0.47   0.48   0.37   0.23      3      3      1   
Routing Failed to deliver
  0.09   0.83   0.97   0.78      9      9      1   
  0.55   1.00   0.60   0.27     11      7      1   
  0.86   0.31   0.66   0.93     19      9      1   
  0.24   0.79   0.55   0.11      8      8      1   
  0.83   0.58   0.81   0.04      7      7      1   
  0.10   0.29   0.11   0.27      1      1      1   
  0.58   0.76   0.93   0.61      5      5      1   
  0.38   0.15   0.31   0.69      6      6      1   
  0.90   0.89   0.97   0.09     10     10      1   
  0.97   0.78   0.17   0.26     20     12      1   
  0.79   0.77   0.87   0.01      9      9      1   
  0.41   0.84   0.35   0.89      1      1      1   
  0.83   0.51   0.47   0.52      5      5      1   
  0.07   0.15   0.90   0.89     13     13      1   
  0.74   0.71   0.42   0.99      4      4      1   
  0.97   0.78   0.22   0.97      9      8      1   
  0.94   0.36   0.24   0.69     10      9      1   
  0.37   0.23   0.04   0.04      4      4      1   
  0.82   0.69   0.32   0.26     16      9      1   
  0.31   0.05   0.67   0.12      4      4      1   
  0.94   0.36   0.90   0.89      6      6      1   
  0.49   0.22   0.77   0.14      5      3      1   
  0.53   0.36   0.38   0.15      3      3      1   
  0.94   0.01   0.52   0.22      6      6      1   
  0.59   0.35   0.83   0.58     13      7      1   
  0.51   0.88   0.11   0.50      6      6      1   
  0.23   0.83   0.60   0.54      5      5      1   
  0.89   1.00   0.61   0.50     12      7      1   
  0.51   0.00   0.25   0.44      5      5      1   
  0.94   0.71   0.24   0.79      8      8      1   
  0.98   0.89   0.77   0.14      9      9      1   
  0.24   0.69   0.15   0.59      2      2      1   
  0.54   0.27   0.28   0.16      3      3      1   
  0.01   0.92   0.67   0.12     11     11      1   
  0.42   0.59   0.79   0.18      6      6      1   
  0.47   0.69   0.22   0.99      5      5      1   
  0.24   0.79   0.42   0.59      3      3      1   
  0.46   0.73   0.35   0.89      2      2      1   
  0.58   0.12   0.09   0.83      9      9      1   
  0.93   0.61   0.43   0.90      7      7      1   
  1.00   0.25   0.97   0.73      5      5      1   
  0.98   0.89   0.02   0.38     12     12      1   
  0.25   0.15   0.74   0.71     10      9      1   
  0.66   0.34   0.25   0.15      4      4      1   
  0.35   0.39   0.10   0.29      4      4      1   
  0.48   0.32   0.82   0.74     16      7      1   
  0.09   0.54   0.45   0.02      7      7      1   
  0.25   0.44   0.10   0.79      4      4      1   
  0.94   0.36   0.20   0.07      8      8      1   
  0.67   0.12   0.10   0.93     11     11      1   
  0.00   0.29   0.04   0.04      3      3      1   
  0.49   0.26   0.90   0.89      9      9      1   
  0.90   0.89   0.37   0.23     22     10      1   
  0.15   0.83   0.73   0.75      7      6      1   
  0.82   0.68   0.22   0.97      7      7      1   
  0.02   0.45   0.46   0.10      6      6      1   
  0.02   0.17   0.32   0.20      3      3      1   
  0.38   0.15   0.35   0.89      9      8      1   
  0.09   0.48   0.14   0.82      4      4      1   
  0.23   0.01   0.82   0.54     17     11      1   
  0.24   0.79   0.97   0.74      8      8      1   
  0.06   0.19   0.37   0.67      7      7      1   
  0.91   0.78   0.14   0.77      8      8      1   
  0.91   0.21   0.83   0.51     14      4      1   
  0.32   0.12   0.32   0.26      2      2      1   
  0.03   0.55   0.97   0.73     11     11      1   
  0.01   0.92   0.32   0.20      9      9      1   
  0.32   0.60   0.82   0.54     10      7      1   
  0.40   0.64   0.25   0.44      3      3      1   
  0.56   0.79   0.06   0.17      9      9      1   
  0.82   0.12   0.24   0.69     11      9      1   
  0.30   0.37   0.74   0.71      8      7      1   
  0.14   0.77   1.00   0.25     10     10      1   
  0.94   0.36   0.77   0.18      3      3      1   
  0.08   0.04   0.59   0.57      8      8      1   
  0.35   0.89   0.24   0.79      2      2      1   
  0.86   0.85   0.89   0.24      7      7      1   
  0.18   0.59   0.46   0.73      4      4      1   
  0.51   0.00   0.95   0.44      7      7      1   
  0.37   0.13   0.95   0.44      8      8      1   
  0.10   0.29   0.46   0.73      7      7      1   
  0.85   0.19   0.32   0.97     12     11      1   
  0.47   0.69   0.07   0.15      8      8      1   
  0.65   0.75   0.66   0.93      3      3      1   
  0.16   0.26   0.24   0.69      5      5      1   
  0.01   0.92   0.57   0.09     10     10      1   
  0.11   0.26   0.93   0.79     11     11      1   
  0.97   0.74   0.10   0.25     21     12      1   
  0.59   0.57   0.26   0.75      4      4      1   
  0.46   0.73   0.54   0.27      5      5      1   
  1.00   0.25   0.85   0.58      4      4      1   
  0.93   0.61   0.55   0.11      9      8      1   
  0.48   0.53   0.90   0.89      6      6      1   
  0.86   0.31   0.97   0.09      3      3      1   
  0.25   0.15   0.55   1.00     10     10      1   
  0.10   0.25   0.19   0.10      2      2      1   
  0.32   0.60   0.57   0.09      6      6      1   
  0.25   0.18   0.01   0.92      9      8      1   
  0.14   0.77   0.55   0.11      8      8      1   
  0.65   0.75   0.10   0.92      6      6      1   
  0.23   0.01   0.94   0.01     10      9      1   
  0.18   0.69   0.25   0.15      6      6      1   
  0.47   0.69   0.37   0.18      6      6      1   
  0.09   0.54   0.82   0.74      8      8      1   
  0.52   0.22   0.74   0.71     16      7      1   
  0.10   0.08   0.24   0.79      8      7      1   
  0.78   0.17   0.62   0.67      9      8      1   
  0.45   0.02   0.25   0.44      5      5      1   
  0.77   0.15   0.91   0.78     11      8      1   
  0.94   0.36   0.78   0.17      3      3      1   
  0.15   0.83   0.03   0.55      4      4      1   
  0.50   0.34   0.48   0.53      3      3      1   
  0.94   0.36   0.26   0.94      9      9      1   
  0.06   0.53   0.48   0.32      7      6      1   
  0.76   0.39   0.17   0.26      7      6      1   
  0.10   0.92   0.83   0.58     10      9      1   
  0.89   1.00   0.49   0.17     13     11      1   
  0.73   0.75   0.74   0.71      1      1      1   
  0.94   0.01   0.93   0.78     10      9      1   
  0.05   0.25   0.96   0.54     11     11      1   
  0.43   0.04   0.18   0.09      3      3      1   
  0.43   0.04   0.32   0.61      6      6      1   
  0.91   0.21   0.54   0.20      5      5      1   
  0.55   1.00   0.01   0.20     11     10      1   
  0.81   0.04   0.17   0.26      8      7      1   
  0.31   0.69   0.42   0.99      3      3      1   
  0.76   0.28   0.89   0.24      2      2      1   
  0.10   0.92   0.82   0.12     19     12      1   
  0.94   0.36   0.30   0.80      9      9      1   
  0.55   0.11   0.93   0.09      4      4      1   
  0.25   0.18   0.43   0.90      9      9      1   
  0.79   0.59   0.38   0.15      9      9      1   
  0.12   0.21   0.60   0.54     12      7      1   
  0.20   0.07   0.52   0.22      4      4      1   
  0.16   0.34   0.58   0.12      5      5      1   
  0.22   0.99   0.48   0.53      5      5      1   
  0.97   0.78   0.38   0.59      7      7      1   
  0.87   0.25   0.77   0.18      1      1      1   
  0.01   0.20   0.10   0.29      1      1      1   
  0.68   0.03   0.10   0.79     10     10      1   
  0.01   0.92   0.03   0.06      9      9      1   
  0.18   0.15   0.93   0.79     14     11      1   
  0.24   0.79   0.82   0.12     17     10      1   
  0.16   0.26   0.06   0.53      3      3      1   
  0.38   0.15   0.81   0.04      6      5      1   
  0.60   0.27   0.38   0.84      6      6      1   
  0.42   0.59   0.43   0.04      6      6      1   
  0.38   0.59   0.25   0.91      3      3      1   
  0.25   0.15   0.85   0.19      7      6      1   
  0.91   0.44   0.94   0.01      5      5      1   
  0.30   0.37   0.20   0.07      3      3      1   
  0.89   1.00   0.18   0.59     10     10      1   
  0.10   0.29   0.75   0.35      7      7      1   
  0.02   0.17   0.97   0.73     18     13      1   
  0.19   0.10   0.86   0.85     11     11      1   
  0.83   0.58   0.25   0.18     15     10      1   
  0.94   0.36   0.25   0.18      7      7      1   
  0.37   0.67   0.13   0.65      3      3      1   
  0.37   0.18   0.32   0.81      7      7      1   
  0.02   0.45   0.77   0.14     10      9      1   
  0.45   0.02   0.10   0.93     11     11      1   
  0.35   0.63   0.02   0.17      6      6      1   
  0.41   0.84   0.49   0.17      7      7      1   
  0.32   0.20   0.67   0.12      4      4      1   
  0.42   0.59   0.47   0.69      1      1      1   
  0.65   0.75   0.09   0.83      6      6      1   
  0.17   0.26   0.25   0.15      2      2      1   
  0.15   0.83   0.19   0.10      8      8      1   
  0.02   0.45   0.12   0.28      3      3      1   
  0.91   0.21   0.06   0.17      9      9      1   
  0.47   0.52   0.32   0.97      5      5      1   
  0.56   0.88   0.37   0.13      8      8      1   
  0.97   0.73   0.82   0.12      7      7      1   
  0.00   0.71   0.17   0.26      5      5      1   
  0.03   0.94   0.66   0.34      9      9      1   
  0.38   0.15   0.81   0.04      6      5      1   
  0.98   0.89   0.39   0.94      6      6      1   
  0.60   0.27   0.93   0.50      6      6      1   
  0.51   0.88   0.18   0.69      4      4      1   
  0.60   0.27   0.32   0.12      3      3      1   
  0.79   0.59   0.09   0.48      9      9      1   
  0.06   0.53   0.55   1.00      7      7      1   
  0.17   0.26   0.85   0.54     11     10      1   
  0.93   0.50   0.67   0.98      8      8      1   
  0.03   0.63   0.86   0.85     16      9      1   
  0.56   0.61   0.08   0.04      8      8      1   
  0.23   0.83   0.98   0.05     12     12      1   
  0.99   0.06   0.87   0.01      2      2      1   
  0.89   1.00   0.02   0.38     13     13      1   
  0.93   0.50   0.11   0.26     14     11      1   
  0.32   0.12   0.66   0.34      4      4      1   
  0.67   0.98   0.74   0.71      5      5      1   
  0.30   0.37   0.57   0.09      4      4      1   
  0.30   0.75   0.16   0.34      5      5      1   
  0.99   0.06   0.00   0.71     15     14      1   
  0.00   0.71   0.67   0.12     11     10      1   
  0.82   0.74   0.18   0.59      7      7      1   
  0.24   0.79   0.62   0.67      5      5      1   
  0.25   0.18   0.56   0.88     10      9      1   
  0.52   0.22   0.61   0.50     23      6      1   
  0.32   0.13   0.20   0.07      2      2      1   
  0.49   0.22   1.00   0.25      5      5      1   
  0.14   0.82   0.19   0.10      8      8      1   
  0.52   0.22   0.09   0.83      8      8      1   
  0.14   0.76   0.08   0.04      7      7      1   
  0.03   0.55   0.77   0.18     12     10      1   
  0.33   0.14   0.47   0.69      8      6      1   
  0.21   0.01   0.14   0.76      8      8      1   
  0.53   0.36   0.08   0.04      5      5      1   
  0.49   0.17   0.54   0.27      1      1      1   
  0.82   0.74   0.48   0.32      7      7      1   
  0.90   0.89   0.79   0.59      3      3      1   
  0.94   0.36   0.06   0.19      9      9      1   
  0.16   0.26   0.22   0.97      8      8      1   
  0.42   0.70   0.94   0.36     12      8      1   
  0.32   0.12   0.60   0.27      3      3      1   
  0.37   0.67   0.35   0.39      4      4      1   
  0.76   0.39   0.46   0.10      4      4      1   
  0.30   0.37   0.11   0.50      3      3      1   
  0.00   0.29   0.18   0.09      3      3      1   
  0.47   0.69   0.60   0.54      2      2      1   
  0.03   0.06   0.47   0.52     13      8      1   
  0.85   0.19   0.06   0.53     10     10      1   
  0.47   0.52   0.93   0.50      9      6      1   
  0.85   0.54   0.08   0.04     12     11      1   
  0.08   0.04   0.94   0.01     11     10      1   
  0.09   0.48   0.49   0.26      7      6      1   
  0.10   0.08   0.11   0.26      2      2      1   
  0.23   0.83   0.04   0.04      8      8      1   
  0.15   0.83   0.82   0.54     12      8      1   
  0.15   0.83   0.94   0.36     14     10      1   
  0.56   0.79   0.93   0.09      9      9      1   
  0.44   0.23   0.45   0.02      3      3      1   
  0.86   0.57   0.14   0.82      9      9      1   
  0.74   0.21   0.15   0.59     10      9      1   
  0.11   0.26   0.87   0.25      8      8      1   
  0.04   0.16   0.93   0.09      9      9      1   
  0.07   0.15   0.06   0.53      4      4      1   
  0.74   0.21   0.59   0.35      3      3      1   
  0.81   0.04   0.04   0.16      9      8      1   
  0.22   0.97   0.02   0.38      7      6      1   
  0.25   0.15   0.38   0.59      6      5      1   
  0.03   0.94   0.12   0.21      7      7      1   
  0.42   0.59   0.76   0.28      5      5      1   
  0.52   0.22   0.06   0.17      5      5      1   
  0.51   0.88   0.86   0.57      5      5      1   
  0.56   0.79   0.04   0.04     10     10      1   
  0.93   0.61   0.57   0.09      9      8      1   
  0.09   0.54   0.20   0.07      5      5      1   
  0.87   0.25   0.04   0.16      9      8      1   
  0.43   0.04   0.10   0.79      8      8      1   
  0.14   0.77   0.77   0.14     10     10      1   
  0.94   0.01   0.24   0.69     13     11      1   
  0.97   0.73   0.32   0.81      7      7      1   
  0.03   0.63   0.47   0.52      5      5      1   
  0.77   0.18   0.04   0.04      8      8      1   
  0.66   0.93   0.30   0.37     10      8      1   
  0.42   0.70   0.15   0.59      4      4      1   
  0.86   0.57   0.58   0.76      4      4      1   
  0.18   0.69   0.46   0.73      4      4      1   
  0.59   0.57   0.10   0.25      9      7      1   
  0.60   0.54   0.32   0.20      6      6      1   
  0.93   0.50   0.38   0.84      7      7      1   
  0.49   0.26   0.77   0.14      5      4      1   
  0.16   0.26   0.10   0.92      7      7      1   
  0.60   0.54   0.51   0.88      5      5      1   
  0.45   0.02   0.85   0.58     10     10      1   
  0.31   0.69   0.91   0.78      6      6      1   
  0.77   0.14   0.30   0.37      6      6      1   
  0.74   0.71   0.99   0.06      8      8      1   
  0.42   0.70   0.48   0.32      4      4      1   
  0.86   0.31   0.10   0.29      9      8      1   
  0.00   0.29   0.77   0.26      9      9      1   
  0.43   0.90   0.56   0.79      2      2      1   
  0.25   0.15   0.03   0.55      6      6      1   
  0.01   0.92   0.42   0.59      5      5      1   
  0.50   0.34   0.49   0.22      1      1      1   
  0.16   0.26   0.91   0.78     11     11      1   
  0.38   0.08   0.18   0.15      2      2      1   
  0.41   0.84   0.22   0.97      3      3      1   
  0.10   0.79   0.95   0.44     15     11      1   
  0.02   0.38   0.12   0.21      2      2      1   
  0.56   0.79   0.46   0.73      1      1      1   
  0.33   0.14   0.38   0.84      8      8      1   
  0.66   0.93   0.59   0.57      4      4      1   
  0.60   0.54   0.68   0.03      9      7      1   
  0.10   0.93   0.51   0.00     11     11      1   
  0.32   0.61   0.41   0.84      3      3      1   
  0.61   0.50   0.25   0.15      8      8      1   
  0.22   0.97   0.11   0.50      5      5      1   
  0.01   0.92   0.96   0.54     15     11      1   
  0.02   0.45   0.30   0.80      5      5      1   
  0.03   0.63   0.98   0.89     17     10      1   
  0.90   0.89   0.23   0.01     15     13      1   
  0.22   0.99   0.93   0.78     12      8      1   
  0.97   0.09   0.39   0.94     13     12      1   
  0.38   0.84   0.47   0.52      4      4      1   
  0.58   0.76   0.97   0.74      4      4      1   
  0.32   0.12   0.16   0.51      5      5      1   
  0.97   0.78   0.83   0.58      3      3      1   
  0.91   0.21   0.43   0.90     11     10      1   
  0.23   0.83   0.79   0.59      7      7      1   
  0.47   0.88   0.02   0.45      6      6      1   
  0.77   0.14   0.14   0.44      8      8      1   
  0.02   0.45   0.51   0.00      7      7      1   
  0.55   0.10   0.11   0.27      6      5      1   
  0.91   0.44   0.15   0.59     10     10      1   
  0.10   0.92   0.18   0.69      2      2      1   
  0.32   0.12   0.93   0.79     13     10      1   
  0.38   0.15   0.18   0.59      5      5      1   
  0.42   0.59   0.07   0.15      7      7      1   
  0.96   0.54   0.74   0.71      3      3      1   
  0.96   0.54   0.19   0.10     22     10      1   
  0.42   0.70   0.03   0.55      5      5      1   
  0.14   0.82   0.38   0.84      3      3      1   
  0.41   0.84   0.16   0.51      6      5      1   
  0.31   0.69   0.99   0.06     16     11      1   
  0.02   0.17   0.11   0.26      1      1      1   
  0.76   0.39   0.46   0.73      7      7      1   
  0.14   0.44   0.12   0.28      2      2      1   
  0.46   0.73   0.41   0.84      1      1      1   
  0.06   0.19   0.77   0.15      7      7      1   
  0.09   0.54   0.09   0.48      1      1      1   
  0.25   0.44   0.18   0.59      2      2      1   
  0.48   0.32   0.47   0.52      3      3      1   
  0.10   0.25   0.48   0.53     11      6      1   
  0.06   0.19   0.99   0.06     11     10      1   
  0.25   0.18   0.44   0.23      2      2      1   
  0.80   0.75   0.07   0.15     11     11      1   
  0.18   0.59   0.90   0.89      9      9      1   
  0.94   0.36   0.82   0.12      3      3      1   
  0.44   0.23   0.38   0.59      5      5      1   
  0.82   0.74   0.91   0.78      1      1      1   
  0.49   0.17   0.28   0.54      7      5      1   
  0.15   0.83   0.90   0.89     15      8      1   
  0.94   0.36   0.77   0.18      3      3      1   
  0.02   0.38   0.57   0.09      6      6      1   
  0.94   0.36   0.52   0.22      5      5      1   
  0.10   0.92   0.16   0.34      6      6      1   
  0.58   0.12   0.89   0.24      4      4      1   
  0.82   0.54   0.25   0.15     14     10      1   
  0.93   0.79   0.85   0.19      7      7      1   
  0.55   0.11   0.42   0.59      5      5      1   
  0.11   0.27   0.42   0.70      6      6      1   
  0.97   0.74   0.66   0.34      9      8      1   
  0.32   0.81   0.32   0.12      8      8      1   
  0.24   0.79   0.25   0.91      1      1      1   
  0.89   1.00   0.59   0.57     11      6      1   
  0.30   0.37   0.60   0.27      4      4      1   
  0.37   0.18   0.91   0.21      6      6      1   
  0.76   0.39   0.58   0.76      9      7      1   
  0.09   0.83   0.55   1.00      5      5      1   
  0.80   0.75   0.02   0.45      9      9      1   
  0.26   0.75   0.77   0.15     17      9      1   
  0.62   0.67   0.25   0.44      5      5      1   
  0.16   0.51   0.25   0.91      4      4      1   
  0.86   0.57   0.38   0.59      6      6      1   
  0.74   0.71   0.10   0.08     10     10      1   
  0.76   0.39   0.87   0.25      2      2      1   
  0.10   0.08   0.25   0.44      5      5      1   
  0.73   0.75   0.49   0.17     10      8      1   
  0.45   0.02   0.47   0.48      5      5      1   
  0.18   0.09   0.58   0.76     10      8      1   
  0.93   0.78   0.67   0.98      8      7      1   
  0.32   0.97   0.14   0.77      3      3      1   
  0.85   0.58   0.49   0.26      8      8      1   
  0.46   0.10   0.02   0.45      6      6      1   
  0.89   0.24   0.67   0.12      3      3      1   
  0.93   0.50   0.09   0.54     10     10      1   
  0.09   0.48   0.46   0.03      7      7      1   
  0.25   0.18   0.10   0.92      8      8      1   
  0.74   0.21   0.14   0.44      8      8      1   
  0.06   0.19   0.03   0.94      8      8      1   
  0.14   0.82   0.87   0.25     16     10      1   
  0.67   0.73   0.55   0.10     10      8      1   
  0.25   0.44   0.10   0.93      6      6      1   
  0.16   0.51   0.14   0.76      3      3      1   
  0.06   0.53   0.10   0.79      3      3      1   
  0.03   0.55   0.85   0.58     12     10      1   
  0.79   0.77   0.08   0.89      7      7      1   
  0.40   0.64   0.10   0.93      4      4      1   
  0.66   0.34   0.75   0.35      1      1      1   
  0.03   0.63   0.79   0.77      9      8      1   
  0.35   0.39   0.03   0.06      6      6      1   
  0.59   0.57   0.73   0.75      3      3      1   
  0.10   0.92   0.85   0.58     10      9      1   
  0.32   0.60   0.22   0.99      4      4      1   
  0.85   0.19   0.22   0.99     12     12      1   
  0.77   0.15   0.38   0.08      4      4      1   
  0.30   0.80   0.47   0.69      3      3      1   
  0.20   0.07   0.81   0.04      8      7      1   
  0.40   0.64   0.03   0.55      5      5      1   
  0.04   0.16   0.38   0.15      4      4      1   
  0.42   0.70   0.32   0.97      4      4      1   
  0.35   0.39   0.96   0.54     13     10      1   
  0.11   0.27   0.49   0.22      4      4      1   
  0.26   0.94   0.83   0.51      7      7      1   
  0.81   0.04   0.98   0.05      2      2      1   
  0.38   0.08   0.59   0.35      4      4      1   
  0.43   0.04   0.31   0.69      7      7      1   
  0.59   0.35   0.51   0.88      7      7      1   
  0.81   0.04   0.60   0.27      5      4      1   
  0.24   0.69   0.54   0.20      6      6      1   
  0.77   0.18   0.94   0.01      3      3      1   
  0.68   0.03   0.97   0.74     13     10      1   
  0.09   0.48   0.51   0.00      7      7      1   
  0.42   0.70   0.32   0.60      2      2      1   
  0.82   0.69   0.26   0.94      6      6      1   
  0.87   0.01   0.79   0.59     11      7      1   
  0.06   0.19   0.14   0.44      3      3      1   
  0.76   0.28   0.55   0.11      3      3      1   
  0.38   0.15   0.91   0.44      7      7      1   
  0.79   0.77   0.93   0.09      8      8      1   
  0.32   0.61   0.67   0.12      7      7      1   
  0.16   0.51   0.01   0.92      5      5      1   
  0.82   0.68   0.00   0.29     18     11      1   
  0.82   0.54   0.42   0.99      6      6      1   
  0.97   0.78   0.93   0.61      2      2      1   
  0.47   0.52   0.80   0.75      4      4      1   
  1.00   0.25   0.26   0.94     10     10      1   
  0.37   0.13   0.94   0.71     11     10      1   
  0.98   0.89   0.16   0.34     15     11      1   
  0.08   0.04   0.32   0.60      7      7      1   
  0.97   0.74   0.06   0.19     20     13      1   
  0.01   0.20   0.91   0.44     15     10      1   
  0.14   0.77   0.37   0.67      3      3      1   
  0.74   0.71   0.59   0.57      2      2      1   
  0.54   0.27   0.26   0.75      6      6      1   
  0.10   0.92   0.66   0.34     19      9      1   
  0.15   0.59   0.78   0.17     10      9      1   
  0.57   0.09   0.67   0.73     17      8      1   
  0.65   0.75   0.55   0.11     10      8      1   
  0.37   0.18   0.12   0.28      3      3      1   
  0.93   0.61   0.43   0.04     11     10      1   
  0.12   0.21   0.46   0.73      7      7      1   
  0.26   0.75   0.89   1.00     15      9      1   
  0.86   0.57   0.00   0.29     12     12      1   
  0.96   0.54   0.65   0.75      4      4      1   
  0.93   0.09   0.82   0.74     18      8      1   
  0.43   0.04   0.53   0.36      4      4      1   
  0.32   0.13   0.38   0.08      1      1      1   
  0.56   0.88   0.03   0.63      6      6      1   
  0.48   0.53   0.03   0.55      5      5      1   
  0.18   0.69   0.89   0.24     10     10      1   
  0.99   0.06   0.07   0.15     10     10      1   
  0.77   0.26   0.30   0.75      8      8      1   
  0.20   0.07   0.38   0.84      9      9      1   
  0.16   0.34   0.73   0.75      9      9      1   
  0.10   0.29   0.25   0.44      3      3      1   
  0.97   0.73   0.77   0.15      7      7      1   
  0.09   0.83   0.17   0.26      6      6      1   
  0.86   0.31   0.42   0.70      7      7      1   
  0.00   0.71   0.89   1.00     20     11      1   
  0.30   0.80   0.30   0.37      5      5      1   
  0.74   0.21   0.75   0.35      2      2      1   
  0.37   0.13   0.28   0.16      1      1      1   
  0.89   0.24   0.10   0.29     10      9      1   
  0.37   0.13   0.97   0.78     12     11      1   
  0.98   0.05   0.35   0.63     10     10      1   
  0.01   0.20   0.18   0.69      5      5      1   
  0.51   0.00   0.18   0.59      7      7      1   
  0.82   0.12   0.79   0.77     12      8      1   
  0.79   0.77   0.00   0.71      9      8      1   
  0.94   0.36   0.67   0.98      9      9      1   
  0.11   0.26   0.41   0.84      8      8      1   
  0.97   0.78   0.91   0.21      7      7      1   
  0.28   0.54   0.32   0.60      1      1      1   
  0.05   0.25   0.00   0.29      1      1      1   
  0.83   0.51   0.10   0.93     10      9      1   
  0.68   0.03   0.94   0.71     12      9      1   
  0.93   0.78   0.82   0.68      2      2      1   
  0.19   0.10   0.15   0.59      6      6      1   
  0.22   0.99   0.93   0.78     12      8      1   
  0.80   0.75   0.62   0.67      2      2      1   
  0.10   0.93   0.32   0.60      4      4      1   
  0.30   0.80   0.74   0.21     17      9      1   
  0.26   0.75   0.06   0.53      3      3      1   
  0.14   0.76   0.38   0.59      3      3      1   
  0.37   0.67   0.49   0.26      4      4      1   
  0.26   0.75   0.43   0.04      9      8      1   
  0.79   0.59   0.60   0.27      7      7      1   
  0.09   0.54   0.41   0.84      5      5      1   
  0.16   0.51   0.26   0.94      5      5      1   
  0.59   0.57   0.12   0.21      8      7      1   
  0.56   0.79   0.10   0.92      5      5      1   
  1.00   0.25   0.11   0.26     10      9      1   
  0.32   0.97   0.47   0.69      4      4      1   
  0.58   0.76   0.82   0.68      3      3      1   
  0.59   0.57   0.11   0.50      5      5      1   
  0.98   0.05   0.10   0.92     14     14      1   
  0.52   0.22   0.93   0.09      5      5      1   
  0.35   0.63   0.47   0.52      2      2      1   
  0.56   0.79   0.89   0.24      7      7      1   
  0.91   0.78   0.23   0.83      7      7      1   
  0.51   0.88   0.53   0.36      6      6      1   
  0.37   0.13   0.89   0.24      6      6      1   
  0.11   0.50   0.94   0.01     14     12      1   
  0.67   0.73   0.04   0.04     11     11      1   
  0.95   0.44   0.35   0.39     14     10      1   
  0.17   0.26   0.55   0.10      4      4      1   
  0.06   0.19   0.35   0.89      9      8      1   
  0.58   0.76   0.09   0.83      6      6      1   
  0.55   0.11   0.06   0.17      5      5      1   
  0.16   0.26   0.14   0.77      5      5      1   
  0.18   0.15   0.99   0.06     10      9      1   
  0.42   0.99   0.49   0.17      9      9      1   
  0.46   0.73   0.38   0.15      7      7      1   
  0.42   0.59   0.46   0.10      5      5      1   
  0.10   0.92   0.01   0.92      1      1      1   
  0.98   0.05   0.07   0.15     10     10      1   
  0.62   0.67   0.53   0.36      6      4      1   
  0.37   0.13   0.82   0.69     17      9      1   
  0.35   0.89   0.52   0.22      8      8      1   
  0.66   0.93   0.32   0.97      3      3      1   
  0.28   0.16   0.07   0.15      2      2      1   
  0.25   0.44   0.61   0.50     27      5      1   
  0.77   0.14   0.59   0.57      8      8      1   
  0.12   0.21   0.97   0.09      9      9      1   
  0.32   0.97   1.00   0.25     16     10      1   
  0.97   0.73   0.00   0.29     14     13      1   
  0.09   0.54   0.08   0.04      5      5      1   
  0.38   0.59   0.15   0.83      3      3      1   
  0.46   0.73   0.10   0.79      5      5      1   
  0.25   0.44   0.37   0.13      4      4      1   
  0.04   0.16   0.79   0.18      8      8      1   
  0.15   0.83   0.37   0.23      8      8      1   
  0.09   0.54   0.54   0.27      7      6      1   
  0.76   0.39   0.87   0.25      2      2      1   
  0.86   0.57   0.42   0.70      6      6      1   
  0.42   0.59   0.77   0.15      7      6      1   
  0.78   0.17   0.10   0.29      8      7      1   
  0.97   0.78   0.04   0.16     21     13      1   
  0.18   0.09   0.83   0.58     18     11      1   
  0.47   0.88   0.30   0.37      7      7      1   
  0.60   0.54   0.79   0.59      5      4      1   
  0.86   0.31   0.56   0.79      9      7      1   
  0.94   0.01   0.87   0.25      3      3      1   
  0.06   0.17   0.77   0.26      8      8      1   
  0.93   0.50   0.25   0.44      9      9      1   
  0.22   0.99   0.99   0.06     19     14      1   
  0.90   0.89   0.22   0.99      8      8      1   
  0.20   0.07   0.89   0.24      8      8      1   
  0.14   0.44   0.00   0.29      3      3      1   
  0.05   0.25   0.91   0.78     12     12      1   
  0.16   0.34   0.37   0.23      4      4      1   
  0.08   0.89   0.03   0.63      3      3      1   
  0.93   0.09   0.20   0.07      8      8      1   
  0.96   0.54   0.97   0.78      3      3      1   
  0.43   0.90   0.41   0.84      1      1      1   
  0.55   1.00   0.10   0.25     10     10      1   
  0.35   0.89   0.94   0.36      8      8      1   
  0.06   0.19   0.93   0.09      9      9      1   
  0.10   0.79   0.28   0.16      7      7      1   
  0.00   0.71   0.97   0.78     11     10      1   
  0.77   0.14   0.56   0.61      8      8      1   
  0.47   0.88   0.42   0.59      4      4      1   
  0.19   0.10   0.89   0.24      8      8      1   
  0.52   0.22   0.94   0.36      5      5      1   
  0.11   0.50   0.67   0.73      7      7      1   
  0.38   0.15   0.93   0.09      6      6      1   
  0.18   0.09   0.67   0.73      9      9      1   
  0.67   0.12   0.75   0.35      3      3      1   
  0.09   0.48   0.25   0.18      4      4      1   
  0.58   0.76   0.08   0.89      6      6      1   
  0.77   0.14   0.98   0.89     12      9      1   
  0.38   0.84   0.25   0.15      8      8      1   
  0.32   0.61   0.94   0.71      7      7      1   
  0.24   0.69   0.66   0.34      6      6      1   
  0.10   0.08   0.16   0.51      5      5      1   
  0.94   0.01   0.93   0.09      1      1      1   
  0.68   0.03   0.93   0.09      5      4      1   
  0.02   0.38   0.77   0.14      8      8      1   
  0.94   0.36   0.94   0.01      4      4      1   
  0.60   0.27   0.86   0.31      3      3      1   
  0.94   0.01   0.58   0.12      5      5      1   
  0.56   0.88   0.32   0.13      8      8      1   
  0.10   0.08   0.35   0.39      6      5      1   
  0.37   0.18   0.10   0.29      3      3      1   
  0.03   0.94   0.14   0.76      2      2      1   
  0.59   0.57   0.43   0.04      9      7      1   
  0.67   0.12   0.62   0.67     10      8      1   
  0.66   0.93   0.55   1.00      1      1      1   
  0.78   0.17   0.31   0.69      8      8      1   
  0.49   0.26   0.11   0.27      5      5      1   
  0.10   0.79   0.51   0.00     10      9      1   
  0.97   0.78   0.16   0.51     10     10      1   
  0.22   0.99   0.21   0.01     11     10      1   
  0.21   0.01   0.28   0.16      2      2      1   
  0.56   0.79   0.82   0.12     15      9      1   
  0.77   0.18   0.01   0.92     13     11      1   
  0.04   0.04   0.18   0.69      7      7      1   
  0.18   0.15   0.55   0.11      4      4      1   
  0.59   0.57   0.91   0.21     11      8      1   
  0.77   0.26   0.49   0.22      4      4      1   
  0.35   0.39   0.97   0.73     11     10      1   
  0.52   0.22   0.91   0.21      5      5      1   
  0.12   0.21   0.02   0.38      2      2      1   
  0.77   0.14   0.77   0.15      1      1      1   
  0.14   0.77   0.54   0.20      7      7      1   
  0.31   0.69   0.08   0.04      8      8      1   
  0.60   0.27   0.91   0.44      5      5      1   
  0.46   0.73   0.98   0.89      5      5      1   
  0.89   1.00   0.26   0.75      9      9      1   
  0.93   0.61   0.59   0.57      5      5      1   
  0.10   0.25   0.67   0.73      9      9      1   
  0.67   0.73   0.85   0.19      7      7      1   
  0.32   0.60   0.10   0.92      4      4      1   
  0.76   0.28   0.79   0.59      8      5      1   
  0.23   0.83   0.32   0.26      7      7      1   
  0.37   0.18   0.46   0.73      8      7      1   
  0.66   0.93   0.89   1.00     12      7      1   
  0.30   0.80   0.16   0.26      7      7      1   
  0.18   0.15   0.77   0.26      7      7      1   
  0.42   0.59   0.91   0.44     10      7      1   
  0.49   0.26   0.77   0.15      4      4      1   
  0.18   0.09   0.32   0.26      2      2      1   
  0.65   0.75   0.79   0.18     12      7      1   
  0.39   0.94   0.32   0.20      9      9      1   
  0.47   0.88   0.32   0.61      4      4      1   
  0.18   0.09   0.76   0.39      6      6      1   
  0.59   0.57   0.77   0.26     10      7      1   
  0.62   0.67   0.66   0.93      4      3      1   
  1.00   0.25   0.43   0.90      9      9      1   
  0.56   0.61   0.35   0.63      3      3      1   
  0.55   0.10   0.99   0.06      6      6      1   
  0.46   0.10   0.42   0.70      6      6      1   
  0.42   0.59   0.37   0.67      1      1      1   
  0.24   0.79   0.03   0.55      3      3      1   
  0.49   0.26   0.93   0.50      7      7      1   
  0.77   0.26   0.78   0.17      1      1      1   
  0.32   0.20   0.00   0.71      7      7      1   
  0.54   0.20   0.48   0.32      2      2      1   
  0.48   0.32   0.55   0.10      2      2      1   
  0.06   0.17   1.00   0.25      9      9      1   
  0.67   0.12   0.14   0.76      9      9      1   
  0.85   0.58   0.62   0.67      3      3      1   
  0.37   0.67   0.21   0.01      8      8      1   
  0.46   0.03   0.37   0.13      2      2      1   
  0.11   0.27   0.18   0.15      2      2      1   
  0.13   0.65   0.06   0.53      2      2      1   
  0.46   0.73   0.15   0.59      5      5      1   
  0.94   0.01   0.00   0.29     11     11      1   
  0.43   0.90   0.56   0.88      1      1      1   
  0.19   0.10   0.11   0.26      2      2      1   
  0.96   0.54   0.45   0.02      9      9      1   
  0.10   0.08   0.67   0.98     13     12      1   
  0.15   0.59   0.49   0.26      7      6      1   
  0.93   0.79   0.16   0.51      9      9      1   
  0.51   0.00   0.95   0.44      7      7      1   
  0.35   0.89   0.23   0.83      2      2      1   
  0.42   0.59   0.02   0.38      6      6      1   
  0.32   0.26   0.93   0.61     10     10      1   
  0.24   0.69   0.76   0.28      7      7      1   
  0.85   0.54   0.18   0.15     11     10      1   
  0.14   0.76   0.12   0.28      5      5      1   
  0.09   0.48   0.57   0.09      8      7      1   
  0.35   0.63   0.35   0.39      3      3      1   
  0.62   0.67   0.42   0.70      3      3      1   
  0.55   0.11   0.79   0.59     15      8      1   
  0.91   0.44   0.28   0.54      8      8      1   
  0.60   0.54   0.87   0.01     14      9      1   
  0.16   0.51   0.03   0.63      2      2      1   
  0.86   0.85   0.48   0.32      8      8      1   
  0.35   0.39   0.79   0.59     11      8      1   
  0.85   0.19   0.15   0.59     11     10      1   
  0.06   0.19   0.82   0.74     11     11      1   
  0.97   0.73   0.73   0.75      3      3      1   
  0.60   0.27   0.26   0.75      6      6      1   
  0.11   0.26   0.40   0.64      6      6      1   
  0.76   0.28   0.10   0.92     10     10      1   
  0.54   0.20   0.12   0.21      4      4      1   
  0.93   0.78   0.25   0.15     11     11      1   
  0.53   0.36   0.83   0.58     14      7      1   
  0.09   0.48   0.03   0.55      1      1      1   
  0.51   0.00   0.32   0.13      3      3      1   
  0.18   0.09   0.55   1.00     11     10      1   
  0.32   0.81   0.14   0.44      5      5      1   
  0.79   0.59   0.98   0.89      3      3      1   
  0.48   0.53   0.02   0.45      5      5      1   
  0.37   0.13   0.91   0.78     12     10      1   
  0.38   0.84   0.99   0.06     18     12      1   
  0.30   0.75   0.02   0.38      5      5      1   
  0.09   0.83   0.24   0.79      2      2      1   
  0.77   0.15   0.80   0.75     11      8      1   
  0.60   0.54   0.67   0.12      9      7      1   
  0.10   0.29   0.08   0.04      3      3      1   
  0.10   0.08   0.04   0.04      1      1      1   
  0.06   0.53   0.06   0.17      4      4      1   
  0.14   0.44   0.95   0.44     12     11      1   
  0.79   0.77   0.19   0.10     10     10      1   
  0.24   0.79   0.33   0.14      7      7      1   
  0.49   0.26   0.56   0.61      4      4      1   
  0.46   0.03   0.06   0.17      4      4      1   
  0.97   0.74   0.56   0.88      5      5      1   
  0.37   0.18   0.47   0.52      5      5      1   
  0.74   0.71   0.46   0.03     10      9      1   
  0.49   0.26   0.02   0.17      5      5      1   
  0.47   0.69   0.56   0.79      2      2      1   
  0.53   0.36   0.62   0.67      4      4      1   
  0.93   0.78   0.25   0.91      7      7      1   
  0.93   0.50   0.85   0.58      1      1      1   
  0.93   0.79   0.11   0.27     13     11      1   
  0.03   0.55   0.03   0.63      1      1      1   
  0.46   0.03   0.94   0.71     11     10      1   
  0.04   0.04   0.82   0.69     12     12      1   
  0.30   0.80   0.38   0.59      2      2      1   
  0.16   0.26   0.67   0.73      9      9      1   
  0.21   0.01   0.95   0.44      9      9      1   
  0.11   0.26   0.32   0.20      3      3      1   
  0.10   0.79   0.25   0.91      2      2      1   
  0.62   0.67   0.43   0.04     10      8      1   
  0.23   0.01   0.26   0.75      9      9      1   
  0.86   0.85   0.26   0.94      6      6      1   
  0.97   0.74   0.42   0.70      6      6      1   
  0.94   0.01   0.55   0.10      6      6      1   
  0.82   0.74   0.46   0.10     11      9      1   
  0.99   0.06   0.31   0.05      8      8      1   
  0.35   0.39   0.15   0.83      6      6      1   
  0.26   0.75   0.24   0.69      1      1      1   
  0.14   0.82   1.00   0.25     15     11      1   
  0.37   0.67   0.47   0.48      2      2      1   
  0.93   0.78   0.30   0.80      7      7      1   
  0.46   0.73   0.15   0.59      5      5      1   
  0.28   0.16   0.44   0.23      2      2      1   
  0.60   0.27   0.76   0.28      2      2      1   
  0.10   0.79   0.08   0.89      1      1      1   
  0.87   0.01   0.76   0.39      4      4      1   
  0.46   0.73   0.02   0.17      8      8      1   
  0.28   0.16   0.02   0.45      5      5      1   
  0.03   0.06   0.10   0.08      1      1      1   
  0.32   0.13   0.67   0.73      8      8      1   
  0.79   0.77   0.43   0.04     12     10      1   
  0.60   0.54   0.16   0.26      8      7      1   
  0.01   0.92   0.37   0.23      9      9      1   
  0.00   0.71   0.02   0.38      4      4      1   
  0.77   0.18   0.56   0.88     10      9      1   
