  0.26   0.39   0.73   0.21      5      5      1   
  0.66   0.89   0.25   0.91      4      4      1   
  0.53   0.84   0.27   0.17      7      7      1   
  0.55   0.51   0.11   0.18      5      5      1   
  0.79   0.58   0.20   0.84      7      7      1   
  0.80   0.40   0.45   0.77      5      5      1   
  0.97   0.69   0.23   0.49      8      8      1   
  0.49   0.81   0.29   0.89      2      2      1   
  0.08   0.74   0.65   0.39      7      7      1   
  0.94   0.91   0.80   0.04      8      8      1   
  0.76   0.68   0.86   0.08      6      6      1   
  0.49   0.24   0.38   0.45      3      3      1   
  0.14   0.13   0.18   0.16      1      1      1   
  0.86   0.17   0.13   0.94     10     10      1   
  0.36   0.91   0.79   0.26      8      8      1   
  0.35   0.91   0.30   0.41      5      5      1   
  0.10   0.25   0.76   0.57      7      7      1   
  0.89   0.84   0.80   0.04      8      8      1   
  0.13   0.94   0.95   0.22     11     11      1   
  0.43   0.85   0.27   0.10      7      7      1   
  0.65   0.74   0.25   0.10      7      7      1   
  0.38   0.44   0.29   0.21      2      2      1   
  0.39   0.92   0.63   0.75      3      3      1   
  0.88   0.46   0.72   0.14      4      4      1   
  0.95   0.78   0.06   0.74     10      9      1   
  0.33   0.06   0.26   0.56      5      5      1   
  0.69   0.01   0.05   0.37      7      7      1   
  0.14   0.02   0.70   0.86      9      9      1   
  0.08   0.93   0.42   0.46      6      6      1   
  0.10   0.25   0.98   0.16      8      8      1   
  0.13   0.77   0.13   0.14      6      6      1   
  0.92   0.43   0.26   0.39      6      6      1   
  0.07   0.61   0.35   0.41      4      4      1   
  0.18   0.11   0.52   0.67      6      6      1   
  0.94   0.95   0.25   0.10     11     10      1   
  0.55   0.51   0.36   0.80      4      4      1   
  0.20   0.84   0.51   0.91      3      3      1   
  0.05   0.30   0.26   0.56      4      4      1   
  0.12   0.43   0.24   0.38      2      2      1   
  0.55   0.77   0.03   0.69      5      5      1   
  0.77   0.08   0.02   0.17      8      7      1   
  0.12   0.99   0.83   0.92      8      7      1   
  0.51   0.28   0.70   0.93      7      7      1   
  0.03   0.84   0.74   0.25      9      9      1   
  0.83   0.73   0.42   0.81      4      4      1   
  0.64   0.34   0.51   0.33      2      2      1   
  0.37   0.36   0.65   0.74      5      5      1   
  0.23   0.49   0.77   0.74      6      6      1   
  0.65   0.16   0.86   0.16      2      2      1   
  0.00   0.57   0.99   0.06     10     10      1   
  0.92   0.83   0.79   0.94      2      2      1   
  0.76   0.68   0.82   0.19      5      5      1   
  0.12   0.29   0.06   0.66      4      4      1   
  0.23   0.70   0.02   0.17      5      5      1   
  1.00   0.14   0.74   0.59      6      5      1   
  0.94   0.44   0.35   0.12      6      6      1   
  0.23   0.70   0.12   0.47      3      3      1   
  0.05   0.25   0.45   0.28      4      4      1   
  0.49   0.26   0.56   0.92      7      7      1   
  0.77   0.40   0.67   0.09      4      4      1   
  0.79   0.94   0.05   0.76      8      8      1   
  0.75   0.25   0.27   0.10      5      5      1   
  0.05   0.80   0.55   0.77      5      5      1   
  0.91   0.71   0.00   0.81      9      9      1   
  0.32   0.03   0.97   0.21      6      6      1   
  0.63   0.81   0.41   0.77      3      3      1   
  0.95   0.04   0.93   0.58      6      6      1   
  0.86   0.42   0.19   0.37      7      7      1   
  0.38   0.45   0.10   0.49      3      3      1   
  0.36   0.80   0.02   0.23      6      6      1   
  0.79   0.58   0.56   0.55      3      3      1   
  0.82   0.41   0.68   0.27      2      2      1   
  0.85   0.88   0.74   0.91      1      1      1   
  0.21   0.23   0.83   0.37      6      6      1   
  0.31   0.23   0.29   0.13      1      1      1   
  0.47   0.20   0.12   0.04      4      4      1   
  0.76   0.22   0.86   0.42      3      3      1   
  0.00   0.57   0.80   0.04      9      9      1   
  0.27   0.21   0.85   0.44      6      6      1   
  0.12   0.56   0.94   0.88      8      8      1   
  1.00   0.08   0.76   0.57      5      5      1   
  0.17   0.39   0.17   0.13      3      3      1   
  0.83   0.92   0.82   0.95      1      1      1   
  0.29   0.05   0.18   0.21      2      2      1   
  0.77   0.92   0.68   0.14      7      7      1   
  0.19   0.59   0.35   0.02      5      5      1   
  0.51   0.20   0.93   0.07      4      4      1   
  0.29   0.45   0.44   0.74      4      4      1   
  0.40   0.11   0.92   0.90      9      9      1   
  0.98   0.45   0.18   0.16      9      8      1   
  0.23   0.49   0.40   0.11      4      4      1   
  0.42   0.81   0.90   0.63      5      5      1   
  0.32   0.53   0.71   0.49      4      4      1   
  0.92   0.43   0.44   0.65      5      5      1   
  0.18   0.65   0.03   0.84      3      3      1   
  0.15   0.52   0.53   0.21      5      5      1   
  0.12   0.04   0.31   0.03      2      2      1   
  0.03   0.69   0.71   0.12      8      8      1   
  0.01   0.65   0.52   0.09      7      7      1   
  0.94   0.01   0.14   0.13      7      7      1   
  0.92   0.90   0.81   0.46      4      4      1   
  0.35   0.41   0.70   0.79      5      5      1   
  0.20   0.57   0.14   0.24      3      3      1   
  0.25   0.59   0.56   0.46      4      4      1   
  0.75   0.20   0.75   0.04      2      2      1   
  0.01   0.67   0.95   0.30     10     10      1   
  0.01   0.70   0.84   0.33      9      9      1   
  0.13   0.14   0.00   0.57      4      4      1   
  0.77   0.40   0.12   0.52      7      7      1   
  0.30   0.41   0.67   0.54      4      4      1   
  0.65   0.27   0.01   0.91      9      8      1   
  0.79   0.23   0.56   0.55      4      4      1   
  0.75   0.25   0.97   0.21      2      2      1   
  0.56   0.46   0.52   0.67      2      2      1   
  0.25   0.26   0.68   0.27      4      4      1   
  0.12   0.56   0.21   0.17      4      4      1   
  0.01   0.91   0.70   0.86      7      7      1   
  0.83   0.92   0.25   0.28      8      8      1   
  0.86   0.15   0.96   0.20      1      1      1   
  0.59   0.21   0.69   0.43      3      3      1   
  0.30   0.67   0.41   0.77      2      2      1   
  0.62   0.91   0.95   0.04      9      9      1   
  0.66   0.89   0.86   0.16      7      7      1   
  0.24   0.12   0.22   0.27      2      2      1   
  0.38   0.18   0.08   0.55      5      5      1   
  0.82   0.01   0.68   0.14      2      2      1   
  0.56   0.55   0.40   0.30      3      3      1   
  0.71   0.05   0.37   0.16      4      4      1   
  0.77   0.92   0.37   0.26      8      8      1   
  0.82   0.01   0.79   0.94      9      9      1   
  0.49   0.81   0.25   0.27      5      5      1   
  0.65   0.58   0.42   0.92      4      4      1   
  0.23   0.12   0.61   0.18      4      4      1   
  0.29   0.05   0.17   0.75      7      7      1   
  0.95   0.78   0.34   0.58      7      7      1   
  0.13   0.94   0.17   0.39      5      5      1   
  0.52   0.54   0.00   0.81      5      5      1   
  0.21   0.23   0.71   0.05      5      5      1   
  0.83   0.73   0.72   0.10      7      7      1   
  0.82   0.01   0.15   0.52      8      8      1   
  0.49   0.26   0.45   0.71      5      5      1   
  0.65   0.39   0.16   0.88      7      7      1   
  0.76   0.81   0.05   0.97      7      7      1   
  0.02   0.03   0.94   0.01      8      8      1   
  0.92   0.83   0.49   0.94      4      4      1   
  0.70   0.85   0.30   0.67      5      5      1   
  0.86   0.16   1.00   0.31      2      2      1   
  0.05   0.25   0.05   0.96      7      7      1   
  0.98   0.17   0.08   0.55     10     10      1   
  0.75   0.18   0.51   0.20      3      3      1   
  0.98   0.45   0.38   0.45      6      6      1   
  0.59   0.08   0.54   0.35      3      3      1   
  0.43   0.85   0.70   0.26      7      7      1   
  0.83   0.13   0.66   0.30      2      2      1   
  0.38   0.45   0.86   0.42      5      5      1   
  0.14   0.24   0.32   0.26      2      2      1   
  0.12   0.04   0.25   0.91      9      9      1   
  0.04   0.08   0.02   0.34      3      3      1   
  0.91   0.29   0.99   0.07      2      2      1   
  0.43   0.77   0.29   0.05      7      7      1   
  0.82   0.34   0.40   0.11      5      5      1   
  0.23   0.24   0.31   0.61      4      4      1   
  0.05   0.85   0.91   0.22     10     10      1   
  0.82   0.57   0.04   0.24      9      8      1   
  0.35   0.02   0.40   0.03      1      1      1   
  0.64   0.34   0.45   0.10      3      3      1   
  0.08   0.44   0.21   0.09      4      4      1   
  0.82   0.08   0.89   0.81      7      7      1   
  0.82   0.95   0.73   0.83      2      2      1   
  0.78   0.56   0.32   0.53      5      5      1   
  0.91   0.21   0.74   0.25      2      2      1   
  0.00   0.36   0.05   0.30      1      1      1   
  0.15   0.52   0.25   0.59      1      1      1   
  0.82   0.01   0.17   0.53      8      8      1   
  0.65   0.15   0.12   0.47      6      6      1   
  0.43   0.09   0.23   0.14      2      2      1   
  0.49   0.55   0.81   0.46      3      3      1   
  0.49   0.26   0.56   0.46      2      2      1   
  0.56   0.46   0.37   0.26      3      3      1   
  0.32   0.53   0.00   0.36      4      4      1   
  0.23   0.24   0.72   0.39      5      5      1   
  0.65   0.39   0.65   0.27      1      1      1   
  0.43   0.77   0.79   0.26      6      6      1   
  0.05   0.30   0.25   0.91      7      7      1   
  0.70   0.86   0.42   0.81      3      3      1   
  0.82   0.01   0.14   0.18      7      7      1   
  0.65   0.15   0.84   0.14      2      2      1   
  0.39   0.66   0.32   0.53      2      2      1   
  0.77   0.40   0.31   0.03      6      6      1   
  0.20   0.49   0.08   0.35      2      2      1   
  0.76   0.81   0.64   0.21      6      6      1   
  0.02   0.03   0.44   0.19      5      5      1   
  0.67   0.07   0.24   0.01      4      4      1   
  0.60   0.65   0.92   0.43      4      4      1   
  0.56   0.56   0.08   0.09      7      6      1   
  0.12   0.82   0.31   0.05      8      8      1   
  0.92   0.43   0.11   0.18      8      8      1   
  0.32   0.26   0.20   0.08      2      2      1   
  0.63   0.81   0.37   0.36      5      5      1   
  0.82   0.67   0.73   0.83      2      2      1   
  0.61   0.72   0.39   0.50      3      3      1   
  0.20   0.49   0.87   0.80      7      7      1   
  0.45   0.87   0.82   0.34      7      7      1   
  0.36   0.96   0.79   0.94      4      4      1   
  0.38   0.45   0.03   0.84      5      5      1   
  0.20   0.84   0.27   0.98      2      2      1   
  0.79   0.26   0.12   0.29      6      6      1   
  0.94   0.44   0.91   0.71      3      3      1   
  0.44   0.08   0.82   0.34      5      5      1   
  0.57   0.17   0.77   0.40      3      3      1   
  0.75   0.04   0.08   0.74      9      9      1   
  0.39   0.92   0.15   0.52      5      5      1   
  0.83   0.13   0.01   0.19      8      8      1   
  0.77   0.40   0.82   0.41      1      1      1   
  0.67   0.09   0.00   0.81      9      9      1   
  0.71   0.64   0.05   0.37      7      7      1   
  0.23   0.12   0.12   0.29      2      2      1   
  0.35   0.12   0.88   0.70      8      8      1   
  0.02   0.34   0.18   0.21      2      2      1   
  0.60   0.48   0.05   0.97      7      7      1   
  0.35   0.41   0.20   0.08      4      4      1   
  0.87   0.64   0.35   0.02      8      8      1   
  0.52   0.09   0.01   0.65      7      7      1   
  0.24   0.01   0.85   0.88     10     10      1   
  0.80   0.20   0.19   0.05      6      6      1   
  0.82   0.01   0.39   0.06      4      4      1   
  0.52   0.60   1.00   0.08      7      7      1   
  0.88   0.70   0.36   0.96      6      6      1   
  0.42   0.46   0.71   0.12      4      4      1   
  0.23   0.35   0.18   0.16      2      2      1   
  0.21   0.23   0.88   0.46      6      6      1   
  0.11   0.23   0.91   0.75      9      9      1   
  0.38   0.45   0.26   0.08      4      4      1   
  0.11   0.23   0.06   0.89      6      6      1   
  0.79   0.10   0.24   0.27      5      5      1   
  0.34   0.37   0.63   0.75      5      5      1   
  0.76   0.22   0.71   0.49      3      3      1   
  0.52   0.09   0.39   0.22      2      2      1   
  0.70   0.86   0.26   0.25      8      7      1   
  0.60   0.65   0.45   0.28      4      4      1   
  0.44   0.19   0.83   0.73      7      7      1   
  0.50   0.17   0.41   0.77      6      6      1   
  0.36   0.06   0.75   0.25      5      5      1   
  0.56   0.92   0.90   0.63      4      4      1   
  0.13   0.77   0.29   0.13      6      6      1   
  0.60   0.80   0.82   0.19      7      7      1   
  0.52   0.34   0.42   0.46      2      2      1   
  0.42   0.92   0.94   0.91      5      5      1   
  0.25   0.95   0.39   0.22      8      7      1   
  0.40   0.66   0.02   0.17      6      6      1   
  0.65   0.92   0.23   0.24      8      8      1   
  0.19   0.76   0.77   0.08      8      8      1   
  0.69   0.73   0.12   0.43      6      6      1   
  0.59   0.08   0.95   0.78      7      7      1   
  0.94   0.44   0.82   0.01      4      4      1   
  0.18   0.21   0.78   0.56      7      6      1   
  0.45   0.28   0.26   0.25      2      2      1   
  0.88   0.46   0.84   0.64      2      2      1   
  0.81   0.09   0.73   0.52      4      4      1   
  0.20   0.84   0.24   0.66      2      2      1   
  0.31   0.05   0.78   0.02      5      5      1   
  0.63   0.90   0.33   0.28      7      7      1   
  0.45   0.10   0.05   0.96      9      9      1   
  0.82   0.01   0.12   0.43      8      8      1   
  0.36   0.96   0.40   0.30      7      7      1   
  0.05   0.57   0.05   0.36      2      2      1   
  0.17   0.39   0.05   0.85      4      4      1   
  0.02   0.07   0.12   0.99      9      9      1   
  0.16   0.09   0.85   0.44      8      8      1   
  0.81   0.09   0.16   0.88     10      9      1   
  0.96   0.06   0.55   0.51      6      6      1   
  0.24   0.01   0.89   0.03      6      6      1   
  0.61   0.72   1.00   0.08      7      7      1   
  0.77   0.08   0.33   0.06      4      4      1   
  0.17   0.16   0.93   0.04      7      7      1   
  0.19   0.70   0.77   0.74      6      6      1   
  1.00   0.14   0.65   0.39      4      4      1   
  0.25   0.27   0.63   0.72      5      5      1   
  0.13   0.77   0.36   0.06      7      7      1   
  0.12   0.82   0.25   0.95      2      2      1   
  0.65   0.16   0.76   0.22      1      1      1   
  0.39   0.50   0.34   0.62      2      2      1   
  0.89   0.81   0.02   0.17     10     10      1   
  0.51   0.28   0.47   0.03      3      3      1   
  0.05   0.76   0.50   0.43      5      5      1   
  0.73   0.21   0.42   0.46      4      4      1   
  0.08   0.55   0.71   0.12      8      8      1   
  0.75   0.04   1.00   0.41      4      4      1   
  0.02   0.07   0.77   0.08      7      7      1   
  0.67   0.01   0.98   0.17      3      3      1   
  0.91   0.75   0.94   0.95      2      2      1   
  0.14   0.24   0.18   0.02      2      2      1   
  0.89   0.84   0.37   0.36      8      7      1   
  0.15   0.52   0.20   0.78      3      3      1   
  0.34   0.37   0.57   0.02      4      4      1   
  0.82   0.01   0.64   0.21      3      3      1   
  0.51   0.91   0.08   0.93      5      5      1   
  0.03   0.69   0.67   0.42      7      7      1   
  0.35   0.12   0.05   0.36      4      4      1   
  1.00   0.14   0.63   0.90      7      7      1   
  1.00   0.14   0.38   0.18      6      6      1   
  0.02   0.34   0.24   0.27      2      2      1   
  0.29   0.05   0.19   0.70      6      6      1   
  0.38   0.81   0.32   0.03      8      8      1   
  0.68   0.14   0.69   0.01      1      1      1   
  0.53   0.28   0.51   0.28      1      1      1   
  0.58   0.21   0.44   0.74      5      5      1   
  0.26   0.56   0.23   0.24      3      3      1   
  0.45   0.77   0.65   0.31      5      5      1   
  0.00   0.57   0.11   0.18      4      4      1   
  0.55   0.28   0.23   0.51      4      4      1   
  0.66   0.30   0.27   0.98      8      7      1   
  0.65   0.39   0.96   0.06      4      4      1   
  0.43   0.77   0.79   0.05      7      7      1   
  0.62   0.91   0.87   0.80      3      3      1   
  0.30   0.41   0.96   0.06      7      7      1   
  0.02   0.03   0.34   0.17      4      4      1   
  0.69   0.50   0.55   0.89      4      4      1   
  0.34   0.77   0.61   0.18      6      6      1   
  0.34   0.68   0.12   0.47      3      3      1   
  0.19   0.70   0.68   0.27      7      7      1   
  0.44   0.01   0.55   0.77      7      7      1   
  0.28   0.58   0.22   0.34      3      3      1   
  0.17   0.53   0.39   0.56      2      2      1   
  0.03   0.88   0.94   0.01     12     12      1   
  0.95   0.78   0.73   0.12      6      6      1   
  0.03   0.76   0.25   0.28      5      5      1   
  0.76   0.22   0.07   0.61      8      8      1   
  0.10   0.46   0.71   0.49      6      6      1   
  0.71   0.64   0.43   0.77      3      3      1   
  0.82   0.01   0.94   0.44      4      4      1   
  0.24   0.12   0.76   0.57      6      6      1   
  0.71   0.75   0.82   0.34      4      4      1   
  0.04   0.41   0.18   0.02      4      4      1   
  0.86   0.16   0.43   0.77      7      7      1   
  0.00   0.81   0.34   0.68      4      4      1   
  0.45   0.71   0.25   0.10      6      6      1   
  0.05   0.30   0.25   0.58      4      4      1   
  0.17   0.75   0.98   0.16      9      9      1   
  0.03   0.69   0.11   0.18      5      5      1   
  0.47   0.20   0.05   0.96      8      8      1   
  0.17   0.53   0.62   0.38      5      5      1   
  0.12   0.43   0.31   0.60      3      3      1   
  0.40   0.11   0.78   0.84      8      8      1   
  0.37   0.16   0.44   0.65      5      5      1   
  0.69   0.73   0.41   0.42      5      5      1   
  0.76   0.22   0.00   0.57      8      8      1   
  0.54   0.35   0.72   0.26      2      2      1   
  0.35   0.30   0.40   0.66      4      4      1   
  0.23   0.24   0.26   0.24      1      1      1   
  0.75   0.04   0.90   0.73      7      7      1   
  0.47   0.65   0.35   0.02      6      6      1   
  0.32   0.03   0.31   0.61      6      6      1   
  0.31   0.61   0.87   0.76      6      6      1   
  0.92   0.83   0.30   0.41      7      7      1   
  0.29   0.41   0.89   0.86      8      8      1   
  0.97   0.21   0.79   0.26      2      2      1   
  0.13   0.12   0.05   0.96      8      8      1   
  0.15   0.52   0.02   0.03      5      5      1   
  0.51   0.91   0.93   0.76      5      5      1   
  0.25   0.89   0.01   0.91      2      2      1   
  1.00   0.31   0.63   0.30      4      4      1   
  0.94   0.95   0.71   0.12      9      9      1   
  0.74   0.25   0.91   0.29      2      2      1   
  0.99   0.01   0.40   0.37      7      7      1   
  0.83   0.13   0.81   0.70      5      5      1   
  0.49   0.81   0.18   0.65      4      4      1   
  0.39   0.33   0.31   0.23      2      2      1   
  0.98   0.32   0.71   0.04      4      4      1   
  0.40   0.03   0.86   0.08      5      5      1   
  0.88   0.70   0.32   0.03      9      9      1   
  0.08   0.34   0.34   0.62      4      4      1   
  0.86   0.15   0.42   0.26      4      4      1   
  0.64   0.34   0.83   0.13      3      3      1   
  0.65   0.58   0.53   0.25      4      4      1   
  0.45   0.28   0.63   0.72      5      5      1   
  0.88   0.70   0.35   0.30      7      7      1   
  0.36   0.80   0.66   0.30      6      6      1   
  0.19   0.76   0.30   0.67      2      2      1   
  0.59   0.52   0.86   0.13      5      5      1   
  0.29   0.05   0.58   0.40      4      4      1   
  0.01   0.65   0.03   0.76      1      1      1   
  0.23   0.24   0.93   0.07      7      7      1   
  0.71   0.49   0.08   0.35      6      6      1   
  0.39   0.33   0.80   0.04      5      5      1   
  0.82   0.01   0.38   0.18      4      4      1   
  0.35   0.41   0.17   0.16      3      3      1   
  0.06   0.74   0.18   0.30      5      5      1   
  0.45   0.84   0.99   0.01     10     10      1   
  0.94   0.95   0.90   0.63      3      3      1   
  0.98   0.17   0.42   0.81      9      8      1   
  0.58   0.10   0.34   0.62      6      6      1   
  0.78   0.56   0.66   0.28      3      3      1   
  0.36   0.06   0.08   0.34      4      4      1   
  0.18   0.16   0.38   0.45      3      3      1   
  0.83   0.92   0.38   0.18      8      8      1   
  0.18   0.30   0.39   0.50      3      3      1   
  0.89   0.86   0.44   0.08      9      9      1   
  0.17   0.10   0.05   0.57      5      5      1   
  0.05   0.13   0.45   0.69      6      6      1   
  0.85   0.44   0.66   0.28      3      3      1   
  0.19   0.17   0.92   0.83     10      9      1   
  0.24   0.66   0.96   0.20      8      8      1   
  0.01   0.91   0.98   0.16     11     11      1   
  0.53   0.25   0.67   0.09      2      2      1   
  0.31   0.24   0.52   0.16      3      3      1   
  0.14   0.24   0.55   0.51      5      5      1   
  0.40   0.66   0.82   0.34      6      6      1   
  0.71   0.91   0.57   0.17      7      7      1   
  0.85   0.88   0.15   0.52      7      7      1   
  0.77   0.08   0.25   0.58      7      7      1   
  0.82   0.08   0.20   0.43      7      7      1   
  0.23   0.51   0.40   0.66      2      2      1   
  0.05   0.76   0.52   0.34      6      6      1   
  0.47   0.03   0.30   0.20      3      3      1   
  1.00   0.78   0.60   0.27      7      7      1   
  0.85   0.88   0.37   0.26      8      8      1   
  0.11   0.69   0.10   0.46      2      2      1   
  0.34   0.37   0.54   0.35      3      3      1   
  0.05   0.85   0.34   0.17      7      7      1   
  0.99   0.07   0.95   0.04      1      1      1   
  0.62   0.38   0.74   0.55      2      2      1   
  0.88   0.70   0.81   0.44      3      3      1   
  0.08   0.35   0.95   0.04      9      9      1   
  0.01   0.91   0.36   0.91      3      3      1   
  0.86   0.69   0.16   0.88      7      7      1   
  0.52   0.39   0.69   0.01      4      4      1   
  0.19   0.76   0.05   0.80      2      2      1   
  0.66   0.89   0.10   0.25      8      8      1   
  0.73   0.52   0.30   0.41      4      4      1   
  0.29   0.89   0.05   0.97      3      3      1   
  0.94   0.95   0.17   0.16     11     10      1   
  0.71   0.05   0.86   0.16      2      2      1   
  0.05   0.57   0.11   0.23      3      3      1   
  0.05   0.30   0.62   0.58      6      6      1   
  0.04   0.06   0.87   0.64      9      9      1   
  0.28   0.58   0.11   0.13      5      5      1   
  0.18   0.65   0.05   0.37      3      3      1   
  0.26   0.39   0.97   0.21      7      7      1   
  0.83   0.37   0.34   0.58      6      6      1   
  0.20   0.43   0.82   0.67      7      6      1   
  0.02   0.34   0.46   0.23      4      4      1   
  0.00   0.81   0.39   0.92      4      4      1   
  0.86   0.42   0.12   0.29      7      7      1   
  0.87   0.76   0.93   0.58      2      2      1   
  0.36   0.26   0.89   0.52      6      6      1   
  0.97   0.69   0.82   0.08      6      6      1   
  0.58   0.21   0.76   0.99      8      8      1   
  0.73   0.52   0.22   0.64      5      5      1   
  0.75   0.20   0.83   0.13      1      1      1   
  0.20   0.84   0.17   0.28      6      6      1   
  0.78   0.56   0.01   0.67      8      7      1   
  0.78   0.56   0.34   0.86      5      5      1   
  0.21   0.23   0.40   0.03      3      3      1   
  0.05   0.85   0.54   0.35      7      7      1   
  0.84   0.33   0.81   0.44      1      1      1   
  0.95   0.22   0.23   0.51      7      7      1   
  0.31   0.05   0.91   0.39      7      7      1   
  0.12   0.38   0.49   0.81      5      5      1   
  0.21   0.23   0.40   0.30      2      2      1   
  0.65   0.16   0.01   0.19      6      6      1   
  0.11   0.18   0.74   0.97     10     10      1   
  0.03   0.60   0.11   0.80      2      2      1   
  0.97   0.69   0.31   0.98      7      7      1   
  0.44   0.19   0.49   0.55      4      4      1   
  0.26   0.39   0.02   0.03      4      4      1   
  0.27   0.17   0.65   0.75      7      7      1   
  0.20   0.84   0.44   0.01      9      9      1   
  0.70   0.93   0.08   0.35      8      8      1   
  0.98   0.17   0.99   0.06      1      1      1   
  0.70   0.93   0.08   0.74      7      7      1   
  0.45   0.71   0.25   0.95      3      3      1   
  0.23   0.51   0.67   0.42      5      5      1   
  0.52   0.54   0.95   0.03      7      7      1   
  0.75   0.18   0.40   0.11      4      4      1   
  0.22   0.27   0.51   0.91      7      7      1   
  0.42   0.26   0.13   0.65      5      5      1   
  0.71   0.04   0.18   0.02      6      6      1   
  0.79   0.26   0.25   0.26      5      5      1   
  0.65   0.74   1.00   0.08      7      7      1   
  0.70   0.93   0.25   0.89      5      5      1   
  0.99   0.07   0.04   0.13      9      9      1   
  0.11   0.18   0.13   0.94      7      7      1   
  0.33   0.28   0.66   0.28      3      3      1   
  1.00   0.08   0.59   0.08      4      4      1   
  0.46   0.69   0.49   0.94      2      2      1   
  0.74   0.55   0.31   0.24      5      5      1   
  0.65   0.16   0.59   0.92      8      7      1   
  0.76   0.68   0.95   0.69      2      2      1   
  0.96   0.20   0.08   0.35      8      8      1   
  0.47   0.03   0.20   0.84      9      9      1   
  0.77   0.74   0.86   0.42      3      3      1   
  0.52   0.60   0.05   0.76      5      5      1   
  0.25   0.28   0.11   0.54      3      3      1   
  0.85   0.44   0.25   0.27      6      6      1   
  0.96   0.20   0.57   0.02      4      4      1   
  0.12   0.99   0.86   0.13     11     11      1   
  0.95   0.78   0.43   0.77      5      5      1   
  0.66   0.28   0.25   0.26      4      4      1   
  0.25   0.89   0.57   0.02      9      9      1   
  0.21   0.23   0.64   0.34      4      4      1   
  0.34   0.58   0.85   0.44      6      6      1   
  0.50   0.11   0.25   0.59      5      5      1   
  0.08   0.93   0.89   0.81      8      8      1   
  0.93   0.58   0.36   0.62      6      6      1   
  0.83   0.13   0.51   0.33      4      4      1   
  0.03   0.69   0.01   0.90      2      2      1   
  0.95   0.04   0.25   0.95     11     11      1   
  0.05   0.36   0.19   0.59      3      3      1   
  0.65   0.39   0.73   0.83      4      4      1   
  0.49   0.24   0.23   0.33      3      3      1   
  0.76   0.99   0.72   0.27      7      7      1   
  0.03   0.88   0.88   0.46     10      9      1   
  0.73   0.21   0.12   0.82      8      8      1   
  0.91   0.22   0.69   0.73      5      5      1   
  0.86   0.15   0.99   0.01      2      2      1   
  0.29   0.45   0.79   0.05      6      6      1   
  0.62   0.91   0.31   0.98      3      3      1   
  0.93   0.04   0.56   0.56      6      6      1   
  0.04   0.06   0.23   0.70      7      6      1   
  0.52   0.09   0.87   0.64      6      6      1   
  0.31   0.24   0.25   0.28      1      1      1   
  0.08   0.55   0.24   0.91      4      4      1   
  0.26   0.24   0.37   0.33      2      2      1   
  0.67   0.54   0.40   0.03      6      5      1   
  0.25   0.28   0.94   0.74      8      8      1   
  0.36   0.96   0.08   0.55      5      5      1   
  0.42   0.92   0.49   0.55      4      4      1   
  0.65   0.92   0.58   0.21      8      7      1   
  0.86   0.13   0.18   0.02      7      7      1   
  0.06   0.74   0.88   0.46      9      9      1   
  0.99   0.07   0.74   0.91      8      8      1   
  0.45   0.10   0.82   0.01      4      4      1   
  0.12   0.52   0.23   0.24      3      3      1   
  0.12   0.38   0.47   0.03      5      5      1   
  0.68   0.27   0.66   0.30      1      1      1   
  0.05   0.97   0.67   0.42      8      8      1   
  0.98   0.32   0.43   0.85      8      8      1   
  0.86   0.42   0.71   0.49      2      2      1   
  0.82   0.95   0.25   0.28      8      8      1   
  0.18   0.02   0.72   0.39      6      6      1   
  0.86   0.17   0.37   0.26      5      5      1   
  0.74   0.91   0.06   0.66      7      7      1   
  0.52   0.39   0.27   0.10      4      4      1   
  0.95   0.69   0.08   0.09      9      9      1   
  0.34   0.52   0.64   0.87      5      5      1   
  0.08   0.09   0.49   0.55      5      5      1   
  0.08   0.35   0.28   0.58      3      3      1   
  0.98   0.65   0.31   0.24      8      7      1   
  0.14   0.18   0.01   0.19      2      2      1   
  0.55   0.77   0.01   0.48      5      5      1   
  0.81   0.09   0.95   0.30      3      3      1   
  0.94   0.91   0.86   0.69      2      2      1   
  0.71   0.04   0.24   0.12      5      5      1   
  0.02   0.34   0.91   0.22      8      8      1   
  0.53   0.25   0.02   0.23      5      5      1   
  0.74   0.91   0.66   0.28      6      6      1   
  0.39   0.06   0.12   0.04      3      3      1   
  0.05   0.30   0.69   0.50      7      7      1   
  0.65   0.39   0.73   0.21      2      2      1   
  0.36   0.80   0.22   0.34      5      5      1   
  0.12   0.82   0.65   0.31      7      7      1   
  0.82   0.19   0.01   0.91     10     10      1   
  0.13   0.65   0.04   0.13      5      5      1   
  0.08   0.93   0.71   0.05     11     10      1   
  0.39   0.33   0.42   0.92      5      5      1   
  0.12   0.47   0.86   0.08      8      8      1   
  0.95   0.30   0.36   0.66      7      7      1   
  0.39   0.56   0.66   0.30      4      4      1   
  0.79   0.23   0.71   0.49      3      3      1   
  0.86   0.69   0.91   0.38      4      3      1   
  0.82   0.67   0.29   0.45      6      6      1   
  0.43   0.09   0.82   0.41      5      5      1   
  0.02   0.03   0.08   0.55      5      5      1   
  0.85   0.44   0.17   0.75      8      8      1   
  0.19   0.76   0.67   0.01      8      8      1   
  0.23   0.49   0.38   0.45      2      2      1   
  0.20   0.49   0.45   0.28      3      3      1   
  0.44   0.01   0.63   0.81      8      8      1   
  0.80   0.40   0.33   0.06      6      6      1   
  0.25   0.89   0.67   0.07      9      9      1   
  0.91   0.38   0.23   0.33      7      7      1   
  0.11   0.69   0.27   0.10      6      6      1   
  0.39   0.56   0.01   0.19      5      5      1   
  0.39   0.22   0.22   0.27      2      2      1   
  0.18   0.21   0.03   0.60      4      4      1   
  0.82   0.19   0.75   0.18      1      1      1   
  0.33   0.06   0.12   0.43      4      4      1   
  0.45   0.10   1.00   0.14      6      6      1   
  0.33   0.28   0.81   0.09      5      5      1   
  0.26   0.24   0.11   0.13      2      2      1   
  0.34   0.77   0.26   0.22      6      5      1   
  0.44   0.01   0.67   0.09      2      2      1   
  0.82   0.19   0.65   0.74      6      6      1   
  0.13   0.14   0.17   0.28      2      2      1   
  0.39   0.50   0.05   0.13      5      5      1   
  0.05   0.37   0.11   0.13      3      3      1   
  0.35   0.12   0.26   0.39      3      3      1   
  0.39   0.92   0.65   0.74      4      3      1   
  0.79   0.26   0.60   0.48      3      3      1   
  0.43   0.85   0.20   0.84      3      3      1   
  0.65   0.87   0.58   0.21      7      6      1   
  0.62   0.58   0.95   0.04      6      6      1   
  0.98   0.17   0.67   0.07      3      3      1   
  0.95   0.04   0.55   0.77      8      8      1   
  0.46   0.23   0.65   0.75      5      5      1   
  0.26   0.22   0.23   0.14      1      1      1   
  0.25   0.26   0.32   0.26      1      1      1   
  0.99   0.44   0.24   0.13      8      8      1   
  0.17   0.10   0.52   0.67      6      6      1   
  0.45   0.10   0.79   0.10      4      4      1   
  0.58   0.40   0.68   0.27      2      2      1   
  0.25   0.10   0.44   0.08      2      2      1   
  0.87   0.80   0.97   0.69      2      2      1   
  0.42   0.46   0.82   0.19      5      5      1   
  0.92   0.90   0.11   0.23     10     10      1   
  0.81   0.09   0.78   0.02      1      1      1   
  0.95   0.78   0.81   0.70      2      2      1   
  0.08   0.44   0.16   0.88      4      4      1   
  0.24   0.91   0.86   0.17      9      9      1   
  0.93   0.58   0.77   0.08      6      6      1   
  0.64   0.21   0.76   0.57      4      4      1   
  0.94   0.01   0.77   0.92      9      9      1   
  0.82   0.67   0.71   0.49      2      2      1   
  0.13   0.65   0.87   0.80      7      7      1   
  0.10   0.25   0.67   0.42      6      6      1   
  0.42   0.26   0.66   0.28      3      3      1   
  0.59   0.08   0.34   0.98      8      8      1   
  0.35   0.41   0.94   0.74      7      7      1   
  0.28   0.45   0.95   0.03      8      7      1   
  0.96   0.06   0.11   0.54      9      9      1   
  0.55   0.28   0.97   0.69      6      6      1   
  0.00   0.57   0.01   0.48      1      1      1   
  0.35   0.91   0.74   0.55      5      5      1   
  0.11   0.23   0.69   0.50      6      6      1   
  0.51   0.28   0.75   0.18      3      3      1   
  0.11   0.69   0.53   0.84      4      4      1   
  0.27   0.98   0.94   0.95      6      6      1   
  0.08   0.55   0.31   0.60      2      2      1   
  0.36   0.62   0.11   0.54      3      3      1   
  0.05   0.25   0.39   0.06      4      4      1   
  0.82   0.95   0.08   0.73      8      8      1   
  0.82   0.19   0.57   0.02      3      3      1   
  1.00   0.31   0.12   0.82     10     10      1   
  0.25   0.27   0.46   0.23      2      2      1   
  0.29   0.45   0.86   0.42      6      6      1   
  0.72   0.27   0.39   0.22      3      3      1   
  0.84   0.14   0.31   0.23      5      5      1   
  0.32   0.53   0.04   0.24      4      4      1   
  0.39   0.58   0.55   0.89      3      3      1   
  0.14   0.13   0.24   0.27      2      2      1   
  0.91   0.38   0.03   0.69      9      9      1   
  0.52   0.34   0.34   0.62      4      4      1   
  0.06   0.89   0.53   0.28      8      8      1   
  0.59   0.21   0.15   0.52      5      5      1   
  0.73   0.52   0.76   0.99      5      5      1   
  0.01   0.48   0.20   0.08      4      4      1   
  0.86   0.15   0.40   0.37      5      5      1   
  0.06   0.74   0.65   0.15      8      8      1   
  0.78   0.02   0.66   0.28      3      3      1   
  0.26   0.39   0.88   0.70      7      7      1   
  0.45   0.69   0.08   0.73      4      4      1   
  0.44   0.07   0.63   0.90      9      9      1   
  0.26   0.22   0.86   0.15      6      6      1   
  0.68   0.27   0.05   0.80      8      8      1   
  0.18   0.11   0.26   0.24      2      2      1   
  0.87   0.19   0.76   0.99      8      8      1   
  0.14   0.18   0.32   0.03      2      2      1   
  0.37   0.16   0.57   0.02      3      3      1   
  0.65   0.87   0.53   0.21      7      7      1   
  0.85   0.23   0.33   0.28      5      5      1   
  0.15   0.52   0.59   0.92      6      6      1   
  0.34   0.98   0.13   0.77      3      3      1   
  0.65   0.16   0.26   0.22      4      4      1   
  0.36   0.96   0.08   0.73      4      4      1   
  0.76   0.99   0.19   0.76      7      7      1   
  0.47   0.20   0.39   0.56      4      4      1   
  0.15   0.52   0.64   0.21      6      6      1   
  0.93   0.07   0.29   0.41      7      7      1   
  0.36   0.62   0.83   0.13      6      6      1   
  0.38   0.45   0.77   0.74      5      5      1   
  0.64   0.34   0.71   0.64      3      3      1   
  0.11   0.18   0.91   0.71      9      9      1   
  0.44   0.19   0.61   0.18      2      2      1   
  0.20   0.08   0.71   0.05      5      5      1   
  0.07   0.61   0.02   0.23      4      4      1   
  0.69   0.73   0.99   0.07      7      7      1   
  0.36   0.96   0.36   0.26      7      7      1   
  0.04   0.68   0.31   0.60      3      3      1   
  1.00   0.78   0.62   0.91      4      4      1   
  0.51   0.91   0.66   0.89      2      2      1   
  0.18   0.65   0.75   0.04      8      8      1   
  0.87   0.76   0.93   0.76      1      1      1   
  0.11   0.18   0.89   0.03      8      7      1   
  0.87   0.19   0.16   0.88     10      9      1   
  0.12   0.04   0.55   0.31      5      5      1   
  0.74   0.55   0.47   0.03      6      6      1   
  0.87   0.64   0.82   0.34      3      3      1   
  0.14   0.13   0.70   0.26      5      5      1   
  0.42   0.92   0.08   0.35      6      6      1   
  0.21   0.23   0.98   0.16      7      7      1   
  0.42   0.26   0.37   0.16      1      1      1   
  0.76   0.99   0.26   0.25      9      9      1   
  0.20   0.84   0.27   0.21      6      6      1   
  0.39   0.56   0.95   0.04      7      7      1   
  0.91   0.21   0.20   0.49      7      7      1   
  0.58   0.21   0.76   0.57      4      4      1   
  0.01   0.70   0.69   0.01      9      9      1   
  0.61   0.72   0.22   0.27      6      6      1   
  0.11   0.23   0.24   0.12      2      2      1   
  0.82   0.41   0.82   0.95      6      6      1   
  0.36   0.91   0.46   0.69      2      2      1   
  0.26   0.26   0.23   0.14      1      1      1   
  0.45   0.69   0.47   0.20      5      5      1   
  0.86   0.42   0.05   0.05      8      8      1   
  0.05   0.05   0.58   0.10      5      5      1   
  0.58   0.10   0.87   0.76      7      7      1   
  0.75   0.20   0.85   0.23      1      1      1   
  0.61   0.72   0.11   0.18      7      7      1   
  0.61   0.18   0.00   0.57      7      7      1   
  0.18   0.65   0.39   0.33      4      4      1   
  0.98   0.45   0.01   0.54     10      9      1   
  0.76   0.81   0.94   0.74      2      2      1   
  0.37   0.33   0.53   0.84      5      5      1   
  0.54   0.35   0.05   0.86      7      7      1   
  0.38   0.45   0.08   0.73      4      4      1   
  0.11   0.18   0.70   0.86      9      9      1   
  0.98   0.45   0.71   0.04      5      5      1   
  0.65   0.87   0.17   0.16      9      8      1   
  0.72   0.15   0.50   0.11      3      3      1   
  0.31   0.03   0.21   0.17      2      2      1   
  0.36   0.06   0.36   0.96      9      9      1   
  0.07   0.26   0.54   0.35      5      5      1   
  0.44   0.01   0.45   0.84      8      8      1   
  0.98   0.32   0.36   0.80      8      8      1   
  0.11   0.69   0.86   0.08      9      9      1   
  0.45   0.10   0.02   0.17      4      4      1   
  0.93   0.04   0.43   0.85      9      9      1   
  0.81   0.44   0.95   0.04      4      4      1   
  0.59   0.92   0.51   0.91      1      1      1   
  0.17   0.28   0.52   0.67      5      5      1   
  0.89   0.86   0.45   0.84      5      5      1   
  0.53   0.84   0.38   0.45      4      4      1   
  0.43   0.85   0.08   0.93      4      4      1   
  0.95   0.78   0.94   0.88      1      1      1   
  0.91   0.38   0.29   0.21      7      6      1   
  0.38   0.45   0.11   0.23      3      3      1   
  0.02   0.07   0.51   0.33      5      5      1   
  0.82   0.95   0.15   0.52      8      8      1   
  0.04   0.06   0.82   0.41      8      8      1   
  0.10   0.46   0.05   0.76      3      3      1   
  0.77   0.74   0.18   0.11      8      8      1   
  0.49   0.81   0.68   0.27      6      6      1   
  0.96   0.06   0.99   0.01      1      1      1   
  0.50   0.17   0.36   0.96      8      8      1   
  0.34   0.52   0.90   0.73      6      6      1   
  0.55   0.51   0.83   0.73      4      4      1   
  0.21   0.09   0.34   0.77      6      6      1   
  0.91   0.22   0.55   0.51      5      5      1   
  0.43   0.09   0.12   0.56      5      5      1   
  0.02   0.07   0.34   0.86     10      8      1   
  0.76   0.22   0.95   0.30      2      2      1   
  0.21   0.09   0.04   0.08      2      2      1   
  0.68   0.14   0.16   0.88      9      8      1   
  0.80   0.20   0.65   0.16      2      2      1   
  0.70   0.26   0.01   0.90      9      9      1   
  0.86   0.14   0.05   0.05      8      8      1   
  0.49   0.26   0.66   0.89      7      7      1   
  0.91   0.71   0.38   0.45      6      6      1   
  0.19   0.59   0.31   0.60      1      1      1   
  0.42   0.81   0.26   0.24      6      6      1   
  0.37   0.16   0.96   0.06      7      6      1   
  0.12   0.04   0.98   0.16      8      8      1   
  0.81   0.09   0.01   0.48      9      9      1   
  0.31   0.24   0.79   0.05      5      5      1   
  0.53   0.30   0.18   0.11      4      4      1   
  0.58   0.40   0.05   0.86      7      7      1   
  0.42   0.81   0.82   0.57      5      5      1   
  0.34   0.68   0.92   0.83      6      6      1   
  0.55   0.77   0.70   0.79      2      2      1   
  0.67   0.54   0.11   0.80      6      6      1   
  0.58   0.04   0.68   0.14      2      2      1   
  0.65   0.92   0.58   0.04      9      9      1   
  0.39   0.92   0.23   0.33      6      6      1   
  0.79   0.23   0.12   0.38      7      7      1   
  0.44   0.19   0.87   0.64      6      6      1   
  0.02   0.07   0.17   0.16      2      2      1   
  0.63   0.81   0.82   0.57      3      3      1   
  0.97   0.21   0.20   0.84     11     10      1   
  0.01   0.54   0.36   0.96      6      6      1   
  0.21   0.23   0.68   0.14      5      5      1   
  0.12   0.38   0.66   0.28      6      5      1   
  0.37   0.33   0.73   0.52      5      5      1   
  0.75   0.04   0.51   0.33      4      4      1   
  0.65   0.74   0.97   0.18      6      6      1   
  0.51   0.33   0.26   0.22      3      3      1   
  0.18   0.30   0.33   0.06      3      3      1   
  0.18   0.21   0.86   0.17      6      6      1   
  0.06   0.66   0.77   0.74      7      7      1   
  0.46   0.69   0.34   0.77      2      2      1   
  0.04   0.24   0.39   0.92      8      7      1   
  0.94   0.95   0.57   0.17      8      8      1   
  0.60   0.27   0.26   0.39      4      4      1   
  0.20   0.84   0.25   0.91      1      1      1   
  0.39   0.58   0.52   0.60      1      1      1   
  0.22   0.27   0.69   0.01      6      5      1   
  0.68   0.27   0.22   0.27      5      5      1   
  0.60   0.80   0.21   0.09      8      8      1   
  0.43   0.85   0.89   0.81      5      4      1   
  0.86   0.13   0.84   0.14      1      1      1   
  0.23   0.24   0.25   0.59      4      4      1   
  0.70   0.86   0.40   0.03      9      8      1   
  0.84   0.33   0.63   0.81      5      5      1   
  0.31   0.24   1.00   0.41      7      7      1   
  0.56   0.55   0.98   0.16      6      6      1   
  0.34   0.77   0.26   0.56      2      2      1   
  0.52   0.60   0.35   0.02      6      6      1   
  0.88   0.70   0.56   0.56      4      4      1   
  0.42   0.46   0.67   0.01      5      5      1   
  0.38   0.45   1.00   0.31      6      6      1   
  0.03   0.69   0.14   0.18      5      5      1   
  0.95   0.30   0.16   0.09      8      7      1   
  0.76   0.57   0.25   0.89      6      6      1   
  0.17   0.10   0.34   0.58      5      5      1   
  0.25   0.91   0.08   0.73      3      3      1   
  0.13   0.77   0.45   0.84      4      4      1   
  0.80   0.04   0.31   0.61      7      7      1   
  0.66   0.90   0.02   0.03     10     10      1   
  0.72   0.39   0.83   0.37      1      1      1   
  0.30   0.41   0.99   0.06      7      7      1   
  0.93   0.07   0.63   0.75      8      8      1   
  0.60   0.48   0.65   0.39      1      1      1   
  0.18   0.30   0.23   0.49      2      2      1   
  0.57   0.17   0.75   0.20      2      2      1   
  0.29   0.05   0.70   0.86      9      9      1   
  0.92   0.90   0.73   0.83      3      3      1   
  0.64   0.87   0.66   0.30      5      5      1   
  0.62   0.58   0.12   0.47      5      5      1   
  0.05   0.96   0.31   0.24      7      7      1   
  0.32   0.26   0.86   0.14      5      5      1   
  0.20   0.08   0.46   0.23      3      3      1   
  0.47   0.65   0.73   0.12      6      6      1   
  0.65   0.16   0.20   0.08      5      5      1   
  0.56   0.56   0.25   0.10      5      5      1   
  0.19   0.17   0.51   0.91      7      7      1   
  0.08   0.34   0.86   0.16      8      8      1   
  0.44   0.07   0.74   0.55      5      5      1   
  0.79   0.10   0.12   0.47      7      7      1   
  0.26   0.56   0.07   0.26      4      4      1   
  0.32   0.03   0.62   0.91     10      9      1   
  0.17   0.16   0.34   0.86      7      7      1   
  0.34   0.17   0.30   0.41      3      3      1   
  1.00   0.31   0.90   0.63      3      3      1   
  0.76   0.57   0.74   0.59      1      1      1   
  0.53   0.21   0.19   0.05      4      4      1   
  0.32   0.03   0.44   0.01      1      1      1   
  0.04   0.41   0.31   0.23      3      3      1   
  0.32   0.03   0.62   0.38      4      4      1   
  0.71   0.04   0.89   0.86      8      8      1   
  0.31   0.60   0.86   0.42      6      6      1   
  0.08   0.74   0.39   0.33      5      5      1   
  0.08   0.74   0.05   0.85      1      1      1   
  0.39   0.56   0.95   0.69      5      5      1   
  0.40   0.30   0.14   0.24      3      3      1   
  0.34   0.77   0.51   0.33      5      5      1   
  0.94   0.88   0.37   0.36      7      7      1   
  0.88   0.46   0.40   0.11      6      6      1   
  0.15   0.52   0.37   0.33      3      3      1   
  0.34   0.52   0.02   0.23      4      4      1   
  0.40   0.11   0.17   0.75      7      7      1   
  0.42   0.26   0.13   0.65      5      5      1   
  0.57   0.17   0.11   0.69      6      6      1   
  0.98   0.32   0.52   0.60      5      5      1   
  0.95   0.03   0.25   0.28      7      7      1   
  0.11   0.18   0.37   0.16      3      3      1   
  0.08   0.44   0.00   0.57      2      2      1   
  0.84   0.14   0.87   0.80      6      6      1   
  0.52   0.34   0.13   0.94      7      7      1   
  0.72   0.27   0.38   0.45      4      4      1   
  0.44   0.65   0.07   0.26      6      5      1   
  0.87   0.19   0.27   0.21      6      6      1   
  0.25   0.89   0.87   0.64      6      6      1   
  0.25   0.59   0.95   0.22      8      8      1   
  0.70   0.93   0.18   0.21      9      9      1   
  0.77   0.79   0.23   0.35      7      7      1   
  0.21   0.23   0.46   0.23      3      3      1   
  0.34   0.77   0.12   0.38      5      5      1   
  0.14   0.18   0.04   0.24      1      1      1   
  0.25   0.59   0.71   0.12      6      6      1   
  0.96   0.06   0.12   0.82     11     11      1   
  0.52   0.67   0.71   0.64      2      2      1   
  0.00   0.81   0.17   0.13      6      6      1   
  0.03   0.84   0.65   0.16      9      9      1   
  0.28   0.58   0.20   0.57      1      1      1   
  0.52   0.27   0.27   0.21      3      3      1   
  0.45   0.69   0.65   0.31      4      4      1   
  0.92   0.43   0.95   0.78      4      4      1   
  0.73   0.12   0.21   0.09      6      6      1   
  0.08   0.44   0.05   0.76      3      3      1   
  0.72   0.14   0.28   0.45      5      5      1   
  0.18   0.21   0.40   0.03      3      3      1   
  0.58   0.40   0.78   0.56      3      3      1   
  0.21   0.17   0.95   0.22      7      7      1   
  0.64   0.34   0.60   0.80      5      5      1   
  0.35   0.02   0.29   0.21      2      2      1   
  0.52   0.34   0.67   0.42      2      2      1   
  0.06   0.74   0.14   0.24      5      5      1   
  0.81   0.44   0.31   0.24      5      5      1   
  0.18   0.12   0.94   0.01      7      7      1   
  0.42   0.92   0.64   0.34      6      6      1   
  0.06   0.66   0.56   0.55      5      5      1   
  0.44   0.65   0.37   0.36      3      3      1   
  0.25   0.95   0.30   0.67      4      3      1   
  0.98   0.45   0.94   0.95      5      5      1   
  0.24   0.66   0.43   0.85      3      3      1   
  0.96   0.20   0.28   0.45      7      7      1   
  0.27   0.17   0.61   0.72      6      6      1   
  0.04   0.24   0.82   0.57      8      8      1   
  0.78   0.84   0.40   0.11      8      8      1   
  0.63   0.30   0.14   0.46      5      5      1   
  0.71   0.49   0.29   0.41      4      4      1   
  0.27   0.98   0.46   0.69      3      3      1   
  0.45   0.77   0.51   0.91      2      2      1   
  0.38   0.44   0.19   0.59      3      3      1   
  0.68   0.27   0.03   0.60      7      7      1   
  0.28   0.45   0.52   0.09      4      4      1   
  0.76   0.81   0.13   0.14      9      9      1   
  0.47   0.65   0.86   0.42      5      5      1   
  0.59   0.08   0.19   0.17      4      4      1   
  0.55   0.31   0.40   0.11      3      3      1   
  0.09   0.10   0.01   0.70      6      6      1   
  0.34   0.37   0.23   0.14      2      2      1   
  0.54   0.35   0.72   0.27      2      2      1   
  0.52   0.67   0.18   0.11      6      6      1   
  0.17   0.39   0.01   0.91      5      5      1   
  0.82   0.01   0.75   0.18      2      2      1   
  0.78   0.02   0.39   0.50      6      6      1   
  0.94   0.95   0.23   0.12     11     10      1   
  0.52   0.16   0.36   0.91      7      7      1   
  0.52   0.16   0.43   0.09      1      1      1   
  0.40   0.30   0.19   0.70      5      5      1   
  0.85   0.23   0.05   0.76      9      9      1   
  0.68   0.27   0.25   0.26      4      4      1   
  0.25   0.59   0.63   0.30      5      5      1   
  0.86   0.42   0.08   0.55      8      8      1   
  0.67   0.01   0.63   0.90      9      8      1   
  0.52   0.67   0.71   0.91      3      3      1   
  0.38   0.81   0.62   0.58      4      4      1   
  0.02   0.03   0.49   0.81      8      8      1   
  0.83   0.13   0.23   0.14      6      6      1   
  0.66   0.28   0.24   0.91      7      7      1   
  0.04   0.06   0.40   0.11      3      3      1   
  0.83   0.37   0.62   0.91      6      6      1   
  0.40   0.11   0.19   0.05      2      2      1   
  0.45   0.87   0.31   0.03      8      8      1   
  0.01   0.48   0.18   0.02      4      4      1   
  0.64   0.87   0.39   0.56      4      4      1   
  0.05   0.80   0.18   0.02      7      7      1   
  0.06   0.66   0.97   0.21     10      9      1   
  0.19   0.76   0.78   0.56      6      6      1   
  0.79   0.23   0.56   0.55      4      4      1   
  0.86   0.13   0.36   0.80      8      8      1   
  0.45   0.28   0.24   0.66      4      4      1   
  0.47   0.65   0.13   0.65      3      3      1   
  0.34   0.58   0.54   0.35      3      3      1   
  0.56   0.92   0.36   0.26      7      7      1   
  0.29   0.05   0.93   0.07      6      6      1   
  0.93   0.07   0.82   0.34      3      3      1   
  0.36   0.62   0.01   0.70      3      3      1   
  0.82   0.67   0.98   0.17      5      5      1   
  0.29   0.05   0.29   0.13      1      1      1   
  0.40   0.66   0.32   0.26      4      4      1   
  0.50   0.17   0.04   0.06      5      4      1   
  0.88   0.46   0.05   0.37      8      8      1   
  0.96   0.20   0.52   0.67      7      7      1   
  0.76   0.99   0.84   0.14      8      8      1   
  0.80   0.40   0.35   0.12      5      5      1   
  0.25   0.89   0.65   0.58      5      5      1   
  0.95   0.30   0.77   0.40      2      2      1   
  1.00   0.31   0.04   0.13      9      9      1   
  0.12   0.82   0.89   0.52      8      8      1   
  0.37   0.16   0.89   0.03      6      5      1   
  0.19   0.76   0.62   0.58      5      5      1   
  0.30   0.20   0.65   0.75      7      6      1   
  0.67   0.01   0.86   0.14      2      2      1   
  0.93   0.58   0.82   0.08      5      5      1   
  0.25   0.59   0.61   0.72      4      4      1   
  0.54   0.35   0.01   0.54      6      6      1   
  0.34   0.86   0.63   0.81      3      3      1   
  0.23   0.51   0.52   0.27      4      4      1   
  0.08   0.44   0.17   0.53      1      1      1   
  0.53   0.84   0.49   0.81      1      1      1   
  0.25   0.95   0.81   0.03     10     10      1   
  0.08   0.73   0.51   0.33      6      6      1   
  0.74   0.59   0.17   0.39      6      6      1   
  0.95   0.30   0.19   0.59      8      8      1   
  0.79   0.94   0.00   0.57      9      8      1   
  0.32   0.26   0.40   0.66      4      4      1   
  0.40   0.03   0.23   0.51      5      5      1   
  0.05   0.96   0.23   0.51      5      5      1   
