  0.17   0.81   0.97   0.87      8      8      1   
  0.22   0.71   0.52   0.07      7      7      1   
  0.01   0.94   0.34   0.99      3      3      1   
  0.38   0.32   0.15   0.31      2      2      1   
  0.15   0.48   0.17   0.66      2      2      1   
  0.57   0.25   0.40   0.46      3      3      1   
  0.05   0.12   0.62   0.15      5      5      1   
  0.96   0.75   0.06   0.47      9      9      1   
  0.03   0.13   0.32   0.02      3      3      1   
  0.47   0.89   0.21   0.40      6      5      1   
  0.65   0.16   0.12   0.61      7      7      1   
  0.70   0.52   0.53   0.18      4      4      1   
  0.15   0.92   0.42   0.23      7      7      1   
  0.85   0.54   0.30   0.84      6      6      1   
  0.91   0.47   0.18   0.22      7      7      1   
  0.74   0.38   0.49   0.11      3      3      1   
  0.27   0.04   0.52   0.06      3      3      1   
  0.50   0.49   0.27   0.23      4      4      1   
  0.59   0.71   0.24   0.03      8      7      1   
  0.44   0.79   0.01   0.99      4      4      1   
  0.98   0.06   0.65   0.16      3      3      1   
  0.43   0.36   0.91   0.69      5      5      1   
  0.70   0.21   0.44   0.15      3      3      1   
  0.26   0.86   0.06   0.14      7      7      1   
  0.24   0.17   0.61   0.06      4      4      1   
  1.00   0.10   0.33   0.37      7      7      1   
  0.11   0.20   0.30   0.27      2      2      1   
  0.14   0.38   0.98   0.06      8      8      1   
  0.43   0.63   0.98   0.19      7      7      1   
  0.25   0.73   0.76   0.92      5      5      1   
  0.56   0.97   0.99   0.27      8      8      1   
  0.28   0.98   0.65   0.59      5      5      1   
  0.28   0.20   0.91   0.47      7      7      1   
  0.44   0.62   0.14   0.03      7      7      1   
  0.25   0.67   0.01   0.47      3      3      1   
  0.58   0.29   0.02   0.44      6      6      1   
  0.59   0.27   0.86   0.03      4      4      1   
  0.60   0.63   0.47   0.77      2      2      1   
  0.38   0.86   0.13   0.16      8      7      1   
  0.53   0.44   0.67   0.83      4      4      1   
  0.09   0.98   0.98   0.19     12     11      1   
  0.52   0.06   0.27   0.23      3      3      1   
  0.66   0.43   0.51   0.60      2      2      1   
  0.70   0.67   0.76   0.43      2      2      1   
  0.94   0.16   0.21   0.22      7      7      1   
  0.88   0.01   0.69   0.96     10      9      1   
  0.98   0.86   0.26   0.96      7      7      1   
  0.49   0.99   0.49   0.64      3      3      1   
  0.30   0.84   0.34   0.40      5      4      1   
  0.22   0.53   0.28   0.79      3      3      1   
  0.44   0.62   0.28   0.79      3      3      1   
  0.91   0.87   0.41   0.80      5      5      1   
  0.15   0.31   0.55   0.38      4      4      1   
  0.36   0.49   0.67   0.83      5      5      1   
  0.60   0.63   0.26   0.47      4      4      1   
  0.38   0.87   0.11   0.01      9      8      1   
  0.33   0.40   0.09   0.98      6      6      1   
  0.32   0.02   0.81   0.01      5      5      1   
  0.96   0.83   0.70   0.67      3      3      1   
  0.09   0.76   0.55   0.64      5      5      1   
  0.56   0.14   0.38   0.86      7      7      1   
  0.13   0.72   0.53   0.14      7      7      1   
  0.80   0.45   0.13   0.80      8      8      1   
  0.25   0.26   0.04   0.33      2      2      1   
  0.49   0.64   0.17   0.54      3      3      1   
  0.03   0.13   0.20   0.81      6      6      1   
  0.53   0.48   0.97   0.87      6      6      1   
  0.19   0.11   0.23   0.55      4      4      1   
  0.34   0.99   0.62   0.15      9      9      1   
  0.58   0.63   0.59   0.27      3      3      1   
  0.29   0.99   0.69   0.83      5      5      1   
  0.65   0.29   0.47   0.01      3      3      1   
  0.51   0.60   0.91   0.47      4      4      1   
  0.64   0.27   0.13   0.20      5      5      1   
  0.67   0.83   0.10   0.04      9      9      1   
  0.02   0.96   0.22   0.53      5      5      1   
  0.38   0.85   0.94   0.16      8      8      1   
  0.21   0.06   0.44   0.79      7      7      1   
  0.13   0.72   0.61   0.83      5      5      1   
  0.20   0.01   0.36   0.49      5      5      1   
  0.85   0.36   0.81   0.57      2      2      1   
  0.38   0.85   0.45   0.70      2      2      1   
  0.38   0.85   0.29   0.98      2      2      1   
  0.61   0.83   0.63   0.40      4      4      1   
  0.05   0.32   0.02   0.11      2      2      1   
  0.94   0.39   0.08   0.03      8      8      1   
  0.06   0.14   0.53   0.18      4      4      1   
  0.06   0.14   0.58   0.93     10      9      1   
  0.85   0.29   0.38   0.32      5      5      1   
  0.07   0.41   0.89   0.49      8      8      1   
  0.25   0.02   0.47   0.79      7      7      1   
  0.78   0.43   0.84   0.18      3      3      1   
  0.11   0.92   0.95   0.93      8      8      1   
  0.42   0.23   0.99   0.23      5      5      1   
  0.67   0.24   0.12   0.73      7      7      1   
  0.18   0.52   0.08   0.03      5      5      1   
  0.84   0.92   0.49   0.85      4      4      1   
  0.53   0.48   0.43   0.31      2      2      1   
  0.21   0.40   0.57   0.25      4      4      1   
  0.21   0.06   0.86   0.42      7      7      1   
  0.54   0.48   0.65   0.38      2      2      1   
  0.59   0.93   0.98   0.22      8      8      1   
  0.45   0.97   0.29   0.99      2      2      1   
  0.08   0.09   0.89   0.49      9      8      1   
  0.22   0.90   0.18   0.22      6      6      1   
  0.49   0.11   0.08   0.39      5      5      1   
  0.46   0.24   0.60   0.66      5      5      1   
  0.24   0.28   0.34   0.85      5      5      1   
  0.10   0.04   0.99   0.27      8      8      1   
  0.17   0.20   0.47   0.50      4      4      1   
  0.56   0.97   0.64   0.61      4      4      1   
  0.40   0.85   0.52   0.07      8      8      1   
  0.70   0.52   0.15   0.12      7      7      1   
  0.53   0.27   0.93   0.02      5      5      1   
  0.78   0.46   0.93   0.00      4      4      1   
  0.62   0.80   0.15   0.55      5      5      1   
  0.92   0.64   0.99   0.23      5      4      1   
  0.10   0.62   0.59   0.93      6      6      1   
  0.05   0.81   0.49   0.85      4      4      1   
  0.12   0.61   0.55   0.64      5      5      1   
  0.59   0.71   0.24   0.03      8      7      1   
  0.08   0.09   0.43   0.63      7      7      1   
  0.11   0.10   0.95   0.86     11     11      1   
  0.30   0.84   0.53   0.15      7      7      1   
  0.27   0.33   0.12   0.61      3      3      1   
  0.27   0.33   0.37   0.01      3      3      1   
  0.38   0.87   0.04   0.09      8      8      1   
  0.76   0.92   0.58   0.29      6      6      1   
  0.84   0.18   0.98   0.19      2      2      1   
  0.42   0.40   0.74   0.38      3      3      1   
  0.57   0.25   0.23   0.78      7      7      1   
  0.12   0.11   0.36   0.02      3      3      1   
  0.46   0.42   0.01   0.03      5      5      1   
  0.91   0.69   0.93   0.02      6      6      1   
  0.37   0.19   0.03   0.13      3      3      1   
  0.01   0.96   0.25   0.73      3      3      1   
  0.93   0.94   0.85   0.29      6      6      1   
  0.40   0.76   0.69   0.96      3      3      1   
  0.37   0.01   0.08   0.31      4      4      1   
  0.63   0.57   0.45   0.88      4      4      1   
  0.58   0.97   0.95   0.93      4      4      1   
  0.17   0.20   0.27   0.12      1      1      1   
  0.19   0.51   0.67   0.83      7      6      1   
  0.49   0.10   0.58   0.29      2      2      1   
  0.41   0.05   0.47   0.01      1      1      1   
  0.06   0.50   0.26   0.93      4      4      1   
  0.41   0.05   0.07   0.13      3      3      1   
  0.02   0.11   0.11   0.20      1      1      1   
  0.02   0.44   0.01   0.96      5      5      1   
  0.91   0.87   0.63   0.27      7      7      1   
  0.08   0.39   0.87   0.15      8      8      1   
  0.81   0.18   0.52   0.74      6      6      1   
  0.85   0.31   0.29   0.00      6      6      1   
  0.27   0.33   0.24   0.69      3      3      1   
  0.19   0.30   0.95   0.62      8      8      1   
  0.28   0.20   0.02   0.96      7      7      1   
  0.11   0.92   0.03   0.59      3      3      1   
  0.65   0.63   0.64   0.27      3      3      1   
  0.49   0.64   0.95   0.93      6      6      1   
  0.13   1.00   0.72   0.57      7      7      1   
  0.36   0.02   0.94   0.38      6      6      1   
  0.79   0.30   0.05   0.12      7      7      1   
  1.00   0.25   0.51   0.65      7      6      1   
  0.01   0.85   0.44   0.15      8      8      1   
  0.57   0.00   0.78   0.46      5      5      1   
  0.78   0.46   0.51   0.60      3      3      1   
  0.22   0.80   0.40   0.71      2      2      1   
  0.41   0.05   0.55   0.32      3      3      1   
  0.24   0.45   0.40   0.72      4      3      1   
  0.52   0.07   0.51   0.71      6      6      1   
  0.47   0.83   0.06   0.28      7      6      1   
  0.02   0.96   0.77   0.51      8      8      1   
  0.22   0.71   0.49   0.37      5      5      1   
  0.23   0.58   0.65   0.00      7      7      1   
  0.18   0.88   0.20   0.56      3      3      1   
  0.17   0.20   0.56   0.68      6      6      1   
  0.08   0.39   0.14   0.17      2      2      1   
  0.44   0.43   0.97   0.87      7      7      1   
  0.87   0.24   0.08   0.49      8      8      1   
  0.01   0.85   0.55   0.22      8      8      1   
  0.01   0.96   0.41   0.44      7      6      1   
  0.45   0.96   0.16   0.05      8      8      1   
  0.78   0.46   0.49   0.64      3      3      1   
  0.04   0.09   0.16   0.56      5      5      1   
  0.92   0.43   0.94   0.15      3      3      1   
  0.12   0.11   0.15   0.50      4      4      1   
  0.66   0.63   0.51   0.71      2      2      1   
  0.18   0.02   0.83   0.13      8      7      1   
  0.98   0.06   0.66   0.43      5      5      1   
  0.98   0.19   0.29   0.99     10     10      1   
  0.56   0.37   0.49   0.98      6      6      1   
  0.27   0.23   0.94   0.16      7      7      1   
  0.72   0.48   0.35   0.14      5      5      1   
  0.15   0.50   0.49   0.64      4      4      1   
  0.10   0.94   0.56   0.40      7      7      1   
  0.13   0.20   0.55   0.22      5      5      1   
  0.51   0.60   0.21   0.61      4      4      1   
  0.11   0.10   0.29   0.13      2      2      1   
  0.16   0.57   0.96   0.75      8      8      1   
  0.23   0.94   0.48   0.90      3      3      1   
  0.20   0.56   0.95   0.28      7      7      1   
  0.38   0.85   0.13   0.16      7      7      1   
  0.08   0.31   0.91   0.87     10     10      1   
  0.88   0.01   0.79   0.30      3      3      1   
  0.19   0.56   0.30   0.25      3      3      1   
  0.05   0.32   0.03   0.50      2      2      1   
  0.09   0.98   0.17   0.97      1      1      1   
  0.38   0.74   1.00   0.10      9      8      1   
  0.64   0.61   0.47   0.33      3      3      1   
  0.56   0.26   0.72   0.57      4      4      1   
  0.17   0.54   0.16   0.56      1      1      1   
  0.40   0.22   0.76   0.43      4      4      1   
  0.05   0.70   0.22   0.42      3      3      1   
  0.77   0.51   0.41   0.80      4      4      1   
  0.93   0.02   0.86   0.03      1      1      1   
  0.47   0.50   0.23   0.78      4      4      1   
  0.38   0.63   0.19   0.51      3      3      1   
  0.81   0.18   0.67   0.24      2      2      1   
  0.33   0.93   0.26   0.09      8      8      1   
  0.42   0.26   0.63   0.39      3      3      1   
  0.96   0.75   0.14   0.17     10     10      1   
  0.71   0.07   0.76   0.55      5      5      1   
  0.81   0.40   0.11   0.50      7      7      1   
  0.29   0.13   0.44   0.65      5      5      1   
  0.03   0.50   0.02   0.39      1      1      1   
  0.33   0.40   0.88   0.03      6      6      1   
  0.96   0.75   0.47   0.33      6      6      1   
  0.40   0.16   0.08   0.75      6      6      1   
  0.26   0.96   0.18   0.52      4      4      1   
  0.97   0.36   0.13   0.16      8      8      1   
  0.74   0.10   0.65   0.29      2      2      1   
  0.26   0.09   0.65   0.59      7      6      1   
  0.62   0.51   0.32   0.06      5      5      1   
  0.98   0.22   0.44   0.65      7      7      1   
  0.42   0.60   0.47   0.33      3      3      1   
  0.38   0.32   0.45   0.88      6      6      1   
  0.70   0.21   0.65   0.15      1      1      1   
  0.26   0.09   0.25   0.67      5      5      1   
  0.44   0.62   0.72   0.48      3      3      1   
  0.25   0.67   0.36   0.49      3      3      1   
  0.60   0.08   0.89   0.49      5      5      1   
  0.45   0.11   0.19   0.30      3      3      1   
  0.53   0.15   1.00   0.10      4      4      1   
  0.48   0.45   0.94   0.15      5      5      1   
  0.11   0.29   0.27   0.50      3      3      1   
  0.02   0.44   0.86   0.42      8      8      1   
  0.25   0.73   0.95   0.93      7      7      1   
  0.99   0.70   0.76   0.90      3      3      1   
  0.91   0.69   0.65   0.24      5      5      1   
  0.04   0.33   0.64   0.63      6      6      1   
  0.84   0.92   0.17   0.97      7      7      1   
  0.22   0.07   0.35   0.96      8      8      1   
  0.94   0.38   0.03   0.59      9      9      1   
  0.67   0.76   0.07   0.41      7      7      1   
  0.53   0.27   0.53   0.48      2      2      1   
  0.57   0.12   0.95   0.28      4      4      1   
  0.44   0.79   0.04   0.55      5      5      1   
  0.83   0.75   0.01   0.03     10     10      1   
  0.15   0.00   0.43   0.36      5      4      1   
  0.71   0.79   0.99   0.19      6      6      1   
  0.68   0.33   0.44   0.43      3      3      1   
  0.35   0.96   0.98   0.86      6      6      1   
  0.25   0.02   0.77   0.51      7      7      1   
  0.08   0.49   0.10   0.62      1      1      1   
  0.97   0.82   0.49   0.37      6      6      1   
  0.16   0.09   0.51   0.19      4      4      1   
  0.17   0.88   0.56   0.68      5      4      1   
  0.92   0.64   0.83   0.13      5      5      1   
  0.05   1.00   0.26   0.47      5      5      1   
  0.05   0.76   0.56   0.97      5      5      1   
  0.02   0.32   0.80   0.36      7      7      1   
  0.08   0.90   0.71   0.07     10     10      1   
  0.87   0.27   0.12   0.73      9      9      1   
  0.38   0.69   0.05   0.32      5      5      1   
  0.08   0.09   0.56   0.26      5      5      1   
  0.78   0.82   0.99   0.97      3      3      1   
  0.07   0.13   0.87   0.50      9      8      1   
  0.74   0.80   0.30   0.83      4      4      1   
  0.60   0.66   0.33   0.37      4      4      1   
  0.87   0.24   0.58   0.29      3      3      1   
  0.03   0.42   0.53   0.14      5      5      1   
  0.92   0.64   0.99   0.19      5      5      1   
  0.84   0.89   0.51   0.19      8      8      1   
  0.40   0.85   0.97   0.36      7      7      1   
  0.47   0.01   0.95   0.86      9      9      1   
  0.38   0.86   0.44   0.65      2      2      1   
  0.20   0.01   0.49   0.99     10     10      1   
  0.36   0.49   0.24   0.57      2      2      1   
  0.47   0.79   0.99   0.27      7      7      1   
  0.03   0.22   0.97   0.46      9      9      1   
  0.14   0.17   0.17   0.66      5      5      1   
  0.32   0.02   0.03   0.39      4      4      1   
  0.64   0.63   0.18   0.12      7      7      1   
  0.04   0.55   0.24   0.78      3      3      1   
  0.87   0.74   0.76   0.90      2      2      1   
  0.79   0.83   0.47   0.79      4      4      1   
  0.95   0.93   0.37   0.19      9      9      1   
  0.42   0.40   0.44   0.43      1      1      1   
  0.20   0.81   0.72   0.48      6      6      1   
  0.83   0.13   0.72   0.57      5      5      1   
  0.13   0.20   0.15   0.50      3      3      1   
  0.13   0.72   0.30   0.29      4      4      1   
  0.05   1.00   0.17   0.97      1      1      1   
  0.07   0.41   0.12   0.11      3      3      1   
  0.47   0.77   0.98   0.86      6      6      1   
  0.20   0.56   0.98   0.34      8      8      1   
  0.85   0.10   0.83   0.32      3      3      1   
  0.41   0.48   0.65   0.59      3      3      1   
  0.93   0.00   0.11   0.50      9      9      1   
  0.41   0.80   0.37   0.19      6      6      1   
  1.00   0.10   0.38   0.86      9      9      1   
  0.45   0.88   0.38   0.87      1      1      1   
  0.40   0.22   0.60   0.66      5      5      1   
  0.57   0.25   0.58   0.29      1      1      1   
  0.03   0.39   0.97   0.87     11     11      1   
  0.98   0.06   0.55   0.22      4      4      1   
  0.08   0.90   0.32   0.06      8      8      1   
  0.56   0.58   0.94   0.15      6      6      1   
  0.09   0.76   0.42   0.26      6      6      1   
  0.65   0.15   0.03   0.39      6      6      1   
  0.81   0.18   0.26   0.58      7      7      1   
  0.03   0.50   0.93   0.00      9      9      1   
  0.16   0.09   0.94   0.39      8      8      1   
  0.03   0.13   0.03   0.39      3      3      1   
  0.37   0.19   0.15   0.92      7      7      1   
  0.27   0.04   0.85   0.36      6      6      1   
  0.85   0.29   0.24   0.28      6      6      1   
  0.82   0.75   0.01   0.47      9      8      1   
  0.86   0.42   0.08   0.90      8      8      1   
  0.60   0.66   0.85   0.36      4      4      1   
  0.06   0.50   0.21   0.53      2      2      1   
  0.65   0.34   0.32   0.11      4      4      1   
  0.46   0.01   0.04   0.55      7      6      1   
  0.08   0.39   0.02   0.32      1      1      1   
  0.49   0.85   0.02   0.27      7      7      1   
  0.56   0.67   0.82   0.75      3      3      1   
  0.05   0.26   0.92   0.18      8      8      1   
  0.84   0.92   0.98   0.22      8      8      1   
  0.86   0.92   0.85   0.54      4      4      1   
  0.30   0.83   0.24   0.28      5      5      1   
  0.11   0.48   0.50   0.55      4      4      1   
  0.05   0.12   0.46   0.42      5      5      1   
  0.82   0.75   0.16   0.05      9      9      1   
  0.06   0.50   1.00   0.25      9      9      1   
  0.08   0.09   0.08   0.75      7      6      1   
  0.59   0.71   0.52   0.74      1      1      1   
  0.07   0.61   0.51   0.71      5      5      1   
  0.46   0.01   0.65   0.24      3      3      1   
  0.01   0.12   0.18   0.52      4      4      1   
  0.87   0.75   0.01   0.03     10     10      1   
  0.72   0.48   0.27   0.83      6      6      1   
  0.63   0.45   0.42   0.26      3      3      1   
  0.60   0.63   0.44   0.15      5      5      1   
  0.26   0.05   0.26   0.09      1      1      1   
  0.69   0.96   0.26   0.05      9      9      1   
  0.01   0.12   0.57   0.25      6      6      1   
  0.07   0.41   0.81   0.18      7      7      1   
  0.38   0.87   0.58   0.93      2      2      1   
  0.08   0.75   0.89   0.66      8      8      1   
  0.43   0.31   0.87   1.00      8      8      1   
  0.47   0.01   0.98   0.84      9      9      1   
  0.72   0.80   0.17   0.54      6      6      1   
  0.01   0.43   0.00   0.73      3      3      1   
  0.07   0.13   0.48   0.23      4      4      1   
  0.11   0.10   0.24   0.78      6      6      1   
  0.36   0.05   0.65   0.24      3      3      1   
  0.82   0.75   0.40   0.16      7      7      1   
  0.58   0.29   0.82   0.75      6      5      1   
  0.98   0.06   0.74   0.10      2      2      1   
  0.74   0.30   0.03   0.59      7      7      1   
  0.12   0.61   0.08   0.03      5      5      1   
  0.27   0.04   0.64   0.74      7      7      1   
  0.93   0.94   0.51   0.65      6      6      1   
  0.15   0.00   0.69   0.13      5      5      1   
  0.06   0.47   0.05   1.00      5      5      1   
  0.55   0.22   0.65   0.00      3      3      1   
  0.86   0.42   0.42   0.26      4      4      1   
  0.06   0.14   0.74   0.30      7      7      1   
  0.49   0.11   0.44   0.65      5      5      1   
  0.70   0.16   0.38   0.85      7      7      1   
  0.57   0.02   0.03   0.28      6      6      1   
  0.41   0.05   0.48   0.23      2      2      1   
  0.49   0.11   0.47   0.77      6      6      1   
  0.33   0.80   0.85   0.00      9      9      1   
  0.18   0.88   0.53   0.44      5      5      1   
  0.11   0.50   0.21   0.53      1      1      1   
  0.05   0.26   0.99   0.23      9      9      1   
  0.09   0.98   0.05   0.12      8      8      1   
  0.38   0.69   0.43   0.36      3      3      1   
  0.14   0.17   0.76   0.90      9      9      1   
  0.43   0.62   0.10   0.24      6      6      1   
  0.65   0.63   0.08   0.31      6      6      1   
  0.37   0.19   0.63   0.45      4      4      1   
  0.08   0.90   0.03   0.28      6      6      1   
  0.43   0.36   0.49   0.37      1      1      1   
  0.76   0.55   0.47   0.89      5      4      1   
  0.62   0.15   0.94   0.39      4      4      1   
  0.87   0.75   0.26   0.58      7      7      1   
  0.38   0.17   0.12   0.61      5      5      1   
  0.38   0.69   0.64   0.74      3      3      1   
  0.64   0.74   0.36   0.36      5      5      1   
  0.95   0.25   0.01   0.85     11     11      1   
  0.89   0.49   0.81   0.62      2      2      1   
  0.84   0.92   0.17   0.88      7      7      1   
  0.49   0.11   0.26   0.96      8      8      1   
  0.18   0.22   0.16   0.57      4      4      1   
  0.34   0.85   0.04   0.33      5      5      1   
  0.38   0.87   0.65   0.34      6      6      1   
  0.73   0.40   0.49   0.37      3      3      1   
  0.15   0.50   0.40   0.85      4      4      1   
  0.58   0.97   0.76   0.12      9      9      1   
  0.04   0.55   0.07   0.61      1      1      1   
  0.03   0.39   0.21   0.80      4      4      1   
  0.04   0.78   0.27   0.22      6      6      1   
  0.65   0.51   0.38   0.17      4      4      1   
  0.52   0.06   0.67   0.86      7      7      1   
  0.34   0.99   0.11   0.01      9      9      1   
  0.59   0.83   0.48   0.24      6      6      1   
  0.70   0.16   0.59   0.27      2      2      1   
  0.64   0.74   0.22   0.53      5      5      1   
  0.28   0.01   0.40   0.72      6      6      1   
  0.19   0.30   0.64   0.74      6      6      1   
  0.96   0.75   0.30   0.75      6      6      1   
  0.56   0.68   0.43   0.62      2      2      1   
  0.71   0.79   0.13   0.46      7      7      1   
  0.93   0.02   0.87   0.11      1      1      1   
  0.24   0.78   0.45   0.11      7      7      1   
  0.76   0.12   0.89   0.49      4      4      1   
  0.08   0.45   0.19   0.15      3      3      1   
  0.03   0.39   0.57   0.25      6      6      1   
  0.98   0.34   0.32   0.73      8      8      1   
  0.59   0.71   0.07   0.13      7      7      1   
  0.49   0.99   0.07   0.41      7      7      1   
  0.21   0.80   0.54   0.48      5      5      1   
  0.24   0.03   0.44   0.79      7      7      1   
  0.03   0.39   0.30   0.84      5      5      1   
  0.74   0.50   0.45   0.96      5      5      1   
  0.03   0.13   0.60   0.66      8      8      1   
  0.24   0.03   0.33   0.37      3      3      1   
  0.63   0.57   0.36   0.36      3      3      1   
  0.10   0.24   0.13   0.72      5      5      1   
  0.13   1.00   0.70   0.21      9      9      1   
  0.76   0.12   0.38   0.87      8      8      1   
  0.23   0.58   0.09   1.00      4      4      1   
  0.79   0.32   0.47   0.79      5      5      1   
  0.65   0.59   0.82   0.75      3      3      1   
  0.10   0.62   0.97   0.36      8      8      1   
  0.29   0.99   0.05   0.12      8      8      1   
  0.06   0.14   0.08   0.90      7      7      1   
  0.89   0.90   0.08   0.75      8      8      1   
  0.14   0.17   0.18   0.88      7      7      1   
  0.08   0.90   0.40   0.76      3      3      1   
  0.98   0.06   0.66   0.44      5      5      1   
  0.92   0.43   0.19   0.56      8      8      1   
  0.56   0.37   0.26   0.47      3      3      1   
  0.06   0.14   0.52   0.07      5      5      1   
  0.28   0.98   0.63   0.40      7      7      1   
  0.81   0.57   0.15   0.55      7      6      1   
  0.05   0.81   0.14   0.17      6      6      1   
  0.38   0.32   0.45   0.88      6      6      1   
  0.06   0.28   0.26   0.96      6      6      1   
  0.22   0.71   0.19   0.51      2      2      1   
  0.32   0.73   0.74   0.10      8      8      1   
  0.74   0.30   0.42   0.40      4      4      1   
  0.47   0.89   0.63   0.40      5      5      1   
  0.64   0.63   0.45   0.97      4      4      1   
  0.03   0.39   0.98   0.84     11     11      1   
  0.34   0.85   0.68   0.33      6      6      1   
  0.30   0.84   0.85   0.36      7      6      1   
  0.14   0.17   0.02   0.44      3      3      1   
  0.89   0.90   0.32   0.73      6      6      1   
  0.35   0.14   0.34   0.85      7      7      1   
  0.43   0.62   0.70   0.21      5      5      1   
  0.59   0.27   1.00   0.25      4      4      1   
  0.65   0.63   0.10   0.62      6      6      1   
  0.27   0.23   0.34   0.40      2      2      1   
  0.23   0.58   0.57   0.00      6      6      1   
  0.01   0.12   0.00   0.40      3      3      1   
  0.01   0.47   0.24   0.69      3      3      1   
  0.24   0.78   0.92   0.43      8      8      1   
  0.06   0.38   0.92   0.78     10     10      1   
  0.87   0.75   0.56   0.37      5      5      1   
  0.97   0.87   0.64   0.61      5      5      1   
  0.02   0.27   0.37   0.01      4      4      1   
  0.19   0.51   0.03   0.28      3      3      1   
  0.75   0.89   0.63   0.27      6      6      1   
  0.81   0.18   0.36   0.02      4      4      1   
  0.74   0.30   0.92   0.18      2      2      1   
  0.02   0.27   0.92   0.18      8      8      1   
  0.47   0.89   0.12   0.73      4      4      1   
  0.01   0.94   0.42   0.40      7      7      1   
  0.16   0.05   0.56   0.97      9      9      1   
  0.35   0.96   0.47   0.77      2      2      1   
  0.05   0.70   0.87   0.24      9      9      1   
  0.17   0.54   0.87   0.50      7      7      1   
  0.21   0.06   0.28   0.20      2      2      1   
  0.34   0.85   0.98   0.86      6      6      1   
  0.05   0.32   0.95   0.74     10     10      1   
  0.01   0.09   0.19   0.15      2      2      1   
  0.85   0.54   0.06   0.38      8      8      1   
  0.03   0.42   0.70   0.21      7      7      1   
  0.60   0.93   0.95   0.74      4      4      1   
  0.03   0.28   0.29   0.98      7      7      1   
  0.21   0.80   0.26   0.09      6      6      1   
  0.16   0.27   0.59   0.71      6      6      1   
  0.51   0.60   0.81   0.28      4      4      1   
  0.37   0.01   0.05   0.81      8      8      1   
  0.01   0.99   0.87   0.02     12     12      1   
  0.14   0.17   0.42   0.40      4      4      1   
  0.18   0.52   0.08   0.96      5      5      1   
  0.83   0.13   0.72   0.48      4      4      1   
  0.06   0.38   0.64   0.90      8      8      1   
  0.85   0.36   0.81   0.18      2      2      1   
  0.42   0.31   0.01   0.99      7      7      1   
  0.16   0.27   0.27   0.33      1      1      1   
  0.02   0.96   0.93   0.02     13     12      1   
  0.98   0.06   0.87   0.75      7      7      1   
  0.44   0.15   0.05   0.26      4      4      1   
  0.19   0.11   0.86   0.92     10     10      1   
  0.91   0.69   0.26   0.58      7      7      1   
  0.00   0.73   0.49   0.64      4      4      1   
  0.98   0.86   0.23   0.85      7      7      1   
  0.35   0.96   0.17   0.97      2      2      1   
  0.00   0.73   0.34   0.85      3      3      1   
  0.34   0.85   0.01   0.96      3      3      1   
  0.17   0.81   0.22   0.53      3      3      1   
  0.26   0.62   0.36   0.05      6      5      1   
  0.02   0.96   0.97   0.87      9      9      1   
  0.23   0.85   0.92   0.64      7      7      1   
  0.02   0.96   0.20   0.01      9      9      1   
  0.91   0.69   0.25   0.26      8      8      1   
  0.33   0.40   0.22   0.80      4      4      1   
  0.44   0.15   0.17   0.97      9      8      1   
  0.44   0.79   0.64   0.74      2      2      1   
  0.59   0.83   0.50   0.49      4      4      1   
  0.00   0.73   0.86   0.42      9      8      1   
  0.08   0.02   0.70   0.21      6      6      1   
  0.07   0.61   1.00   0.41     10     10      1   
  0.41   0.80   0.26   0.95      2      2      1   
  0.70   0.21   0.93   0.02      3      3      1   
  0.89   0.49   0.20   0.01      8      8      1   
  0.40   0.22   0.46   0.42      2      2      1   
  0.19   0.51   0.51   0.72      5      5      1   
  0.21   0.06   0.23   0.40      3      3      1   
  0.56   0.37   0.05   0.12      6      6      1   
  0.56   0.99   0.81   0.57      5      5      1   
  0.80   0.36   0.65   0.59      3      3      1   
  0.59   0.93   0.69   0.10      8      8      1   
  0.89   0.49   0.01   0.47      8      8      1   
  0.40   0.76   0.69   0.10      7      7      1   
  0.17   0.54   0.97   0.82      8      8      1   
  0.43   0.62   0.38   0.32      3      3      1   
  0.25   0.73   0.06   0.38      4      4      1   
  0.91   0.87   0.05   0.76      8      8      1   
  0.71   0.07   0.98   0.84      9      8      1   
  0.47   0.50   0.77   0.51      3      3      1   
  0.11   0.92   0.88   0.03     11     11      1   
  0.56   0.26   0.58   0.34      1      1      1   
  0.40   0.72   0.19   0.15      6      6      1   
  0.57   0.92   0.98   0.34      8      7      1   
  0.83   0.32   0.87   0.02      3      3      1   
  0.47   0.50   0.07   0.51      4      4      1   
  0.33   0.80   0.08   0.45      4      4      1   
  0.15   0.31   0.99   0.88     10     10      1   
  0.32   0.02   0.35   0.14      1      1      1   
  0.01   0.43   0.10   0.04      4      4      1   
  0.55   0.32   0.98   0.86      7      7      1   
  0.77   0.09   0.40   0.22      4      4      1   
  0.41   0.48   0.40   0.85      4      4      1   
  0.04   0.33   0.25   0.73      4      4      1   
  0.59   0.93   0.17   0.69      5      5      1   
  0.55   0.22   0.11   0.50      6      6      1   
  0.32   0.73   0.57   0.02      7      7      1   
  0.85   0.54   0.53   0.15      5      5      1   
  0.67   0.83   0.12   0.11      8      8      1   
  0.40   0.22   0.18   0.88      7      6      1   
  0.56   0.37   0.15   0.55      4      4      1   
  0.57   0.92   0.72   0.80      2      2      1   
  0.95   0.28   0.77   0.51      3      3      1   
  0.17   0.66   0.85   0.31      8      8      1   
  0.21   0.61   0.97   0.46      8      8      1   
  0.23   0.55   0.44   0.79      3      3      1   
  0.98   0.19   0.53   0.15      4      4      1   
  0.26   0.90   0.34   0.99      1      1      1   
  0.18   0.22   0.59   0.27      4      4      1   
  0.84   0.18   0.20   0.81      9      9      1   
  0.91   0.69   0.18   0.22      8      8      1   
  0.56   0.97   0.63   0.39      6      6      1   
  0.20   0.01   0.79   0.32      7      7      1   
  0.21   0.53   0.12   0.61      1      1      1   
  0.49   0.85   0.84   0.18      7      7      1   
  0.65   0.94   0.97   0.36      6      6      1   
  0.71   0.99   0.86   0.03      9      9      1   
  0.93   0.61   0.64   0.53      3      3      1   
  0.13   0.80   0.65   0.38      8      7      1   
  0.94   0.38   0.26   0.09      7      7      1   
  0.08   0.03   0.18   0.02      1      1      1   
  0.13   0.20   0.21   0.06      2      2      1   
  0.19   0.51   0.16   0.65      2      2      1   
  0.83   0.13   0.81   0.28      2      2      1   
  0.25   0.73   0.74   0.30      7      7      1   
  0.95   0.93   0.19   0.51     10      9      1   
  0.06   0.38   0.98   0.34      9      9      1   
  0.08   0.49   0.15   0.55      1      1      1   
  0.88   0.01   0.60   0.63      6      6      1   
  0.65   0.59   0.78   0.15      5      5      1   
  0.64   0.63   0.19   0.51      6      5      1   
  0.57   0.92   0.02   0.11     10      9      1   
  0.60   0.66   0.09   1.00      6      6      1   
  0.85   0.36   0.19   0.30      7      6      1   
  0.09   0.76   0.45   0.96      4      4      1   
  0.58   0.93   0.82   0.75      3      3      1   
  0.80   0.45   0.02   0.32      8      8      1   
  0.18   0.88   0.24   0.57      3      3      1   
  0.42   0.23   0.40   0.82      5      5      1   
  0.47   0.01   0.61   0.06      2      2      1   
  0.45   0.11   0.33   0.80      6      6      1   
  0.62   0.15   0.74   0.10      1      1      1   
  0.86   0.92   0.70   0.16      8      8      1   
  0.98   0.22   0.45   0.70      7      7      1   
  0.59   0.27   0.85   0.31      3      3      1   
  0.52   0.06   0.13   0.80      8      8      1   
  0.95   0.74   0.08   0.75      8      8      1   
  0.99   0.27   0.86   0.42      2      2      1   
  0.72   0.57   0.55   0.38      3      3      1   
  0.19   0.56   0.92   0.78      8      8      1   
  0.65   0.29   0.36   0.05      4      4      1   
  0.12   0.73   0.92   0.18     11     10      1   
  0.99   0.27   0.87   0.11      2      2      1   
  0.63   0.40   0.85   0.10      4      4      1   
  0.46   0.01   0.02   0.39      6      6      1   
  0.79   0.30   0.56   0.14      3      3      1   
  0.01   0.47   0.16   0.65      2      2      1   
  0.88   0.01   0.22   0.71     11     10      1   
  0.23   0.40   0.74   0.50      5      5      1   
  0.47   0.77   0.32   0.73      2      2      1   
  0.56   0.37   0.88   0.03      4      4      1   
  0.64   0.27   0.47   0.77      5      5      1   
  0.71   0.79   0.95   0.25      6      6      1   
  0.29   0.13   0.87   0.24      5      5      1   
  0.64   0.74   0.48   0.45      3      3      1   
  0.08   0.96   0.85   0.29     11      9      1   
  0.02   0.32   0.58   0.97      8      8      1   
  0.53   0.48   0.56   0.58      1      1      1   
  0.29   0.47   0.22   0.71      3      3      1   
  0.85   0.36   0.24   0.57      6      6      1   
  0.71   0.99   0.32   0.02     10     10      1   
  0.70   0.52   0.30   0.84      5      5      1   
  0.98   0.06   0.24   0.45      8      8      1   
  0.47   0.77   0.87   0.11      8      7      1   
  0.16   0.56   0.06   0.47      1      1      1   
  0.21   0.53   0.46   0.04      5      5      1   
  0.10   0.24   0.13   0.16      1      1      1   
  0.83   0.75   0.51   0.65      4      4      1   
  0.25   0.02   0.12   0.73      7      7      1   
  0.26   0.29   0.17   0.97      6      6      1   
  0.23   0.85   0.05   0.76      2      2      1   
  0.94   0.15   0.01   0.99     12     11      1   
  0.97   0.87   0.14   0.38     11     10      1   
  0.45   0.97   0.06   0.14      9      9      1   
  0.01   0.99   0.08   0.09      9      9      1   
  0.52   0.07   0.50   0.49      4      4      1   
  0.25   0.26   0.11   0.10      2      2      1   
  0.05   0.12   0.19   0.51      4      4      1   
  0.16   0.05   0.41   0.05      3      3      1   
  0.04   0.78   0.03   0.22      6      6      1   
  0.24   0.65   0.06   0.50      2      2      1   
  0.96   0.75   0.86   0.03      7      7      1   
  0.53   0.44   0.21   0.06      5      5      1   
  0.01   0.99   0.24   0.28      7      7      1   
  0.43   0.62   0.30   0.29      4      4      1   
  0.85   0.31   0.56   0.67      4      4      1   
  0.70   0.21   0.32   0.02      4      4      1   
  0.27   0.23   0.47   0.33      3      3      1   
  0.87   0.24   0.91   0.47      3      3      1   
  0.65   0.24   0.10   0.24      5      5      1   
  0.47   0.79   0.85   0.31      6      6      1   
  0.17   0.69   0.71   0.99      6      6      1   
  0.29   0.99   0.25   0.67      3      3      1   
  0.85   0.54   0.56   0.40      3      3      1   
  0.87   0.24   0.28   0.23      6      6      1   
  0.75   0.89   0.96   0.75      3      3      1   
  0.42   0.31   0.47   0.33      1      1      1   
  0.01   0.96   0.83   0.13     12     11      1   
  0.56   0.68   0.01   0.94      6      6      1   
  0.96   0.83   0.05   0.76      9      8      1   
  0.46   0.42   0.74   0.30      3      3      1   
  0.46   0.42   0.22   0.01      4      4      1   
  0.45   0.70   0.65   0.59      2      2      1   
  0.25   0.26   0.23   0.78      5      5      1   
  0.30   0.23   0.56   0.67      5      5      1   
  0.36   0.05   0.41   0.48      4      4      1   
  0.26   0.96   0.91   0.87      6      6      1   
  0.24   0.65   0.62   0.80      4      4      1   
  0.56   0.14   0.77   0.09      2      2      1   
  0.66   0.43   0.35   0.14      4      4      1   
  0.59   0.71   0.98   0.06      7      7      1   
  0.34   0.40   0.43   0.62      3      3      1   
  0.25   0.46   0.29   0.99      5      5      1   
  0.50   0.69   0.11   0.50      4      4      1   
  0.44   0.43   0.11   0.50      4      4      1   
  0.07   0.61   0.87   0.50      8      8      1   
  0.46   0.04   0.87   0.15      5      4      1   
  0.77   0.09   0.03   0.50      8      8      1   
  0.08   0.49   0.16   0.57      1      1      1   
  0.15   0.12   0.12   0.73      6      6      1   
  0.17   0.66   0.22   0.80      2      2      1   
  0.26   0.93   0.38   0.87      2      2      1   
  0.21   0.06   0.21   0.61      5      5      1   
  0.87   0.11   0.70   0.67      5      5      1   
  0.44   0.65   0.16   0.57      3      3      1   
  0.07   0.51   0.16   0.65      2      2      1   
  0.99   0.88   0.76   0.75      3      3      1   
  0.58   0.93   0.07   0.13      9      9      1   
  0.26   0.03   0.01   0.47      5      5      1   
  0.72   0.48   0.33   0.37      4      4      1   
  0.83   0.96   0.09   0.98      7      7      1   
  0.72   0.57   0.42   0.26      4      4      1   
  0.23   0.58   0.59   0.83      5      5      1   
  0.66   0.43   0.36   0.49      3      3      1   
  0.73   0.40   0.95   0.28      2      2      1   
  0.29   0.98   0.11   0.92      2      2      1   
  0.85   0.10   0.95   0.74      7      7      1   
  0.09   0.76   0.04   0.09      6      6      1   
  0.70   0.16   0.53   0.15      2      2      1   
  0.15   0.31   0.21   0.06      3      3      1   
  0.76   0.92   0.14   0.03     10     10      1   
  0.69   0.54   0.27   0.22      6      6      1   
  0.37   0.01   0.00   0.73      8      8      1   
  0.70   0.67   0.17   0.81      5      5      1   
  0.21   0.61   0.47   0.01      6      6      1   
  0.20   0.46   0.57   0.02      6      6      1   
  0.66   0.44   0.47   0.83      4      4      1   
  0.14   0.05   0.56   0.26      5      5      1   
  0.03   0.28   0.95   0.28      9      9      1   
  0.93   0.02   0.59   0.93      9      9      1   
  0.68   0.33   0.60   0.63      3      3      1   
  0.45   0.97   0.22   0.90      2      2      1   
  0.65   0.16   0.26   0.29      4      4      1   
  0.37   0.19   0.26   0.96      7      7      1   
  0.27   0.04   0.52   0.07      3      3      1   
  0.20   0.81   0.28   0.27      5      5      1   
  0.45   0.97   0.94   0.15      9      9      1   
  0.17   0.69   0.95   0.86      8      8      1   
  0.96   0.75   0.23   0.55      8      8      1   
  0.80   0.36   0.09   1.00     10      9      1   
  0.98   0.34   0.58   0.29      4      4      1   
  0.87   0.24   0.43   0.31      4      4      1   
  0.83   0.32   0.40   0.76      6      6      1   
  0.08   0.03   0.65   0.24      5      5      1   
  0.83   0.13   0.06   0.47      8      8      1   
  0.15   0.12   0.51   0.71      7      7      1   
  0.49   0.64   0.57   0.92      3      3      1   
  0.32   0.06   0.67   0.76      7      7      1   
  0.60   0.08   0.12   0.73      8      8      1   
  0.87   0.75   0.67   0.86      2      2      1   
  0.70   0.16   0.11   0.10      6      6      1   
  0.38   0.86   0.26   0.29      6      6      1   
  0.98   0.84   0.71   0.99      3      3      1   
  0.67   0.83   0.28   0.23      7      7      1   
  0.77   0.09   0.24   0.69      9      8      1   
  0.94   0.16   0.93   0.00      2      2      1   
  0.05   0.26   0.38   0.87      7      7      1   
  0.14   0.05   0.87   0.11      7      7      1   
  0.57   0.00   0.81   0.62      6      6      1   
  0.96   0.83   0.22   0.53      8      8      1   
  0.88   0.03   0.65   0.63      6      6      1   
  0.02   0.96   0.20   0.56      4      4      1   
  0.93   0.02   0.47   0.83      8      8      1   
  0.27   0.12   0.04   0.78      7      7      1   
  0.64   0.74   0.35   0.14      6      6      1   
  0.14   0.71   0.30   0.29      4      4      1   
  0.07   0.81   0.92   0.43      9      9      1   
  0.98   0.22   0.30   0.27      6      6      1   
  0.53   0.44   0.01   0.47      5      5      1   
  0.34   0.99   0.32   0.02      9      9      1   
  0.10   0.24   0.36   0.02      3      3      1   
  0.35   0.44   0.15   0.55      2      2      1   
  0.53   0.14   0.16   0.65      6      6      1   
  0.85   0.10   0.53   0.48      5      5      1   
  0.60   0.93   0.22   0.90      4      4      1   
  0.26   0.95   0.14   0.71      3      3      1   
  0.18   0.12   0.82   0.75      9      9      1   
  0.14   0.71   0.65   0.94      5      5      1   
  0.96   0.83   0.67   0.76      3      3      1   
  0.89   0.49   0.87   0.11      4      4      1   
  0.17   0.81   0.28   0.20      6      6      1   
  0.28   0.79   0.18   0.88      1      1      1   
  0.05   0.32   0.85   0.31      8      8      1   
  0.32   0.06   0.26   0.62      5      5      1   
  0.57   0.00   0.22   0.80      9      8      1   
  0.26   0.09   0.98   0.86     10     10      1   
  0.23   0.58   0.03   0.22      4      4      1   
  0.98   0.84   0.43   0.63      6      6      1   
  0.25   0.26   0.47   0.89      7      7      1   
  0.08   0.39   0.04   0.33      1      1      1   
  0.41   0.05   0.49   0.64      6      6      1   
  0.16   0.27   0.59   0.71      6      6      1   
  0.23   0.78   0.56   0.67      4      4      1   
  0.67   0.76   0.57   0.92      2      2      1   
  0.69   0.96   0.49   0.37      6      6      1   
  0.00   0.73   0.15   0.48      3      3      1   
  0.07   0.51   0.05   1.00      5      5      1   
  0.43   0.62   0.87   0.27      6      6      1   
  0.69   0.13   0.38   0.87      7      7      1   
  0.93   0.00   0.56   0.68      7      7      1   
  0.06   0.50   0.07   0.13      3      3      1   
  0.41   0.05   0.23   0.85      7      7      1   
  0.24   0.57   1.00   0.41      8      8      1   
  0.47   0.50   0.64   0.61      2      2      1   
  0.29   0.98   0.12   0.61      4      4      1   
  0.89   0.49   0.78   0.82      4      4      1   
  0.16   0.56   0.79   0.31      7      7      1   
  0.53   0.48   0.67   0.59      2      2      1   
  0.00   0.40   0.38   0.87      6      6      1   
  0.23   0.78   0.22   0.07      6      6      1   
  0.38   0.69   0.35   0.96      3      3      1   
  0.26   0.95   0.69   0.96      4      4      1   
  0.63   0.27   0.29   0.47      4      4      1   
  0.16   0.27   0.49   0.10      4      4      1   
  0.24   0.28   0.86   0.03      7      7      1   
  0.70   0.16   0.11   0.50      7      7      1   
  0.44   0.43   0.67   0.76      4      4      1   
  0.84   0.89   0.43   0.36      7      7      1   
  0.10   0.54   0.79   0.83      8      7      1   
  0.91   0.47   0.08   0.03      9      8      1   
  0.08   0.45   0.69   0.83      8      7      1   
  0.44   0.65   0.10   0.62      4      4      1   
  0.95   0.86   0.28   0.23     10     10      1   
  0.51   0.65   0.50   0.49      2      2      1   
  0.41   0.05   0.87   0.27      5      5      1   
  0.76   0.92   0.70   0.21      7      7      1   
  0.88   0.03   0.47   0.50      6      6      1   
  0.97   0.82   0.08   0.03     11     11      1   
  0.19   0.11   0.99   0.88     11     11      1   
  0.18   0.88   0.01   0.47      5      5      1   
  0.10   0.94   0.63   0.57      6      6      1   
  0.97   0.82   0.60   0.08      7      7      1   
  0.24   0.78   0.85   0.29      9      8      1   
  0.55   0.64   0.23   0.58      4      4      1   
  0.05   0.32   0.14   0.05      3      3      1   
  0.43   0.62   0.02   0.11      7      7      1   
  0.14   0.03   0.52   0.06      4      4      1   
  0.66   0.63   0.76   0.43      2      2      1   
  0.84   0.18   0.27   0.04      6      6      1   
  0.70   0.21   0.87   1.00      8      8      1   
  0.60   0.93   0.91   0.69      4      4      1   
  0.27   0.22   0.20   0.19      1      1      1   
  0.98   0.84   0.66   0.44      5      5      1   
  0.46   0.42   0.51   0.72      3      3      1   
  0.86   0.42   0.38   0.87      6      6      1   
  0.65   0.00   0.24   0.17      5      5      1   
  0.52   0.00   0.42   0.23      3      3      1   
  0.29   0.47   0.64   0.53      3      3      1   
  0.57   0.92   0.93   0.00      9      9      1   
  0.03   0.28   0.53   0.14      5      5      1   
  0.91   0.69   0.54   0.48      4      4      1   
  0.13   0.20   1.00   0.10      8      8      1   
  0.76   0.90   0.89   0.90      2      2      1   
  0.06   0.47   0.19   0.16      3      3      1   
  0.70   0.16   0.64   0.53      3      3      1   
  0.95   0.65   0.77   0.09      6      6      1   
  0.29   0.99   0.42   0.60      4      4      1   
  0.12   0.61   0.26   0.09      5      5      1   
  0.83   0.32   0.66   0.35      2      2      1   
  0.56   0.37   0.20   0.01      5      5      1   
  0.04   0.09   0.12   0.61      5      5      1   
  0.38   0.17   0.76   0.90      8      8      1   
  0.24   0.03   0.95   0.25      7      7      1   
  0.24   0.65   0.81   0.62      6      6      1   
  0.28   0.20   0.11   0.29      2      2      1   
  0.15   0.92   0.05   1.00      1      1      1   
  0.05   1.00   0.43   0.36      7      7      1   
  0.37   0.13   0.75   0.89      8      8      1   
  0.72   0.48   0.98   0.19      4      4      1   
  0.42   0.23   0.70   0.21      3      3      1   
  0.87   0.74   0.95   0.86      2      2      1   
  0.05   0.26   0.33   0.40      3      3      1   
  0.38   0.69   0.78   0.46      4      4      1   
  0.70   0.52   0.80   0.36      2      2      1   
  0.74   0.50   0.53   0.18      4      4      1   
  0.23   0.94   0.87   0.24      9      8      1   
  0.93   0.61   0.97   0.87      3      3      1   
  0.01   0.03   0.76   0.90     10     10      1   
  0.47   0.01   0.94   0.15      6      5      1   
  0.26   0.47   0.27   0.50      1      1      1   
  0.13   0.16   0.37   0.13      3      3      1   
  0.69   0.54   0.13   0.16      7      7      1   
  0.23   0.55   0.99   0.70      8      8      1   
  0.78   0.46   0.50   0.49      3      3      1   
  0.08   0.22   0.81   0.57      8      8      1   
  0.11   0.01   0.71   0.99     11     11      1   
  0.30   0.84   0.10   0.54      3      3      1   
  0.27   0.50   0.11   0.50      2      2      1   
  0.55   0.22   0.62   0.51      3      3      1   
  0.01   0.12   0.95   0.74     11     11      1   
  0.37   0.19   0.99   0.97      9      9      1   
  0.77   0.51   0.26   0.47      5      5      1   
  0.72   0.48   0.23   0.94      6      6      1   
  0.15   0.00   0.49   0.98     10     10      1   
  0.20   0.19   0.63   0.40      5      5      1   
  0.51   0.72   0.57   0.25      4      4      1   
  0.47   0.77   0.01   0.96      5      5      1   
  0.74   0.25   0.23   0.40      5      5      1   
  0.41   0.48   0.20   0.01      5      5      1   
  0.38   0.87   0.56   0.40      5      5      1   
  0.83   0.32   0.84   0.89      6      5      1   
  0.18   0.88   0.09   0.76      2      2      1   
  0.24   0.69   0.27   0.12      5      5      1   
  0.21   0.53   0.22   0.07      4      4      1   
  0.95   0.74   0.65   0.40      5      5      1   
  0.13   0.20   0.77   0.09      6      6      1   
  0.67   0.24   0.14   0.38      5      5      1   
  0.28   0.20   0.51   0.65      5      5      1   
  0.45   0.88   0.66   0.43      5      5      1   
  0.66   0.44   0.27   0.83      6      6      1   
  0.23   0.40   0.05   1.00      6      6      1   
  0.47   0.01   0.84   0.92      9      9      1   
  0.25   0.73   0.95   0.65      7      7      1   
  0.05   1.00   0.64   0.90      6      6      1   
  0.77   0.09   0.37   0.19      4      4      1   
  0.44   0.15   0.01   0.99      9      9      1   
  0.10   0.24   0.74   0.50      7      7      1   
  0.85   0.29   0.66   0.44      3      3      1   
  0.01   0.43   0.72   0.80      8      8      1   
  0.88   0.03   0.42   0.60      7      7      1   
  0.01   0.12   0.70   0.67      8      8      1   
  0.62   0.15   0.95   0.74      7      7      1   
  0.14   0.03   0.44   0.65      7      7      1   
  0.61   0.83   0.93   0.61      4      4      1   
  0.85   0.00   0.30   0.27      6      6      1   
  0.76   0.43   0.97   0.46      2      2      1   
  0.07   0.61   0.83   0.96      8      8      1   
  0.11   0.92   0.55   0.32      7      7      1   
  0.99   0.23   0.09   0.76     10     10      1   
  0.70   0.16   0.65   0.94      7      7      1   
  0.04   0.09   0.03   0.42      3      3      1   
  0.86   0.92   0.56   0.37      6      6      1   
  0.45   0.70   0.53   0.14      5      5      1   
  0.21   0.53   0.27   0.22      3      3      1   
  0.24   0.61   0.20   0.46      2      2      1   
  0.29   0.98   0.62   0.15      9      9      1   
  0.86   0.42   0.87   0.02      4      4      1   
  0.38   0.85   0.59   0.71      3      3      1   
  0.27   0.04   0.95   0.93     11     10      1   
  0.70   0.67   0.20   0.01      8      8      1   
  0.67   0.86   0.29   0.98      4      4      1   
  0.56   0.67   0.11   0.20      7      7      1   
  0.56   0.67   0.51   0.60      1      1      1   
  0.01   0.47   0.79   0.30      8      8      1   
  0.97   0.36   0.08   0.45      8      8      1   
  0.22   0.71   0.72   0.80      5      5      1   
  0.09   0.76   0.79   0.81      7      7      1   
  0.49   0.37   0.42   0.23      2      2      1   
  0.73   0.40   0.12   0.11      6      6      1   
  0.97   0.87   0.69   0.54      4      4      1   
  0.10   0.54   0.30   0.83      3      3      1   
  0.59   0.71   0.94   0.15      6      6      1   
  0.13   0.80   0.15   0.31      5      5      1   
  0.71   0.99   0.12   0.11     10     10      1   
  0.70   0.16   0.70   0.52      4      4      1   
  0.55   0.38   0.24   0.61      4      4      1   
  0.05   0.12   0.34   0.40      4      4      1   
  0.20   0.56   0.14   0.03      5      5      1   
  0.83   0.32   0.01   0.12      8      8      1   
  0.48   0.45   0.85   0.54      4      4      1   
  0.64   0.61   0.28   0.20      6      6      1   
  0.01   0.12   0.15   0.55      5      4      1   
  0.53   0.48   0.79   0.64      3      3      1   
  0.57   0.02   0.24   0.61      6      6      1   
  0.34   0.99   0.23   0.40      5      5      1   
  0.01   0.12   0.64   0.74      8      8      1   
  0.71   0.79   0.30   0.23      6      6      1   
  0.96   0.83   0.27   0.83      7      7      1   
  0.70   0.21   0.55   0.32      2      2      1   
  0.01   0.47   0.10   0.94      5      5      1   
  0.03   0.28   0.72   0.48      7      7      1   
  0.14   0.38   0.19   0.56      2      2      1   
  0.21   0.53   0.16   0.05      5      5      1   
  0.92   0.43   0.67   0.24      3      3      1   
  0.38   0.87   0.14   0.05      8      8      1   
  0.43   0.31   0.23   0.85      6      5      1   
  0.65   0.59   0.84   0.92      4      4      1   
  0.65   0.38   0.07   0.41      6      6      1   
  0.50   0.55   0.98   0.19      6      6      1   
  0.51   0.60   0.38   0.69      2      2      1   
  0.74   0.38   0.58   0.34      2      2      1   
  0.38   0.63   0.65   0.94      4      4      1   
  0.74   0.25   0.30   0.25      4      4      1   
  0.24   0.17   0.13   0.20      1      1      1   
  0.38   0.86   0.26   0.47      5      4      1   
  0.62   0.51   0.11   0.10      6      6      1   
  0.65   0.51   0.35   0.96      5      5      1   
  0.01   0.94   0.80   0.45      9      9      1   
  0.14   0.03   0.89   0.90     11     11      1   
  0.95   0.62   0.24   0.45      7      7      1   
  0.26   0.95   0.76   0.90      5      5      1   
  0.55   0.22   1.00   0.10      4      4      1   
  0.08   0.31   0.32   0.02      4      4      1   
  0.68   0.33   0.79   0.83      5      5      1   
