  0.35   0.09   0.72   0.95      8      8      1   
  0.25   0.91   0.72   0.95      5      5      1   
  0.85   0.54   0.06   0.38      7      7      1   
  0.03   0.42   0.70   0.21      6      6      1   
  0.60   0.93   0.95   0.74      4      4      1   
  0.60   0.74   0.60   0.98      3      3      1   
  0.21   0.80   0.26   0.09      6      6      1   
  0.50   0.82   0.35   0.30      5      5      1   
  0.51   0.60   0.02   0.01      7      7      1   
  0.37   0.01   0.56   0.84      8      8      1   
  0.01   0.99   0.75   0.86      7      7      1   
  0.76   0.35   0.42   0.40      3      3      1   
  0.74   0.70   0.98   0.16      6      6      1   
  0.99   0.37   0.72   0.48      3      3      1   
  0.06   0.38   0.65   0.13      6      6      1   
  0.85   0.36   0.95   0.89      5      5      1   
  0.42   0.31   0.87   0.82      6      6      1   
  0.16   0.27   0.29   0.15      2      2      1   
  0.12   0.36   0.93   0.02      8      8      1   
  0.16   0.74   0.87   0.75      6      6      1   
  0.44   0.15   0.13   0.97      8      8      1   
  0.15   0.16   0.69   0.87      8      8      1   
  0.91   0.69   0.04   0.85      8      8      1   
  0.00   0.73   0.49   0.64      4      4      1   
  0.98   0.86   0.23   0.85      7      7      1   
  0.70   0.04   0.17   0.97      9      9      1   
  0.35   0.07   0.67   0.89      8      8      1   
  0.34   0.85   0.01   0.96      3      3      1   
  0.39   0.52   0.57   0.99      5      5      1   
  0.26   0.62   0.36   0.05      5      5      1   
  0.12   0.36   0.97   0.87      9      9      1   
  0.23   0.85   0.76   0.24      7      7      1   
  0.12   0.36   0.20   0.01      3      3      1   
  0.51   0.96   0.71   0.31      6      6      1   
  0.33   0.40   0.33   0.37      1      1      1   
  0.84   0.32   0.17   0.97      8      8      1   
  0.44   0.79   0.25   0.91      2      2      1   
  0.73   0.13   0.70   0.88      7      7      1   
  0.00   0.73   0.86   0.42      8      8      1   
  0.25   0.29   0.86   0.02      6      6      1   
  0.07   0.61   1.00   0.41      8      8      1   
  0.41   0.80   0.26   0.95      2      2      1   
  0.70   0.21   0.98   0.29      3      3      1   
  0.89   0.49   0.88   0.92      4      4      1   
  0.40   0.22   0.98   0.91      8      8      1   
  0.19   0.51   0.51   0.72      4      4      1   
  0.82   0.05   0.23   0.40      6      6      1   
  0.56   0.37   0.86   0.27      3      3      1   
  0.49   0.61   0.81   0.57      3      3      1   
  0.80   0.36   0.65   0.59      3      3      1   
  0.84   0.78   0.69   0.10      6      6      1   
  0.89   0.49   0.87   0.34      2      2      1   
  0.40   0.76   0.48   0.20      5      5      1   
  0.23   0.48   0.34   0.17      3      3      1   
  0.34   0.74   0.45   0.60      2      2      1   
  0.55   0.85   0.42   0.50      4      4      1   
  0.91   0.83   0.00   0.33     10      9      1   
  0.71   0.07   0.46   0.18      3      3      1   
  0.66   0.31   0.77   0.51      2      2      1   
  0.97   0.37   0.32   0.82      7      7      1   
  0.56   0.26   0.58   0.34      1      1      1   
  0.73   0.20   0.72   0.95      7      7      1   
  0.84   0.94   0.98   0.34      5      5      1   
  0.27   0.93   0.87   0.02     10     10      1   
  0.66   0.31   0.69   0.86      5      5      1   
  0.33   0.80   0.08   0.45      4      4      1   
  0.85   0.77   0.28   0.61      6      6      1   
  0.32   0.02   0.94   0.83      9      9      1   
  0.01   0.43   0.10   0.04      4      4      1   
  0.45   0.32   0.98   0.86      7      7      1   
  0.77   0.09   0.40   0.22      4      4      1   
  0.93   0.66   0.36   0.03      8      8      1   
  0.98   0.77   0.55   0.85      4      4      1   
  0.59   0.93   0.05   0.56      6      6      1   
  0.55   0.22   0.11   0.50      5      5      1   
  0.38   0.99   0.65   0.63      4      4      1   
  0.85   0.54   0.53   0.15      5      5      1   
  0.67   0.83   0.21   0.59      5      5      1   
  0.40   0.22   0.78   0.41      4      4      1   
  0.56   0.37   0.46   0.83      4      4      1   
  0.84   0.94   0.02   0.56      8      8      1   
  0.95   0.28   0.77   0.51      3      3      1   
  0.17   0.66   0.85   0.31      7      7      1   
  0.21   0.61   0.97   0.46      7      7      1   
  0.05   0.42   0.24   0.93      5      5      1   
  0.98   0.19   0.85   0.92      7      7      1   
  0.26   0.90   0.34   0.99      1      1      1   
  0.75   0.53   0.33   0.43      4      4      1   
  0.18   0.93   0.48   0.60      4      4      1   
  0.51   0.96   0.75   0.53      5      5      1   
  0.56   0.97   0.63   0.39      5      5      1   
  0.88   0.92   0.39   0.33      7      7      1   
  0.21   0.53   0.57   0.85      5      5      1   
  0.49   0.85   0.84   0.18      7      7      1   
  0.65   0.94   0.12   0.95      5      5      1   
  0.71   0.99   0.86   0.03      9      9      1   
  0.12   0.62   0.89   0.95      7      7      1   
  0.90   0.96   0.65   0.38      6      6      1   
  0.01   0.63   0.26   0.09      5      5      1   
  0.71   0.93   0.18   0.02     10      9      1   
  0.13   0.20   0.82   0.05      7      7      1   
  0.19   0.51   0.16   0.65      2      2      1   
  0.99   0.37   0.81   0.28      2      2      1   
  0.55   0.85   0.74   0.30      5      5      1   
  0.14   0.09   0.04   0.98      8      8      1   
  0.06   0.38   0.39   0.22      4      4      1   
  0.08   0.49   0.15   0.55      1      1      1   
  0.88   0.01   0.21   0.51      8      8      1   
  0.65   0.59   0.78   0.15      4      4      1   
  0.58   0.84   0.04   0.98      5      5      1   
  0.57   0.92   0.95   0.09      8      8      1   
  0.60   0.66   0.57   0.94      3      3      1   
  0.85   0.36   0.19   0.30      6      6      1   
  0.09   0.76   0.02   0.80      1      1      1   
  0.58   0.93   0.17   0.68      4      4      1   
  0.80   0.45   0.02   0.32      7      7      1   
  0.18   0.88   0.24   0.57      3      3      1   
  0.92   0.45   0.25   0.72      6      6      1   
  0.47   0.01   0.61   0.06      2      2      1   
  0.45   0.11   0.68   0.77      6      6      1   
  0.40   0.77   0.68   0.20      6      6      1   
  0.86   0.92   0.70   0.16      7      7      1   
  0.98   0.22   0.77   0.75      5      5      1   
  0.59   0.27   0.14   0.94      7      7      1   
  0.52   0.06   0.13   0.80      8      8      1   
  0.95   0.74   0.97   0.47      3      3      1   
  0.42   0.68   0.86   0.42      5      5      1   
  0.72   0.57   0.35   0.32      4      4      1   
  0.19   0.56   0.43   0.12      5      5      1   
  0.65   0.29   0.36   0.05      4      4      1   
  0.12   0.73   0.92   0.18      9      9      1   
  0.42   0.68   0.56   0.18      5      5      1   
  0.63   0.40   0.70   0.16      3      3      1   
  0.88   0.90   0.99   0.79      2      2      1   
  0.18   0.52   0.56   0.14      5      5      1   
  0.01   0.47   0.16   0.65      2      2      1   
  0.88   0.01   0.99   0.72      7      6      1   
  0.23   0.40   0.74   0.50      5      5      1   
  0.13   0.23   0.32   0.73      5      5      1   
  0.77   0.86   0.32   0.82      4      4      1   
  0.69   0.82   0.47   0.77      2      2      1   
  0.71   0.79   0.21   0.79      5      5      1   
  0.29   0.13   0.76   0.07      4      4      1   
  0.25   0.91   0.48   0.45      5      5      1   
  0.98   0.16   0.34   0.84      9      8      1   
  0.02   0.32   0.58   0.97      8      8      1   
  0.55   0.61   0.56   0.58      1      1      1   
  0.41   0.69   0.22   0.71      2      2      1   
  0.62   0.83   0.22   0.69      4      4      1   
  0.76   0.13   0.03   0.75      9      9      1   
  0.71   0.26   0.30   0.84      6      6      1   
  0.98   0.06   0.30   0.41      7      7      1   
  0.47   0.77   0.87   0.11      7      7      1   
  0.32   0.16   0.19   0.09      2      2      1   
  0.14   0.00   0.92   0.36      8      8      1   
  0.49   0.57   0.08   0.10      6      6      1   
  0.38   0.24   0.51   0.65      4      4      1   
  0.67   0.12   0.12   0.73      8      8      1   
  0.26   0.29   0.07   0.30      2      2      1   
  0.08   0.63   0.05   0.76      1      1      1   
  0.94   0.15   0.01   0.99     11     11      1   
  0.97   0.87   0.77   0.14      7      7      1   
  0.76   0.84   0.06   0.14      9      9      1   
  0.87   0.82   0.08   0.09     10      9      1   
  0.40   0.16   0.50   0.49      3      3      1   
  0.25   0.26   0.11   0.10      2      2      1   
  0.86   0.27   0.19   0.51      6      6      1   
  0.58   0.55   0.41   0.05      5      5      1   
  0.04   0.78   0.03   0.22      5      5      1   
  0.24   0.65   0.65   0.43      4      4      1   
  0.06   0.57   0.10   0.06      5      5      1   
  0.53   0.44   0.82   0.05      4      4      1   
  0.87   0.82   0.24   0.28      7      7      1   
  0.34   0.74   0.65   0.16      6      6      1   
  0.85   0.31   0.56   0.67      4      4      1   
  0.70   0.21   0.03   0.75      8      8      1   
  0.27   0.23   0.81   0.30      5      5      1   
  0.87   0.24   0.91   0.47      2      2      1   
  0.32   0.16   0.49   0.57      4      4      1   
  0.11   0.92   0.14   0.94      1      1      1   
  0.05   0.56   0.76   0.13      7      7      1   
  0.07   0.59   0.81   0.36      7      7      1   
  0.85   0.54   0.56   0.40      3      3      1   
  0.76   0.07   0.99   0.73      6      6      1   
  0.96   0.97   0.06   0.57      9      9      1   
  0.42   0.31   0.47   0.33      1      1      1   
  0.01   0.96   0.83   0.13     10     10      1   
  0.56   0.68   0.01   0.94      5      5      1   
  0.96   0.83   0.00   0.33     10      9      1   
  0.98   0.91   0.74   0.30      6      6      1   
  0.46   0.42   0.99   0.53      5      5      1   
  0.77   0.75   0.31   0.27      6      6      1   
  0.25   0.26   0.16   0.98      7      7      1   
  0.11   0.70   0.56   0.67      4      4      1   
  0.36   0.05   0.41   0.48      4      4      1   
  0.95   0.06   0.91   0.83      7      7      1   
  0.24   0.65   0.59   0.34      4      4      1   
  0.56   0.14   0.87   0.70      6      6      1   
  0.66   0.43   0.94   0.83      4      4      1   
  0.59   0.71   0.68   0.70      1      1      1   
  0.26   0.32   0.43   0.62      3      3      1   
  0.14   0.62   0.29   0.99      4      4      1   
  0.26   0.37   0.84   0.11      6      6      1   
  0.88   0.66   0.84   0.11      5      5      1   
  0.07   0.61   0.09   0.45      2      2      1   
  0.92   0.36   0.87   0.15      2      2      1   
  0.87   0.70   0.68   0.50      3      3      1   
  0.26   0.44   0.16   0.57      2      2      1   
  0.15   0.12   0.12   0.73      6      6      1   
  0.15   0.18   0.22   0.80      6      6      1   
  0.26   0.93   0.35   0.72      2      2      1   
  0.21   0.06   0.96   0.88     10     10      1   
  0.87   0.11   0.70   0.82      7      7      1   
  0.44   0.65   0.36   0.41      3      3      1   
  0.07   0.51   0.16   0.65      2      2      1   
  0.28   0.61   0.76   0.75      5      5      1   
  0.14   0.76   0.07   0.58      2      2      1   
  0.95   0.52   0.01   0.47      9      8      1   
  0.37   0.12   0.33   0.37      3      3      1   
  0.64   0.81   0.20   0.11      8      7      1   
  0.72   0.57   0.07   0.34      6      6      1   
  0.14   0.44   0.73   0.13      6      6      1   
  0.92   0.11   0.36   0.49      6      6      1   
  0.73   0.40   0.61   0.69      3      3      1   
  0.29   0.98   0.11   0.92      2      2      1   
  0.70   0.16   0.95   0.74      6      6      1   
  0.48   0.55   0.04   0.09      6      6      1   
  0.70   0.16   0.85   0.92      7      7      1   
  0.85   0.77   0.21   0.06      8      8      1   
  0.18   0.12   0.79   0.92      9      9      1   
  0.70   0.60   0.27   0.22      5      5      1   
  0.37   0.01   0.35   0.07      1      1      1   
  0.70   0.82   0.39   0.52      4      4      1   
  0.21   0.61   0.47   0.01      6      6      1   
  0.11   0.33   0.65   0.63      6      6      1   
  0.58   0.23   0.47   0.83      6      6      1   
  0.14   0.05   0.85   0.65      8      8      1   
  0.60   0.74   0.61   0.69      1      1      1   
  0.93   0.02   0.59   0.93      9      9      1   
  1.00   0.77   0.60   0.63      4      4      1   
  0.76   0.84   0.82   0.72      2      2      1   
  0.22   0.72   0.33   0.74      1      1      1   
  0.37   0.19   0.26   0.96      7      7      1   
  0.49   0.96   0.52   0.07      8      8      1   
  0.48   0.60   0.28   0.27      4      4      1   
  0.45   0.97   0.68   0.88      3      3      1   
  0.17   0.69   0.95   0.86      7      7      1   
  0.06   0.57   0.05   0.42      2      2      1   
  0.95   0.79   0.09   1.00      8      8      1   
  0.39   0.22   0.47   0.88      6      6      1   
  0.76   0.07   0.43   0.31      4      4      1   
  0.83   0.32   0.40   0.76      6      6      1   
  0.08   0.03   0.65   0.24      5      5      1   
  0.83   0.13   0.19   0.09      6      6      1   
  0.26   0.09   0.51   0.71      6      6      1   
  0.49   0.64   0.84   0.94      4      4      1   
  0.32   0.06   0.80   0.01      5      5      1   
  0.60   0.08   0.05   0.15      5      5      1   
  0.58   0.83   0.06   0.69      5      5      1   
  0.90   0.78   0.11   0.10     10      9      1   
  0.27   0.57   0.33   0.74      2      2      1   
  0.98   0.84   0.76   0.13      7      7      1   
  0.21   0.53   0.28   0.23      3      3      1   
  0.77   0.09   0.24   0.69      8      7      1   
  0.60   0.12   0.24   0.09      3      3      1   
  0.13   0.97   0.68   0.41      7      7      1   
  0.85   0.77   0.56   0.18      6      6      1   
  0.57   0.00   0.81   0.62      6      6      1   
  0.11   0.82   0.22   0.53      3      3      1   
  0.88   0.03   0.65   0.63      6      6      1   
  0.12   0.36   0.20   0.56      2      2      1   
  0.98   0.29   0.46   0.62      6      6      1   
  0.27   0.12   0.04   0.78      6      6      1   
  0.64   0.74   0.94   0.83      3      3      1   
  0.14   0.71   0.30   0.29      4      4      1   
  0.63   0.73   0.26   0.78      4      4      1   
  0.43   0.83   0.06   0.98      4      4      1   
  0.53   0.44   0.87   0.34      3      3      1   
  0.33   0.10   0.32   0.02      1      1      1   
  0.49   0.57   0.94   0.95      5      5      1   
  0.39   0.30   0.15   0.55      3      3      1   
  0.19   0.32   0.16   0.65      3      3      1   
  0.85   0.10   0.53   0.48      4      4      1   
  0.64   0.09   0.82   0.72      6      6      1   
  0.18   0.14   0.75   0.16      5      5      1   
  0.18   0.12   0.82   0.75      8      8      1   
  0.75   0.16   0.65   0.94      7      7      1   
  0.11   0.82   0.80   0.01      9      9      1   
  0.89   0.49   0.56   0.18      4      4      1   
  0.17   0.81   0.28   0.20      5      5      1   
  0.91   0.51   0.78   0.41      2      2      1   
  0.35   0.09   0.85   0.31      5      5      1   
  0.32   0.06   0.26   0.62      5      5      1   
  0.57   0.00   0.22   0.80      8      8      1   
  0.26   0.09   0.98   0.86     10     10      1   
  0.23   0.58   0.66   0.98      5      5      1   
  0.98   0.84   0.07   0.50      9      9      1   
  0.25   0.26   0.25   0.09      2      2      1   
  0.08   0.39   0.98   0.77      9      9      1   
  0.25   0.17   0.63   0.97      8      8      1   
  0.50   0.82   0.35   0.30      5      5      1   
  0.16   0.98   0.15   0.16      7      7      1   
  0.80   0.01   0.57   0.92      8      8      1   
  0.69   0.96   0.49   0.37      6      6      1   
  0.35   0.07   0.15   0.48      4      4      1   
  0.07   0.51   0.57   0.13      6      6      1   
  0.34   0.74   0.87   0.27      7      7      1   
  0.33   0.76   0.38   0.87      1      1      1   
  0.24   0.09   0.56   0.68      6      6      1   
  0.65   0.43   0.07   0.58      5      5      1   
  0.25   0.17   0.23   0.85      6      6      1   
  0.22   0.69   1.00   0.41      8      8      1   
  0.66   0.31   0.64   0.61      3      3      1   
  0.60   0.98   0.57   0.85      2      2      1   
  0.89   0.49   0.89   0.91      4      4      1   
  0.32   0.16   0.72   0.99      8      8      1   
  0.55   0.61   0.66   0.75      2      2      1   
  0.72   0.11   0.35   0.72      6      6      1   
  0.16   0.98   0.22   0.07      8      8      1   
  0.38   0.69   0.35   0.96      3      3      1   
  0.18   0.14   0.69   0.96      9      9      1   
  0.63   0.27   0.41   0.69      4      4      1   
  0.16   0.27   0.49   0.10      3      3      1   
  0.24   0.28   0.86   0.03      6      6      1   
  0.90   0.78   0.11   0.50      7      7      1   
  0.44   0.43   0.80   0.01      5      5      1   
  0.68   0.59   0.43   0.36      3      3      1   
  0.07   0.38   0.78   0.44      6      6      1   
  0.12   0.08   0.08   0.03      1      1      1   
  0.08   0.45   0.69   0.83      6      6      1   
  0.44   0.65   0.10   0.62      3      3      1   
  0.95   0.86   0.99   0.73      2      2      1   
  0.51   0.36   0.50   0.49      2      2      1   
  0.25   0.17   0.58   0.59      5      5      1   
  0.18   0.12   0.86   0.02      6      6      1   
  0.32   0.82   0.66   0.31      6      6      1   
  0.34   0.17   0.08   0.03      3      3      1   
  0.15   0.16   0.99   0.88     10     10      1   
  0.78   0.41   0.87   0.34      1      1      1   
  0.10   0.94   0.63   0.57      6      6      1   
  0.34   0.17   0.60   0.08      3      3      1   
  0.26   0.16   0.85   0.29      6      6      1   
  0.55   0.64   0.14   0.44      4      4      1   
  0.05   0.32   0.85   0.77      8      8      1   
  0.43   0.62   0.02   0.11      6      6      1   
  0.14   0.03   0.52   0.06      4      4      1   
  0.66   0.63   0.03   0.35      6      6      1   
  0.18   0.93   0.27   0.04      8      8      1   
  0.70   0.21   0.86   0.74      5      5      1   
  0.60   0.93   0.51   0.96      1      1      1   
  0.76   0.18   0.85   0.18      1      1      1   
  0.98   0.84   0.58   0.23      7      7      1   
  0.98   0.91   0.51   0.72      5      5      1   
  0.86   0.42   0.38   0.87      6      6      1   
  0.71   0.59   0.02   0.07      8      8      1   
  0.42   0.16   0.42   0.23      1      1      1   
  0.41   0.69   0.89   0.95      5      5      1   
  0.57   0.92   0.93   0.00      9      9      1   
  0.03   0.28   0.19   0.32      2      2      1   
  0.91   0.69   0.61   0.47      4      4      1   
  0.89   0.16   0.35   0.33      5      5      1   
  0.89   0.02   0.09   0.79     10     10      1   
  0.19   0.09   0.73   0.22      5      5      1   
  0.70   0.16   0.64   0.53      3      3      1   
  0.83   0.65   0.77   0.09      5      5      1   
  0.29   0.99   0.10   0.25      7      7      1   
  0.12   0.61   0.82   0.07      8      8      1   
  0.83   0.32   0.66   0.35      2      2      1   
  0.56   0.37   0.88   0.92      6      6      1   
  0.72   0.25   0.12   0.61      6      6      1   
  0.13   0.64   0.89   0.02      9      9      1   
  0.24   0.03   0.95   0.25      7      7      1   
  0.05   0.48   0.81   0.62      7      7      1   
  0.65   0.04   0.11   0.29      5      5      1   
  0.15   0.92   0.57   0.13      8      8      1   
  0.05   1.00   0.06   0.56      4      4      1   
  0.88   0.37   0.75   0.89      5      5      1   
  0.72   0.48   0.89   0.07      4      4      1   
  0.42   0.23   0.86   0.02      5      5      1   
  0.87   0.74   0.95   0.86      2      2      1   
  0.13   0.97   0.33   0.40      6      6      1   
  0.38   0.69   0.78   0.46      4      4      1   
  0.70   0.52   0.95   0.79      4      4      1   
  0.46   0.93   0.53   0.18      7      7      1   
  0.23   0.94   0.76   0.07      9      9      1   
  0.93   0.61   0.80   0.64      2      2      1   
  0.64   0.82   0.89   0.02      7      7      1   
  0.47   0.01   0.68   0.88      8      8      1   
  0.34   0.88   0.27   0.50      4      4      1   
  0.08   0.10   0.37   0.13      3      3      1   
  0.70   0.60   0.13   0.16      7      7      1   
  0.05   0.42   0.66   0.11      6      6      1   
  0.78   0.46   0.50   0.49      3      3      1   
  0.08   0.22   0.91   0.87      9      9      1   
  0.11   0.01   0.71   0.99     10     10      1   
  0.30   0.84   0.10   0.54      3      3      1   
  0.88   0.08   0.11   0.50      8      8      1   
  0.55   0.22   0.62   0.51      3      3      1   
  0.01   0.12   0.72   0.95     10     10      1   
  0.26   0.53   0.75   0.84      6      6      1   
  0.92   1.00   0.26   0.47      8      8      1   
  0.72   0.48   0.02   0.57      7      7      1   
  0.75   0.05   0.47   0.01      3      3      1   
  0.85   0.18   0.63   0.40      3      3      1   
  0.34   0.02   0.84   0.49      7      7      1   
  0.13   0.23   0.01   0.96      7      7      1   
  0.74   0.25   0.69   0.44      2      2      1   
  0.93   0.66   0.20   0.01      8      8      1   
  0.38   0.87   0.56   0.40      5      5      1   
  0.27   0.93   0.68   0.59      5      5      1   
  0.18   0.88   0.09   0.76      2      2      1   
  0.24   0.69   0.27   0.12      5      5      1   
  0.21   0.53   0.22   0.07      4      4      1   
  0.95   0.74   0.65   0.40      5      5      1   
  0.89   0.16   0.87   0.70      5      5      1   
  0.04   0.79   0.77   0.14      9      9      1   
  0.65   0.04   0.51   0.65      6      6      1   
  0.75   0.99   0.66   0.43      5      5      1   
  0.66   0.44   0.27   0.83      5      5      1   
  0.23   0.40   0.05   1.00      6      6      1   
  0.47   0.01   0.84   0.92      9      9      1   
  0.55   0.85   0.83   0.65      4      3      1   
  0.05   1.00   0.64   0.90      6      6      1   
  0.77   0.09   0.26   0.53      6      6      1   
  0.84   0.32   0.87   0.82      5      5      1   
  0.49   0.57   0.74   0.50      3      3      1   
  0.85   0.29   0.66   0.44      3      3      1   
  0.64   0.18   0.72   0.80      6      6      1   
  0.88   0.03   0.10   0.25      7      7      1   
  0.01   0.12   0.70   0.82      9      9      1   
  0.40   0.77   0.95   0.74      5      5      1   
  0.79   0.92   0.21   0.64      6      6      1   
  0.55   0.86   0.12   0.62      5      4      1   
  0.85   0.00   0.30   0.27      6      6      1   
  0.76   0.43   0.39   0.58      4      4      1   
  0.07   0.61   0.83   0.96      7      7      1   
  0.97   0.37   0.45   0.32      5      5      1   
  0.60   0.06   0.09   0.76      8      8      1   
  0.70   0.16   0.65   0.94      7      7      1   
  0.04   0.09   0.03   0.42      3      3      1   
  0.69   0.87   0.77   0.86      1      1      1   
  0.77   0.75   0.19   0.32      7      7      1   
  0.14   0.00   0.27   0.22      3      3      1   
  0.24   0.61   0.20   0.46      2      2      1   
  0.29   0.98   0.62   0.15      8      8      1   
  0.86   0.42   0.87   0.02      4      4      1   
  0.48   0.65   0.35   0.30      4      4      1   
  0.27   0.04   0.14   0.09      2      2      1   
  0.70   0.67   0.88   0.92      3      3      1   
  0.06   0.69   0.29   0.98      3      3      1   
  0.56   0.67   0.24   0.93      4      4      1   
  0.56   0.67   0.51   0.60      1      1      1   
  0.01   0.47   0.79   0.30      7      7      1   
  0.97   0.36   0.08   0.45      8      8      1   
  0.22   0.71   0.72   0.80      5      5      1   
  0.09   0.76   0.90   0.57      7      7      1   
  0.76   0.38   0.42   0.23      4      4      1   
  0.10   0.62   0.21   0.59      1      1      1   
  0.97   0.87   0.69   0.54      5      4      1   
  0.07   0.38   0.21   0.90      5      5      1   
  0.35   0.30   0.68   0.88      6      6      1   
  0.90   0.96   0.85   0.77      2      2      1   
  0.76   0.13   0.12   0.11      6      6      1   
  0.70   0.16   0.70   0.52      4      4      1   
  0.55   0.38   0.24   0.61      4      4      1   
  0.86   0.27   0.26   0.32      6      6      1   
  0.20   0.56   0.79   0.92      6      6      1   
  0.27   0.93   0.01   0.12      8      8      1   
  0.48   0.45   0.85   0.54      4      4      1   
  0.71   0.96   0.28   0.20      8      8      1   
  0.80   0.22   0.15   0.55      6      6      1   
  0.53   0.48   0.26   0.09      4      4      1   
  0.57   0.02   0.89   0.25      4      4      1   
  0.34   0.99   0.23   0.40      6      5      1   
  0.01   0.12   0.25   0.91      7      7      1   
  0.91   0.29   0.11   0.70      8      8      1   
  0.11   0.82   0.27   0.83      2      2      1   
  0.86   0.02   0.55   0.32      4      4      1   
  0.87   0.34   0.84   0.92      5      5      1   
  0.60   0.74   0.72   0.48      3      3      1   
  0.77   0.14   0.26   0.54      6      6      1   
  0.21   0.53   0.58   0.55      4      4      1   
  0.26   0.78   0.04   0.79      2      2      1   
  0.38   0.87   0.85   0.77      4      4      1   
  0.54   0.42   0.23   0.85      5      5      1   
  0.65   0.59   1.00   0.99      5      5      1   
  0.65   0.38   0.07   0.41      5      5      1   
  0.93   0.40   0.98   0.19      2      2      1   
  0.50   0.99   0.03   0.19      8      8      1   
  0.64   0.89   0.44   0.35      6      6      1   
  0.54   0.32   0.65   0.94      6      6      1   
  0.74   0.25   0.30   0.25      4      4      1   
  0.24   0.17   0.13   0.20      1      1      1   
  0.38   0.86   0.26   0.47      4      4      1   
  0.62   0.51   0.11   0.10      6      6      1   
  0.18   0.24   0.35   0.96      7      7      1   
  0.01   0.94   0.86   0.86      7      7      1   
  0.14   0.03   0.89   0.90     10     10      1   
  0.49   0.49   0.24   0.45      3      3      1   
  0.26   0.95   0.76   0.90      5      5      1   
  0.37   0.10   1.00   0.10      6      6      1   
  0.42   0.36   0.32   0.02      3      3      1   
  1.00   0.77   0.78   0.44      4      4      1   
  0.31   0.27   0.91   0.51      6      6      1   
  0.75   0.05   0.84   0.11      1      1      1   
  0.47   0.01   0.99   0.46      6      6      1   
  0.95   0.06   0.71   0.31      3      3      1   
  0.23   0.94   0.10   0.06      8      8      1   
  0.61   0.47   0.17   0.52      4      4      1   
  0.09   0.76   0.57   0.00      8      8      1   
  0.23   0.40   0.85   0.36      5      5      1   
  0.08   0.49   0.03   0.19      3      3      1   
  0.44   0.16   0.21   0.64      5      5      1   
  0.65   0.40   0.88   0.37      2      2      1   
  0.47   0.79   0.05   0.81      4      4      1   
  0.81   0.20   0.78   0.43      2      2      1   
  0.39   0.71   0.24   0.78      2      2      1   
  0.39   0.58   0.84   0.78      5      5      1   
  0.20   0.35   0.29   0.13      2      2      1   
  0.70   0.67   0.02   0.96      7      7      1   
  0.11   0.70   0.05   0.45      3      3      1   
  0.16   0.09   0.68   0.20      5      5      1   
  0.26   0.29   0.10   0.43      2      2      1   
  0.22   0.72   0.07   0.81      2      2      1   
  0.26   0.54   0.06   0.57      2      2      1   
  0.17   0.20   0.90   0.96      9      9      1   
  0.42   0.60   0.21   0.06      5      5      1   
  0.70   0.67   0.33   0.43      4      4      1   
  0.13   0.72   0.01   0.51      2      2      1   
  0.49   0.85   0.58   0.93      1      1      1   
  0.93   0.66   0.98   0.95      3      3      1   
  0.02   0.39   0.68   0.77      7      7      1   
  0.21   0.64   0.55   0.86      4      4      1   
  0.85   0.31   0.50   0.67      5      5      1   
  0.35   0.52   0.51   0.71      2      2      1   
  0.19   0.32   0.07   0.38      2      2      1   
  0.21   0.61   0.27   0.76      2      2      1   
  0.44   0.44   0.99   0.79      6      6      1   
  0.01   0.63   0.48   0.90      5      5      1   
  0.26   0.03   0.10   0.06      2      2      1   
  0.71   0.79   0.80   0.01      7      7      1   
  0.26   0.03   0.76   0.24      5      5      1   
  0.20   0.35   0.96   0.75      8      8      1   
  0.64   0.53   0.76   0.43      2      2      1   
  0.08   0.45   0.08   0.07      4      4      1   
  0.07   0.61   0.95   0.74      8      8      1   
  0.94   0.83   0.20   0.46      8      7      1   
  0.93   0.21   0.25   0.26      6      6      1   
  0.20   0.22   0.60   0.98      8      8      1   
  0.18   0.11   0.85   0.77      8      8      1   
  0.08   0.75   0.76   0.75      6      6      1   
  0.76   0.75   0.06   0.55      7      7      1   
  0.03   0.72   0.08   0.90      2      2      1   
  0.44   0.15   0.93   0.00      5      5      1   
  0.29   0.55   0.80   0.64      5      5      1   
  0.11   0.92   0.85   0.00     10     10      1   
  0.09   0.45   0.80   0.22      7      7      1   
  0.24   0.45   0.22   0.07      4      4      1   
  0.59   0.83   0.77   0.14      6      6      1   
  0.11   0.92   0.72   0.25      8      8      1   
  0.26   0.96   0.47   0.88      3      3      1   
  0.32   0.82   0.33   0.37      4      4      1   
  0.39   0.30   0.99   0.73      7      7      1   
  0.93   0.25   0.05   0.70      9      9      1   
  0.30   0.84   0.99   0.27      8      8      1   
  0.70   0.16   0.76   0.35      2      2      1   
  0.62   0.15   0.17   0.52      6      6      1   
  0.33   0.37   0.51   0.96      6      6      1   
  0.44   0.43   0.49   0.85      4      4      1   
  0.17   0.20   0.02   0.27      2      2      1   
  0.44   0.15   0.95   0.28      5      5      1   
  0.67   0.86   0.63   0.39      4      4      1   
  0.93   0.94   0.49   0.64      5      5      1   
  0.45   0.70   0.11   0.48      4      4      1   
  0.28   0.27   0.17   0.69      4      4      1   
  0.65   0.04   0.35   1.00      9      9      1   
  0.60   0.98   0.44   0.16      8      8      1   
  0.42   0.23   0.45   0.11      1      1      1   
  0.84   0.78   0.78   0.56      2      2      1   
  0.81   0.36   0.92   0.18      2      2      1   
  0.10   0.43   0.26   0.95      5      5      1   
  0.32   0.73   0.54   0.32      4      4      1   
  0.05   0.45   0.31   0.27      3      3      1   
  0.90   0.96   0.84   0.49      5      5      1   
  0.99   0.72   0.76   0.24      5      5      1   
  0.48   0.65   0.70   0.52      3      3      1   
  0.53   0.48   0.70   0.67      3      3      1   
  0.62   0.75   0.58   0.83      1      1      1   
  0.69   0.96   0.06   0.28      9      9      1   
  0.65   0.34   0.42   0.20      3      3      1   
  0.09   1.00   0.81   0.18      9      9      1   
  0.17   0.60   0.29   0.15      5      5      1   
  0.95   0.25   0.34   0.74      7      7      1   
  0.28   0.10   0.64   0.21      4      4      1   
  0.40   0.72   0.58   0.55      2      2      1   
  0.91   0.83   0.49   0.98      4      4      1   
  0.93   0.66   0.47   0.26      6      6      1   
  0.77   0.51   0.37   0.40      4      4      1   
  0.72   0.99   0.08   0.90      6      6      1   
  0.74   0.70   0.35   0.07      7      7      1   
  0.98   0.84   0.14   0.71      8      8      1   
  0.06   0.57   0.89   0.16      8      8      1   
  0.40   0.16   0.81   0.49      5      5      1   
  0.36   0.02   0.05   0.86      8      8      1   
  0.10   0.06   0.90   0.78     10     10      1   
  0.56   0.58   0.94   0.39      4      4      1   
  0.01   0.03   0.49   0.98      9      9      1   
  0.67   0.23   0.58   0.83      6      6      1   
  0.42   0.36   0.33   0.37      1      1      1   
  0.74   0.38   0.62   0.83      4      4      1   
  0.37   0.10   0.62   0.51      5      5      1   
  0.01   0.51   0.07   0.51      1      1      1   
  0.12   0.61   0.27   0.76      2      2      1   
  0.81   0.28   0.50   0.67      5      5      1   
  0.01   0.12   0.80   0.12      7      7      1   
  0.74   0.60   0.02   0.39      7      7      1   
  0.64   0.81   0.26   0.93      4      4      1   
  0.39   0.71   0.03   0.19      6      6      1   
  0.11   0.70   0.29   0.99      3      3      1   
  0.19   0.11   0.08   0.49      4      4      1   
  0.15   0.91   0.21   0.72      2      2      1   
  0.74   0.80   0.11   0.92      6      6      1   
  0.80   0.45   0.63   0.27      2      2      1   
  0.25   0.29   0.87   1.00      8      8      1   
  0.16   0.27   0.38   0.69      5      5      1   
  0.35   0.14   0.16   0.27      2      2      1   
  0.05   0.81   0.26   0.63      3      3      1   
  0.21   0.59   0.95   0.52      7      7      1   
  0.81   0.57   0.38   0.86      5      5      1   
  0.19   0.09   0.76   0.84      9      8      1   
  0.95   0.06   0.02   0.96     11     11      1   
  0.69   0.82   0.35   0.72      4      3      1   
  0.82   0.07   0.22   0.27      6      6      1   
  0.25   0.17   0.56   0.99      8      8      1   
  0.18   0.88   0.65   0.38      6      6      1   
  0.65   0.63   0.21   0.80      5      5      1   
  0.06   0.50   0.76   0.38      6      6      1   
  0.15   0.48   0.55   0.61      4      4      1   
  0.73   0.22   0.68   0.33      1      1      1   
  0.36   0.36   0.39   0.22      2      2      1   
  0.76   0.12   0.38   0.24      4      4      1   
  0.07   0.81   0.03   0.59      2      2      1   
  0.77   0.51   0.05   0.70      7      7      1   
  0.80   0.76   0.00   0.40      8      8      1   
  0.07   0.41   0.60   0.93      7      7      1   
  0.10   0.94   0.05   0.81      2      2      1   
  0.75   0.86   0.74   0.50      4      4      1   
  0.13   0.23   0.21   0.79      5      5      1   
  0.33   0.93   0.03   0.39      6      6      1   
  0.22   0.90   0.25   0.72      2      2      1   
  0.92   0.45   0.04   0.98      9      9      1   
  0.61   0.74   0.65   0.00      7      7      1   
  0.33   0.80   0.94   0.38      7      7      1   
  0.21   0.08   0.78   0.46      6      6      1   
  0.49   0.85   0.35   0.96      2      2      1   
  0.39   0.22   0.27   0.57      4      4      1   
  0.02   0.47   0.01   0.85      4      4      1   
  0.58   0.88   0.89   0.91      3      3      1   
  0.84   0.78   0.56   0.99      3      3      1   
  0.56   0.84   0.34   0.74      2      2      1   
  0.34   0.40   0.83   0.32      5      5      1   
  0.11   0.92   0.17   0.88      1      1      1   
  1.00   0.41   0.26   0.62      7      7      1   
  0.25   0.77   0.37   0.10      6      6      1   
  0.85   0.00   0.70   0.88      8      8      1   
  0.34   0.17   0.94   0.95      9      9      1   
  0.44   0.15   0.72   0.80      7      7      1   
  0.49   0.57   0.56   0.99      4      4      1   
  0.97   0.37   0.82   0.05      3      3      1   
  0.48   0.20   0.02   0.39      5      5      1   
  0.21   0.53   0.97   0.87      7      7      1   
  0.46   0.18   0.29   0.11      2      2      1   
  0.69   0.82   0.08   0.10      8      8      1   
  0.69   0.13   0.72   0.95      8      7      1   
  0.60   0.98   0.50   0.55      4      4      1   
  0.67   0.59   0.46   0.83      3      3      1   
  0.87   0.02   0.45   0.60      7      7      1   
  0.86   0.92   0.37   0.14      8      8      1   
  0.28   0.20   0.75   0.25      5      5      1   
  0.50   0.94   0.34   0.99      2      2      1   
  0.21   0.22   0.91   0.69      8      8      1   
  0.88   0.15   0.51   0.65      6      6      1   
  0.27   0.55   0.99   0.70      7      7      1   
  0.24   0.93   0.57   0.25      7      7      1   
  0.49   0.57   0.75   0.86      4      4      1   
  0.38   0.69   0.83   0.32      5      5      1   
  0.01   0.94   0.19   0.44      5      5      1   
  0.21   0.59   0.21   0.22      4      4      1   
  0.69   0.13   0.91   0.51      4      4      1   
  0.27   0.18   0.91   0.87      9      9      1   
  0.74   0.60   0.03   0.28      7      7      1   
  0.39   0.22   0.16   0.09      3      3      1   
  0.30   0.84   0.35   0.33      5      5      1   
  0.19   0.56   0.78   0.56      5      5      1   
  0.72   0.19   0.08   0.02      6      6      1   
  0.06   0.56   0.78   0.43      6      6      1   
  0.86   0.74   0.24   0.65      6      6      1   
  0.72   0.57   0.99   0.97      4      4      1   
  0.84   0.78   0.68   0.88      2      2      1   
  0.01   0.03   0.88   0.67     10     10      1   
  0.20   0.22   0.58   0.23      4      4      1   
  0.92   0.18   0.76   0.07      2      2      1   
  0.08   0.02   0.70   0.21      6      6      1   
  0.92   0.36   0.58   0.84      5      5      1   
  0.78   0.56   0.06   0.56      7      7      1   
  0.03   0.50   0.84   0.92      9      8      1   
  0.28   0.98   0.33   0.37      6      6      1   
  0.07   0.51   0.28   0.79      3      3      1   
  0.60   0.08   0.07   0.13      5      5      1   
  0.29   0.00   0.22   0.42      4      4      1   
  0.34   0.74   0.98   0.86      6      6      1   
  0.74   0.30   0.14   0.44      6      6      1   
  0.82   0.05   0.45   0.32      4      4      1   
  0.99   0.97   0.03   0.28     10     10      1   
  0.87   1.00   0.97   0.37      6      6      1   
  0.56   0.97   0.65   0.63      3      3      1   
  0.44   0.15   0.08   0.10      3      3      1   
  0.41   0.69   0.04   0.98      4      4      1   
  0.21   0.22   0.32   0.16      1      1      1   
  0.43   0.62   0.86   0.42      4      4      1   
  0.84   0.23   0.36   0.31      4      4      1   
  0.66   0.44   0.09   0.18      6      6      1   
  0.13   0.80   0.92   0.43      8      7      1   
  0.37   0.66   0.89   0.16      6      6      1   
  0.28   0.20   0.21   0.79      5      5      1   
  0.03   0.50   0.64   0.90      7      7      1   
  0.17   0.60   0.72   0.57      6      5      1   
  0.32   0.73   0.85   0.54      5      5      1   
  0.85   0.10   0.16   0.74      8      8      1   
  0.26   0.58   0.74   0.30      5      5      1   
  0.36   0.36   0.01   0.94      7      7      1   
  0.08   0.49   0.24   0.61      2      2      1   
  0.20   0.11   0.42   0.36      3      3      1   
  0.28   0.20   0.62   0.80      6      6      1   
  0.62   0.75   0.21   0.72      4      4      1   
  0.74   0.16   0.40   0.22      3      3      1   
  0.38   0.17   0.61   0.06      2      2      1   
  0.41   0.80   0.12   0.08      7      7      1   
  0.36   0.05   0.99   0.14      6      6      1   
  0.24   0.78   0.57   0.99      4      4      1   
  0.88   0.92   0.48   0.23      8      8      1   
  0.04   0.93   0.96   0.42      9      9      1   
  0.76   0.07   0.03   0.72      9      9      1   
  0.43   0.12   0.85   0.65      6      6      1   
  0.70   0.04   0.85   0.54      5      5      1   
  0.82   0.07   0.48   0.91      8      8      1   
  0.93   0.66   0.75   0.84      2      2      1   
  0.29   0.55   0.63   0.27      4      4      1   
  0.44   0.44   0.76   0.92      5      5      1   
  0.27   0.12   0.92   0.36      6      6      1   
  0.63   0.27   0.09   0.45      5      5      1   
  0.52   0.06   0.41   0.44      4      4      1   
  0.89   0.49   0.38   0.24      5      5      1   
  0.31   0.27   0.95   0.25      6      6      1   
  0.72   0.48   0.26   0.44      5      4      1   
  0.19   0.51   0.12   0.62      1      1      1   
  0.10   0.04   0.20   0.19      2      2      1   
  0.45   0.97   0.16   0.09      8      8      1   
  0.87   0.87   0.52   0.74      4      4      1   
  0.62   0.80   0.97   0.47      4      4      1   
  0.66   0.22   0.57   0.99      7      7      1   
  0.32   0.06   0.69   0.44      5      5      1   
  0.90   0.50   0.88   0.66      2      2      1   
  0.08   0.03   0.10   0.87      7      7      1   
  0.27   0.55   0.28   0.79      3      3      1   
  0.27   0.55   0.65   0.63      4      4      1   
  0.35   0.14   0.21   0.64      5      5      1   
  0.89   0.49   0.48   0.41      4      4      1   
  1.00   0.99   0.91   0.87      2      2      1   
  0.99   0.79   0.26   0.62      7      7      1   
  0.42   0.50   0.16   0.09      4      4      1   
  0.07   0.50   0.08   0.73      2      2      1   
  0.91   0.69   0.45   0.60      4      4      1   
  0.71   0.26   0.26   0.44      4      4      1   
  0.38   0.99   0.03   0.13      8      8      1   
  0.84   0.92   0.05   0.32      9      9      1   
  0.51   0.02   0.10   0.43      5      5      1   
  0.31   0.27   0.26   0.53      3      3      1   
  0.84   0.23   0.33   0.93      8      8      1   
  0.85   0.54   0.49   0.64      4      4      1   
  0.48   0.24   0.08   0.39      4      4      1   
  0.25   0.29   0.25   0.17      1      1      1   
  0.20   0.01   0.15   0.55      5      5      1   
  0.29   0.55   0.85   0.10      6      6      1   
  0.48   0.23   0.35   0.07      2      2      1   
  0.01   0.63   0.37   0.40      4      4      1   
  0.76   0.32   0.22   0.27      5      5      1   
  0.01   0.94   0.28   0.33      6      6      1   
  1.00   0.25   0.15   0.48      8      8      1   
  0.37   0.10   0.47   0.33      3      3      1   
  0.76   0.12   0.99   0.88      7      7      1   
  0.25   0.17   0.65   0.29      4      4      1   
  0.81   0.57   0.50   0.94      4      4      1   
  0.21   0.53   0.11   0.82      3      3      1   
  0.06   0.50   0.55   0.32      5      5      1   
  0.01   0.99   0.14   0.17      8      8      1   
  0.09   0.45   0.08   0.31      2      2      1   
  0.08   0.90   0.85   0.00     10     10      1   
  0.06   0.55   0.99   0.23      8      8      1   
  0.52   0.00   0.79   0.31      4      4      1   
  0.19   0.30   0.20   0.56      3      3      1   
  0.79   0.00   0.19   0.46      7      7      1   
  0.81   0.30   0.72   0.95      6      6      1   
  0.94   0.38   0.19   0.16      7      7      1   
  0.02   0.96   0.00   0.61      3      3      1   
  0.22   0.01   0.70   0.82      8      8      1   
  0.05   0.45   0.83   0.49      7      7      1   
  0.71   0.45   0.48   0.88      5      5      1   
  0.41   0.80   0.84   0.89      4      4      1   
  0.07   0.51   0.89   0.90      8      8      1   
  0.03   0.35   0.40   0.16      4      4      1   
  0.58   0.84   0.22   0.69      4      4      1   
  0.36   0.02   0.68   0.20      3      3      1   
  0.36   0.02   0.35   0.33      3      3      1   
  0.39   0.22   0.93   0.10      5      5      1   
  0.55   0.22   0.35   0.07      2      2      1   
  0.22   0.01   0.19   0.18      2      2      1   
  0.18   0.52   1.00   0.87      8      8      1   
  0.49   0.98   0.94   0.95      4      4      1   
  0.11   0.92   0.40   0.46      5      5      1   
  0.24   0.03   0.65   0.67      7      7      1   
  0.25   0.13   0.87   0.47      6      6      1   
  0.98   0.77   0.55   0.61      4      4      1   
  0.91   0.51   0.25   0.17      6      6      1   
  0.36   0.31   0.57   0.00      3      3      1   
  0.69   0.44   0.09   0.79      7      7      1   
  0.78   0.44   0.41   0.44      3      3      1   
  0.44   0.44   0.15   0.16      4      4      1   
  0.49   0.64   0.58   0.34      3      3      1   
  0.06   0.98   0.86   0.74      8      8      1   
  0.44   0.44   0.70   0.82      4      4      1   
  0.77   0.75   0.25   0.91      5      5      1   
  0.87   0.50   0.68   0.77      3      3      1   
  0.59   0.27   0.30   0.83      6      6      1   
  0.43   0.36   0.74   0.25      3      3      1   
  0.62   0.80   0.23   0.40      6      5      1   
  0.28   0.79   0.25   0.91      1      1      1   
  0.99   0.37   0.38   0.85      7      7      1   
  0.92   0.36   0.68   0.33      2      2      1   
  0.07   0.34   0.81   0.18      7      7      1   
  0.91   0.87   0.03   0.22     10     10      1   
  0.24   0.57   0.61   0.69      4      4      1   
  0.70   0.21   0.02   0.35      6      6      1   
  0.93   0.10   0.37   0.19      6      6      1   
  0.43   0.36   0.26   0.09      3      3      1   
  0.58   0.16   0.91   0.18      3      3      1   
  0.13   0.97   0.91   0.83      7      7      1   
  0.06   0.38   0.95   0.65      8      8      1   
  0.11   0.10   0.71   0.31      6      6      1   
  0.02   0.80   0.53   0.44      6      6      1   
  1.00   0.77   0.51   0.36      6      6      1   
  0.23   0.40   0.84   0.32      5      5      1   
  0.91   0.87   0.38   0.86      5      5      1   
  0.54   0.42   0.01   0.05      6      6      1   
  0.54   0.32   1.00   0.25      4      4      1   
  0.51   0.72   0.26   0.05      6      6      1   
  0.42   0.31   0.29   0.13      2      2      1   
  0.22   0.01   0.96   0.83      9      9      1   
  0.67   0.59   0.86   0.92      4      4      1   
  0.20   0.11   0.80   0.76      8      8      1   
  0.87   0.74   0.85   0.28      4      4      1   
  0.06   0.98   0.21   0.08      8      8      1   
  0.07   0.38   0.32   0.16      3      3      1   
  0.01   0.99   0.47   0.83      4      4      1   
  0.26   0.93   0.57   0.85      3      3      1   
  0.41   0.44   0.92   1.00      7      7      1   
  0.84   0.49   0.92   0.78      3      3      1   
  0.66   0.98   0.53   0.44      6      5      1   
  0.51   0.19   0.82   0.05      3      3      1   
  0.48   0.91   0.01   0.33      7      7      1   
  0.43   0.12   0.51   0.02      1      1      1   
  0.40   0.16   0.23   0.78      6      6      1   
  0.46   0.62   0.40   0.16      5      5      1   
  0.07   0.81   0.36   0.05      7      7      1   
  0.07   0.58   0.68   0.33      6      6      1   
  0.34   0.88   0.19   0.30      5      5      1   
  0.08   0.66   0.21   0.80      2      2      1   
  0.66   0.75   0.15   0.27      6      6      1   
  1.00   0.99   0.63   0.40      7      7      1   
  0.35   0.44   0.88   0.90      6      6      1   
  0.91   0.87   0.10   0.62      8      8      1   
  0.76   0.92   0.16   0.98      6      6      1   
  0.92   1.00   0.52   0.07      9      9      1   
  0.95   0.25   0.26   0.96      9      9      1   
  0.83   0.13   0.77   0.75      6      6      1   
  0.81   0.40   0.02   0.57      8      8      1   
  0.98   0.34   0.88   0.66      3      3      1   
  0.81   0.27   1.00   0.77      5      5      1   
  0.32   0.73   0.49   0.98      3      3      1   
  0.27   0.50   0.23   0.94      4      4      1   
  0.22   0.69   0.23   0.57      1      1      1   
  0.82   0.75   0.13   0.20      9      8      1   
  0.81   0.01   0.74   0.80      7      7      1   
  0.04   0.98   0.06   0.69      3      3      1   
  0.82   0.72   0.91   0.18      5      5      1   
  0.92   0.36   0.70   0.21      3      3      1   
  0.85   0.92   0.72   0.95      1      1      1   
  0.19   0.11   0.50   0.69      6      6      1   
  0.59   0.27   0.70   0.52      3      3      1   
  0.51   0.72   0.08   0.39      5      5      1   
  0.49   0.37   0.21   0.72      4      4      1   
  0.66   0.44   0.64   0.27      2      2      1   
  0.84   0.92   0.34   0.85      5      5      1   
  0.75   0.99   0.25   0.91      5      5      1   
  0.64   0.81   0.02   0.27      7      7      1   
  0.94   0.13   0.95   0.79      6      6      1   
  0.61   0.83   0.24   0.57      4      4      1   
  0.05   0.42   0.11   0.50      1      1      1   
  0.05   0.70   0.03   0.42      3      3      1   
  0.69   0.87   0.04   0.55      6      6      1   
  0.23   0.78   0.65   0.43      5      5      1   
  0.66   0.72   0.86   0.92      3      3      1   
  0.20   0.11   0.07   0.50      4      4      1   
  0.76   0.18   0.70   0.21      1      1      1   
  0.22   0.07   0.31   0.27      2      2      1   
  0.80   0.76   0.67   0.24      5      5      1   
  0.05   1.00   0.87   0.27     10     10      1   
  0.46   0.83   0.91   0.10      8      8      1   
  0.11   0.82   0.05   0.45      4      4      1   
  0.76   0.32   0.87   0.15      2      2      1   
  0.89   0.95   0.60   0.93      3      3      1   
  0.22   0.53   0.34   0.17      3      3      1   
  0.79   0.67   0.26   0.93      5      5      1   
  0.84   0.89   0.22   0.90      6      6      1   
  0.73   0.40   0.47   0.01      4      4      1   
  0.91   0.51   0.77   0.75      3      3      1   
  0.41   0.69   0.40   0.72      1      1      1   
  0.10   0.62   0.28   0.20      4      4      1   
  0.01   0.03   0.12   0.73      6      6      1   
  0.56   0.93   0.59   0.71      2      2      1   
  0.99   0.16   0.77   0.51      4      4      1   
  0.85   0.28   0.47   0.27      4      4      1   
  0.03   0.59   0.98   0.86      9      9      1   
  0.47   0.79   0.85   0.77      4      4      1   
  0.52   0.00   0.84   0.18      4      4      1   
  0.76   0.84   0.18   0.27      7      7      1   
  0.38   0.87   0.88   0.67      5      5      1   
  0.74   0.30   0.01   0.96      9      9      1   
  0.52   0.07   0.11   0.50      6      6      1   
  0.24   0.03   0.00   0.73      7      7      1   
  0.35   0.72   0.79   0.67      4      4      1   
  0.09   0.29   0.02   0.01      3      3      1   
  0.65   0.51   0.86   0.45      2      2      1   
  0.77   0.68   0.76   0.38      3      3      1   
  0.13   0.23   0.08   0.66      4      4      1   
  0.51   0.19   0.55   0.32      2      2      1   
  0.99   0.27   0.05   0.15      9      9      1   
  0.66   0.31   0.25   0.26      4      4      1   
  0.20   0.56   0.85   0.92      7      7      1   
  0.87   0.50   0.98   0.91      4      4      1   
  0.16   0.27   0.25   0.73      4      4      1   
  0.43   0.63   0.42   0.23      4      4      1   
  0.78   0.22   0.73   0.22      1      1      1   
  0.32   0.82   0.36   0.36      5      5      1   
  0.42   0.23   0.58   0.83      6      6      1   
  0.07   0.58   0.98   0.29      8      8      1   
  0.80   0.36   0.07   0.51      7      7      1   
  0.10   0.06   0.35   0.96      8      8      1   
  0.21   0.42   0.63   0.57      4      4      1   
  0.17   0.54   0.98   0.29      8      8      1   
  0.03   0.50   0.75   0.86      8      7      1   
  0.22   0.27   0.53   0.11      4      4      1   
  0.79   0.93   0.00   0.33      9      9      1   
  0.03   0.42   0.71   0.79      7      7      1   
  0.88   0.03   0.16   0.09      7      6      1   
  0.34   0.84   0.29   0.00      8      7      1   
  0.41   0.48   0.63   0.57      3      3      1   
  0.97   0.36   0.39   0.22      6      6      1   
  1.00   0.25   0.74   0.80      6      6      1   
  0.62   0.51   0.38   0.87      4      4      1   
  0.16   0.98   0.10   0.24      7      7      1   
  0.15   0.48   0.97   0.37      8      7      1   
  0.44   0.44   0.21   0.40      2      2      1   
  0.91   0.87   0.24   0.61      7      7      1   
  0.84   0.94   0.84   0.49      5      4      1   
  0.93   0.61   0.13   0.46      7      7      1   
  0.85   0.18   0.60   0.06      3      3      1   
  0.13   0.46   0.14   0.71      3      3      1   
  0.94   0.15   0.06   0.14      8      8      1   
  0.33   0.37   0.38   0.32      1      1      1   
  0.65   0.34   0.00   0.73      7      7      1   
  0.77   0.68   0.64   0.27      4      4      1   
  0.34   0.99   0.87   0.02     10     10      1   
  0.76   0.55   0.50   0.48      3      3      1   
  0.22   0.53   0.71   0.31      5      5      1   
  0.84   0.32   0.06   0.28      7      7      1   
  0.64   0.82   0.66   0.72      1      1      1   
  0.21   0.08   0.74   0.10      5      5      1   
  0.75   0.99   0.94   0.95      2      2      1   
  0.99   0.14   0.70   0.21      3      3      1   
  0.71   0.31   0.00   0.24      6      6      1   
  0.64   0.27   0.49   0.99      7      7      1   
  0.67   0.59   0.09   0.76      6      5      1   
  0.87   0.70   0.86   0.74      1      1      1   
  0.34   0.88   0.25   0.77      2      2      1   
  0.11   0.48   0.65   0.15      6      6      1   
  0.64   0.89   0.10   0.62      6      6      1   
  0.06   0.56   0.86   0.02      9      9      1   
  0.02   0.56   0.17   0.20      4      4      1   
  0.17   0.69   0.08   0.96      3      3      1   
