  0.63   0.90   0.63   0.81      1      1      1   
  0.53   0.25   0.08   0.55      6      6      1   
  0.67   0.01   0.45   0.69      8      7      1   
  0.74   0.97   0.65   0.31     11      8      1   
  0.01   0.91   0.88   0.46     12     11      1   
  0.85   0.23   0.25   0.10      7      7      1   
  0.05   0.80   0.75   0.18      9      9      1   
  0.72   0.78   0.52   0.39     12      8      1   
  0.44   0.08   0.89   0.52      7      7      1   
  0.28   0.45   0.52   0.60      3      3      1   
  0.00   0.81   0.19   0.70      2      2      1   
  0.32   0.03   0.06   0.89      9      9      1   
  0.74   0.25   0.75   0.18      1      1      1   
  0.45   0.77   0.52   0.16      7      7      1   
  0.40   0.30   0.31   0.23      1      1      1   
  0.36   0.06   0.44   0.65      6      6      1   
  0.35   0.41   0.99   0.44      7      7      1   
  0.77   0.74   0.29   0.45     14      8      1   
  0.11   0.69   0.75   0.18      8      8      1   
  0.52   0.16   0.85   0.88     14     10      1   
  0.10   0.49   1.00   0.31      9      9      1   
  0.39   0.58   0.53   0.30      4      4      1   
Routing Failed to deliver
  0.51   0.33   0.82   0.95     13      9      1   
  0.52   0.16   0.00   0.57      7      7      1   
  0.53   0.25   0.42   0.81      7      7      1   
  0.68   0.27   0.72   0.27      1      1      1   
  0.04   0.41   0.17   0.28      2      2      1   
  0.19   0.59   0.44   0.74      4      4      1   
  0.16   0.09   0.79   0.94     11     11      1   
  0.92   0.43   0.80   0.04      5      4      1   
  1.00   0.31   0.51   0.28      6      6      1   
  0.63   0.75   0.62   0.38      9      8      1   
  0.00   0.36   0.62   0.38      6      6      1   
  0.32   0.26   0.95   0.22      7      6      1   
  0.39   0.50   0.39   0.58      1      1      1   
  0.23   0.35   0.31   0.23      2      2      1   
  0.56   0.56   0.52   0.54      1      1      1   
Routing Failed to deliver
  0.02   0.03   0.41   0.77      9      9      1   
  0.45   0.69   0.24   0.27      5      5      1   
  0.17   0.16   0.18   0.12      1      1      1   
  0.67   0.95   0.65   0.87      1      1      1   
  0.52   0.39   0.06   0.69      6      6      1   
  0.91   0.71   0.08   0.74     11      9      1   
  0.12   0.47   0.89   0.52     11      9      1   
  0.52   0.16   0.24   0.27      3      3      1   
  0.91   0.38   0.34   0.77     10      9      1   
  0.23   0.70   0.38   0.45      3      3      1   
  0.22   0.64   0.23   0.24      5      5      1   
  0.08   0.65   0.24   0.12      6      6      1   
  0.70   0.79   0.55   0.28     12      8      1   
  0.79   0.05   0.17   0.16      6      6      1   
  0.24   0.12   0.83   0.37      7      6      1   
  0.35   0.41   0.91   0.29      6      6      1   
  0.39   0.58   0.42   0.26      3      3      1   
  0.59   0.08   0.68   0.27      2      2      1   
  0.83   0.37   0.83   0.73      4      4      1   
  0.26   0.24   0.91   0.38      7      7      1   
  0.43   0.85   0.35   0.41      5      5      1   
  0.37   0.96   0.11   0.13      9      9      1   
  0.32   0.03   0.39   0.50      5      5      1   
  0.96   0.20   0.72   0.78      6      6      1   
  0.05   0.80   0.51   0.33      6      6      1   
  0.50   0.17   0.85   0.88     14     10      1   
  0.97   0.18   0.41   0.77      9      9      1   
  0.39   0.06   0.02   0.17      4      4      1   
  0.39   0.50   0.63   0.81      5      5      1   
  0.65   0.58   0.62   0.38      3      3      1   
  0.56   0.55   0.92   0.43      5      5      1   
  0.39   0.50   0.94   0.88     22      8      1   
  0.18   0.12   0.83   0.37      7      7      1   
  0.42   0.81   0.83   0.37      8      8      1   
  0.24   0.66   0.08   0.55      2      2      1   
  0.51   0.33   0.23   0.14      3      3      1   
  0.01   0.90   0.70   0.85     10      9      1   
  0.23   0.51   0.95   0.78     13     10      1   
  0.18   0.12   0.05   0.25      2      2      1   
  0.14   0.02   0.10   0.46      4      4      1   
  0.12   0.47   0.47   0.20      5      5      1   
  0.73   0.83   0.82   0.95      2      2      1   
Routing Failed to deliver
  0.95   0.78   0.12   0.29     18     12      1   
  0.91   0.71   0.94   0.88      2      2      1   
  0.65   0.58   0.25   0.95      7      7      1   
  0.37   0.26   0.86   0.08      6      6      1   
  0.02   0.03   0.34   0.77      8      8      1   
  0.36   0.91   0.32   0.26      7      7      1   
  0.29   0.45   0.73   0.83      7      7      1   
  0.28   0.45   0.95   0.78     13     10      1   
  0.86   0.08   0.23   0.49      8      8      1   
  0.19   0.70   0.50   0.17      6      6      1   
  0.53   0.84   0.83   0.92      3      3      1   
  0.67   0.01   0.19   0.05      6      6      1   
  0.63   0.75   0.66   0.30      9      8      1   
  0.06   0.69   0.55   0.31      7      7      1   
  0.82   0.67   0.50   0.17      7      7      1   
  0.92   0.43   0.72   0.39      2      2      1   
  0.53   0.25   0.34   0.77      7      7      1   
Routing Failed to deliver
  0.08   0.09   0.95   0.22     10      9      1   
  0.17   0.16   0.45   0.84      7      7      1   
  0.70   0.85   0.40   0.30     11      8      1   
  0.24   0.12   0.34   0.86      8      7      1   
  0.40   0.03   0.44   0.08      1      1      1   
  0.31   0.60   0.99   0.44      9      9      1   
  0.82   0.67   0.02   0.17     11     11      1   
  0.36   0.91   0.79   0.05     12     11      1   
  0.67   0.01   0.99   0.44      5      5      1   
  0.10   0.46   0.44   0.74      5      5      1   
  0.19   0.05   0.89   0.52     10      9      1   
  0.68   0.27   0.89   0.81     14      7      1   
  0.23   0.35   0.01   0.91      6      6      1   
  0.17   0.28   0.74   0.91      9      9      1   
  0.44   0.65   0.22   0.34      4      4      1   
  0.83   0.37   0.05   0.13      8      8      1   
  0.40   0.30   0.16   0.09      3      3      1   
  0.24   0.66   0.52   0.60      3      3      1   
  0.21   0.23   1.00   0.41      8      8      1   
  0.21   0.17   0.12   0.29      2      2      1   
  0.56   0.56   0.40   0.30      4      4      1   
  0.52   0.54   0.19   0.59      3      3      1   
  0.84   0.14   0.82   0.67      6      6      1   
  0.44   0.65   0.92   0.43      7      7      1   
  0.39   0.58   0.25   0.10      5      5      1   
  0.23   0.14   0.53   0.28      3      3      1   
  0.42   0.81   0.17   0.16      7      7      1   
  0.52   0.54   0.86   0.42      6      6      1   
  0.65   0.15   0.17   0.16      5      5      1   
  0.52   0.39   0.79   0.05      5      5      1   
  0.17   0.28   0.27   0.17      2      2      1   
  0.41   0.77   0.95   0.78      7      7      1   
  0.53   0.28   0.22   0.34      3      3      1   
  0.91   0.22   0.23   0.24      8      7      1   
  0.44   0.74   0.52   0.34      5      5      1   
  0.19   0.17   0.37   0.36      3      3      1   
  0.85   0.23   0.31   0.23      5      5      1   
  0.96   0.20   0.39   0.22      6      6      1   
  0.68   0.27   0.11   0.18      6      6      1   
  0.43   0.85   0.39   0.58      3      3      1   
  0.43   0.09   0.67   0.01      3      3      1   
  0.28   0.45   0.65   0.58      5      5      1   
  0.86   0.42   0.19   0.17      8      8      1   
  0.62   0.38   0.98   0.32      4      4      1   
  0.55   0.28   0.59   0.08      2      2      1   
  0.53   0.25   0.83   0.92     14     10      1   
  0.17   0.28   0.23   0.70      4      4      1   
  0.68   0.14   0.25   0.95     11     11      1   
  0.69   0.43   0.86   0.08      5      5      1   
  0.49   0.24   0.25   0.10      3      3      1   
  0.10   0.46   0.13   0.65      2      2      1   
  0.01   0.54   0.67   0.95      8      8      1   
  0.96   0.20   0.02   0.17     10      9      1   
  0.18   0.30   0.14   0.24      1      1      1   
  0.05   0.25   0.16   0.09      2      2      1   
  0.22   0.64   0.82   0.95      7      7      1   
  0.94   0.88   0.04   0.41     13     11      1   
  0.98   0.32   0.37   0.33      7      7      1   
  0.51   0.28   0.94   0.95     15     11      1   
  0.52   0.16   0.39   0.58      5      5      1   
  0.65   0.15   0.70   0.79     12      8      1   
  0.59   0.08   0.99   0.44      6      6      1   
  0.84   0.14   0.80   0.04      1      1      1   
  0.00   0.81   0.08   0.74      1      1      1   
  0.44   0.08   0.92   0.43      6      6      1   
  0.12   0.56   0.45   0.84      4      4      1   
  0.41   0.77   0.25   0.95      3      3      1   
  0.37   0.26   0.05   0.80      6      6      1   
  0.83   0.92   0.66   0.30      8      8      1   
  0.43   0.85   0.35   0.12      7      7      1   
  0.73   0.83   0.40   0.03     11     10      1   
  0.78   0.84   0.22   0.34     16      9      1   
  0.02   0.17   0.82   0.95     12     12      1   
  0.65   0.31   0.06   0.69      8      8      1   
  0.30   0.67   0.32   0.33      4      4      1   
  0.29   0.41   0.91   0.38      6      6      1   
  0.45   0.84   0.40   0.37      5      5      1   
  0.82   0.57   0.37   0.26      7      7      1   
  0.95   0.78   0.74   0.25      8      8      1   
  0.43   0.09   0.05   0.80      8      8      1   
  0.36   0.91   0.44   0.74      2      2      1   
  0.19   0.17   0.85   0.23      7      7      1   
  0.02   0.03   0.31   0.03      3      3      1   
  0.37   0.26   0.39   0.22      1      1      1   
  0.52   0.54   0.92   0.43      6      6      1   
  0.98   0.32   0.26   0.08      9      9      1   
  0.83   0.73   0.40   0.37      8      8      1   
  0.78   0.84   0.36   0.06     11     11      1   
  0.88   0.46   0.95   0.04      6      6      1   
  0.00   0.81   0.54   0.35      8      8      1   
  0.73   0.83   0.90   0.73      2      2      1   
  0.73   0.83   0.88   0.46      4      4      1   
  0.95   0.78   0.37   0.33     10     10      1   
  0.17   0.28   0.14   0.24      1      1      1   
  0.85   0.88   0.52   0.60     14      6      1   
  0.27   0.17   0.89   0.52      8      8      1   
  0.00   0.57   0.12   0.38      2      2      1   
  0.70   0.85   0.08   0.09     14     11      1   
  0.63   0.81   0.56   0.56     15      5      1   
  0.00   0.36   0.11   0.69      4      4      1   
  0.24   0.38   0.09   0.10      3      3      1   
  0.82   0.57   0.86   0.08      6      6      1   
  0.12   0.38   0.91   0.71     14     11      1   
  0.01   0.54   0.53   0.28      6      6      1   
  0.63   0.90   0.32   0.33      7      7      1   
  0.79   0.94   0.02   0.17     15     12      1   
  0.27   0.17   0.18   0.12      1      1      1   
  0.60   0.27   0.10   0.49      5      5      1   
  0.72   0.78   0.31   0.23     15      8      1   
  0.63   0.72   0.19   0.59      9      7      1   
  0.19   0.59   0.75   0.18      7      7      1   
  0.39   0.50   0.23   0.35      2      2      1   
  0.39   0.22   0.11   0.69      5      5      1   
  0.17   0.16   0.71   0.12      6      6      1   
  0.82   0.57   0.28   0.45      8      8      1   
  0.25   0.95   0.02   0.03     11     11      1   
  0.05   0.25   0.44   0.65      6      6      1   
  0.17   0.39   0.62   0.91      7      7      1   
  0.19   0.59   0.39   0.58      2      2      1   
  0.45   0.69   0.23   0.24      5      5      1   
Routing Failed to deliver
  0.85   0.23   0.91   0.71      6      6      1   
  0.22   0.64   0.19   0.05      6      6      1   
  0.62   0.38   0.32   0.33      3      3      1   
  0.37   0.33   0.86   0.08      7      6      1   
  0.72   0.39   0.95   0.04      5      5      1   
  0.14   0.24   0.66   0.30      5      5      1   
  0.32   0.26   0.63   0.75      8      8      1   
  0.53   0.84   0.52   0.34      6      6      1   
  0.88   0.46   0.31   0.03      8      8      1   
  0.68   0.14   0.74   0.97     13     10      1   
  0.94   0.88   0.30   0.67      7      7      1   
  0.91   0.29   0.83   0.73      5      5      1   
  0.31   0.60   0.19   0.70      2      2      1   
  0.29   0.41   0.63   0.81      6      6      1   
  0.86   0.42   0.25   0.95      9      9      1   
  0.91   0.22   0.05   0.25      9      9      1   
  0.75   0.18   0.43   0.09      4      4      1   
  0.26   0.08   0.95   0.78     20     12      1   
  0.94   0.95   0.18   0.12     19     12      1   
  0.83   0.73   0.12   0.56      9      8      1   
  0.63   0.72   0.03   0.60     10      8      1   
  0.23   0.70   0.09   0.10      6      6      1   
  0.21   0.23   0.44   0.74      6      6      1   
  0.40   0.37   0.31   0.03      4      4      1   
  0.21   0.17   0.77   0.74     17     10      1   
  0.91   0.38   0.56   0.56     26      5      1   
  0.44   0.74   0.50   0.17      6      6      1   
  0.09   0.10   0.65   0.15      6      6      1   
  0.67   0.01   0.24   0.66      8      8      1   
  0.00   0.81   0.89   0.52     13     11      1   
  0.56   0.55   0.45   0.77      3      3      1   
  0.47   0.20   0.18   0.30      3      3      1   
  0.73   0.83   0.98   0.32      5      5      1   
  0.05   0.80   0.95   0.04     12     12      1   
  0.84   0.14   0.88   0.46      4      4      1   
  0.41   0.77   0.82   0.95      5      5      1   
  0.94   0.01   0.63   0.90     14     10      1   
  0.17   0.28   1.00   0.31      9      9      1   
  0.44   0.74   0.92   0.43      8      8      1   
  0.69   0.43   0.04   0.41      6      6      1   
  0.82   0.57   0.91   0.29      3      3      1   
  0.65   0.58   0.43   0.85      5      5      1   
  0.17   0.28   0.31   0.23      2      2      1   
  0.56   0.55   0.36   0.06      7      7      1   
  0.25   0.95   0.44   0.74      3      3      1   
  0.79   0.94   0.29   0.05     15     11      1   
  0.69   0.01   0.34   0.77     10      9      1   
  0.29   0.41   0.67   0.95      7      7      1   
  0.79   0.05   0.73   0.83      9      8      1   
  0.37   0.33   0.75   0.18      5      5      1   
  0.56   0.55   0.43   0.85      4      4      1   
  0.63   0.72   0.69   0.43      8      8      1   
  0.99   0.44   0.25   0.10      9      9      1   
  0.50   0.17   0.04   0.41      5      5      1   
  0.78   0.84   0.94   0.95      2      2      1   
  0.63   0.72   0.18   0.12     12     10      1   
  0.12   0.56   0.11   0.13      4      4      1   
  0.24   0.12   0.51   0.33      3      3      1   
  0.52   0.39   0.94   0.01      6      6      1   
  0.74   0.91   0.95   0.04     11     10      1   
  0.50   0.17   0.36   0.91      9      8      1   
  0.00   0.57   0.43   0.85      5      5      1   
  0.86   0.42   0.62   0.91      5      5      1   
  0.63   0.81   0.83   0.92      3      3      1   
  0.19   0.05   0.59   0.08      5      5      1   
  0.23   0.24   0.55   0.31      4      4      1   
  0.17   0.28   0.44   0.01      4      4      1   
  0.24   0.66   0.82   0.95      7      7      1   
  0.01   0.91   0.53   0.25      8      8      1   
  0.96   0.20   0.53   0.30      4      4      1   
  0.27   0.17   0.11   0.13      2      2      1   
  0.05   0.13   0.44   0.08      4      4      1   
  0.63   0.90   0.49   0.24     15      8      1   
  0.17   0.39   0.85   0.44      7      7      1   
  0.26   0.08   0.24   0.01      1      1      1   
  0.08   0.55   0.25   0.95      7      7      1   
  0.62   0.38   0.66   0.30      1      1      1   
  0.00   0.36   0.92   0.43      9      9      1   
  1.00   0.31   0.29   0.41      7      7      1   
  0.82   0.67   0.62   0.91      3      3      1   
  0.11   0.69   0.72   0.27      8      7      1   
  0.25   0.10   0.45   0.84      8      8      1   
  0.08   0.65   0.74   0.25      8      8      1   
  0.69   0.43   0.45   0.77      6      6      1   
  0.60   0.27   0.47   0.20      2      2      1   
  0.06   0.69   0.40   0.03      8      8      1   
  0.08   0.74   0.94   0.01     12     12      1   
  0.29   0.05   0.91   0.71     20     11      1   
  0.23   0.70   0.50   0.17      6      6      1   
  0.49   0.24   0.38   0.45      3      3      1   
  0.29   0.41   0.52   0.16      4      4      1   
  0.94   0.88   0.65   0.15      9      9      1   
  0.95   0.22   0.72   0.78      6      6      1   
  0.72   0.39   0.70   0.85      9      6      1   
  0.56   0.56   0.40   0.30      4      4      1   
  0.17   0.39   0.91   0.71     13     10      1   
  0.56   0.55   0.36   0.91      5      5      1   
  0.43   0.85   0.66   0.30      8      7      1   
  0.01   0.54   0.53   0.28      6      6      1   
  0.26   0.08   0.24   0.27      2      2      1   
  0.65   0.31   0.63   0.75     10      8      1   
  0.55   0.28   0.95   0.22      4      4      1   
  0.95   0.78   0.89   0.03     10      8      1   
  0.40   0.37   0.29   0.41      1      1      1   
  0.69   0.01   0.02   0.03      7      7      1   
  0.23   0.24   0.31   0.23      1      1      1   
  0.22   0.34   0.53   0.30      3      3      1   
  0.56   0.56   0.39   0.06      7      7      1   
  0.27   0.17   0.98   0.32      8      8      1   
  0.65   0.87   0.52   0.60      8      4      1   
  0.44   0.65   0.35   0.41      3      3      1   
  0.38   0.45   0.24   0.27      3      3      1   
  0.94   0.95   0.25   0.10     19     12      1   
  0.53   0.28   0.29   0.45      3      3      1   
  0.74   0.25   0.10   0.46      7      7      1   
  0.55   0.28   0.73   0.21      2      2      1   
  0.89   0.86   0.24   0.38     17     10      1   
  0.37   0.96   0.52   0.54      5      5      1   
  0.63   0.81   0.69   0.01     12     10      1   
  0.68   0.14   0.83   0.92     14     10      1   
  0.34   0.77   0.99   0.44     10      8      1   
  0.69   0.43   0.16   0.09      6      6      1   
  0.83   0.73   0.95   0.04      9      8      1   
  0.83   0.37   0.30   0.67      8      8      1   
  0.37   0.36   0.02   0.03      5      5      1   
  0.23   0.49   0.43   0.09      5      5      1   
  0.24   0.66   0.86   0.16      9      9      1   
  0.00   0.57   0.72   0.27      7      7      1   
  0.68   0.14   0.67   0.01      1      1      1   
  0.23   0.70   0.29   0.41      3      3      1   
  0.12   0.29   0.42   0.81      7      7      1   
  0.23   0.70   0.02   0.17      6      6      1   
  0.92   0.43   0.88   0.46      1      1      1   
  0.12   0.47   0.35   0.12      5      5      1   
  0.23   0.70   0.12   0.47      3      3      1   
  0.63   0.72   0.82   0.95      3      3      1   
  0.12   0.56   0.89   0.86      9      9      1   
  0.18   0.12   0.98   0.32      9      9      1   
  0.79   0.94   0.41   0.77      7      5      1   
  0.23   0.70   0.05   0.80      2      2      1   
  0.05   0.80   0.85   0.44     11     10      1   
  0.80   0.04   0.00   0.81     11     11      1   
  0.49   0.24   0.77   0.74     15      8      1   
  0.44   0.74   0.41   0.77      1      1      1   
  0.42   0.81   0.18   0.30      6      6      1   
  0.86   0.42   0.42   0.26      5      5      1   
  0.38   0.45   0.10   0.49      3      3      1   
  0.29   0.45   0.79   0.94      8      8      1   
  0.52   0.39   0.56   0.55      3      3      1   
  0.53   0.84   0.68   0.27     10      8      1   
  0.19   0.59   0.74   0.91      7      7      1   
  0.94   0.95   0.83   0.37      7      7      1   
  0.31   0.23   0.65   0.31      3      3      1   
  0.47   0.20   0.53   0.25      1      1      1   
  0.03   0.60   0.05   0.13      5      5      1   
  0.00   0.57   0.91   0.71     10     10      1   
  0.71   0.12   0.85   0.44      5      5      1   
  0.82   0.95   0.94   0.88      1      1      1   
  0.24   0.38   0.40   0.30      2      2      1   
  0.55   0.31   0.10   0.49      5      5      1   
  0.25   0.95   0.12   0.56      6      6      1   
  0.29   0.05   0.39   0.50      5      5      1   
  0.18   0.12   0.68   0.14      5      5      1   
  0.85   0.88   0.39   0.22     11      9      1   
  0.37   0.96   0.68   0.27      9      9      1   
  0.29   0.45   0.44   0.74      4      4      1   
  0.85   0.23   0.50   0.43      4      4      1   
  0.62   0.38   0.54   0.35      1      1      1   
  0.23   0.49   0.85   0.23      7      7      1   
  0.42   0.81   0.41   0.77      1      1      1   
  0.05   0.80   0.65   0.87      7      7      1   
  0.92   0.43   0.44   0.65      8      7      1   
  0.78   0.84   0.69   0.43      7      7      1   
  0.34   0.86   0.42   0.26      6      6      1   
  0.03   0.60   0.31   0.03      6      6      1   
  0.52   0.54   0.71   0.12      5      5      1   
Routing Failed to deliver
  0.45   0.77   0.73   0.21      8      7      1   
  0.04   0.06   0.96   0.20     10      9      1   
  0.35   0.41   0.65   0.58      5      5      1   
  0.72   0.27   0.14   0.24      5      5      1   
  0.29   0.05   0.47   0.20      3      3      1   
  0.04   0.41   0.11   0.18      3      3      1   
  0.54   0.35   0.37   0.36      3      3      1   
  0.89   0.81   0.00   0.81     10     10      1   
  0.97   0.18   0.10   0.49      9      9      1   
  0.18   0.12   0.38   0.45      4      4      1   
  0.70   0.85   0.82   0.67      2      2      1   
  0.24   0.38   0.01   0.91      5      5      1   
  0.83   0.37   0.56   0.55      4      4      1   
  0.62   0.38   0.43   0.09      3      3      1   
  0.23   0.49   0.06   0.89      4      4      1   
  0.17   0.39   0.74   0.91      8      8      1   
  0.12   0.56   0.00   0.36      3      3      1   
  0.01   0.91   0.31   0.23      7      7      1   
  0.25   0.95   0.69   0.01     13     11      1   
  0.78   0.84   0.44   0.08     10     10      1   
  0.69   0.01   0.69   0.43      5      5      1   
  0.30   0.67   0.41   0.77      2      2      1   
  0.62   0.91   0.42   0.81      2      2      1   
  0.37   0.26   0.26   0.24      1      1      1   
  0.62   0.91   0.19   0.05      9      9      1   
  0.10   0.46   0.12   0.38      1      1      1   
  0.08   0.55   0.68   0.14      8      8      1   
  0.56   0.55   0.39   0.50      3      3      1   
  0.56   0.55   0.32   0.03      7      7      1   
  0.32   0.26   0.37   0.26      1      1      1   
  0.70   0.79   0.79   0.94      2      2      1   
  0.68   0.14   0.08   0.74      9      9      1   
  0.65   0.58   0.26   0.24      6      6      1   
  0.85   0.23   0.51   0.33      4      4      1   
  0.63   0.75   0.75   0.18     10      9      1   
  0.95   0.78   0.83   0.73      2      2      1   
  0.65   0.15   0.17   0.39      5      5      1   
  0.52   0.54   0.00   0.81      6      6      1   
  0.94   0.95   0.56   0.55     17      8      1   
  0.44   0.01   0.19   0.17      3      3      1   
  0.08   0.55   0.50   0.17      6      6      1   
  0.40   0.37   0.91   0.22      6      6      1   
  0.94   0.01   0.24   0.01      8      8      1   
  0.63   0.75   0.37   0.33      9      7      1   
  0.74   0.97   0.94   0.01     11     10      1   
  0.68   0.14   0.23   0.51      6      6      1   
  0.99   0.44   0.30   0.67     11      9      1   
  0.86   0.16   0.52   0.60      7      7      1   
  0.05   0.25   0.00   0.81      6      6      1   
  0.39   0.22   0.08   0.55      5      5      1   
  0.45   0.69   0.85   0.44      7      7      1   
  0.62   0.38   0.38   0.45      3      3      1   
  0.41   0.77   0.54   0.35      5      5      1   
  0.69   0.43   0.94   0.01      6      6      1   
  0.39   0.06   0.66   0.30      4      4      1   
  0.38   0.45   0.86   0.42      6      6      1   
  0.14   0.24   0.32   0.26      2      2      1   
  0.03   0.60   0.62   0.91      7      7      1   
  0.62   0.91   0.08   0.65      6      6      1   
  0.14   0.24   0.68   0.27      5      5      1   
  0.18   0.30   0.29   0.05      3      3      1   
  0.01   0.91   0.85   0.23     11     11      1   
  0.14   0.02   0.91   0.29      9      9      1   
  0.25   0.10   0.72   0.39      6      6      1   
  0.65   0.31   0.44   0.08      3      3      1   
  0.17   0.28   0.40   0.03      4      4      1   
  0.26   0.08   0.14   0.02      2      2      1   
  0.11   0.69   0.00   0.36      4      4      1   
  0.04   0.06   0.89   0.81     20     13      1   
  0.12   0.56   0.73   0.83      7      7      1   
  0.65   0.87   0.05   0.80      7      7      1   
  0.79   0.05   0.16   0.09      7      7      1   
  0.21   0.17   0.55   0.28      4      4      1   
  0.50   0.17   0.29   0.05      3      3      1   
  0.08   0.55   0.83   0.92      9      9      1   
  0.65   0.15   0.71   0.12      1      1      1   
  0.43   0.09   0.22   0.34      4      4      1   
  0.23   0.49   0.44   0.08      5      5      1   
  0.37   0.33   0.23   0.49      2      2      1   
  0.47   0.20   0.82   0.67     17      7      1   
  0.05   0.80   0.21   0.17      6      6      1   
  0.14   0.02   0.91   0.22      9      9      1   
  0.45   0.77   0.24   0.38      5      5      1   
  0.18   0.30   0.22   0.64      4      4      1   
  0.88   0.46   0.62   0.91      5      5      1   
  0.84   0.64   0.42   0.81      5      5      1   
  0.12   0.38   0.52   0.54      5      5      1   
  0.65   0.15   0.84   0.14      2      2      1   
  0.74   0.25   0.05   0.80      9      9      1   
  0.18   0.12   0.31   0.03      2      2      1   
  0.31   0.23   0.89   0.52      7      7      1   
Routing Failed to deliver
  0.02   0.03   0.44   0.08      4      4      1   
  0.51   0.28   0.24   0.01      4      4      1   
  0.35   0.12   0.92   0.43      7      7      1   
  0.56   0.56   0.89   0.52      6      6      1   
  0.35   0.41   0.23   0.14      3      3      1   
  0.92   0.43   0.00   0.81     12     11      1   
  0.32   0.26   0.95   0.04      8      7      1   
  0.44   0.74   0.60   0.27      8      6      1   
  0.37   0.26   0.35   0.41      2      2      1   
  0.09   0.10   0.39   0.50      5      5      1   
  0.31   0.23   0.78   0.84     15      9      1   
  0.71   0.12   0.01   0.91     11     10      1   
  0.18   0.12   0.67   0.01      7      5      1   
  0.34   0.86   0.69   0.43      7      7      1   
  0.16   0.09   0.52   0.39      5      5      1   
  0.22   0.64   0.12   0.29      4      4      1   
  0.12   0.47   0.91   0.71     13     10      1   
  0.96   0.20   0.35   0.12      7      7      1   
  0.23   0.14   0.32   0.26      2      2      1   
  0.23   0.35   0.79   0.05      6      6      1   
  0.65   0.31   0.34   0.86      7      7      1   
  0.39   0.06   0.80   0.04      6      5      1   
  0.32   0.26   0.53   0.84      6      6      1   
  0.97   0.18   0.45   0.84     10     10      1   
  1.00   0.31   0.02   0.03     11     11      1   
  0.85   0.23   0.19   0.70      9      9      1   
  0.01   0.91   0.31   0.60      4      4      1   
  0.08   0.65   0.39   0.50      4      4      1   
  0.53   0.25   0.40   0.37      2      2      1   
  0.73   0.83   0.42   0.81      3      3      1   
  0.52   0.34   0.39   0.22      2      2      1   
  0.82   0.57   0.32   0.33      7      7      1   
  0.19   0.17   0.19   0.59      4      4      1   
  0.80   0.04   0.31   0.60      8      8      1   
  0.12   0.38   0.39   0.06      4      4      1   
  0.52   0.60   0.90   0.73     18      7      1   
  0.31   0.60   0.32   0.26      4      4      1   
  0.52   0.34   0.12   0.47      4      4      1   
  0.11   0.18   0.52   0.16      4      4      1   
  0.21   0.23   0.88   0.46      7      7      1   
  0.94   0.88   0.75   0.18      9      9      1   
  0.34   0.86   0.83   0.37      8      8      1   
  0.63   0.90   0.06   0.89     13      8      1   
  0.86   0.08   0.06   0.89     13     12      1   
  1.00   0.41   0.63   0.75      6      6      1   
  0.53   0.25   0.65   0.87      8      8      1   
  0.82   0.57   0.17   0.28      9      9      1   
  0.84   0.64   0.72   0.39      4      4      1   
  0.01   0.91   0.12   0.56      3      3      1   
  0.44   0.08   0.83   0.73     17      9      1   
  0.50   0.17   0.59   0.08      1      1      1   
  0.23   0.51   0.62   0.38      4      4      1   
  0.89   0.86   0.59   0.08     10     10      1   
Routing Failed to deliver
  0.05   0.13   0.73   0.21      7      7      1   
  0.26   0.24   0.63   0.75      9      9      1   
  0.25   0.95   0.39   0.22      8      8      1   
  0.37   0.26   0.02   0.17      4      4      1   
  0.86   0.08   0.23   0.24      8      7      1   
  1.00   0.41   0.44   0.74     10      9      1   
Routing Failed to deliver
  0.41   0.77   0.39   0.06      7      7      1   
  0.71   0.12   0.08   0.55      8      8      1   
  0.39   0.50   0.65   0.87      5      5      1   
  0.82   0.95   0.72   0.39      7      7      1   
  0.88   0.46   0.31   0.23      6      6      1   
  0.84   0.64   0.08   0.55     11     10      1   
  0.74   0.25   0.24   0.66      7      7      1   
  0.23   0.14   0.00   0.57      5      5      1   
  0.94   0.88   0.11   0.69      9      9      1   
  0.14   0.02   0.45   0.84      9      9      1   
  0.12   0.38   0.69   0.50      8      7      1   
  0.32   0.26   0.39   0.50      3      3      1   
  0.98   0.32   0.52   0.34      5      5      1   
  0.17   0.39   0.53   0.28      4      4      1   
  0.63   0.81   0.68   0.14     11     10      1   
  0.16   0.09   0.85   0.44      8      8      1   
  0.31   0.23   0.19   0.17      2      2      1   
  0.19   0.70   0.25   0.10      6      6      1   
  0.24   0.01   0.08   0.34      3      3      1   
  0.09   0.10   0.24   0.38      3      3      1   
  0.63   0.81   0.40   0.37     10      6      1   
  0.17   0.16   0.39   0.58      5      5      1   
  0.12   0.29   0.43   0.09      4      4      1   
  0.65   0.87   0.45   0.77      2      2      1   
  0.08   0.74   0.63   0.72      7      7      1   
  0.27   0.17   0.36   0.06      2      2      1   
  0.73   0.83   0.25   0.95      5      5      1   
  0.89   0.81   0.03   0.60     11     10      1   
  0.39   0.50   0.09   0.10      5      5      1   
  0.24   0.66   0.69   0.01      8      8      1   
  0.34   0.77   0.85   0.88      5      5      1   
  0.59   0.08   0.50   0.43      4      4      1   
  0.73   0.21   0.52   0.34      3      3      1   
  0.12   0.38   0.71   0.12      7      7      1   
  0.23   0.35   0.11   0.13      3      3      1   
  0.63   0.81   0.44   0.74      3      3      1   
  0.79   0.94   0.39   0.22     13      9      1   
  0.75   0.18   0.21   0.23      6      6      1   
  0.14   0.24   0.79   0.94     10     10      1   
  0.55   0.31   0.60   0.27      1      1      1   
  0.86   0.08   0.89   0.86     10      9      1   
  0.11   0.13   0.01   0.90      7      7      1   
  0.65   0.58   0.05   0.25      8      8      1   
  0.28   0.45   0.22   0.34      1      1      1   
  0.17   0.16   0.17   0.39      2      2      1   
  0.01   0.91   0.53   0.30      8      8      1   
  0.65   0.87   0.63   0.90      1      1      1   
  0.65   0.87   0.28   0.45     10      6      1   
  0.08   0.65   0.06   0.89      3      3      1   
  0.63   0.75   0.12   0.29     11      9      1   
  0.21   0.23   0.32   0.03      2      2      1   
  0.06   0.69   0.02   0.17      6      6      1   
  0.53   0.28   0.51   0.28      1      1      1   
  0.23   0.51   0.63   0.81      6      6      1   
  0.29   0.41   0.14   0.02      4      4      1   
  0.45   0.77   0.65   0.31      7      6      1   
  0.00   0.57   0.45   0.84      5      5      1   
  0.55   0.28   0.23   0.51      4      4      1   
  0.05   0.80   0.08   0.65      2      2      1   
  0.45   0.77   0.12   0.29      6      6      1   
  0.31   0.03   0.08   0.74      8      8      1   
  0.62   0.91   0.78   0.84      2      2      1   
  0.99   0.44   0.19   0.70     12     10      1   
  0.02   0.03   0.19   0.17      2      2      1   
  0.69   0.50   0.70   0.85      8      7      1   
  0.34   0.77   0.51   0.33      6      6      1   
  0.14   0.02   0.71   0.12      7      7      1   
  0.19   0.70   0.74   0.91      6      6      1   
  0.44   0.01   0.37   0.96     10     10      1   
  0.19   0.05   0.23   0.14      1      1      1   
  0.83   0.92   0.19   0.59      8      8      1   
  0.94   0.01   0.45   0.77     11     10      1   
  0.39   0.06   0.22   0.64      7      7      1   
  0.83   0.92   0.69   0.01     11     10      1   
  0.53   0.25   0.44   0.65      5      5      1   
  0.80   0.04   0.91   0.71      8      7      1   
  0.28   0.45   0.65   0.87      6      6      1   
  1.00   0.31   0.18   0.30      9      9      1   
  0.08   0.55   0.71   0.12      8      8      1   
  0.62   0.91   0.39   0.50      5      5      1   
  0.30   0.67   0.01   0.91      4      4      1   
  0.04   0.41   0.67   0.01      7      7      1   
  0.26   0.24   0.18   0.30      1      1      1   
  0.45   0.84   0.14   0.02      9      9      1   
  0.91   0.22   0.25   0.10      8      8      1   
  0.88   0.46   0.86   0.42      1      1      1   
  0.45   0.69   0.39   0.06      6      6      1   
  0.17   0.16   0.23   0.35      2      2      1   
  0.23   0.49   0.45   0.84      5      5      1   
  0.25   0.95   0.62   0.38     10      9      1   
  0.89   0.86   0.31   0.60      9      8      1   
  0.67   0.95   0.91   0.38      6      6      1   
  0.32   0.03   0.44   0.65      6      6      1   
  0.17   0.28   0.52   0.60      5      5      1   
  0.03   0.60   0.10   0.49      1      1      1   
  0.52   0.16   0.50   0.43      3      3      1   
Routing Failed to deliver
  0.23   0.24   0.26   0.24      1      1      1   
  0.11   0.18   0.24   0.38      2      2      1   
  0.16   0.09   0.39   0.22      3      3      1   
  0.49   0.24   0.14   0.24      3      3      1   
  0.91   0.29   0.40   0.30      5      5      1   
  0.68   0.14   0.70   0.85     12      9      1   
  0.29   0.41   0.69   0.50      5      5      1   
  0.77   0.74   0.72   0.78      1      1      1   
  0.02   0.03   0.00   0.81      8      8      1   
  0.34   0.86   0.74   0.97      5      5      1   
  0.28   0.45   0.11   0.18      3      3      1   
  0.02   0.03   0.35   0.12      4      4      1   
  1.00   0.31   0.24   0.38      8      8      1   
  0.21   0.23   0.71   0.12      6      6      1   
  0.74   0.25   0.14   0.24      6      6      1   
  0.30   0.67   0.37   0.33      4      4      1   
  0.95   0.78   0.65   0.15      8      8      1   
  0.49   0.24   0.32   0.03      3      3      1   
  0.68   0.14   0.78   0.84     14      9      1   
Routing Failed to deliver
  0.97   0.18   0.24   0.27      7      7      1   
  0.40   0.03   0.50   0.17      2      2      1   
  0.19   0.05   0.49   0.24      4      4      1   
  0.08   0.34   0.09   0.10      3      3      1   
  0.91   0.38   0.84   0.14      3      3      1   
  0.26   0.08   0.39   0.06      1      1      1   
  0.65   0.58   0.53   0.25      5      5      1   
  0.12   0.56   0.05   0.25      3      3      1   
  0.31   0.60   0.91   0.29      8      8      1   
  0.56   0.56   0.66   0.30      5      4      1   
  0.11   0.13   0.51   0.33      4      4      1   
  0.04   0.41   0.42   0.26      4      4      1   
  0.29   0.05   0.86   0.42      8      8      1   
  0.44   0.65   0.83   0.92      5      5      1   
  0.23   0.24   0.68   0.27      5      5      1   
  0.65   0.87   0.08   0.09     14     10      1   
  0.08   0.55   0.80   0.04      9      9      1   
  0.12   0.38   0.10   0.46      1      1      1   
  0.73   0.83   0.52   0.54     10      6      1   
  0.89   0.03   0.18   0.30      8      8      1   
  0.00   0.81   0.30   0.67      3      3      1   
  0.21   0.23   0.59   0.08      5      4      1   
  0.17   0.28   0.42   0.81      6      6      1   
  0.25   0.95   0.13   0.65      6      6      1   
  0.92   0.43   0.94   0.95      6      6      1   
  0.36   0.06   0.08   0.34      4      4      1   
  0.54   0.35   0.34   0.86      6      6      1   
  0.25   0.95   0.10   0.46      7      7      1   
  0.18   0.30   0.40   0.30      3      3      1   
  0.69   0.50   0.44   0.08      5      5      1   
  0.80   0.04   0.98   0.32      3      3      1   
  0.86   0.42   0.75   0.18      4      4      1   
  0.85   0.44   0.21   0.23      7      7      1   
  0.19   0.17   0.68   0.14      5      5      1   
  0.89   0.81   0.96   0.20      6      6      1   
  0.01   0.91   0.95   0.78     13     12      1   
  0.03   0.60   0.97   0.18     10     10      1   
  0.44   0.74   0.54   0.35      5      5      1   
  0.14   0.24   0.53   0.28      4      4      1   
  0.82   0.67   0.01   0.91     16     11      1   
  0.79   0.94   0.23   0.14     13     10      1   
  0.19   0.59   0.38   0.45      3      3      1   
  0.63   0.81   0.05   0.13     14     10      1   
  0.04   0.06   0.08   0.74      8      7      1   
  0.23   0.51   0.37   0.26      3      3      1   
  0.41   0.77   0.53   0.30      6      6      1   
  0.85   0.88   0.23   0.51     10      8      1   
  0.28   0.45   0.60   0.27      4      4      1   
  0.85   0.88   0.82   0.67      3      3      1   
  0.11   0.69   0.10   0.46      2      2      1   
  0.11   0.13   0.52   0.16      4      4      1   
  0.53   0.28   0.19   0.17      4      4      1   
  0.74   0.91   0.95   0.04     11     10      1   
  0.23   0.70   0.82   0.95      7      7      1   
  0.19   0.05   0.35   0.41      4      4      1   
  0.08   0.09   0.42   0.81      8      8      1   
  0.01   0.91   0.95   0.22     12     12      1   
  0.70   0.79   0.24   0.01     16     10      1   
  0.08   0.65   0.69   0.01      8      8      1   
  0.11   0.13   0.66   0.30      6      6      1   
  0.37   0.26   0.29   0.45      2      2      1   
  0.12   0.38   0.70   0.85      9      9      1   
  0.04   0.41   0.40   0.37      3      3      1   
  0.21   0.23   0.52   0.54      5      5      1   
  0.56   0.55   0.26   0.24      5      5      1   
  0.98   0.32   0.63   0.90      6      6      1   
  0.55   0.28   0.77   0.74     14      7      1   
  0.50   0.43   0.52   0.34      1      1      1   
  0.19   0.05   1.00   0.41     10      9      1   
  0.78   0.84   0.74   0.97      2      2      1   
  1.00   0.31   0.43   0.09      7      7      1   
  0.26   0.08   0.44   0.01      2      2      1   
  0.08   0.74   0.82   0.67      9      9      1   
  0.08   0.65   0.86   0.16     10      9      1   
  0.00   0.81   0.65   0.31      9      9      1   
  0.86   0.42   0.12   0.29      8      8      1   
  0.39   0.50   0.18   0.30      3      3      1   
  0.44   0.01   0.89   0.52      8      8      1   
  0.37   0.36   0.50   0.43      2      2      1   
  0.23   0.51   0.29   0.45      1      1      1   
Routing Failed to deliver
  0.04   0.41   0.95   0.78     15     12      1   
  0.16   0.09   0.39   0.22      3      3      1   
  0.65   0.87   0.54   0.35     11      7      1   
  0.92   0.43   0.38   0.45      6      6      1   
  0.21   0.23   0.40   0.03      3      3      1   
  0.53   0.28   0.54   0.35      1      1      1   
  0.45   0.84   0.35   0.41      5      5      1   
  0.95   0.22   0.23   0.51      8      8      1   
  0.22   0.34   0.52   0.16      4      4      1   
  0.08   0.55   0.68   0.14      8      8      1   
  0.21   0.23   0.39   0.50      3      3      1   
  0.89   0.81   0.80   0.04      9      8      1   
  0.11   0.18   0.74   0.97     11     11      1   
  0.03   0.60   0.08   0.09      5      5      1   
  0.60   0.27   0.37   0.96      8      8      1   
  0.96   0.20   0.23   0.49      8      8      1   
  1.00   0.31   0.02   0.03     11     11      1   
  0.27   0.17   0.32   0.03      2      2      1   
  0.74   0.25   0.83   0.73     15      7      1   
  0.99   0.44   0.08   0.09     10     10      1   
  0.17   0.28   0.72   0.27      5      5      1   
  0.99   0.44   0.79   0.05      4      4      1   
  0.91   0.22   0.83   0.92      7      7      1   
  0.36   0.06   0.55   0.31      4      4      1   
  0.17   0.16   0.95   0.78     15     12      1   
  0.75   0.18   0.67   0.95     11      9      1   
  0.19   0.05   0.28   0.45      4      4      1   
  0.84   0.14   0.09   0.10      8      8      1   
  0.06   0.89   0.79   0.94     10     10      1   
  0.22   0.64   0.17   0.39      3      3      1   
  0.01   0.54   0.90   0.73     10     10      1   
  0.99   0.44   0.02   0.03     11     11      1   
  0.68   0.27   0.72   0.78     11      7      1   
  0.45   0.84   0.65   0.15      9      8      1   
  0.11   0.69   0.21   0.23      5      5      1   
  0.24   0.38   0.59   0.08      4      4      1   
  0.00   0.36   0.36   0.06      5      5      1   
  0.82   0.95   0.44   0.74      5      5      1   
  0.89   0.81   0.62   0.91      3      3      1   
  0.62   0.38   0.94   0.88     14      8      1   
  0.44   0.08   0.89   0.52      7      7      1   
  0.19   0.59   0.74   0.25      7      7      1   
  0.43   0.09   0.05   0.13      4      4      1   
  0.52   0.60   0.41   0.77      2      2      1   
  0.02   0.17   0.39   0.58      6      6      1   
  0.37   0.96   0.08   0.74      7      5      1   
  0.44   0.08   0.01   0.90      9      9      1   
  0.68   0.14   0.84   0.14      2      2      1   
  0.39   0.06   0.31   0.03      1      1      1   
  0.21   0.23   0.55   0.31      4      4      1   
  0.02   0.03   0.39   0.58      7      7      1   
  0.21   0.23   0.26   0.08      2      2      1   
  0.44   0.01   0.85   0.44      7      7      1   
  0.32   0.03   0.63   0.75     10     10      1   
Routing Failed to deliver
  0.31   0.03   0.89   0.81     19     12      1   
  0.95   0.78   0.51   0.33      8      8      1   
  0.52   0.54   0.01   0.90      6      6      1   
  0.42   0.81   0.25   0.95      2      2      1   
  0.52   0.34   0.85   0.88     13      9      1   
  0.94   0.01   0.73   0.83     10      9      1   
  0.49   0.24   0.88   0.46      5      5      1   
  0.29   0.45   0.27   0.17      3      3      1   
  0.94   0.01   0.88   0.46      6      6      1   
  0.73   0.21   0.35   0.41      5      4      1   
  0.91   0.22   0.39   0.22      6      6      1   
  0.78   0.84   0.51   0.33      8      8      1   
  0.29   0.45   0.79   0.05      6      6      1   
  0.62   0.91   0.85   0.44      5      5      1   
  0.01   0.90   0.29   0.45      5      5      1   
  0.04   0.06   0.23   0.70      7      7      1   
  0.65   0.31   0.53   0.30      1      1      1   
  0.63   0.81   0.69   0.01     12     10      1   
Routing Failed to deliver
  0.26   0.24   0.37   0.33      2      2      1   
  0.82   0.67   0.04   0.41     10     10      1   
  0.69   0.01   0.12   0.29      6      6      1   
  0.32   0.26   0.08   0.55      4      4      1   
  0.26   0.24   0.23   0.49      3      3      1   
  0.86   0.08   0.23   0.51      8      8      1   
  0.84   0.14   0.79   0.94      9      8      1   
  0.89   0.03   0.88   0.46      5      5      1   
  0.14   0.02   0.65   0.58      8      8      1   
  0.38   0.45   0.14   0.02      5      5      1   
Routing Failed to deliver
  0.68   0.27   0.66   0.30      1      1      1   
  0.37   0.33   0.17   0.39      2      2      1   
  0.97   0.18   0.43   0.85     10     10      1   
  0.05   0.13   0.92   0.43      9      9      1   
  0.82   0.95   0.69   0.01     11     10      1   
  0.67   0.01   0.91   0.22      3      3      1   
  0.63   0.90   0.37   0.26     12      7      1   
  0.68   0.27   0.95   0.04      4      4      1   
  0.08   0.65   0.66   0.30      7      7      1   
  0.94   0.88   0.08   0.09     14     13      1   
  0.59   0.08   0.11   0.13      5      5      1   
  0.89   0.52   0.47   0.20      6      6      1   
  0.08   0.09   0.31   0.60      5      5      1   
  0.11   0.18   0.63   0.81      9      9      1   
  0.17   0.16   0.80   0.04      8      6      1   
  0.37   0.96   0.34   0.77      2      2      1   
  0.84   0.64   0.60   0.27      6      6      1   
  0.29   0.05   0.65   0.58      8      8      1   
  0.06   0.89   0.24   0.12      8      8      1   
  0.08   0.65   0.91   0.22     10     10      1   
  0.03   0.60   0.79   0.94      9      9      1   
  0.68   0.27   0.21   0.23      5      5      1   
  0.95   0.78   0.53   0.25      9      9      1   
  0.88   0.46   0.69   0.50      8      3      1   
  0.45   0.77   0.73   0.21      8      7      1   
  0.29   0.45   0.23   0.14      3      3      1   
  0.73   0.83   0.65   0.31      7      7      1   
  0.29   0.41   0.01   0.91      5      5      1   
Routing Failed to deliver
  0.22   0.34   0.65   0.15      5      5      1   
  0.08   0.55   0.86   0.16     10      9      1   
  0.71   0.12   0.86   0.08      2      2      1   
  0.37   0.36   0.19   0.59      3      3      1   
  0.19   0.59   0.66   0.30      6      6      1   
  0.26   0.08   0.65   0.87      9      9      1   
  0.65   0.58   0.91   0.38      4      4      1   
  0.37   0.26   0.29   0.45      2      2      1   
  0.77   0.74   0.11   0.69      9      8      1   
  0.02   0.03   0.08   0.55      6      5      1   
  0.85   0.44   0.75   0.18      4      4      1   
  0.11   0.13   0.79   0.94     11     11      1   
  0.23   0.49   0.44   0.01      6      6      1   
  0.31   0.23   0.82   0.95      9      9      1   
  0.44   0.01   0.63   0.81     13     10      1   
  0.69   0.43   0.40   0.37      3      3      1   
  0.74   0.97   0.51   0.28     13     10      1   
  0.78   0.84   0.88   0.46      4      4      1   
  0.53   0.84   0.05   0.80      6      6      1   
  0.19   0.59   0.91   0.71     12      9      1   
  0.39   0.22   0.19   0.05      3      3      1   
  0.39   0.50   0.03   0.60      4      4      1   
  0.73   0.21   0.45   0.69      6      6      1   
Routing Failed to deliver
  0.23   0.24   0.92   0.43      7      7      1   
  0.53   0.84   0.84   0.64      4      4      1   
  0.26   0.24   0.11   0.13      2      2      1   
  0.51   0.28   0.53   0.28      1      1      1   
  0.83   0.73   0.97   0.18      6      6      1   
  0.29   0.41   0.01   0.54      3      3      1   
  0.98   0.32   0.39   0.22      7      7      1   
  0.39   0.50   0.05   0.13      5      5      1   
  0.02   0.03   0.11   0.13      2      2      1   
  0.35   0.12   1.00   0.31      8      8      1   
  0.65   0.31   0.01   0.54      7      7      1   
  0.22   0.64   0.03   0.60      2      2      1   
  0.69   0.43   0.16   0.09      6      6      1   
  0.65   0.87   0.23   0.51      6      6      1   
  0.43   0.09   0.42   0.81      8      8      1   
  0.39   0.22   0.51   0.28      2      2      1   
  0.42   0.81   0.85   0.44      9      7      1   
  0.26   0.24   0.32   0.03      2      2      1   
  0.53   0.28   0.23   0.14      3      3      1   
  0.55   0.31   0.32   0.26      3      3      1   
  0.99   0.44   0.08   0.34     10      9      1   
  0.91   0.71   0.06   0.89     16     11      1   
  0.23   0.24   0.86   0.08      8      7      1   
  0.05   0.13   0.68   0.27      6      6      1   
  0.53   0.28   0.96   0.20      4      4      1   
  0.91   0.38   0.37   0.36      6      6      1   
  0.52   0.34   0.29   0.41      2      2      1   
  0.50   0.43   0.94   0.88     21      9      1   
  0.31   0.23   0.10   0.49      4      4      1   
  0.95   0.78   0.65   0.15      8      8      1   
  0.11   0.69   0.19   0.17      5      5      1   
  0.63   0.72   0.63   0.90      2      2      1   
  0.31   0.03   0.44   0.74      7      7      1   
  0.63   0.72   0.40   0.30     11      8      1   
  0.94   0.01   0.32   0.26      8      7      1   
  0.82   0.67   0.92   0.43      3      3      1   
  0.13   0.65   0.91   0.38     10      9      1   
  0.56   0.56   0.17   0.39      5      5      1   
  0.42   0.26   0.94   0.95     15     10      1   
  0.41   0.77   0.02   0.03      9      9      1   
  0.73   0.83   0.12   0.29     13      9      1   
  0.28   0.45   0.39   0.06      4      4      1   
  0.12   0.29   0.39   0.58      4      4      1   
  0.88   0.46   0.37   0.36      6      6      1   
  0.10   0.49   0.51   0.28      5      5      1   
  0.91   0.22   0.82   0.95      7      7      1   
  0.63   0.90   0.89   0.86      3      3      1   
  0.51   0.28   0.75   0.18      3      3      1   
  0.11   0.69   0.53   0.84      5      5      1   
  0.08   0.65   0.94   0.95      9      9      1   
  0.12   0.38   0.31   0.60      3      3      1   
  0.24   0.66   0.01   0.90      4      4      1   
  0.63   0.72   0.95   0.78      4      4      1   
  0.12   0.56   0.23   0.24      4      4      1   
  0.29   0.41   0.39   0.58      2      2      1   
  1.00   0.31   0.73   0.83      6      6      1   
  0.08   0.74   0.26   0.24      6      6      1   
  0.56   0.56   0.05   0.13      7      7      1   
  0.27   0.17   0.17   0.28      2      2      1   
  0.42   0.26   0.84   0.64     23      7      1   
  0.05   0.80   0.96   0.20     11     11      1   
  0.39   0.58   0.99   0.44      8      8      1   
  0.29   0.41   0.06   0.89      5      5      1   
  0.78   0.84   0.52   0.54     14      7      1   
  0.53   0.30   0.09   0.10      5      5      1   
  0.24   0.27   0.25   0.10      2      2      1   
  0.69   0.01   0.86   0.08      2      2      1   
  0.08   0.55   0.56   0.56      5      5      1   
  0.51   0.28   0.42   0.81      7      7      1   
  0.91   0.38   0.37   0.33      6      6      1   
  0.89   0.03   0.56   0.55      8      7      1   
  0.00   0.57   0.21   0.23      4      4      1   
  1.00   0.31   0.31   0.60     14      9      1   
  0.45   0.69   0.14   0.02      7      7      1   
  0.67   0.95   0.94   0.88      3      3      1   
  0.53   0.28   0.78   0.84     14      8      1   
  0.74   0.91   0.05   0.80      8      8      1   
  0.34   0.86   0.26   0.24      7      7      1   
  0.42   0.81   0.56   0.56      4      4      1   
  0.17   0.16   0.32   0.03      2      2      1   
  0.32   0.03   0.39   0.58      5      5      1   
  0.65   0.87   0.84   0.14     11      8      1   
  0.67   0.95   0.53   0.84      2      2      1   
  0.86   0.08   0.24   0.12      7      7      1   
  0.01   0.54   0.72   0.27      7      7      1   
  0.24   0.66   0.53   0.28      6      6      1   
  0.32   0.26   0.14   0.02      3      3      1   
  0.56   0.56   0.11   0.13      7      7      1   
  0.47   0.20   0.85   0.88     14     10      1   
  0.38   0.45   0.05   0.25      4      4      1   
  0.74   0.91   0.29   0.41     16      7      1   
  0.24   0.66   0.39   0.06      7      7      1   
  0.44   0.01   0.77   0.74     17     10      1   
  0.26   0.08   0.52   0.60      6      6      1   
  0.00   0.81   0.91   0.71     10     10      1   
  0.44   0.08   0.51   0.33      3      3      1   
  0.95   0.04   0.56   0.55      9      8      1   
  0.44   0.65   0.67   0.01      9      7      1   
  0.39   0.22   0.44   0.65      4      4      1   
Routing Failed to deliver
  0.89   0.52   0.19   0.05     10      9      1   
  0.10   0.46   0.24   0.12      4      4      1   
  0.10   0.46   0.37   0.26      4      4      1   
  0.78   0.84   0.23   0.35     16      9      1   
  0.40   0.30   0.11   0.18      3      3      1   
  0.11   0.18   0.08   0.34      2      2      1   
  0.95   0.04   0.24   0.01      8      8      1   
  0.03   0.60   0.17   0.39      2      2      1   
  0.82   0.95   0.19   0.59      8      8      1   
  0.53   0.30   0.35   0.12      3      3      1   
  0.73   0.21   0.94   0.01      3      3      1   
  0.86   0.16   0.08   0.09      8      8      1   
  0.94   0.95   0.95   0.78      2      2      1   
