  0.03   0.12   0.25   0.26      3      3      1   
  0.69   0.41   0.57   0.02      4      4      1   
  0.21   0.23   0.17   0.90      6      6      1   
  0.33   0.88   0.85   0.44      7      7      1   
  0.50   0.11   0.25   0.59      5      5      1   
  0.08   0.93   0.89   0.81      7      7      1   
  0.02   0.20   0.09   0.13      1      1      1   
  0.83   0.13   0.51   0.33      3      3      1   
  0.03   0.69   0.01   0.90      2      2      1   
  0.48   0.22   0.25   0.95      7      7      1   
  0.05   0.36   0.47   0.97      6      6      1   
  0.65   0.39   0.73   0.83      4      4      1   
  0.49   0.24   0.23   0.33      3      3      1   
  0.76   0.99   0.04   0.55      8      8      1   
  0.03   0.88   0.88   0.46      9      9      1   
  0.73   0.21   0.70   0.24      1      1      1   
  0.91   0.22   0.31   0.68      7      7      1   
  0.22   0.28   0.36   0.07      2      2      1   
  0.29   0.45   0.79   0.05      6      6      1   
  0.62   0.91   0.31   0.98      3      3      1   
  0.93   0.04   0.95   0.98      8      8      1   
  0.04   0.06   0.23   0.70      6      6      1   
  0.31   0.64   0.75   0.74      4      4      1   
  0.16   0.54   0.25   0.28      3      3      1   
  0.08   0.55   0.24   0.91      4      4      1   
  0.26   0.24   0.37   0.33      2      2      1   
  0.44   0.87   0.31   0.44      5      4      1   
  0.25   0.28   0.18   0.58      3      3      1   
  0.36   0.96   0.08   0.55      5      5      1   
  0.27   0.08   0.59   0.80      7      7      1   
  0.65   0.92   0.58   0.21      6      6      1   
  0.39   0.00   0.18   0.02      2      2      1   
  0.80   0.85   0.88   0.46      4      4      1   
  0.73   0.20   0.03   0.68      8      8      1   
  0.45   0.10   0.82   0.01      4      4      1   
  0.12   0.52   0.29   0.18      4      4      1   
  0.12   0.38   0.85   0.35      7      7      1   
  0.68   0.27   0.66   0.30      1      1      1   
  0.37   0.48   0.67   0.42      3      3      1   
  0.24   0.69   0.43   0.85      3      3      1   
  0.38   0.57   0.09   0.45      3      3      1   
  0.82   0.95   0.25   0.28      8      8      1   
  0.48   0.07   0.35   0.91      8      8      1   
  0.86   0.17   0.37   0.26      5      5      1   
  0.03   0.68   0.19   0.88      2      2      1   
  0.31   0.79   0.23   0.06      7      7      1   
  0.95   0.69   0.08   0.09      9      9      1   
  0.34   0.52   0.64   0.87      5      5      1   
  0.93   0.86   0.49   0.55      5      5      1   
  0.81   0.66   0.79   0.50      2      2      1   
  0.81   0.63   0.16   0.54      6      6      1   
  0.14   0.18   0.19   0.22      1      1      1   
  0.55   0.77   0.01   0.48      5      5      1   
  0.44   0.78   0.33   0.73      1      1      1   
  0.94   0.91   0.23   0.23      9      9      1   
  0.71   0.04   0.24   0.12      5      5      1   
  0.68   0.16   0.91   0.22      2      2      1   
  0.67   0.52   0.96   0.87      4      4      1   
  0.03   0.68   0.03   0.12      5      5      1   
  0.03   0.17   0.12   0.04      2      2      1   
  0.12   0.95   0.69   0.50      7      7      1   
  0.99   0.58   0.73   0.21      5      5      1   
  0.63   0.82   0.45   0.97      2      2      1   
  0.12   0.82   0.65   0.31      7      7      1   
  0.82   0.19   0.01   0.91     10     10      1   
  0.18   0.37   0.50   0.31      3      3      1   
  0.08   0.93   0.71   0.05      9      9      1   
  0.39   0.33   0.42   0.92      5      5      1   
  0.12   0.06   0.86   0.08      7      7      1   
  0.95   0.30   0.25   0.23      6      6      1   
  0.39   0.56   0.66   0.30      3      3      1   
  0.79   0.23   0.71   0.49      3      3      1   
  0.23   0.23   0.91   0.38      6      6      1   
  0.02   0.23   0.29   0.45      3      3      1   
  0.01   0.87   0.24   0.03      8      8      1   
  0.02   0.03   0.08   0.55      5      5      1   
  0.85   0.44   0.78   0.83      4      4      1   
  0.23   0.79   0.41   0.39      4      4      1   
  0.23   0.49   0.38   0.45      2      2      1   
  0.37   0.38   0.45   0.28      1      1      1   
  0.44   0.01   0.63   0.81      8      8      1   
  0.80   0.40   0.75   0.05      4      4      1   
  0.25   0.89   0.56   0.14      7      7      1   
  0.25   0.80   0.23   0.33      4      4      1   
  0.60   0.62   0.27   0.10      6      6      1   
  0.39   0.56   0.01   0.19      5      5      1   
  0.39   0.22   0.22   0.27      2      2      1   
  0.18   0.21   0.03   0.60      4      4      1   
  0.95   0.05   0.05   0.05      8      8      1   
  0.75   0.05   0.12   0.43      7      7      1   
  0.90   0.08   1.00   0.14      1      1      1   
  0.33   0.28   0.44   0.78      5      5      1   
  0.26   0.24   0.11   0.13      2      2      1   
  0.19   0.41   0.99   0.03      8      8      1   
  0.61   0.36   0.67   0.09      3      3      1   
  0.82   0.19   0.97   1.00      7      7      1   
  0.13   0.14   0.23   0.17      1      1      1   
  0.39   0.50   0.05   0.13      5      5      1   
  0.05   0.37   0.11   0.13      2      2      1   
  0.35   0.12   0.26   0.39      3      3      1   
  0.39   0.92   0.97   1.00      6      6      1   
  0.79   0.26   0.35   0.04      5      5      1   
  0.06   0.12   0.20   0.84      7      7      1   
  0.65   0.87   0.58   0.21      6      6      1   
  0.16   0.43   0.48   0.22      4      4      1   
  0.02   0.76   0.56   0.14      7      7      1   
  0.48   0.22   0.71   0.42      3      3      1   
  0.46   0.23   0.65   0.75      5      5      1   
  0.99   0.03   0.23   0.14      7      7      1   
  0.25   0.26   0.32   0.26      1      1      1   
  0.99   0.44   0.73   0.96      5      5      1   
  0.84   0.15   0.20   0.20      6      6      1   
  0.90   0.08   0.92   0.54      4      4      1   
  0.17   0.21   0.68   0.27      5      5      1   
  0.30   0.16   0.50   0.01      3      3      1   
  0.24   0.05   0.97   0.69      9      9      1   
  0.27   0.33   0.82   0.19      5      5      1   
  0.51   0.71   0.11   0.23      6      6      1   
  0.81   0.09   0.78   0.02      1      1      1   
  0.95   0.78   0.63   0.64      3      3      1   
  0.08   0.44   0.85   0.45      7      7      1   
  0.24   0.91   0.86   0.17      9      9      1   
  0.02   0.20   0.70   0.12      6      6      1   
  0.56   0.49   0.22   0.96      5      5      1   
  0.94   0.01   0.86   0.13      2      2      1   
  0.82   0.67   0.09   0.45      7      7      1   
  0.13   0.65   0.24   0.05      5      5      1   
  0.18   0.98   0.67   0.42      7      7      1   
  0.42   0.26   0.66   0.28      2      2      1   
  0.50   0.24   0.34   0.98      7      7      1   
  0.81   0.47   0.18   0.58      6      6      1   
  0.28   0.45   0.95   0.03      7      7      1   
  0.96   0.06   0.97   0.48      4      4      1   
  0.79   0.24   0.97   0.69      4      4      1   
  0.31   0.39   0.68   0.49      4      4      1   
  0.71   0.09   0.64   0.64      5      5      1   
  0.62   0.89   0.21   0.01      9      9      1   
  0.51   0.28   0.75   0.18      3      3      1   
  0.11   0.69   0.53   0.84      4      4      1   
  0.27   0.98   0.94   0.95      6      6      1   
  0.31   0.71   0.31   0.60      1      1      1   
  0.36   0.62   0.11   0.54      3      3      1   
  0.78   0.45   0.03   0.17      7      7      1   
  0.42   0.01   0.97   0.51      7      7      1   
  0.82   0.19   0.57   0.02      3      3      1   
  1.00   0.31   0.12   0.82      9      9      1   
  0.25   0.27   0.46   0.23      2      2      1   
  0.46   0.36   0.38   0.57      2      2      1   
  0.04   0.55   0.30   0.71      3      3      1   
  0.36   0.44   1.00   0.39      7      7      1   
  0.02   0.26   0.32   0.40      3      3      1   
  0.39   0.58   0.55   0.89      3      3      1   
  0.81   0.11   0.48   0.89      8      8      1   
  0.25   0.80   0.03   0.69      2      2      1   
  0.31   0.95   0.82   0.80      5      5      1   
  0.13   0.77   0.05   0.25      5      5      1   
  0.12   0.18   0.51   0.91      7      7      1   
  0.78   0.86   0.46   0.17      7      7      1   
  0.68   0.49   0.20   0.08      6      6      1   
  0.86   0.15   0.56   0.22      3      3      1   
  0.80   0.85   0.91   0.08      7      7      1   
  0.75   0.78   0.03   0.12      9      9      1   
  0.26   0.39   0.88   0.70      6      6      1   
  0.45   0.69   0.08   0.73      3      3      1   
  0.44   0.07   0.10   0.68      6      6      1   
  0.99   0.03   0.22   0.28      8      8      1   
  0.74   0.12   0.05   0.80      9      9      1   
  0.18   0.11   0.26   0.24      2      2      1   
  0.26   0.93   0.46   0.17      7      7      1   
  0.14   0.18   0.32   0.03      2      2      1   
  0.18   0.29   0.57   0.02      4      4      1   
  0.65   0.87   0.53   0.21      6      6      1   
  0.70   0.36   0.33   0.28      4      4      1   
  0.51   0.91   0.59   0.92      1      1      1   
  0.18   0.65   0.75   0.70      5      5      1   
  0.65   0.16   0.99   0.03      4      4      1   
  0.36   0.96   0.08   0.73      4      4      1   
  0.46   0.17   0.23   0.79      6      6      1   
  0.47   0.20   0.41   0.95      7      7      1   
  0.15   0.52   0.64   0.21      5      5      1   
  0.49   0.16   0.29   0.41      3      3      1   
  0.36   0.62   0.38   0.13      4      4      1   
  0.38   0.45   0.77   0.74      5      5      1   
  0.17   0.90   0.75   0.53      7      7      1   
  0.11   0.18   0.91   0.71      9      9      1   
  0.44   0.19   0.88   0.70      6      6      1   
  0.12   0.78   0.36   0.89      3      3      1   
  0.07   0.61   0.02   0.23      4      4      1   
  0.31   0.68   0.51   0.64      2      2      1   
  0.36   0.96   0.36   0.26      6      6      1   
  0.92   0.58   0.39   0.36      5      5      1   
  1.00   0.78   0.52   0.20      7      7      1   
  0.48   0.52   0.66   0.89      4      4      1   
  0.53   0.05   0.06   0.59      6      6      1   
  0.87   0.76   0.85   0.15      6      6      1   
  0.11   0.18   0.03   0.75      6      5      1   
  0.87   0.19   0.16   0.88      9      9      1   
  0.94   0.43   0.79   0.67      3      3      1   
  0.64   0.64   0.47   0.03      6      6      1   
  0.75   0.74   0.82   0.34      4      4      1   
  0.14   0.13   0.30   0.97      8      8      1   
  0.42   0.92   0.81   0.66      5      5      1   
  0.56   0.30   0.98   0.16      4      4      1   
  0.27   0.09   0.37   0.16      1      1      1   
  0.46   0.17   0.14   0.34      3      3      1   
  0.20   0.84   0.27   0.21      6      6      1   
  0.39   0.56   0.48   0.22      4      4      1   
  0.72   0.39   0.20   0.49      5      5      1   
  0.58   0.21   0.76   0.57      4      4      1   
  0.89   0.04   0.69   0.01      2      2      1   
  0.61   0.72   0.91   0.61      3      3      1   
  0.62   0.89   0.24   0.12      8      8      1   
  0.24   0.03   0.82   0.95     10     10      1   
  0.67   0.90   0.16   0.51      6      6      1   
  0.32   0.31   0.23   0.14      2      2      1   
  0.74   0.23   0.98   0.16      3      3      1   
  0.38   0.57   0.05   0.05      6      6      1   
  0.86   0.63   0.56   0.01      6      6      1   
  0.56   0.01   0.31   0.92      8      8      1   
  0.76   0.21   0.70   0.36      2      2      1   
  0.23   0.72   0.11   0.18      5      5      1   
  0.88   0.70   0.00   0.57      8      8      1   
  0.18   0.65   0.66   0.96      5      5      1   
  0.25   0.20   0.48   0.62      5      5      1   
  0.47   0.37   0.18   0.58      3      3      1   
  0.63   1.00   0.53   0.84      2      2      1   
  0.48   0.25   0.05   0.86      7      7      1   
  0.38   0.45   0.08   0.73      4      4      1   
  0.11   0.18   0.70   0.86      8      8      1   
  0.98   0.45   0.28   0.49      7      7      1   
  0.65   0.87   0.17   0.16      8      8      1   
  0.72   0.15   0.39   0.77      6      6      1   
  0.31   0.03   0.21   0.17      2      2      1   
  0.88   0.28   0.36   0.96      8      8      1   
  0.73   0.60   0.48   0.25      4      4      1   
  0.61   0.36   0.45   0.84      5      5      1   
  0.24   0.69   0.36   0.80      2      2      1   
  0.11   0.69   0.40   0.70      3      3      1   
  0.90   0.08   0.04   0.45      8      8      1   
  0.93   0.04   0.06   0.12      8      8      1   
  0.81   0.44   0.95   0.04      4      4      1   
  0.59   0.92   0.48   0.52      4      4      1   
  0.17   0.28   0.52   0.67      5      5      1   
  0.54   0.13   0.45   0.84      6      6      1   
  0.49   0.80   0.10   0.61      4      4      1   
  0.06   0.12   0.95   0.88     10     10      1   
  0.21   0.51   0.90   0.03      7      7      1   
  0.91   0.38   0.29   0.21      6      6      1   
  0.38   0.45   0.11   0.23      3      3      1   
  0.82   0.74   0.09   0.78      7      7      1   
  0.42   0.01   0.40   0.01      1      1      1   
  0.60   0.56   0.24   0.03      6      6      1   
  0.51   0.38   0.05   0.76      5      5      1   
  0.77   0.74   0.18   0.11      8      8      1   
  0.75   0.65   0.68   0.27      4      4      1   
  0.96   0.06   0.99   0.01      1      1      1   
  0.90   0.05   0.44   0.04      4      4      1   
  0.15   0.56   0.24   0.75      2      2      1   
  0.55   0.51   0.83   0.73      3      3      1   
  0.21   0.09   0.19   0.41      3      3      1   
  0.91   0.22   0.55   0.51      5      5      1   
  0.43   0.09   0.12   0.56      5      5      1   
  0.82   0.74   0.31   0.16      7      7      1   
  0.28   0.72   0.95   0.30      7      7      1   
  0.46   0.58   0.04   0.08      6      6      1   
  0.68   0.14   0.16   0.88      8      8      1   
  0.41   0.88   0.92   0.17      8      8      1   
  0.70   0.26   0.23   0.24      4      4      1   
  0.66   0.04   0.05   0.05      6      6      1   
  0.83   0.09   0.66   0.89      8      8      1   
  0.91   0.71   0.38   0.45      5      5      1   
  0.47   0.97   0.39   0.36      6      6      1   
  0.42   0.81   0.74   0.99      4      4      1   
  0.37   0.16   0.96   0.06      5      5      1   
  0.12   0.04   0.98   0.16      8      8      1   
  0.81   0.09   0.68   0.49      4      4      1   
  0.31   0.24   0.79   0.05      5      5      1   
  0.53   0.30   0.18   0.11      4      4      1   
  0.58   0.40   0.48   0.70      3      3      1   
  0.42   0.81   0.82   0.57      5      5      1   
  0.34   0.68   0.23   0.31      4      4      1   
  0.55   0.77   0.70   0.79      2      2      1   
  0.44   0.87   0.11   0.80      3      3      1   
  0.58   0.04   0.80   0.65      6      6      1   
  0.65   0.92   0.36   0.39      6      6      1   
  0.13   0.75   0.23   0.33      4      4      1   
  0.25   0.87   0.12   0.38      5      5      1   
  0.16   0.38   0.87   0.64      7      7      1   
  0.02   0.07   0.08   0.40      3      3      1   
  0.21   0.74   0.67   0.58      5      5      1   
  0.94   0.35   0.20   0.84      8      8      1   
  0.01   0.54   0.44   0.04      6      6      1   
  0.21   0.23   0.68   0.14      5      5      1   
  0.71   0.88   0.03   0.12      9      9      1   
  0.37   0.33   0.73   0.52      4      4      1   
  0.75   0.04   0.09   0.78      9      9      1   
  0.65   0.74   0.97   0.18      6      6      1   
  0.51   0.33   0.99   0.03      5      5      1   
  0.18   0.30   0.33   0.06      3      3      1   
  0.18   0.21   0.03   0.72      5      5      1   
  0.06   0.66   0.77   0.74      7      7      1   
  0.46   0.69   0.34   0.77      2      2      1   
  0.04   0.24   0.13   0.75      5      5      1   
  0.24   0.80   0.07   0.25      5      5      1   
  0.19   0.18   0.15   0.68      5      5      1   
  0.20   0.84   0.25   0.91      1      1      1   
  0.91   0.38   0.52   0.60      4      4      1   
  0.22   0.27   0.46   0.15      3      3      1   
  0.68   0.27   0.22   0.27      4      4      1   
  0.60   0.80   0.21   0.09      8      8      1   
  0.43   0.85   0.89   0.81      4      4      1   
  0.86   0.13   0.84   0.14      1      1      1   
  0.29   0.18   0.25   0.59      4      4      1   
  0.51   0.20   0.31   0.44      3      3      1   
  0.12   0.86   0.21   0.74      2      2      1   
  0.16   0.54   1.00   0.41      8      8      1   
  0.39   0.72   0.98   0.16      7      7      1   
  0.19   0.41   0.26   0.56      2      2      1   
  0.52   0.60   0.35   0.02      6      6      1   
  0.68   0.60   0.56   0.56      1      1      1   
  0.42   0.46   0.67   0.01      5      5      1   
  0.38   0.45   0.72   0.22      4      4      1   
  0.03   0.69   0.03   0.40      3      3      1   
  0.33   0.73   0.16   0.09      6      6      1   
  0.76   0.57   0.69   0.41      2      2      1   
  0.84   0.15   0.34   0.58      6      6      1   
  0.25   0.91   0.97   0.51      8      8      1   
  0.13   0.77   0.45   0.84      3      3      1   
  0.95   0.49   0.18   0.53      7      7      1   
  0.28   0.65   0.56   0.71      3      3      1   
  0.72   0.39   0.17   0.75      6      6      1   
  0.30   0.41   0.98   0.34      6      6      1   
  0.93   0.07   0.63   0.75      7      7      1   
  0.60   0.48   0.65   0.39      1      1      1   
  0.62   0.49   0.23   0.49      4      4      1   
  0.57   0.17   0.76   0.21      2      2      1   
  0.03   0.50   0.51   0.20      5      5      1   
  0.51   0.71   0.14   0.88      4      4      1   
  0.64   0.87   0.66   0.30      5      5      1   
  0.16   0.43   0.12   0.47      1      1      1   
  0.41   0.19   0.31   0.24      1      1      1   
  0.89   0.89   0.66   0.04      8      8      1   
  0.12   0.78   0.46   0.23      6      6      1   
  0.47   0.65   0.73   0.12      6      5      1   
  0.92   0.17   0.20   0.08      7      7      1   
  0.56   0.56   0.25   0.10      5      5      1   
  0.20   0.44   0.48   0.52      3      3      1   
  0.08   0.34   0.86   0.16      7      7      1   
  0.44   0.07   0.74   0.55      5      5      1   
  0.79   0.10   0.12   0.06      6      6      1   
  0.25   0.08   0.73   0.60      6      6      1   
  0.22   0.41   0.52   0.20      3      3      1   
  0.17   0.16   0.34   0.86      7      7      1   
  0.03   0.16   0.13   0.19      1      1      1   
  0.72   0.22   0.90   0.63      5      5      1   
  0.22   0.96   0.73   0.24      8      8      1   
  0.53   0.21   0.39   0.30      2      2      1   
  0.22   0.41   0.61   0.36      4      4      1   
  0.04   0.41   0.31   0.23      3      3      1   
  0.22   0.41   0.62   0.38      4      4      1   
  0.28   0.49   0.54   0.13      4      4      1   
  0.31   0.60   0.38   0.57      1      1      1   
  0.08   0.74   0.39   0.33      5      5      1   
  0.08   0.74   0.37   0.59      3      3      1   
  0.39   0.56   0.89   0.27      5      5      1   
  0.40   0.30   0.14   0.24      3      3      1   
  0.34   0.77   0.09   0.78      3      3      1   
  0.90   0.03   0.83   0.36      3      3      1   
  0.02   0.94   0.40   0.11      9      8      1   
  0.15   0.52   0.37   0.33      3      3      1   
  0.15   0.56   0.02   0.23      3      3      1   
  0.33   0.43   0.78   0.83      6      6      1   
  0.42   0.26   0.18   0.37      3      3      1   
  0.07   0.25   0.11   0.69      4      4      1   
  0.24   0.69   0.52   0.60      3      3      1   
  0.36   0.50   0.25   0.28      2      2      1   
  0.11   0.18   0.37   0.16      3      3      1   
  0.08   0.44   0.00   0.57      2      2      1   
  0.84   0.14   0.87   0.80      6      6      1   
  0.31   0.95   0.31   0.91      1      1      1   
  0.04   0.55   0.06   0.83      3      3      1   
  0.34   0.92   0.07   0.26      6      6      1   
  0.87   0.19   0.27   0.21      5      5      1   
  0.25   0.89   0.87   0.64      6      6      1   
  0.24   0.14   0.95   0.22      7      6      1   
  0.70   0.93   0.18   0.21      8      8      1   
  0.27   0.13   0.23   0.35      2      2      1   
  0.21   0.23   0.46   0.23      3      3      1   
  0.19   0.41   0.71   0.88      6      6      1   
  0.14   0.18   0.32   0.40      3      3      1   
  0.24   0.14   0.63   0.29      4      4      1   
  0.19   0.38   0.12   0.82      4      4      1   
  0.52   0.67   0.75   0.53      3      3      1   
  0.00   0.81   0.17   0.13      6      6      1   
  0.03   0.84   0.92   0.17     10     10      1   
  0.79   0.50   0.20   0.57      6      5      1   
  0.52   0.27   0.66   0.02      3      3      1   
  0.74   0.23   0.65   0.31      1      1      1   
  0.95   0.25   0.21   0.51      7      7      1   
  0.73   0.12   0.21   0.09      5      5      1   
  0.08   0.44   0.59   0.34      5      5      1   
  0.72   0.14   0.91   0.65      5      5      1   
  0.84   0.30   0.31   0.44      5      5      1   
  0.58   0.40   0.46   0.66      3      3      1   
  0.04   0.37   0.03   0.71      3      3      1   
  0.64   0.34   0.04   0.45      6      6      1   
  0.35   0.02   0.27   0.00      1      1      1   
  0.31   0.95   0.27   0.32      6      6      1   
  0.06   0.74   0.14   0.24      5      5      1   
  0.81   0.44   0.31   0.24      5      5      1   
  0.18   0.12   0.50   0.49      5      5      1   
  0.27   0.08   0.17   0.90      7      7      1   
  0.19   0.88   0.56   0.55      5      5      1   
  0.34   0.92   0.83   0.36      7      7      1   
  0.25   0.95   0.27   0.69      3      3      1   
  0.98   0.45   0.24   0.80      8      8      1   
  0.24   0.66   0.06   0.12      5      5      1   
  0.88   0.34   0.91   0.65      3      3      1   
  0.65   0.36   0.23   0.72      5      5      1   
  0.04   0.24   0.82   0.57      8      8      1   
  0.56   0.51   0.33   0.43      3      3      1   
  0.63   0.30   0.27   0.71      5      5      1   
  0.71   0.49   0.29   0.41      4      4      1   
  0.27   0.98   0.16   0.51      5      5      1   
  0.06   0.93   0.51   0.91      4      4      1   
  0.47   0.58   0.47   0.97      4      4      1   
  0.68   0.27   0.16   0.12      5      5      1   
  0.91   0.65   0.52   0.09      6      6      1   
  0.76   0.81   0.40   0.59      4      4      1   
  0.47   0.65   0.38   0.57      1      1      1   
  0.50   0.24   0.20   0.44      3      3      1   
  0.79   0.67   0.40   0.11      6      6      1   
  0.16   0.11   0.89   0.04      7      7      1   
  0.08   0.47   0.23   0.14      4      4      1   
  0.48   0.25   0.04   0.55      5      5      1   
  0.52   0.67   0.18   0.11      6      6      1   
  0.17   0.39   0.01   0.91      5      5      1   
  0.07   0.62   0.75   0.18      7      7      1   
  0.75   0.78   0.39   0.50      5      5      1   
  0.94   0.95   0.07   0.44      9      9      1   
  0.58   0.56   0.67   0.90      4      4      1   
  0.52   0.16   0.01   0.87      8      8      1   
  0.40   0.30   0.19   0.70      5      4      1   
  0.85   0.23   0.05   0.76      9      9      1   
  0.74   0.12   0.41   0.05      3      3      1   
  0.25   0.59   0.19   0.34      3      3      1   
  0.38   0.57   0.08   0.55      3      3      1   
  0.67   0.01   0.10   0.68      8      8      1   
  0.52   0.67   0.71   0.91      3      3      1   
  0.22   0.33   0.16   0.43      1      1      1   
  0.02   0.03   0.75   0.65      9      9      1   
  0.83   0.13   0.23   0.14      5      5      1   
  0.66   0.28   0.24   0.91      7      7      1   
  0.04   0.06   0.40   0.11      3      3      1   
  0.17   0.75   0.52   0.20      6      6      1   
  0.40   0.11   0.19   0.05      2      2      1   
  0.45   0.87   0.31   0.03      8      8      1   
  0.68   0.49   0.18   0.02      6      6      1   
  0.47   0.36   0.41   0.95      5      5      1   
  0.05   0.80   0.18   0.02      7      7      1   
  0.06   0.66   0.94   0.35      8      8      1   
  0.19   0.76   0.78   0.56      6      6      1   
  0.79   0.23   0.56   0.55      4      4      1   
  0.39   0.00   0.63   0.82      8      8      1   
  0.45   0.28   0.24   0.66      4      4      1   
  0.47   0.65   0.13   0.65      3      3      1   
  0.34   0.58   0.48   0.25      4      4      1   
  0.03   0.43   0.36   0.26      4      4      1   
  0.29   0.05   0.93   0.07      6      6      1   
  0.93   0.07   0.77   0.78      7      7      1   
  0.09   0.13   0.89   0.04      8      7      1   
  0.02   0.23   0.02   0.76      5      5      1   
  0.29   0.05   0.29   0.13      1      1      1   
  0.71   0.86   0.32   0.26      7      7      1   
  0.90   0.05   0.60   0.56      6      5      1   
  0.02   0.94   0.46   0.14      8      8      1   
  0.96   0.20   0.52   0.67      6      6      1   
  0.76   0.99   0.36   0.44      6      6      1   
  0.64   0.72   0.31   0.60      4      4      1   
  0.69   0.41   0.65   0.58      2      2      1   
  0.33   0.73   0.77   0.40      5      5      1   
  0.72   0.22   0.04   0.13      6      6      1   
  0.12   0.82   0.89   0.52      8      8      1   
  0.18   0.29   0.89   0.03      7      7      1   
  0.23   0.79   0.62   0.58      4      4      1   
  0.30   0.20   0.27   0.95      7      7      1   
  0.41   0.39   0.66   0.04      4      4      1   
  0.93   0.58   0.50   0.50      4      4      1   
  0.25   0.59   0.61   0.72      4      4      1   
  0.48   0.25   0.48   0.62      3      3      1   
  0.31   0.16   0.63   0.81      7      7      1   
  0.23   0.51   0.98   0.79      7      7      1   
  0.69   0.05   0.17   0.53      7      7      1   
  0.53   0.84   0.75   0.65      3      3      1   
  0.21   0.29   0.81   0.03      6      6      1   
  0.97   0.51   0.51   0.33      5      5      1   
  0.74   0.59   0.17   0.39      6      6      1   
  0.95   0.30   0.19   0.59      8      8      1   
  0.79   0.94   0.00   0.57      8      8      1   
  0.89   0.89   0.40   0.66      5      5      1   
  0.40   0.03   0.25   0.02      2      2      1   
  0.05   0.96   0.23   0.51      5      5      1   
  0.49   0.17   0.17   0.39      4      4      1   
  0.97   0.48   0.32   0.42      6      6      1   
  0.18   0.06   0.31   0.23      2      2      1   
  0.39   0.92   0.23   0.06      8      8      1   
  0.46   0.69   0.31   0.95      3      3      1   
  0.01   0.54   0.43   0.09      5      5      1   
  0.68   0.60   0.21   0.23      6      6      1   
  0.56   0.01   0.02   0.76      8      8      1   
  0.77   0.78   0.45   0.16      6      6      1   
  0.25   0.91   0.20   0.57      3      3      1   
  0.26   0.93   0.64   0.21      8      7      1   
  0.08   0.09   0.26   0.24      2      2      1   
  0.62   0.05   0.03   0.75      8      8      1   
  0.47   0.03   0.46   0.23      2      2      1   
  0.79   0.26   0.14   0.46      6      6      1   
  0.36   0.06   0.29   0.41      4      3      1   
  0.09   0.13   0.72   0.66      7      7      1   
  0.31   0.68   0.37   0.38      3      3      1   
  0.25   0.26   0.24   0.05      2      2      1   
  0.73   0.71   0.27   0.21      6      6      1   
  0.10   0.86   0.41   0.95      3      3      1   
  0.12   0.06   0.81   0.63      8      8      1   
  0.47   0.65   0.31   0.60      2      2      1   
  0.82   0.41   0.08   0.03      7      7      1   
  0.37   1.00   0.82   0.57      6      6      1   
  0.67   0.80   0.47   0.37      5      5      1   
  0.39   0.06   0.31   0.24      2      2      1   
  0.94   0.74   0.17   0.39      8      8      1   
  0.32   0.03   0.60   0.65      7      7      1   
  0.22   0.34   0.51   0.71      5      5      1   
  0.44   0.74   0.26   0.29      5      5      1   
  0.81   0.44   0.73   0.24      3      3      1   
  0.12   0.18   0.52   0.60      5      5      1   
  0.69   0.73   0.27   0.13      7      7      1   
  0.34   0.58   0.23   0.50      2      2      1   
  0.27   0.32   0.46   0.69      4      4      1   
  0.28   0.49   0.72   0.78      5      5      1   
  0.46   0.71   0.42   0.92      2      2      1   
  0.29   0.05   0.46   0.97      8      8      1   
  0.44   0.72   0.39   0.06      6      6      1   
  0.00   0.57   0.32   0.03      6      6      1   
  0.47   0.20   0.28   0.70      5      5      1   
  0.95   0.05   0.93   0.04      1      1      1   
  0.87   0.76   0.37   0.36      6      6      1   
  0.05   0.85   0.24   0.08      7      7      1   
  0.45   0.84   0.62   0.58      3      3      1   
  0.53   0.21   0.79   0.94      8      7      1   
  0.04   0.37   0.86   0.17      8      8      1   
  0.31   0.60   0.99   0.01      8      8      1   
  0.80   0.03   0.37   0.28      5      5      1   
  0.26   0.24   0.53   0.28      3      3      1   
  0.37   0.97   0.12   0.95      3      3      1   
  0.36   0.39   0.14   0.24      3      3      1   
  0.92   0.54   0.25   0.58      6      6      1   
  0.19   0.70   0.05   0.97      3      3      1   
  0.18   0.02   0.88   0.46      7      7      1   
  0.34   0.62   0.95   0.25      7      7      1   
  0.05   0.25   0.74   0.91      9      9      1   
  0.67   0.95   0.04   0.41      7      7      1   
  0.04   0.27   0.37   0.36      3      3      1   
  0.84   0.30   0.63   0.72      4      4      1   
  0.92   0.58   0.73   0.12      4      4      1   
  0.18   0.06   0.07   0.62      5      5      1   
  0.08   0.65   0.69   0.05      8      8      1   
  0.25   0.89   0.57   0.58      4      4      1   
  0.26   0.26   0.59   0.34      3      3      1   
  0.35   0.02   0.16   0.88      8      8      1   
  0.61   0.18   0.24   0.05      4      4      1   
  0.05   0.30   0.01   0.00      3      3      1   
  0.50   0.01   0.72   0.15      3      3      1   
  0.19   0.59   0.11   0.18      4      4      1   
  0.49   0.80   0.24   0.66      3      3      1   
  0.76   0.99   0.87   0.64      4      4      1   
  0.70   0.36   0.37   0.33      3      3      1   
  0.85   0.81   0.13   0.14      9      9      1   
  0.63   0.80   0.38   0.57      3      3      1   
  0.22   0.33   0.49   0.26      3      3      1   
  0.84   0.33   0.71   0.05      3      3      1   
  0.96   0.20   0.12   0.95     10     10      1   
  0.22   0.64   0.45   0.87      3      3      1   
  0.19   0.88   0.30   0.41      4      4      1   
  0.47   0.58   0.19   0.37      3      3      1   
  0.05   0.36   0.77   0.48      7      7      1   
  0.85   0.81   0.54   0.35      5      5      1   
  0.55   0.30   0.43   0.37      2      2      1   
  0.84   0.44   0.24   0.80      7      7      1   
  0.43   0.85   0.00   0.81      4      4      1   
  0.17   0.53   0.58   0.66      4      4      1   
  0.18   0.30   0.74   0.59      6      6      1   
  0.00   0.36   0.05   0.25      1      1      1   
  0.05   0.30   0.00   0.81      5      5      1   
  0.18   0.11   0.46   0.17      3      3      1   
  0.50   0.43   0.65   0.31      2      2      1   
  0.27   0.98   0.26   0.53      4      4      1   
  0.26   0.22   0.45   0.28      2      2      1   
  0.79   0.23   0.16   0.12      6      6      1   
  0.51   0.64   0.31   0.60      2      2      1   
  0.15   0.56   0.57   0.17      5      5      1   
  0.02   0.23   0.31   0.92      7      7      1   
  0.79   0.58   0.31   0.61      4      4      1   
  0.34   0.77   0.12   0.43      4      4      1   
  0.05   0.05   0.94   0.74     10     10      1   
  0.27   0.10   0.05   0.05      2      2      1   
  0.85   0.35   0.66   0.28      2      2      1   
  0.80   1.00   0.27   0.71      5      5      1   
  0.45   0.28   0.28   0.72      4      4      1   
  0.39   0.22   0.84   0.44      5      5      1   
  0.56   0.92   0.31   0.95      3      3      1   
  0.72   0.14   0.40   0.03      4      4      1   
  0.21   0.09   0.24   0.01      1      1      1   
  0.08   0.40   0.66   0.96      7      7      1   
  0.70   0.24   0.30   0.97      7      7      1   
  0.34   0.92   0.82   0.41      7      7      1   
  0.23   0.24   0.25   0.91      6      6      1   
  0.05   0.25   0.25   0.27      2      2      1   
  0.22   0.28   0.96   0.20      7      7      1   
  0.50   0.31   0.70   0.36      2      2      1   
  0.10   0.23   0.14   0.46      2      2      1   
  0.37   0.48   0.62   0.05      5      5      1   
  0.67   0.80   0.36   0.62      3      3      1   
  0.52   0.09   0.60   0.65      6      6      1   
  0.12   0.18   0.17   0.16      1      1      1   
  0.40   0.70   0.01   0.70      4      4      1   
  0.20   0.08   0.58   0.40      5      5      1   
  0.08   0.44   0.29   0.27      3      3      1   
  0.89   0.52   0.49   0.26      5      5      1   
  0.54   0.35   0.61   0.18      2      2      1   
  0.49   0.81   0.86   0.15      7      7      1   
  0.71   0.05   0.25   0.10      4      4      1   
  0.14   0.34   0.92   0.83      9      9      1   
  0.23   0.70   0.17   0.87      2      2      1   
  0.41   0.39   0.04   0.37      3      3      1   
  0.91   0.38   0.73   0.96      6      6      1   
  0.40   0.03   0.06   0.74      7      7      1   
  0.03   0.68   0.18   0.02      6      6      1   
  0.89   0.89   0.55   0.89      3      3      1   
  0.89   0.52   0.54   0.13      5      5      1   
  0.63   0.72   0.23   0.72      4      4      1   
  0.78   0.83   0.53   0.84      3      3      1   
  0.24   0.01   0.21   0.23      2      2      1   
  0.71   0.12   0.68   0.14      1      1      1   
  0.86   0.13   0.17   0.21      6      6      1   
  0.12   0.06   0.67   0.90      9      9      1   
  0.18   0.12   0.69   0.15      5      5      1   
  0.70   0.79   0.64   0.24      5      5      1   
  0.81   0.09   0.02   0.20      7      7      1   
  0.65   0.74   0.60   0.48      3      3      1   
  0.78   0.70   0.00   0.81      7      7      1   
  0.97   0.51   1.00   0.41      1      1      1   
  0.49   0.94   0.21   0.51      5      5      1   
  0.54   0.13   0.50   0.49      4      3      1   
  0.34   0.98   0.12   0.04      8      8      1   
  0.91   0.65   0.06   0.74      8      8      1   
  0.74   0.78   0.98   0.45      4      4      1   
  0.72   0.39   0.11   0.18      6      6      1   
  0.35   0.04   0.15   0.71      6      6      1   
  0.33   0.28   0.16   0.11      2      2      1   
  0.36   0.26   0.64   0.65      5      5      1   
  0.67   0.04   0.70   0.26      2      2      1   
  0.18   0.58   0.38   0.45      2      2      1   
  0.31   0.23   0.91   0.34      6      6      1   
  0.78   0.56   0.71   0.86      3      3      1   
  0.14   0.24   0.10   0.68      4      4      1   
  0.04   0.37   0.08   0.65      3      3      1   
  0.99   0.07   0.45   0.77      8      8      1   
  0.26   0.25   0.29   0.05      2      2      1   
  0.20   0.43   0.44   0.78      4      4      1   
  0.51   0.91   0.89   0.27      7      7      1   
  0.54   0.13   0.85   0.81      7      7      1   
  0.70   0.86   0.53   0.21      6      6      1   
  0.13   0.77   0.80   0.20      8      8      1   
  0.02   0.15   0.71   0.12      6      6      1   
  0.06   0.59   0.75   0.65      6      6      1   
  0.66   0.74   0.99   0.70      3      3      1   
  0.44   0.41   0.92   0.25      5      5      1   
  0.60   0.27   0.26   0.24      3      3      1   
  0.74   0.78   0.58   0.04      7      7      1   
  0.17   0.75   0.29   0.41      3      3      1   
  0.05   0.31   0.65   0.58      6      6      1   
  0.19   0.17   0.91   0.22      7      7      1   
  0.07   0.26   0.71   0.12      6      6      1   
  0.78   0.83   0.03   0.43      7      7      1   
  0.74   0.99   0.77   0.78      2      2      1   
  0.68   0.50   0.78   0.02      5      5      1   
  0.56   0.71   0.02   0.07      8      8      1   
  0.49   0.17   0.23   0.72      6      6      1   
  0.23   0.79   0.22   0.27      5      5      1   
  0.97   0.69   0.01   0.33      9      9      1   
  0.72   0.22   0.08   0.73      8      7      1   
  0.05   0.05   0.80   0.04      7      7      1   
  0.08   0.03   0.81   0.66      9      9      1   
  0.64   0.72   0.81   0.63      2      2      1   
  0.94   0.74   0.03   0.17      9      9      1   
  0.32   0.42   0.50   0.11      3      3      1   
  0.03   0.88   0.84   0.41      9      8      1   
  0.19   0.38   0.01   0.54      2      2      1   
  0.42   0.92   0.23   0.35      6      6      1   
  0.91   0.65   0.72   0.39      3      3      1   
  0.56   0.22   0.71   0.75      5      5      1   
  0.31   0.24   0.41   0.95      6      6      1   
  0.52   0.20   0.92   0.43      4      4      1   
  0.39   0.30   0.98   0.17      6      6      1   
  0.48   0.70   0.18   0.02      7      6      1   
  0.16   0.88   0.40   0.01      8      8      1   
  0.21   0.09   0.52   0.27      4      4      1   
  0.66   0.90   0.72   0.39      5      5      1   
  0.58   0.21   0.65   0.16      1      1      1   
  0.05   0.31   0.18   0.21      2      2      1   
  0.52   0.85   0.24   0.16      7      7      1   
  0.99   0.70   0.94   0.74      1      1      1   
  0.95   0.05   0.43   0.27      5      5      1   
  0.48   0.22   0.80   0.46      4      4      1   
  0.83   0.92   0.67   0.80      2      2      1   
  0.94   0.44   0.88   0.70      3      3      1   
  0.99   0.58   0.23   0.41      8      7      1   
  0.45   0.10   0.08   0.03      4      4      1   
  0.08   0.40   0.24   0.01      4      4      1   
  0.34   0.17   0.94   0.35      6      6      1   
  0.65   0.87   0.47   0.20      6      6      1   
  0.41   0.39   0.12   0.82      5      5      1   
  0.61   0.22   0.44   0.62      4      4      1   
  0.81   0.47   0.03   0.76      7      7      1   
  0.23   0.41   0.16   0.87      4      4      1   
  0.74   0.78   0.05   0.25      8      8      1   
  0.46   0.17   0.50   0.01      2      2      1   
  0.02   0.03   0.68   0.60      8      8      1   
  0.37   0.85   0.03   0.84      3      3      1   
  0.31   0.91   0.64   0.72      4      4      1   
  0.65   0.36   0.58   0.10      3      3      1   
  0.17   0.16   0.46   0.36      3      3      1   
  0.05   0.05   0.09   0.40      3      3      1   
  0.70   0.79   0.04   0.63      6      6      1   
  1.00   0.78   0.24   0.01      9      9      1   
  0.39   0.06   0.71   0.04      3      3      1   
  0.48   0.89   0.92   0.58      5      5      1   
  0.91   0.29   0.54   0.35      4      4      1   
  0.97   0.48   0.41   0.77      6      6      1   
  0.35   0.02   0.35   0.20      2      2      1   
  0.84   0.33   0.65   0.92      6      6      1   
  0.76   0.17   0.85   0.35      2      2      1   
  0.65   0.87   0.63   0.90      1      1      1   
  0.19   0.41   0.31   0.71      3      3      1   
  0.17   0.75   0.32   0.33      4      4      1   
  0.39   0.56   0.40   0.66      1      1      1   
  0.08   0.55   0.98   0.45      9      8      1   
  0.39   0.50   0.79   0.94      6      6      1   
  0.31   0.01   0.38   0.44      4      4      1   
  0.47   0.36   0.91   0.75      5      5      1   
  0.55   0.89   0.11   0.80      4      4      1   
  0.47   0.65   0.24   0.18      5      5      1   
  0.61   0.36   0.97   0.18      4      4      1   
  0.89   0.27   0.84   0.64      4      4      1   
  0.28   0.49   0.16   0.51      1      1      1   
  0.09   0.10   0.65   0.15      5      5      1   
  0.60   0.80   0.70   0.85      1      1      1   
  0.85   0.23   0.96   0.20      1      1      1   
  0.71   0.12   0.85   0.81      6      6      1   
  0.25   0.27   0.73   0.52      5      5      1   
  0.38   0.81   0.98   0.45      7      7      1   
  0.31   0.03   0.95   0.25      6      6      1   
  0.89   0.52   0.51   0.20      5      5      1   
  0.80   0.04   0.18   0.98     10     10      1   
  0.25   0.32   0.73   0.83      7      6      1   
  0.11   0.18   0.46   0.23      4      4      1   
  0.95   0.04   0.19   0.05      7      7      1   
  0.59   0.21   0.68   0.27      1      1      1   
  0.51   0.71   0.76   0.81      3      3      1   
  0.63   0.29   0.74   0.91      6      6      1   
  0.94   0.02   0.59   0.34      4      4      1   
  0.31   0.91   0.59   0.34      6      6      1   
  0.41   0.19   0.85   0.35      5      5      1   
  0.50   0.24   0.60   0.27      1      1      1   
  0.93   0.58   0.03   0.50      8      8      1   
  0.83   0.13   0.94   0.43      3      3      1   
  0.49   0.80   0.58   0.72      1      1      1   
  0.12   0.36   0.97   0.23      8      8      1   
  0.23   0.33   0.04   0.13      3      3      1   
  0.40   0.66   0.49   0.24      4      4      1   
  0.86   0.08   0.99   0.70      6      6      1   
  0.09   0.78   0.99   0.44      9      9      1   
  0.81   0.44   0.03   1.00      8      8      1   
  0.30   0.67   0.61   0.72      3      3      1   
  0.12   0.56   0.22   0.28      3      3      1   
  0.34   0.62   0.88   0.70      5      5      1   
  0.47   0.97   0.84   0.44      6      6      1   
  0.52   0.34   0.24   0.66      4      4      1   
  0.04   0.37   0.61   0.36      5      5      1   
  0.02   0.23   0.73   0.21      6      6      1   
  0.25   0.80   0.25   0.10      6      6      1   
  0.01   0.87   0.67   0.58      7      7      1   
  0.37   0.59   0.56   0.14      5      5      1   
  0.17   0.28   0.26   0.35      1      1      1   
  0.08   0.34   0.10   0.14      2      2      1   
  0.18   0.37   0.11   0.18      2      2      1   
  0.74   0.23   0.05   0.57      7      7      1   
  0.91   0.21   0.36   0.66      7      6      1   
  0.89   0.52   0.06   0.89      8      8      1   
  0.06   0.59   0.45   0.28      5      5      1   
  0.28   0.72   0.05   0.76      2      2      1   
  0.60   0.62   0.71   0.86      3      3      1   
  0.18   0.42   0.39   0.77      4      4      1   
  0.91   0.71   0.37   0.28      6      6      1   
  0.86   0.69   0.50   0.43      4      4      1   
  0.56   0.22   0.50   0.17      1      1      1   
  0.28   0.65   0.46   0.66      2      2      1   
  0.90   0.05   0.58   0.66      7      6      1   
  0.62   0.38   0.45   0.10      3      3      1   
  0.22   0.33   0.21   0.23      1      1      1   
  0.24   0.55   0.48   0.22      4      4      1   
  0.31   0.60   0.66   0.68      4      4      1   
  0.12   0.04   0.65   0.36      6      6      1   
  0.72   0.66   0.75   0.53      2      2      1   
  0.11   0.23   0.26   0.56      4      4      1   
  0.79   0.67   0.51   0.33      4      4      1   
  0.29   0.41   0.00   0.81      5      5      1   
  0.87   0.64   0.45   0.74      4      4      1   
  0.19   0.34   0.29   0.18      2      2      1   
  0.17   0.39   0.80   0.20      6      6      1   
  0.65   0.16   0.63   0.72      5      5      1   
  0.02   0.02   0.32   0.31      4      4      1   
  0.16   0.45   0.23   0.87      4      4      1   
  0.82   0.41   0.72   0.10      3      3      1   
  0.30   0.97   0.11   0.08      8      8      1   
  0.30   0.82   0.05   0.96      3      3      1   
  0.29   0.62   0.56   0.57      3      3      1   
  0.23   0.24   0.68   0.49      5      5      1   
  0.45   0.74   0.65   0.39      4      4      1   
  0.19   0.76   0.05   0.05      6      6      1   
  0.49   0.91   0.39   0.33      5      5      1   
  0.10   0.46   0.39   0.56      3      3      1   
  0.59   0.21   0.84   0.15      3      3      1   
  0.81   0.09   0.16   0.38      7      7      1   
  0.12   0.82   0.68   0.14      8      8      1   
  0.06   0.69   0.88   0.70      7      7      1   
  0.29   0.45   0.13   0.65      3      3      1   
  0.99   0.03   0.31   0.95     10     10      1   
  0.45   0.69   0.27   0.21      5      5      1   
  0.78   0.56   0.56   0.57      2      2      1   
  0.56   0.71   0.52   0.60      1      1      1   
  0.30   0.71   0.13   0.19      5      5      1   
  0.18   0.65   0.27   0.00      6      6      1   
  0.36   0.80   0.73   0.60      4      4      1   
  0.66   0.61   0.32   0.67      3      3      1   
  0.02   0.07   0.55   0.28      5      5      1   
  0.32   0.08   0.27   0.10      1      1      1   
  0.19   0.94   0.06   0.89      2      2      1   
  0.23   0.41   0.20   0.43      1      1      1   
  0.39   0.56   0.82   0.01      6      6      1   
  0.37   0.85   0.84   0.33      6      6      1   
  0.22   0.51   0.76   0.81      6      6      1   
  0.01   0.67   0.49   0.17      6      6      1   
  0.04   0.24   0.32   0.26      3      3      1   
  0.34   0.62   0.38   0.71      1      1      1   
  0.56   0.30   0.25   0.59      4      4      1   
  0.92   0.58   0.02   0.34      8      8      1   
  0.96   0.20   0.31   0.60      7      7      1   
  0.59   0.97   0.83   0.37      6      6      1   
  0.38   0.45   0.84   0.33      5      5      1   
  0.05   0.86   0.98   0.68      8      8      1   
  0.50   0.11   0.33   0.88      8      7      1   
  0.03   0.71   0.33   0.88      3      3      1   
  0.03   0.84   0.37   0.85      3      3      1   
  0.44   0.41   0.87   0.64      5      5      1   
  0.11   0.18   0.32   0.86      6      6      1   
  0.74   0.59   0.90   0.05      5      5      1   
  0.31   0.05   0.09   0.13      2      2      1   
  0.47   0.65   0.29   0.62      2      2      1   
  0.34   0.17   0.05   0.25      3      3      1   
  0.49   0.94   0.75   0.53      5      5      1   
  0.47   0.37   0.77   0.92      6      6      1   
  0.40   0.66   0.20   0.20      5      5      1   
  0.17   0.75   0.96   0.20      9      9      1   
  0.05   0.36   0.27   0.09      3      3      1   
  0.82   0.74   0.80   0.46      3      3      1   
  0.37   0.85   0.23   0.31      5      5      1   
  0.60   0.65   0.99   0.07      7      7      1   
  0.62   0.38   0.37   0.21      3      3      1   
  0.04   0.63   0.41   0.42      4      4      1   
  0.71   0.09   0.19   0.34      5      5      1   
  0.26   0.85   0.37   0.18      6      6      1   
  0.83   0.36   0.86   0.14      2      2      1   
  0.20   0.08   0.03   0.69      6      6      1   
  0.67   0.54   0.35   0.30      4      4      1   
  0.20   0.08   0.85   0.88     10      9      1   
  0.08   0.47   0.02   0.23      2      2      1   
  0.92   0.90   0.37   0.38      8      7      1   
  0.63   1.00   0.97   0.48      6      6      1   
  0.98   0.32   0.75   0.25      3      3      1   
  0.71   0.91   0.42   0.81      3      3      1   
  0.44   0.72   0.55   0.51      3      3      1   
  0.98   0.17   0.70   0.12      3      3      1   
  0.69   0.35   0.94   0.01      4      4      1   
  0.33   0.73   0.59   0.34      4      4      1   
  0.44   0.87   0.16   0.12      7      7      1   
  0.03   0.12   0.02   0.94      7      7      1   
  0.50   0.43   0.72   0.27      3      3      1   
  0.18   0.06   0.77   0.78      8      8      1   
  0.67   0.07   0.75   0.90      8      8      1   
  0.90   0.03   0.17   0.16      7      7      1   
  0.52   0.54   0.39   0.50      2      2      1   
  0.36   0.50   0.11   0.08      4      4      1   
  0.10   0.23   0.31   0.39      3      3      1   
  0.32   0.03   0.28   0.65      6      6      1   
  0.03   0.55   0.48   0.89      5      5      1   
  0.62   0.45   0.03   0.50      5      5      1   
  0.55   0.77   0.16   0.45      4      4      1   
  0.08   0.93   0.08   0.09      8      8      1   
  0.27   0.08   0.31   0.95      8      8      1   
  0.21   0.51   0.37   0.28      3      3      1   
  0.78   0.84   0.46   0.15      7      7      1   
  0.82   0.34   0.45   0.87      7      6      1   
  0.01   0.87   0.40   0.03      8      8      1   
  0.84   0.33   0.30   0.67      6      6      1   
  0.08   0.34   0.23   0.14      3      3      1   
  0.17   0.13   0.97   0.23      7      7      1   
  0.51   0.20   0.24   0.28      3      3      1   
  0.26   0.35   0.98   0.68      7      7      1   
  0.44   0.67   0.63   0.75      2      2      1   
  0.43   0.09   0.01   0.19      4      4      1   
  0.58   0.04   0.49   0.16      2      2      1   
  0.23   0.70   0.56   0.55      4      4      1   
  0.38   0.67   0.65   0.31      4      4      1   
  0.68   0.16   0.62   0.91      7      7      1   
  0.35   0.20   0.95   0.98      9      9      1   
  0.09   0.58   0.71   0.88      6      6      1   
  0.68   0.73   0.24   0.16      7      7      1   
  0.92   0.83   0.36   0.39      7      7      1   
  0.79   0.24   0.14   0.34      6      6      1   
  0.94   0.24   0.76   0.68      4      4      1   
  0.04   0.63   0.29   0.45      3      3      1   
  0.17   0.53   0.66   0.74      5      5      1   
  0.32   0.31   0.58   0.04      4      4      1   
  0.30   0.16   0.12   0.52      4      4      1   
  0.35   0.04   0.25   0.89      8      8      1   
  0.72   0.10   0.94   0.91      8      8      1   
  0.88   0.70   0.25   0.23      7      7      1   
  0.80   0.40   0.72   0.26      2      2      1   
  0.14   0.24   0.24   0.18      1      1      1   
  0.37   0.28   0.73   0.71      5      5      1   
  0.12   0.56   0.54   0.36      4      4      1   
  0.01   0.65   0.31   0.03      6      6      1   
  0.48   0.52   0.12   0.52      3      3      1   
  0.38   0.45   0.79   0.94      6      6      1   
  0.20   0.44   0.23   0.33      1      1      1   
  0.95   0.04   0.23   0.87     10     10      1   
  0.95   0.22   0.25   0.87      9      9      1   
  0.12   0.25   0.89   0.81      8      8      1   
  0.55   0.77   0.49   0.17      5      5      1   
  0.25   0.26   0.23   0.23      1      1      1   
  0.98   0.74   0.23   0.79      7      7      1   
  0.52   0.39   0.36   0.96      5      5      1   
  0.76   0.99   0.66   0.29      6      6      1   
  0.72   0.14   0.44   0.78      6      6      1   
  0.24   0.18   0.77   0.24      5      5      1   
  0.09   0.28   0.24   0.21      2      2      1   
  0.20   0.32   0.29   0.27      1      1      1   
  0.04   0.13   0.17   0.16      2      2      1   
  0.09   0.45   0.90   0.63      8      8      1   
  0.18   0.58   0.20   0.57      1      1      1   
  0.07   0.44   0.22   0.34      2      2      1   
  0.67   0.54   0.60   0.80      3      3      1   
  0.25   0.26   0.73   0.96      8      8      1   
  0.31   0.16   0.01   0.54      4      4      1   
  0.31   0.05   0.18   0.02      1      1      1   
  0.82   0.34   0.03   0.75      8      8      1   
  0.33   0.43   0.18   0.65      3      3      1   
  0.04   0.37   0.52   0.83      6      6      1   
  0.65   0.15   0.46   0.97      8      8      1   
  0.23   0.06   0.41   0.42      4      4      1   
  0.13   0.14   0.53   0.21      4      4      1   
  0.54   0.35   0.06   0.12      5      5      1   
  0.25   0.20   0.72   0.39      5      5      1   
  0.19   0.59   0.04   0.13      4      4      1   
  0.32   0.31   0.21   0.17      2      2      1   
  0.17   0.16   0.70   0.26      5      5      1   
  0.43   0.85   0.23   0.31      5      5      1   
  0.53   0.21   0.17   0.90      7      7      1   
  0.83   0.37   0.73   0.21      2      2      1   
  0.73   0.52   0.37   0.38      4      4      1   
  0.53   0.28   0.23   0.23      3      3      1   
  0.31   0.05   0.50   0.01      2      2      1   
  0.94   0.02   0.29   0.18      6      6      1   
  0.56   0.55   0.86   0.14      5      5      1   
  0.99   0.58   0.25   0.95      8      8      1   
  0.34   0.37   0.82   0.01      6      6      1   
  0.70   0.86   0.41   0.88      3      3      1   
  0.23   0.17   0.20   0.20      1      1      1   
  0.69   0.41   0.05   0.76      7      7      1   
  0.08   0.93   0.76   0.17      9      9      1   
  0.68   0.49   0.92   0.17      4      4      1   
  0.86   0.69   0.56   0.30      4      4      1   
  0.01   0.87   0.84   0.15     10     10      1   
  0.06   0.74   0.82   0.34      8      8      1   
  0.73   0.12   0.27   0.08      5      5      1   
  0.51   0.28   0.65   0.27      2      2      1   
  0.16   0.45   0.08   0.93      5      5      1   
  0.04   0.24   0.20   0.20      2      2      1   
  0.27   0.21   0.35   0.91      6      6      1   
