  71    121     87   
 167    131     22     17     70    160    194    111     88     26    169    184    124    173    171    136      7    114     94     30     61    176    189    199    100   
  16    116    138    189    176     61     32     64    180     10      0    145   
 188     14     43   
  58     31     85     29     63    129     78     90      2     32    109    113    189    199   
  83    185     27    104    160   
  40    138    189    176     61     32    155     23     78     58    105    198    107    180     10      0    145     98    134   
  86     35    183   
 177     74    111    136    184    114      6    148    180   
   2     32    148    196     53    153      9   
 108     17      4     38     59     56     70    160     74    111    136    184    114      6     52   
  60    138    189    176     61     30     68     71    168    165     24      9     48    153    127     44      1     45    170     80     53    186     62    110    106     57    152    191     19    133     67     15    123     35    183     28    132     99     86    135    196    143     84     11     87    121     94     92    148      6    114      7    173    137     74    160    108     56    190   
 126     40    138    189    176     61     30     68     71    168    165     24      9     48    153    127     44      1     45    170     80     19    133     67    191    186     57    110    106     62    152    132     53    183     28    123     15     86     35     51    196    135     84    143     87     11    121     94     92    148      6    114      7    173    137    177    104     27    185     97   
  61    176    189    138   
 191      6   
 177     74    111    136    133    170    132    123   
 128     10    107     73   
  80     67      7    173   
  47     98    102    146     81     54     32    109    113    189    199    172     91   
 191     94     30     61    109   
 135    196     10      0    145   
  86     87     64    198   
 173      7    114      6    148    180   
  50    131     22   
   4     56     27   
  31    155     64     87    123    165     24      9     48    153    127    168      1     44    152    110    106     62    186     71    170     80     53     57     28    183    135    191     19     45     67     68    132     35     51    196     86     94    121    143     92     11     84     15    114    133    136      7    184     88    171     74    160    108     56     59   
 187     75      4     17     70     56     59    142     38     50     33    190     96     22    131     97    185    157     83    141    122     65      8     66    120     27    108    160     74    111    136    133    170    127    186   
  96    108     21    188   
  48    183    135     87     64    162   
 132     87     64    198    105     78   
  15     87     64   
  14    164   
  94     30     32    155   
 175    190     17     70     56      4     38     59     22     75    187    142     97     96    108     42     74    111    136    184    114      6     73   
 148      6    114     45     88    171     74     21   
 169    136    133      1    168    165     24      9     48    110    153    186     44     19     71    127    152     62    106     57     53     80    170     45     67    191     35    183     28    123    132     68    135    196    143     86     94    121     11     87     84     15    114      7    173    137    177    104     27    185    131   
 187     75     22     17     70    160    194    111     88     26    169    184    124    173    171    136      7    114     94     30     61    176    189    199    100   
  25      5    111    136    184    114     99     30   
 172    199    189    176     61     30     52   
  84     94     67      7    173    171   
 189    176     61     30     68    170      1   
 124     26   
  78     23    107     52     99    114      7    173     39     43   
  87    123   
 193    185     17     70    160    194    137   
  67     68     11   
  64     87     15     67      7    173    111   
 194    150     34   
  92    191     71   
 146     10    180   
   3    163    164     77   
 137     39    101   
  56      4     38     75     59     22     17     70     96    190    142    187     33     97    120    157    131    141     50    122     83    185     27    108    160     74    111    136    133    170    127    152   
  96     17      4     38     59     56     70    160     74    111    136    133    170    132     11   
   4     17     70    160     74    111    136    184    114      6     73     32      2     31   
  69    139    144    151    125   
  67     80    186   
 191    123   
 189    176     61     32     64    180     10      0    102   
  51     35    191     19     45     88    111    101   
 146     81     87     99    114    184    124     26    169    136    173      3    101     95     43     39    111     88      7     67     45      1    133    170     19    168     71     15     94     30     61    176    189    199    172     82    144    139     69     12   
  92     73     32      2     85   
  92     30     32   
  56     17     70    160     74    111    136    133      1   
  86     99     30   
 106      9     24    127    168      1     44    165    153     48    110    152     80     71     19    170    191    186     57     62     53    183     28    123    132     68     67     45    133    114      7    173    137     74    160    108     56    190   
 198    155     32    109    113    189    199   
 129    105    198     54    196     53    153   
 143     68     99   
 161     14     39    173    136   
 185     17     70     56      4     38     59     22     75    187    142    190     96    108     42     74    111    136    133    170    132    121   
 169    173   
 184     88    171    163    164     77   
  88     26    169    184    124    173    111    136      7    114     94     30     61    176    189    199    100   
 198    155     32    109    113   
 127    132     87     64    155     31     29   
  72     52      6   
   6    114    184    124     26    169    136    173      3    101     95     43     39    111     88      7     67     45      1    133    170     19    168     71     15     94     30     61    176    189    199    172     82    144    139   
   8    185     17     70    160    194    111     88    169     26    173    124    184    114     68     30     61    176    189    199     40   
 186     71     67      7    136   
  91     60    138    189    176     61     30     84     53    165   
 172    199    189    113    176    109     32     30     94     67     45     88    171    194    177   
   6    196     51    128   
  39    173    169    184    114     68     30     61    176   
  31      2     32    109    113    189    199    100     82    144    139    174    117   
  66    190     17     70     56      4     38     75     59     22     96     27    108    160     74    111    136    184    114      6    148    162     23     90     58   
  44     19     45     88    171    163    164     77   
   1    191     92     73    162    155   
  30     94     67      7    173    111   
  13      0     51     35    191     19     45     88    171    163     95   
  32    109    113    189    199    172    125   
  14    194     74   
  84     94    114      7    173      3   
 130     74    111    136    133    170    132     28     51   
  10    196    132    170     45     88    171      5    150   
 109    113    189    176     61     30     94     67      7    173     39     14    164   
  26    169    184    114     68     30     61    176    113   
  72     52     99    114    184    124     26    169    173      3    101     95    195     76    163     39    111     43     14     25    161    164    130      5    192    171    136     88     45      7     67    133      1     19    191     94     30     15     71    170     68      6    148     32    109    113    189    199    172     82    144    139     69    115   
 144     16     40    138    189    176     61     30     84    121   
  61     30     87    196   
 121     71     19     45     88    171     74     42    119   
  19    170   
  81     87     68     67      7    173     39     14     25   
  92     30     61    176    189   
  70    119    160     74    111    136    184   
  86     87     64    155     90   
  50     75      4     17     70     56     59    142    187     38     33    190     22     96     27    185     97    131    157    120    112    108    160     74    111    136    133    170    132    123   
  94     67      7    173    171   
 162     52     99    114      7    173    192    194   
  86     71    165     24      9     48    153    127    168      1     44    152    110    106     62    186    191     80     53     57     28    183    135    123    132    170     19     45     67     68    143     35     51    196     11    121     84     94     15     92     87      6    114    133    136      7    184     88    171     74    160    108     56     59   
 164     34    104     27    185     83     50   
  88    171    163     76    195   
   0     51     35    153     24   
  10     51     35    165     24      9     48    110    153    186    168      1     44    127    152     62    106     57     53     71     19     80    135    183     28    123    191    170     45     67     68    132    143    196     86     94    121     11     87     84     15    114    133    136      7    184     88    171     74    160    108     96     97    131   
 145      0     10    196     92   
   1     45     88     26    169    124    173      3    101     95     43     39    111    136    184    114      7    133     19     67     94     30     61    176    189    199    172     82    144    139   
  19     45    136    171    194   
  72     52     99     94   
  43    111    136    184    114      6     73   
 146     81     87     99    114    184    124     26   
  72     52     32    109    113   
 135    127      1     19    133     45     88    171     74    160     70   
 129     85      2     32     30     94     67      7    173    192    194   
 150     74    111    136    184    114      6    148     64   
  58     78   
 134     98    102    146     81     87     15   
 187     65    122   
   9    183    135     87   
 184      7     67    168    165     24      9     48    110    153    127     44      1     45    170     71    186     62    106     57    152     80     19    133    136    171     74     42    108     96    157    175   
 107     52     99    114      7    173    192      5   
 102    146     51     35     80     19     45     88    171     74     42    104   
  53     71     19     45     88    171    163    164   
  44     19     45     88    111   
 161     14    177     74    111    136    133    170    132    123   
  90     23     72     10   
 167     66    120   
 136    133    114      6    148    180     23    105     78     58     90    155    198     72     10      0    145     98   
  73      6    114      7    173    137   
  35    152   
  94     67    170   
 127     35    196     81   
 114     67     71   
  45     19     44      1    133      7     67    170    168    165     71     15     80    127     24      9    153    186    191     94    114    184    136    171     74    160     70   
 175    190     17     70     56     59      4     22     27     96     97     75     38    142    157    185    120    112    108    160     74    111    136    133    114     68   
  10    196    132    170     45     88    171     74     42   
  84     71     19     45     88    171     74     42    119   
 116     16    144    139     69    166   
  49    100    199    189    176     61     30     92    143   
  19     45     88     26    169    184    124    173    111      3    101     95     43     39    171    136      7     67    114     94     30     61    176    189    199    172     16   
 194    111   
 169    173   
 102    146     51     35    165     24      9     48    153    127    168      1     44    152    110    106     62    186     71    170     19     45     67     80     53     57     28    183    135    191     94     86    123    143    132     68    114    133    136      7    184     88    171     74    160    108     96    157   
 132     99     30     61    176    189    199    116   
  56     59    141   
 101    111    136    133    114      6    196     10   
   0     10    196      6    114    184    124     26    169    136    173      3    101     95     43     39    111     88      7     67     45      1    133    170     19    168     71     15     94     30     61    176    189    199    172     82    144    139    174   
 176     61     30     68     71    165     24      9     48    153    127    168      1     44    152    110    106     62    186    191     80     53     57     28    183    135    123    132    170     19     45     67     15     86     35     51    196    143     84     11     87    121     94     92    148      6    114    133    136      7    184     88    171     74    160    108     56     59   
 182    156   
 198    155     32    109    113    189   
 177    192   
  26     88    184    114      6     73   
 152     11     87    148   
 132    152    110   
  54    196     53    168      1     44    165     24      9     48    153    127    170     19     45     67     71    186     80    191     15    123    152    110    106     62     35     57     28    183    135    132     68     94     86    143     84     99    121     11     87      6    114    133    136      7    184     88    171     74    160    108     96    185   
 105    198     54     87    132    191   
 150     74    111    136    133    170    132    196     51      0   
  14    194    111    136    184    114      6    148     64   
  24    127      1     45     88    171     43   
  94     30     52   
   2     32    109    113    189    176     61     30     94    114      7    173      3   
  27    104    130     43      3    173     26    169    124     88    111    101     95    163     39    171    136    184    114      7     45      1    133     67     94     30     61    176    189    199    172     82    144    139     69   
  60    138    189    176     61     30     94     67    133   
 129    105    198     23     78     58     90    155    162    180     10      0    145     98   
  14    188   
 144     16    116    138    189    176     61     30     54     81     10   
 138    189    176     61     32     64    198    105     78     58     90     23    180     81    146    102     98     47   
 144     16    100   
 123     87     30     32   
  65    157     96    108     21     34   
 193     33      4     17     70     56     59    142     75     22     96    190    131     38    187     50    122    141     83    185     27    108    160     74    111    136    184    114      6    148     54   
 113    189   
 144     16     40    138    189    176     61     30     92     11   
  11    191     19     45     88    171      5   
  47     98    102    146     81     87     68     67      7    173     39     14     25   
 109    113    189    176     61     30     94     67     45     88    171      5     34    118   
  68     30     32      2     85     29   
  82     16     40    138    189    113    176    109     32     30     94    114      7     88   
 135    191     19   
   6    135    183   
  26    169    184    114      6     73     32      2   
  81     87     15   
 115    182    117    174    139    144     16     40    138    189    176     61     30     84     53    153      9   
 129     85      2     32    109    113    189    199    100     82    144    139    174    117   
 165     71     19     45     88    171      5   
 185     27    108   
   7    114      6     73     32      2     85     29   
 164     34    104     27    120    193   
 195    188    104     27    185      8   
 113    176    109     32     30     94     67      7    173     39     14   
 106    183    186   
  31      2     32     30     94     67      7    173     39    163   
 181    117    174    139    144     16    116    138    189    176     61     32      2     31   
  11     87     64    198     23   
 123     71     19     45     88    171    194    177   
 146     81     87     99     94   
 168     19     45     88    171      5     34    118   
 115     69    139    144    151    125   
 191    165   
 170    127    153    110   
  63     31    155     64     87    135    165      9     48     24    127    153    110    106     62    186     57     28    183    152     44    168      1     80     53     35     51    128      0    146     81    196    123     71     19    191    143    132    170     45     67     68     11     92     86     94    121     52     84     15      6    148    162     73     30     99    114    133    136      7    184     88    171     74    160    108     56     59     38    187   
 192    173      7    114      6    148    162   
  98    102    146     81     87     30   
 195     14    194     74    160     70     17      4     38    187     75     59     22     56    108     96    190    142     50     33     97    120    157    131    141    122     83    185     27    119     42    177    137    173      7    114      6    196     81   
 142    157     96     27   
  89    130    154    111    136    184    114      6     73     32      2     85     29   
 113    109     61     30     68   
 143    186     24      9     48    110    165     44    168      1    127    153    106     62    152     57     28    183     53     80     71     19    170    191    123     35     51    128      0    146     81    196    132     68     67     45    133    114      7    173    137    177    104     27    120    175    167   
   2     32     30     68     67     19   
  44    168      1    133     19     71    170     45     67    191    127     24    165     80     15    132    186    153      9     48    110    152     53     84    123     35     62    106     57    183    135     68    114      7    173    137    177    104     27     96   
 181    117    174    139    144     16     40    138    189    176     61     30     92     35     57   
 107     10     51     35    183   
 193    120    112    119     21     77    161   
 134     98    102    146     51     35    165     24      9     48    153    127    168      1     44    152    110    106     62    186     71    170     80     53     57     28    183    135    191     19     45     67     68    123    143    132     15     86     11    196    121     84     94     92     87      6    114    133    136      7    184     88    171     74    160    108     56     59   
 164    130     74    111    136    133    170    132    196     51      0   
 146     81     87   
   0     10    196      6     94   
   3    101     95     43     39    173     26    169    124     88    111      5    163     76     14    194    192    171    136    184    114      7     45      1    133     67     94     30     61    176    189    199    172     82    144    139     69    178   
 120     56      4     38    187     50     75     59    142    141     33    190     17     70    160     74    111    136    184    114      6    148    180     23     78     58    105    198    107     72     10      0    145     98     47   
  67    168    165     24      9     48    110    153    186    127     44      1     80    152     62    106     57     53    183     28     35    191     71     19    170    132    123    135    196    143     86     68     11     87    121     84     94     92    148      6     15    114    133     45     88      7    184    136    171     74    160    108     56     59     33   
 120     56     17     70    160     74    111    136    184    114      6    148    162     23     90     58   
 148    196     53    153   
  53     71     19     45     88    171    163     14   
  19    168    165     24      9     48    110    153    127     44      1     45    170     71    186     62    106     57    152     80     67    191     53    183     28    123    132     68    135     35     51    128    146     81    196     86     94    121    143     87     11     84     15    114    133    136      7    184     88    171     74     42    108     96    157      8   
  13      0     51     35    191     67   
  62     53     71     67      7     88   
  14    194    171    136     45   
  31     90     78    105    198     23    155    162    180     10      0    145     98    103   
  26     88     45     19   
  70    104   
  95      5     74    160     70     17      4     56    108     96     22     59     75    190    185     27    119     42    177    154    137    171    136    133      1   
  74    160     70   
  14     34    104    119    112   
  43      3   
 133      1    168    165     24      9     48    153    127     44     19     71    186     80    170     45     67    191    152    110    106     62     53     57     28    183    135    123    132     68     86     35     51    196    143     84     11     87    121     94     15     92    148      6    114      7    173    137     74    160    108     56    190   
 186     53   
  39      5   
  44    132     68   
  94     67     19      1    168    170     45     88    171     74    160     70   
  68     30     61    109   
  30     54    180     10      0     13   
  30     68     80    165     24      9     48    110    153    186    168      1     44    127    152     62    106     57     53    183     28    123     71     19    170    191    143     35     51    128    146     81    196    132     15     67     45    133    114      7    173    137    177    104     27    185     83   
  25    195   
 134    103     98    102    146     10    107    155     31   
  76    188    130   
  73     32    109    113    189    199    172     49   
  86     71   
 102    146     81     87     68     67      7    173     39     14     76   
 136    171    163    164    161   
  63     31      2     32     30     94     67     45     88    171     74    160   
 193    190     17     70     56      4     38     59     22     75    187    142     97     96    108     42     74    111    136    133    114      6     92   
  23     72     52    121     11   
 145    102    146     81     54     52   
  61     30     84    132   
  53    196     54     64   
 119     70     17      4     38     75     59     22     56    108     96    190    142    187     33     97    120    157    131    141     50    122     83    185     27    104    160     74    111    136    133      1    127    165   
  96     17      4     38     75     59     22     56     70    160     74    111    136    184    114      6    148    180   
 181    117    174    139    144     16     40    138    189    176     61     30     87   
   1     45     88     26    169    173      3    101     95    195     76    163     39    111     43     14     25    161    164    130      5    192    171    136    124    184    114      7    133     19    168     67     94     30     99     15     71    170     68      6    191     44    165     80     84     52    121     86    132    127     24    186    123     92     73     32    109    113    189    199    172     82    144    139     69    115    181   
  81     51     35    165     24      9     48    110    153    186    168      1    127    152     44     19     80     53     62    106     57    183    135    191     71    170     45     67     68    123     28    132     15     86    143    196     11    121     84     94     92     87      6    114    133    136      7    184     88    171     74     42    108     96    157    175    167   
  11     99     30     61   
  25    150    104     27    120     66   
 153    127    191   
 152     11   
 113    189    199    172    125   
  59     56     70    160    194    111     88    169     26    173    124    184    114     68     30     61    176    189    199   
 195     14    194    111    136    133    114      6    148     72   
  69    174    139    144     16     40    138    189    176     61     30     87   
 124    173    137    177    104   
  34    160     70     17      4     38     59     56    108     96     22     75    187    142    190    185     27    119     42     74    111    136    133    170    132    123   
 182     12    174    139    144     16    116    199   
 192     74    160     70     17      4     38     59     56    108     96     22     75    187    142    190    185     27    119     42    177    154    137    171    136    133    170     80   
  50     75      4     17     70     56     59    142    187     38     33    190     22     96     27    185     97    131    157    120    112    108    160     74    111    136    133      1    127   
  67      7    173    192   
  59     38    187     50     75      4     17     70     56    190    142    141     33     97     22     96    157    131     65     83    185     27    108    160     74    111    136    133    170    132    196     10    146   
 165     35     51      0    145     98    134   
 113    176    109     32     30     94     67     45    136    171      5     34    188   
 168     67     94   
  52    196    135   
  66    185     17     70    160     74    111     88    169     26    173    124    184    114     68     30     61    176    189    138   
 187    131     22     27    104     34   
  80    143    196     10      0     13   
  40    138    189    176     61     32     64    180     10      0    145   
  89    130    154    137   
  90      2     32    109    113    189    199    172     82    144    139    174   
  35    165     24      9     48    110    153    127    168      1     44    152     62    106     57    186     71    170     80     53    183     28    123    191     19     45     67     68    132    135    196     86     94    121    143     87     11     84     15    114    133    136      7    184     88    171     74     42    108     96    157      8   
  15     67      7    173     39    101   
  92    148    180     23     78     58    105    198    107     72     10      0    145     98     47   
  22      4     38     75     59     56     17     70     96    190    142    187     33     97    120    157    131    141     50    122     83    185     27    108    160     74    111    136    133    170    127    186   
   4     17     70     56     59    142     75     22     96     27    108    160     74    111    136    133    114      6   
 153    127    170     45     88     26    169    124    173      3    101     95    195     76    163     39    111     43     14     25    161    164    130      5    192    171    136    184    114      7    133      1     19     67     94     30     99     15    191     71    168    165     44     80     68      6    148     32    109    113    189    199    172     82    144    139     69    156   
 190     17     70    160     74    111    136    184    114     99     52     32      2     85   
  22    131     65   
 140    117    182    181    115    166    174     12    156    178     69    139    144    151     40    138    189    113    176    109     61     30     94     67     45     88    171     74     42   
 126     40    138    189    176     61     32   
  84     94    114    184    124     26    169    136    173      3    101     95     43     39    111     88      7     67     45      1    133    170     19    168     71     15     30     61    176    189    199    172     82    144    139   
 168    132     87     64    155      2   
 184    114      6    135    183     57   
 155     64     87    135    183     57   
  97     96     70     21     77     95   
  15     87     64    198     23   
  87     81     51   
 112    108     17      4     38     59     56     70    160     74    111    136    133      1     44   
  54    198    105     78   
   9    110   
  33    157     96     70     21     77     95   
 164    130     74    111    136    133    170    127    186   
 155     32    109    176   
  97     33     50   
  86     87     54   
 178    156   
 165     53   
   8     75      4     17     70     56     59     38    187    142    190     33     50    122    141    131     22     96     27    185     97     83    157    120    112    108    160     74    111    136    184    114      6    148    162     23   
  32     52    121     71    165     24      9     48    153    127    168      1     44    152    110    106     62    186    191     80     53     57     28    183    135    123    132    170     19     45     67     68     86     35     51    196    143     84     11     87     15    114    133    136      7    184     88    171     74    160    108     56     59   
  80     11     87     64    155     90    129   
  84     94    114      7    136   
  76    163    137   
 153    127      1     45    136    171    154   
  13      0     51     35    165     24      9     48    110    153    127    168      1     44    152     62    106     57    186     71    170     80     53    183     28    123    191     19     45     67     68    132    135    196     86     94    121    143     87     11     84     15    114    133    136      7    184     88    171     74     42    108     96    157      8   
 107     52     99    114      7    173   
 150     14   
  52     99    114      7    173    192      5   
  59      4   
  38      4     17     70     56     59    142     75     22     96    190     33    187     50    131    185     27    108    160     74    111    136    184    114      6     73   
 104     27    185     83     41   
 150      5    101   
  91     60    138    189    176     61     30     54     81    146    128   
  23    107     52     84     71    170   
  45    114      6    148     72   
 198     54     30     94    114    184    124     26    169    136    173      3    101     95     43     39    111     88      7     67     45      1    133    170     19    168     71     15     99     52     32    109    113    189    199    172     82    144    139     69     12   
  92     94     67      7    173     39     14    164   
   8     59      4     17     70     56    190     75     38    142     97     22     96     27    108    160     74    111    136    133    170    132    121   
  60    138    189    176     61     30     54     81    146      0   
  24     48    106   
  78     23    107     52     99    114      7    173     39    163   
 153    165   
 150    104     27    185     83     50   
  88     45    170    127    186   
 139    144    126   
  30     94    114      7     88   
   7     67     44    127   
 155     64     54   
 162    155     32    109    113    189    199    172   
  48    183     28    196     54    180   
  91     60    138    189    176     61     32     64    107   
  23    107     52     99    114    184   
  23     72     81     51     35     57     48   
  35     57   
  95    101      3    173    169    184    114     68     30     61    176    189    138   
 173    124   
 112    119     21    150   
  10    196    132    170     45     88    171    163     76   
 129     85      2     32     30     94     67      7    173    137   
 132    168      1    133     19     44    165     71    170     45     88    171     74     42    119    112   
  11     35   
 170     45     88    169     26    173    124    184    114     68     30     61    176    189    138   
 125     40    138    189    113    176    109     61     30     94     67     45   
  43    154     74    160    108     56     59     38   
  24    183     28     51      0    145     98    103   
  76    163    154     74    160     70     17      4     38     75     59     22     56    108     96    190    142    187     33     97    120    157    131    141     50    122     83    185     27    119     42    177    137    173      7     67     44    165   
 151     40    138    189    176     61     32    155     23    105   
  58     90    155     64     87    132     80   
  64     87      6   
  70     17      4     56    108    104    160     74    111    136    133    170   
  64    180     10      0   
  15     67     45     88    171    194    177   
  48    183     28    196     54    198     23   
  90      2     32     30     94     67      7    173     39     14     25   
  53    165   
 120      8   
   3    173      7    114      6    148    180     23     78     58    105    198    107     72     10      0    145     98    134   
 171      5     34    188   
  33    157     96    108     21     77     25   
 137    163     76   
  32    109   
  39    101     95    195     76    163      3    173     26    169    124     88    111     43     14     25    161    164    130      5    192    171    136    184    114      7     45      1    133     67     19    168    170     68     94     30     99     15    191     71     44    165     80     84      6     52     32    109    113    189    199    172     82    144    139     69    156   
  91     60     40   
 164    130     74    111    136    133      1     44   
 131     41     46   
  75     22     27    104    177   
  86     71    168    165     24      9     48    153    127     44      1     45    170     80     53    186     62    110    106     57    152    191     19    133     67     68    123     35    183     28    132     15     11    135    196    143     84    121     87     92     94      6    148     30     99    114      7    173    137     74    160    108     56    190   
 115     12    174    139    144     16    116    138    189    176    109     32      2     85     29   
  42    130    163   
  30     68     80    165     24      9     48    110    153    186    168      1    127    152     44     19     71     53     62    106     57     35    183     28    123    191    170     45     67     15    132    135    196    143     86     94    121     11     87     84     99     92    148      6    114    133    136      7    184     88    171     74     42    108     96    157    175    167   
  52    121    186   
 175    190     17     70    160     74    111    136    184    114     99     30   
 130    104    108   
  10    196    132    170     45    136    171    154   
 168     19     45     88    171     74   
  90    155     64     87    123    168      1     44    165     24      9     48    153    127    170     19     45     67     71    186     80    191     15    132    152    110    106     62     53     86    135    183     57     28     35    121     68    114    133    136      7    184     88    171     74    160    108     96    185   
 126     40    138    189    176     61     30     84     53    165   
 152     11     99     30   
   3    137     74    160     70     17      4     56    108     96     22     59     75    190    185     27    119     42    177    154    171    136    133      1   
  56     27    119   
 175     33     75   
  14    177     74    111    136    133    170    132    196     10    146   
  89     21    108     96    157   
  41     33      4     17     70     56     59    142     75     22     96    190    131     38    187     50    122     83    185     27    108    160     74    111    136    133    170    132    121   
 102    146     81     87     99    114    184    124     26    169    173      3    101     95    195     76    163     39    111     43     14     25    161    164    130      5    192    171    136     88     45      7     67    133      1     19    191     94     30     15     71    170     68      6    148     32    109    113    189    199    172     82    144    139     69    156   
 162     52     99     15   
 193    185     17     70    160    194    111     88     26    169    184    124    173    171    136      7     67    114     94     30     61    176    189    199    172   
 171      5     34    118   
 195     14     39    173    169    184    114     94     30     61    109   
 177    137    173      7    114      6    148     64   
 176     61     30     68     80    165     24      9     48    110    153    186    168      1     44    127    152     62    106     57     53    183     28    123     71     19    170    191    143     35     51    128    146     81    196    132     15     67     45    133    114      7    173    137    177    104     27    185     83   
  23    107     52     99   
 153     28    196    148   
  92    191   
 141     59     56    108     21     77     25   
 126     40    138    189    176     61     32    155     90     78   
  86    196     10      0    145     98     47   
 164     34     21   
 123     99    114    184    124     26   
 142      4     17     70     56     59     38     75     22     96    190     33     97    185     27    108    160     74    111    136    133      1    168   
 164    163    171    136    184    114      6    148   
  25    150    104    108   
 154     74    160     70     17      4     38     59     56    108     96     22     75    187    142    190    185     27    119     42    177    137    173      7    114      6     87   
  17     70    160     74    111     88    169     26    173    124    184    114     68     30     61    176    189   
 109    113    189    199    172     82    144    139   
   4     17     70     21    130     14   
 160    108     56     59     38    187   
 115    182    117    181    156    166    174     12    178    140     69    139    144    151     82    126     40     16     91    100    199    189    113    176    109     32     30     94     67     45     88    171      5     34     89   
  50    142   
  30     94    114      7    173   
 167     50     38      4     17     70     56     59     75    187    141    142    190     33     41    131     22     96     97     83    157    185     27    108    160     74    111    136    184    114      6    148    180     23     78     58    105    198    107     72     10      0    145     98    134   
  88     45    170     80   
   6     68   
  63     31      2     32     30     94     67     45   
 112    108     17      4     56     70    160     74    111    136    133     67   
 106      9    165    168      1    133     19     44    127    170     45     88    171     74     42    119    112   
  48     24    127   
 106      9     24    127    165    110     48    183    153    186    168      1     44    152     62     57     28     53     80     71     19    170    191    143     35     51    128      0    146     81    196    123    132     68     67     45    133    114      7    173    137    177    104     27    120    175    167   
 136    184    114      6    148   
 173      7     67    168    165     24      9     48    153    127     44      1     45    170     71    186     80     19    133    136    171     74    160     70     56      4   
  58     31      2     32     30     94     67      7    173    192   
  99     52     72     23     78     58    105    198    107    180     10      0    145     98     47   
 134     98    102    146     81     54     32    109    113    189    199    116   
  62    165    168     19     45     88    171     74     42    104   
  35     51      0   
 153     35    143   
 171     39    101   
 126     40    138    189    176     61     30     68    191   
  19    168    165     24      9     48    110    153    186    127     44      1     80    152     62    106     57     53    183     28     35    191     71    170     45     67     68    123    135    196    132     15     86    143     87     11    121     84     94     92    148      6    114    133    136      7    184     88    171     74    160    108     56     59     33   
 189    113    176    109     32     30     94    114    184   
 132    196   
 163    177    160    108     56     22   
  58    105    198     54    196     53    168      1     44    165     24      9     48    153    127    170     71    186     80     19     45     67    191    152    110    106     62     35     57     28    183    135    123    132     68     86    143     87     11    121     84     94     15     92    148      6    114    133    136      7    184     88    171     74    160    108     96     97   
 146     81     87     68     67     45     88    171     74   
  90    155     64     87    132    168      1     44    165    127    170     19     45     67     71    186     24      9     48    153     53     80    191     15    123    152    110    106     62     35     57     28    183    135     68    114    133    136    171     74    160    108     96   
 102    146     81     54     32    109    113    189    199    172    151   
  45      1    168    165     24      9     48    110    153    186    127     44     19     80    152     62    106     57     53    183     28     35    191     71    170    133     67     68    123    135    132     15     86    143    196     11    121     84     94     92     87      6    114      7    173    137    177    104     27    120    175    167   
  35    191     67    133   
 109    113    189    138   
   8    120    112    119     21     77     25   
 151     40    199   
  27    104    130    163   
 171     74    160     70     56   
  52    121    186   
 123     68   
 126     40    138    189    176     61     30     68     71   
 173      7     67    168    165     24      9     48    110    153    186    127     44      1     80    152     62    106     57     53    183     28     35    191     71     19    170    132    123    135    196    143     86     68     11     87    121     84     94     92    148      6     15    114    133     45     88    171     74    160    108     56     59    142   
 137    192   
 116    138    189    113    176     61     30     68    170      1    168    165     44     19     45     88    171     74     42    119    112   
 180    148      6    191     19     45     88    171     74     42   
  53     71     19     45     88    171    163     14   
 126     40    138    189    176     61     30     68     71    165     24      9     48    110    153    127    168      1     44    152     62    106     57    186     80     67    170    191     19     45    133    114      7    173    137    177    104     27    185      8   
 160     70     17   
 115     12    174    139    144     16     40    138    189    176     61     30     99   
 127    135     87     64    198    105   
  90      2     32    109    113    189    199    172     82    144    139     69   
 152     28     51   
  43    171    136    133    114     99   
  86    196     10      0    145     98   
  43    171    136    133    114      6    196     10      0    145   
  12    117    182    181    166    174    139    144     16     40    138    189    113    176    109     32     30     94    114      7   
  58    105    198     72     81     51     35     57     48   
  57     53     71     67      7     88   
  66    190      4     38     75     59     56     17     70    160     74    111    136    184    114      6    148    107   
 169    184    114     99     52     32      2     85   
 137    177    104    119   
 185      4     38    187     75     59     22     17     70     56    190    142     50     33     97     96    108     42     74    111    136    184    114      6    148    162     23     78   
 160    108     96    120   
  44    132     84   
  87     30     61    176    189    199   
   6    135    152   
  96    190     75     38    187     50    142      4     17     22     59     33    141    122     83    131     97    185    157     65     46      8    120     56     70    160    108     27    112    119     42     74    111    136    133      1    127     24      9   
 100    199    189    176     61     30     54     81    146    128   
 105    198     54     30     94     67     45   
  87    135     28   
 156     69    139    144    151    125   
 126     40    138    189    113    176    109     32     30     94    114      7   
 174    117    182     12     69    139    144     16    116    138    189    176     61     30     54     81    146    128   
 126     40    138    189    176     61     32     64    180     10      0    102   
  75     22     27    104    130     95   
 180    148      6    191     19     45     88    171     74    160   
 125     40    138    189    113    176    109     61     30     94     67     45     88    171     74    160   
  56      4     38    187     50     75     59    142    141     33    190     17     70    160     74    111    136    184    114      6    148    180     23     78     58    105    198    107     72     10      0    145     98    103   
 191     35     28   
  47     98    102    146     81     87     68     67      7    173     39     14    164   
  70     17      4     38     59     56    108     96     22     75    187    142    190    185     27    119    160     74    111    136    133    114      6     92   
 175    190     17     70    160     74    111    136    184    114     99     30     32   
  82     60    138    189    176     61     32     64    198   
  70     17      4     56    108    160     74    111    136    184    114     99     30     32   
 110    165     71     19     45     88    171    192   
 146    102     98    103   
  82     60    138    189    176     61     32     64    180     10      0    145   
 120     27    104    130      5   
  63     85      2     32    109    113    189    199    172     82    144   
 150     74    111    136    133    170    132    196     51      0   
  53    196     54     72   
  33      4     17     70     56     59     22     96     27    108    160     74    111    136    133      1   
 167    131     22     17     70    160    194    171   
   0     10    107    155     32    109    113    189    138   
  13      0     51     35     53   
 155     32     30     68    170      1    168    165     44     19     45     88    171     74     42    119    112   
 141     59     56     17     70    160     74    111    136    184    114     99     30     32   
  76    163    171    136    184    114      6    148    162   
  68     67      7    173     39     14     76   
 153    106   
  83    185     17     70    160    194    111   
   1    191     92    148    107   
  89    130    194   
   9    165    123   
 184    114     67   
  35    191     19     45     88    111   
  84     99   
 199    189    176     61     30     54     81   
 140    117    182    181    115    156    166    174     12    178     69    139    144    151    126     82     91     16     40    199    189    113    176    109     32     30     94     67     45     88    171      5    150   
 105    198     54    196     53    153     24   
 195     14    194    111    136    184    114      6    148    162   
 115     12    117    182    166    174    139    144     16     40    138    189    113    176    109     32     30     94    114      7     88   
  56     17     70    160     74    171    136    133    114     15   
  32     30     94     67      7    173    137    154   
 170    127    153    110   
  82     60    138    189    176     61     30     68     80   
  10      0    145     98    134   
 180    148      6    191     19     45     88    171     74     42    119   
  53     71     67    133   
 165    135     87     64    155   
  27     17      4     56     70    160     74    111    136    133    114      6   
   6    114      7    173    111   
 102    146     10    180     23   
 196     84     94    114      7    136   
 181     12    174    139    144    151   
  94     67      7    173     39    101   
  74    111    173    124   
 146     81     54     32   
 186     11     87     64    155     90     58   
 110    165     71     19     45     88    111     39   
 101    111    136    184    114      6    148     54   
 176     61     30     84    123   
  36    149    159   
 124    173   
  51     35     80     19     45     88    171      5     34     89   
  10    196      6    114    184    169   
 189    176     61     30     84     53    186   
  34      5    111    136    184    114      6    148    162     23     90   
  94     30     52   
  23     72     52     84     71      1     45     19    168    165     44    170     67    133    136    171     74     42    119    112   
  96     17      4     38    187     50     75     59    142    141     33    190     56     70    160     74    111    136    184    114      6    148    180     23     78     58    105    198    107     72     10      0    145     98     47   
 186     71     67      7    173    124   
  47     98    102    146     81     87     68     67      7    173    192      5   
  33     75   
 173      7     67     80   
   7    114      6    196     10      0     13   
  43    130    104     27    185     83     41   
 117    182    181     12    174    139    144     16     40    138    189    176     61     30     92     35     57   
 176     61     32    155   
 173      7     67    168    165      9     48     24    127    153    110    106     62    186     57     28    183    152     44      1     80     53     35     51    128      0    146     81    196    135    191     71     19    170    132    123    143     87     11     86     68    121     92     84     94      6    148     52     99     15    114    133     45     88    171     74    160    108     56     59     38    187   
  46      8    120     27   
  22      4     38    187     75     59     56     17     70    160     74    111    136    133    114      6    196     10   
 163    171    136    133    114      6     84   
  59     56     17     70    160     74    111    136    184    114      6     73     32      2     85     29   
  56     27    119   
 136    133      1    168    165     24      9     48    153    127     44     19     71    186     80     67    170    191    152    110    106     62     53     57     28    183    135    123    132     68     86     35     51    196    143     84     11     87    121     94     15     92    148      6    114     45     88      7    184    169    173    137     74    160     70     56      4   
  72     52     99    114    184   
  72     52     84     71      1     45     19     44    168    170    133    136    171     74    160    108   
 167    131      4     17     70     56     59    142     75     22     96    190     33     38    187     50    122     83    185     27    108    160     74    111    136    133    170    132    123   
  21    108     96    157     65     46   
 182    117    174    139    144     16    116    138    189    176     61     32     64    107   
 118    130     43      3    173     26   
 178     69   
  92     30     61    176    189    138   
  48     24    127    170     45     88     26    169    124    173      3    101     95    195     76    163     39    111     43     14     25    161    164    130      5    192    171    136    184    114      7    133      1     19     67     94     30     99     15    191     71    168    165     44     80     68      6    148     32    109    113    189    199    172     82    144    139     69    156   
 138    189    176     61     30     54     81    146    128   
  32     30     68    170      1    168    165     44     19     45     88    171     74     42    108     27   
  29     85      2     32    109    113    189    176     61     30     94    114    184    124   
 184    114      6    148     54   
 124     26    169    184     88    173      3    101     95     43     39    111    136      7     67     45    114     94     99     30     61    176    189    199    172     82    144    139   
  35    191     94    114    184    124     26   
  60    138    189    176     61     30     92     28   
 193    185     17     70    160     74    111    136    184    114     68     30     61    176   
  10    128   
  90    155     64     87     92   
  45      1    127     24      9     48    110    165     44    168     19     80    152    153    106     62    186     57     28    183     53     71    170    133     67    191     35     51    128    146     81    196    123    132    135    143     87     86     68     11     92    121     84     94     15      6    148     52     99    114      7    173    137     74    160    108     56     59     33   
 182    117    174    139    144     16     40    138    189    176     61     30     84     53    153      9   
 198     54     87     86   
  11    152     24      9     48    110    165    153    106     62    186     57     28    183     53    127    168      1     44    123     80     71     19    191     35     51    128      0    146     81    196    135    132    170     45     67     68    143     87     86     94    121     92     84     15      6    148     52     99    114    133    136      7    184     88    171     74    160    108     56     59     38    187   
 128     51     35    191     19     45     88    171     43   
  10     51     35     57   
 146     81     87    132    191   
 122     50     75      4     17     70     56     59    142    187     38     33    190     22     96     27    108    160     74    111    136    133    170    132    121   
 157      4     17     70     56     59    142     75     22     96    190     33     38    187     50    131    185     27    108    160     74    111    136    184    114      6     73   
   0     10    107    155   
  53     71     19     45     88     26    169    173      3    101     95    195     14     39    111     43    163    164     76    161     25      5    192    171    136    124    184      7    133      1     67    114     94     99      6     15    191    170    168    165     44     80     68     30     61    176    113    189    199    172     82    144    139     69    115    182   
 124    184    114      6    148    180     23     78     58    105    198    107     72     10      0    145     98     47   
  46     83      4     17     70     56     59     22     96     27    108    160     74    111    136    133      1   
 141     59     56     17     70    160     74    111    136    133     19   
 129     85      2     32    109    113    189    199    172    126   
  39     14     76   
 131      4     17     70     56     59    142     75     22     96     27    108    160     74    111    136    133    114      6     84   
 173      7    114      6    196     10    146   
 183    135     11   
  47     98    102    146     81     87     99    114      7    173      3    101     95    195     14     39    111     43    163    164     76    161     25      5    192    171    136    124     26    169    184     88     45      1    133     67     19    168    170     68     94     30     15     71     44    191      6     52     84     80    127    132     86     92    121    123    186     11    196     73     32    109    113    189    199    172     82    144    139     69    115    182   
 169    184    114      6    148    180     23    105     78     58     90    155    198     72     10      0    145     98   
  60    199    189    113    176    109     32     30     94    114      7    173   
  13      0     51     35     80     19     45     88    171    163     76   
  81     51    128      0    146     10    196     28     57    106   
 183     28     51     10   
  60     82    144    139     69    156   
 151     40    138    189    176     61     30     87    196   
  87     81    180     23     78     58    105    198    107     72     10      0    145     98    103   
 177    188   
 186     71     19     45     88    171    194    177   
  13      0     51   
 199    189    176     61     32    155     90     58   
 148      6    191     67   
 146     81     54     32    109    113    189    199     40   
 115     12    174    139    144     16    116    138    189    176     61     32     64    107   
 122    193    120    112    119     21     34   
 110    165    168     19    133      1     44    170     45     88    171     74    160     70   
 133    114     99   
  26     88     45      1    168    165     44     19    133    170    127    153     24      9     48    110    152     80     71     67      7    136    171     74    160     70     56   
 182     12    174    139    144     91     49   
  52    121    186    165   
   6    148    180     23     78     58    105    198    107     72     10      0    145     98     47   
 112    120      8   
  60    138    189    176     61     30     54     81    146      0   
  16     40    138    189    176     61     30     68     80   
 139     69    115    181   
   9    165     71     67      7    184    169   
  69    174    139    144     16    116    138    189    176     61     32     64   
  64     87    123    165     24      9     48    110    153    127    168      1     44    152     62    106     57    186     71    170     80     53    183     28    132    191     19     45     67     68    135     35     51    128    146     81    196     86     94    121    143     92     11     84     15    114    133    136      7    184     88    171     74     42    108     96    157      8   
 171     74    160    108     96     97    131   
 103     98    145    102    146     10    107    155     90    129   
 144    139     69   
 195     14     39    173    169    184    114     68     30     61    176    189    138   
  23    155     32    109    113    189    199    172     91   
 194    160    108     96    157    175   
 125    116    138    189    176     61   
 112    108     17      4     38    187     50     75     59    142    141     33    190     96     56     70    160     74    111    136    133    114      6    196     10      0     13   
  51     35    191     19     45    136    171    137   
 176     61     30     54     81    146      0   
  28     86     94   
  86     71    168    165     24      9     48    153    127     44      1     45    170     80     19    133     67    191    186     57    110    106     62    152    132     53    183     28    123     68    135     35     51    196    143     84    121     11     87     15    114      7    173    137    177    104     27    185    157   
 154    137   
 136    133      1    168   
  94    191     80   
 156     12    174    139    144     16     40    138    189    113    176    109     32     30     94    114    184   
  68     84   
 150      5     39      3   
 193    190     17     70     56     59      4     22     27     96     97     75     38    142    157    185    120    112    108    160     74    111    136    133      1    168   
 163    171    136   
 196    132    168   
 138    189    113    176    109     32     30     94    114      7    173      3   
 155     32    109    113   
 173      7     67     80     35     51   
 161     14     39    173    124   
  96    157    193   
 150     74    111    136    133    114     68   
  15     71      1     45     19    168    165     44    170     67    133    136    171     74     42    108     27   
  14    150    104   
 117    182    181    115    166    174     12    156    178    140     69    139    144    151     40    138    189    113    176    109     61     30     94     67     45     88    171     74    160   
 170    132     28     51    128   
 116    138    189    113    176    109     32     61     30     94    114    184    169   
 101    111    136    133     67   
 117    174    139    144     16     40    138    189    176     61     30     68   
 106    183    135     87     64    155     90     58   
  47     98    102    146     81     87     68     67    133   
 175    185     17     70    160     74    111     88    169     26    173    124    184    114     68     30     61    176    189    138   
  59     56     70    160    194    111    173    124   
  50     38      4     17     70     56     59     75    187    141    142    190     33     41    131     22     96     97     83    157    185     27    108    160     74    111    136    133    114      6    196     10      0    145   
 122     83      4     17     70     56     59    142     75     22     96    190     33     97    185     27    108    160     74    111    136    133      1    168   
 109     32     64    162   
 105    198     54    196     35     62   
 167    131      4     17     70    160     74    171    136    133    114     99   
  25      5    111    136    133    114   
 155     32    109    113    189    199    172    125   
   2     32    148    196     53    153   
 187    131     22   
  50     75      4     17     70     56     59    142    190     22     96     27    108    160     74    111    136    133    170    191   
 196     52   
 169    184    114     68     30     61    176    113   
   1    127    153   
 103     98    102    146     81     87     99    114      7    173   
  25      5     74    160     70     17      4     56    108     96     22     59     75    190    185     27    119     42    177    154    137    171    136    133      1   
   8     59     56     17     70    160     74    111    136    133    114      6     84   
  47     98    102    146     81    196   
  61     30     84     53    153     24   
 126     40    138    189    176     61     32     64    180   
  27    185    190   
  58     31     85     29     63    129     78     90      2     32    109    113    189    199    100   
  83      4     17     70     56     59     75     38    187    142    190     22     96     27    108    160     74    111    136    184    114      6    148    162     23     90     58   
   9    165     71     19     45     88    171    163    164    161   
 194    160   
  76     95   
 137     74    160    108     56     59    141     50   
 150    104     27    185     97   
 119     70     56   
 124    184    114      6    196     10   
 190      4     38     75     59     22     17     70     56     97    142    187     33    157    131    141     50    122     83    185     96    108     42     74    111    136    133    170    127    186   
  58     31      2     32    109    113    189    199    172     82    144    139     69    115    182   
 122    193    120    112    119     21    188   
  68     71    168    165     24      9     48    153    127     44      1     45    170     80     53    186     62    110    106     57    152    191     19    133     67     15    123     35    183     28    132     99     86    135    196    143     84     11     87    121     94     92    148      6    114      7    173    137     74    160    108     56    190   
 127    132     87     52   
 117    174    139    144     16    116    138    189    176     61     30     87     81     51   
 120     56     70    160     74    111    136    184    114     68     30     61    176   
 198     54     30     94     67      7    173    137   
 117    174    139    144     16     40    138    189    176     61     30   
 129     31      2     32     30     94     67     45     88    171     74   
  49    100    199    189    176     61     32     64    180     10      0    102   
  43    111    136    184    114      6    148    162    198   
  83    185     27    104    130     95   
  15     67     19      1    168    170     45     88    171     74    160     70   
 125     82    144    139     69    115    181   
  80     19     45     88    171   
 163    192   
  96     97     65   
 113    189    199    116   
 182    117    174    139    144     16    116    138    189    176     61     30     73   
 104     70     17      4     38     59     56    108     96     22     75    187    142    190    185     27    119    160     74    111    136    184    114      6    148   
  41    131     22     17     70    160     74    111    136    133   
 131    193   
 110    165     71     19     45     88     26    169    173      3    101     95    195     76    163     39    111     43     14     25    161    164    130      5    192    171    136    124    184    114      7    133      1     67     94     30     99     15    191    170    168    127     44     80     68      6    148     92     84    132     86    121     87    123    186     11    196     52     32    109    113    189    199    172     82    144    139     69    115    181   
  91     16     40    138    189    176     61     30     68     71    168   
 190      4     38    187     75     59     22     17     70     56     97    142     50     33    157     96    108     42     74    111    136    184    114      6    148    162     23     78   
 108     17      4     38     59     56     70    160     74    111    136    133    170    132   
  18     55     36    158   
 171     74    160    108     56     59   
 175    190     17     70     56      4     38     59     22     96     27    185     97     75    187    142    157     33     50    131     66     83    141     65      8    120    112    108    160     74    111    136    133      1     44   
 157     56     70    160    194    154   
  45    170    132     53   
  45     88    173   
   6    114    184   
 108     17      4     56     70    160     74    111    136    184    114     99     30   
  24    127    170     45     88    111      3   
 184    114     67     44    127   
 132     87     64    155     31   
  68    170      1   
 131     22     17     70     21     74    111      3    101     95     43     39    173     26    169    124     88     45    136    184    114      7    133      1     67     94     30     61    176    189    199    172     82    144    139   
 118    104     70     17      4     38     59     56    108     96     22     75    187    142    190    185     27    119    160     74    111    136    133    170    132    121   
 180    148     30     94    114      7    136   
  89     21    108     56    190   
 140    117    182    181    115    166    174     12    156    178     69    139    144     16     40    138    189    176     61     30     68     71    165     24      9     48    110    153    127    168      1     44    152     62    106     57    186     80    170     19     45     67    191     53    183     28    123    132     15     86     35     51    128    146     81    196    135     84    143     87     11    121     94     92    148      6    114    133    136      7    184     88    171     74     42    108     96    157    175   
 136    184    114      6     73    162    155     90    129   
 122    193    120    112    119   
 198     72     81     51   
  77     21     70     17      4     38    187     75     59     22     56    108     96    190    142     50     33     97    120    157    131    141    122     83    185     27    119    160     74    111    136    133    114      6    196     81   
  74    160    108     56     22   
 143     80    165     24      9     48    110    153    127    168      1     44    152     62    106     57    186     71    170     19     45     67    191     53    183     28    123    132     68    135     35     51    128    146     81    196     86     94    121     11     87     84     15    114    133    136      7    184     88    171     74     42    108     96    157      8   
 138     40   
 124    184    114     68    135     53   
 195    188    104     27    185     83     65   
  38      4     17     70     56     59    142     75     22     96    190     33    187     50    131    185     27    108    160     74    111    136    133    114      6     92   
 157    190   
  94     67     45     88    171     74    160   
  83     65   
  23    155     32    109    113    189    199    172     82    144    139     69    156   
 166    182    181    115    156    178    117    174     12    140     69    139    144    151     82    126     40     16     91    100    199    189    113    176    109     32     30     94     67      7    173     39     14    161   
 136    184    114      6    148    162     23     78   
  16    116    138    189    176     61     30    148   
 108    160    194    171   
 109     32     52    121    123   
   2     32    109   
 122     83      4     17     70    160     74    111    136      7   
  41     33      4     17     70    160     74    111    136    184    114     99     30   
 113    109     61     30     68    170   
  33     38    187     50     75      4     17     70     56     59    142    141    122     83    190     22     96     97    131     65    157    185     27    108    160     74    111    136    133    114      6    196     10      0    102   
  77     21     70     17      4     38     59     22     75    187    142    190     56    108     96     97     33     50    131    185     27    119    160     74    111    136    133      1    127   
 164    163    171    136    184    114      6    148    180     23     78     58    105    198    107     72     10      0    145     98    103   
  60    138    189    176     61     30     94   
  87    148   
  98    102    146     51     35     80     19     45     88    171     74     21   
  46     83    131   
 185     83    141   
  23     72     10   
  35     80     19     45     88    171    163    164    161   
 102    146     51     35     57    106   
  83      4     17     70     56     59     22     96    108     42     74    171    136    133    114     15   
  95     77     89   
  52    196     53    153      9   
 107    155     31   
  21     74    111     88     26    169    184    124    173    171    136      7    114     94     30     61    176    189    199     60   
  42     74    111    136    184    114      6    148    162    198   
 157     56     17     70    160    108     96     22      4     38     59    185    190     75    187    142     97    120     27    104     42     74    111    136    133      1    168   
 107     23     78     58    105    198     54    180     10      0    145     98    134   
 153    127    170     45     88     26    169    124    173      3    101     95     43     39    111    136    184    114      7    133      1     67     94     30     61    176    189    199    172     82    144    139   
 129    105    198     54    196     53    165     24      9     48    110    153    127    168      1     44    152     62    106     57    186     71    170     80     35    183     28    123    191     19     45     67     68    132    135    143     86     94    121     11     87     84     15    114    133    136      7    184     88    171     74     42    108     96    157      8   
  26     88     45      1    168    165     24      9     48    110    153    186     44     19     71    127    152     62    106     57     53     80    170    133     67    191     35    183     28    123    132     68    135    196    143     86     94    121     11     87     84     15    114      7    173    137    177    104     27    185    131   
 142      4     17     70    160    194    111     88    169     26    173    124    184    114     68     30     61    176    189    199    116   
 108     56     59     38   
  31      2     32    109    113    189    199    172     82    144    139     69    178   
 183    135     87     64    107   
  95     43    111    136    184    114     99     52     32      2     85   
   9    165     53   
 188    177     74    111    136    133    114      6     84   
 157     56     70    160     74    111     88   
  26     88     45      1    168    165     44     19    133    170    127    153     24      9     48    110    152     80     71     67      7    136    171     74    160    108     96   
 174    117    182     12     69    139    144     16     40    138    189    176     61     30     94    114   
  56     17     70    160     74    111    136    133    170     80   
  26     88    184    114      6    148     72   
  63     31   
  31     58   
 124     88   
  11     99    114      7     88   
  47     98    102    146     81    196   
  97      4     38     75     59     22     17     70     56    190    142    187     50     33    157     96    108     42     74    111    136    184    114      6    148    162     23   
 102    146     81     87     68     67     19   
  52     99    114     45     88    171     74     21   
  51     35     80     19     45     88    171     74     42   
  54     81     51   
 195    188    104     27    185     83   
 160    194    111     88     26    169    184    124    173    171    136      7    114     94     30     61    176    189    199     60   
  67     80    186   
  67     68     87     81    146    102     13   
 155     32     30     94     67      7    173     39    163   
 132    170     45     88    171     74   
 187    131    157   
 194    111    136    184    114      6    148    180     23     78     58    105    198    107     72     10      0    145     98    134   
 174    117    182     12     69    139    144     16    116    138    189    176     61     32     64    162   
 127     35     51      0     13   
 190     66   
  92     30     61    176    189    199   
  75    141   
  12    182    181    117    174    166    115    156    178    140     69    139    144     16     40    138    189    176     61     30     68     71    165     24      9     48    110    153    127    168      1     44    152     62    106     57    186     80    170     19     45     67    191     53    183     28    123    132     15     86     35     51    128    146     81    196    135     84    143     87     11    121     94     92    148      6    114    133    136      7    184     88    171     74     42    108     96    157    175   
  88    169     26    173    124    184    114     68     30     61    176    189    199    116   
  25    163   
  95      5     74    160     70     17      4     38     59     56    108     96     22     75    187    142    190    185     27    119     42    177    137    173      7    114      6    121   
  42    130     43      3    173     26    169    124     88    111    101     95    163     39    171    136    184    114      7     45      1    133     67     94     30     61    176    189    199    172     82    144    139     69   
  68     67     45     88    171      5    150   
 112    120    190      4     38    187     75     59    142     50     33     97     56     17     70     96     22    131    141    122     83    157    185     27    108    160     74    111    136    133      1    127    153    183   
  64     87     68     67     45     88    171     74     21   
 176     61     32    155     23     78     58    105    198    107    180     10      0    145     98    103   
  32     64    107   
  27     17      4     56     70    160     74    111    136    133    114      6   
  88    184    114      6     73    162    155     90    129   
 113    109     61     30     68     80    165     24      9     48    110    153    186    168      1    127    152     44     19     71     53     62    106     57     35    183     28    123    191    170     45     67     15    132    135    196    143     86     94    121     11     87     84     99     92    148      6    114    133    136      7    184     88    171     74     42    108     96    157    175    167   
 137    177    104    119    112   
 165    135     87     64    107   
 169    136     45      1    168    165     44     19    133    170    127    153     24      9     48    110    152     80     71     67      7     88    171     74    160    108     96   
  58     31     85     29     63    129     78     90      2     32    109    113    189    199    172    126   
  64     87    135    186   
 134     98    102    146     81     87     30   
 120     56      4     38    187     50     75     59    142    141     33    190     17     70    160     74    111    136    133    114      6    148    180     23    105     78     58     90    155    198     72     10      0    145     98   
  47     98    102    146     81     54     32    109    113    189    199    172   
  23     72     81     51     35    165     24      9     48    110    153    186    168      1    127    152     44     19     80     53     62    106     57    183    135    191     71    170     45     67     68    123     28    196    132     15     86    143     87     11    121     84     94     92    148      6    114    133    136      7    184     88    171     74     42    108     96    157     65     41   
  66     41   
  12    174    139    144     16    116    138    189    176     61     30     54     81     10   
 186     24      9     48    153    165    168      1     44    127    152    110    106     62     53     71     19     80     35     57     28    183    135    191    170     45     67     68    123    143    132     15     86     11    196    121     84     94     92     87      6    114    133    136      7    184     88    171     74    160    108     56     59   
   7     67    168    165      9     48     24    127    153    110    106     62    186     44      1     45    170     80    152     57     28    183     53     71     19    133    136    171     74     42    108     96    157     65     46   
  11    186    165   
  45      1    168    165     24      9     48    110    153    186    127     44     19     80    152     62    106     57     53    183     28     35    191     71    170    133     67     68    123    135    132     15     86    143    196     11    121     84     94     92     87      6    114      7    173    137    177    104     27    120    175    167   
 189    113    176    109     32     30     94     67      7    173     39     14    195   
  38      4     17     70     56     59     75    187    142    190     22     96     27    108    160     74    111    136    184    114      6    148    107   
  75     38    187     50    142      4     17     70     56     59     33    141    122     83    190     22     96     97    131     65    157    185     27    108    160     74    111    136    184    114      6    148    180     23     78     58    105    198    107     72     10      0    145     98    134   
 180    148      6    114      7    173     39    163   
   6    148    162     23     78   
  92    132   
  86     94     30     61    176    189    138   
  51     81   
   7    114     99     30     61   
 118    104     70     17      4     56    108    160     74    111    136    133   
 195     89     21    108     96    157    193   
 121     71     19     45     88    171    163     25   
  81     87     68     67      7    173    192    194   
 152     28   
 108     27   
  73     30     94    114      7    136   
 161     14     39    173    136    184   
 134     98    102    146     81     87     15    114      7    173      3   
 100     91   
  33      4   
 161     14    194    111    136    184    114     99     30     32   
 125     40    138    189    176     61     30   
 155     64     87    135    183      9   
  38      4     17     70     21    130     43    101   
  88    184    114     99     30     32   
  21     74    111    136    184    114      6    148    162     23   
 107     10     51     35    183   
 131     22     17     70    160    194    171   
   5    177    104     27   
 108     17      4     38     75     59     22     56     70    160     74    111    136    133    114      6    148     72   
 199    172     82    144    139     69    166   
 116    138    189    176     61     32    155     90     78   
 186    168     19     45     88    171     74     42    104   
   3    137    177    104     27    120    175     46   
 132    127   
 187     75     22     27    104    177    194   
   6    114    184    124     26    169    136    173      3    101     95     43     39    111     88      7     67     45      1    133    170     19    168     71     15     94     30     61    176    189    199    172     82    144    139     69    140   
 136    169     26    173    124    184    114     68     30     61    176    189    199     60   
 131      4     17     70     56     59     22     96     27    108    160     74    111    136    133      1   
 164    163      3    173    169    184    114     68     30     61    176    189   
 187     75      4     17     70    160     74    111    136    184    114     99     30     32   
  66     65   
  22      4     38     75     59     56     17     70    160     74    111    136    184    114      6    148    180   
 164     34    160    108     56     59    142   
 154    194   
  25      5    111    136    184    114     99     30     32   
 161     14    194    111    136    184    114      6     73   
 168     19     45     88     26    169    173      3    101     95    195     14     39    111     43    163    164     76    161     25      5    192    171    136    124    184      7    133      1     67    114     94     99      6     15     71    170     68     30     61    176    113    189    199    172     82    144    139     69    115    182   
  35    153     24   
 102    146     81     87     15   
 178    117    174    139    144     16     40    138    189    176     61     30     68     80   
 188    104     27    185      8   
  35     80     19     45    136    171      5    130   
  24    186     11     87     54   
 169    136    133      1    127     24      9     48    110    165    153    106     62    186     57     28    183    152     44    168     19     80     53     35     51    128      0    146     81    196    123     71    170     45     67    191    135    143    132     68     11     87     86     94    121     92     84     15      6    148     52     99    114    184      7    173    137     74    160    108     56     59     38   
  11     99    114    184    169   
 106    153    127    170     45     88     26   
 186    168      1    133     19     44    165     71    170     45     88    171     74     42    119    112   
 154    177    104     27    120    175    122   
  16     40    138    189    176     61     30     68     71   
 161    188    104   
 191    152    153   
 192    177    160     70   
  77     21     70     17      4     38     75     59     22     56    108     96    190    142    187     33     97    120    157    131    141     50    122     83    185     27    119    160     74    111    136    133    170    127    152   
 172    199    189    113    176    109     61     30     94     67     45   
 146     51     35    165    168      1     44    127     24      9     48    153    186     71     19     45    170     80     53    191     67    133    136    171     74     42    108     96    120   
   1    191     92    148    162     23   
 189    199     60   
   0     10    107    155     32    109    113    189    199    172     91   
  47     98    102    146     81     54     32    109   
 199    189    176     61     30     68    170      1   
 142      4     17     70    160    194     39      3   
  14    177    104     27    120    175     46   
 119     70     17      4     38     59     56    108     96     22     75    187    142    190    185     27    104    160     74    111    136    184    114      6     73   
  49    100    199    189    176     61     30     94    114   
  88    171    163    164    161   
  28    153     24    127    165      9     48    110    152     44    168      1    133    170     80    186     62    106     57     53    183     35    191     71     19     45     67     68    123    135    196    132     15     86    143     87     11    121     84     94     92    148      6    114      7    173    137    177    104     27    185     83     41   
  71    165     24      9     48    110    153    186    168      1    127    152     44     19     80     53     62    106     57     35    183     28    123    191    170     45     67     68    135    196    132     15     86    143     87     11    121     84     94     92    148      6    114    133    136      7    184     88    171     74     42    108     96    157     65     41   
  83      4     17     70    160     74    111    136    184    114      6     73     32      2     31   
 113    176    109     32     30     94     67      7    173     39     43   
 199    189    113    176    109     32     30     94     67      7    173    137    154   
  72     52     99    114     45     88    171     74     21   
 165     71     19     45     88    171    163     14   
  13      0     51     35    153      9   
 165    191     94     30     61    176    189    199    116   
 113    109     32     64    198   
  62    165     71     19     45    136    171      5    130   
  69    174    139    144     16     40    138    189    176     61     30     15   
 176     61     30     68     71    168    165     24      9     48    153    127     44      1     45    170     80     19    133     67    191    186     57    110    106     62    152    132     53    183     28    123     15     86     35     51    196    135     84    143     87     11    121     94     92    148      6    114      7    173    137    177    104     27    185     97   
  12    156   
 154     74    160     70     17      4     56    108    104     42    177    137    173      7     67    170   
  69    174    139    144     16     40    138    189    176     61     30     15   
 148     92     53    165     24      9     48    110    153    186    168      1    127    152     44     19     80     35     62    106     57    183    135    191     71    170     45     67     68    123     28     51    128      0    146     81    196    132     15     86    143     87     11    121     84     94      6     73     52     99    114    133    136      7    184     88    171     74     42    108     96    157     65     41   
 118    104     70     17      4     38     59     56    108     96     22     75    187    142    190    185     27    119    160     74    111    136    133      1     44   
 115     69    139    144    126   
  51     35     80     19     45     88    171    194    177   
 109     61     30     68    170   
 138     60    151   
  59     56     70    160    194    111    173     26   
  23    107     52     99    191     67   
  30     84   
 161    188     42     70     17      4     38     75     59     22     56    108     96    190    142    187     33     97    120    157    131    141     50    122     83    185     27    119    160     74    111    136    133    170    132     35   
  77     21     70     17      4     56    108    104    160     74    111    136    133    170   
 155     32    109    113    189    176     61     30     94    114    184   
 154    130    164   
 157     56     17   
 138    189    176     61     30     84     53    165   
  40    138    189    176     61     30     94    114   
 145    102    146     81     54     73   
  62     28    196     54    198    155     31     63   
 118    161     25   
 102    146     10   
 177    137    173      7    114      6    148    162   
  81    196     53    165   
 133    114      6    148    180     23     78     58    105    198    107     72     10      0    145     98    134   
 162    155     31     29   
  74    160    108     56     59    141     50   
 165    168     19     45     88    171     74     21   
  27    104    177    192      3   
 190     96    108     21     77     76   
  39    154     74    160     70     17   
 151     40    138    189    176     61     30     99   
  38      4     56   
 142     75   
  70    160   
  38      4     17     70    160    194    111     88    169   
 133    136    169     26    173    124    184    114     68     30     61    176    189    199     40   
 148      6    114     45   
   1    191    143    196     10    180     23     78     58    105    198    107     72     81    146    102     98    103   
