  69      8    197     79   
  31     22      3     96    141     21    148     95    135    114      1    106    195     44    124    182     41    199    164    177    176     17    116    172     61     29   
 194     28     94    184    152    180     22   
 173     42     40     37    180      2    149    142    175    143    191     98    147   
 144    137    167     33     57    193     63    161    132     28     94    184    196    143    191      9   
  79    102    176     17     49   
 159    143     96    141     21    148    164    177     69    121     91    172   
 176    177    164    148    114    124   
 176    177    164    148    114     12      4   
  41     11     40   
 149    169     96    141     21    148    164    177     69    121     57   
  53     75   
  29    137     83     73    188    160     65     51    163    123    133     23     15    189    144     36     58    150    111      6    167    179     53     60     61     16     50     75      7    134    157    186     77      5     90    117    145    118    172     33     57    121     69    177    164    148    114     12      4   
 148     21     67    196    142    149      2    175    169     96    143    191     98    147    112     39   
 190    199    164    177     69    121     57   
 117     75     50    160   
  81     96    141     21    148    164    177     69    121     24     43   
 127     28     94    184    152    180     71    105   
  55     81     96     82   
  87     39    112    154      9    191    143     96    141     21    148     95    135    114      1    106    195     44    124    182     41    199    164    177    176     17    116    118     61    186   
 187    154      9    159    143    169    142    149    175    196    141     94     28     20   
  55     81     96     82     85   
  73     65    123    133    167     33     23     15    137    163     83    188     51    189    179     61      6    144     29     60    157    134    111      7    117    186     53     16     50     36    160    150     77     90    145    118    172     57    193     63    161     28     94    184    152    180     71    168   
  95    182      4     19   
  49     17    176      8    132     28     94    184    152    143   
 159    143    169    142    149    175    196    141     94     28     20    139   
 125     99     67    196   
 154      9    191    143   
 141     21    148    164    177    176     17    198   
  50     16     60    179   
   8    194     28     94     32    125    135    124   
 145     60    167     33     57    193     63    161    132     28     94     67    196    175   
 150     83    137    167     33     57    193     63    127    132     28     94     67    196    142    149   
  47     39    112    154      9    191    143     96     82    190     12    124   
  88     33     23      6   
  20    156    177    164    148    114    195     44    124    135     95    199      1    106      4    182     41     12    107     19    138    125     32     70     21    190    153    173    171     42     48     85     99    141     94     28    127     63     69    121     91    172    157      5     75   
 173    124    114    148    164    177    176    162   
 135    125     99    184    152    143    191   
 111    123     73    188    163    137    167     33     23    133    189     83     36     51    144      6     15    179     61     60     16    134    157     29     53      7    117    186     77     65    160    150     50     75     90    145    118    172     57    193     63    161     28     94    184    152    180     55   
  78    177    164   
  29     60   
 158     92    161    132     28     94     67    196    175   
 117     60    137     83     73    188    163    123     51     36     65    189    133    167     15      6    179     23     29     53    144    160    150    111    134     61      7     16     50     58     77    186    157     90     75      5    145    118    172     33     57    121     69    177    164    199    190     12   
 199     99    184   
 140     59   
 124    195   
 142      2      3   
 169    143    159     98   
 167     23    172     57    193     63    161    132     28     94     67    196    142   
 171     68     40     37   
  98    191    143     96    141     70   
 144     29     23     33     91   
 129     39    112    154      9    159    143    169    142    149    175    196    141     70    199    164    177   
 108      9    191    143    196   
   1     70     94     28    127   
  48      1    148    164    177     69    121     91    116   
  73    123    133    167     33     57    193     69    177   
  86    178     52   
  19     12    114     95    148    164    177    176     17    116    172     61    134   
 167     33     57    193     10     72     79    127    132     28    109     20    197    102    176      8    194    161    139     92     14     78    156     63    158     69    177    164    199     94     67    196    142    149      2    175    169     96    143    191     98    147    112     26    130    110   
 197    161     28     94     32     41   
  33     23     29   
 190     21     94     28    194   
 154      9    191    143     96    141     21    148    164    177    176     69    156    161     63    193     57    172     23   
 176     17     91   
   5    134    167     33     57    193     63    161     28   
 160    144     90    145   
  55     81     96    141     21    148    164    177    176     17     25   
 193     63    161    132     28     94    184    196    143    191      9   
 148    164    177    176    170   
  32     94     28     20     92   
 170     63    127    132     28     94     67    196    175    149      2    180    143    191      9    154   
 139    109     28     94     82   
 159     98    108   
  85    125   
  39    112    154   
 177    164    199     41   
  25    193     69   
  58    111    134     15   
 194      8    176    101   
 107    153     32    141    196    142    149      2    175    169     96    143    191     98    147    112     26    130    110   
 162    176    177    164    199     85     48   
  20    132     28     94     67    196    175    149      2    180     22     27     98    147    187   
 111    137    167     33     57    193     63    161    132     28     94    184    196    143    159     98   
  51    137    167     33     57    193     63    127    132     28     94     67    196      2    149    142    175    143    191     98     54   
 195    114    148    164    177     92    197   
  10     72     79    127    132     28    109     20    197    102    176      8    194    161    139     92     14     78    156     63    158     69    177    164    199     94     67    196    142    149      2    175    169     96    143    191     98    147    112     26    136    183   
 117    118    172     33   
 114     41     82    196    142    149      2    175    169     96    143    191     98    147    112     26    129   
 161     78     14   
 103    115    120     52   
   2     96    141     21    148     95    135    114      1    106    195    182     41    199    164    177    176     69    156    161     63    193     57    172     61     15   
 134    111   
  30     25   
  87     76     66    130     39    112    154      9    159    143    169    142    149    175    196    141     70    199    164    177    176    193   
 153      1    148    164    177    176     17     49   
 123     73    188     83    163    137     51     36     65    189    133    167     15      6    111    150    160    144    186    179     23     29     53     60     61    134     16      7    157     90     77     58     50     75    145      5    117    118    172     33     57    121     69    177    164    148    114    124   
 121     91    172     61    189   
 168     22      3     96    141     21    199   
  15    167     33     57    193     78    127     79    102     20    132     28    109      8    194    161     72    197     10    139    156     92     14     63    177    164    199     94     67    196    142    149      2    175    169     96    143    191     98    147    112     39   
  88    121     69    161    132     28     94     67    196    142   
  78    177    164    148   
  27     22     81     96    141     32     95    114    195     44    124    135    106      1    182      4     19     12     41    199    148    164    177    176     17    116    118    145     75   
   4    106     95    148    164    177    176     17    116    172     61   
  26    112    154      9    191    143     96    141     21    148     95    135    114      1    106    195    182     41    199    164    177    176     17    116    172     61    134   
  18      2    149    142    169    175    143    191     98    147    112     26    129   
  44    153     32     94     28     20    139   
 163    137     15   
 150     83    137    167     33     57    193     10     72     79    127    132     28    109     20    102    197    161    194      8     92    139    156     78     14     63    177    164    199     94     67    196    142    149      2    175    169     96    143    191     98    147    112     26    130   
  32    141   
  50    111    137    167     33     23    133    123     15    179     61     60    189    163     73     83    144     51    188    160     65     53    134    157     29      6     16      7    117    186     77     90    145    118    172     57    193     69    161     28     94     67   
  88     33    167    137     83     73    188     51    123    163     65     58     36    111    189    133     23      6    144    150    160     50     16     29     15     53    179     61     60      7     75    186    134    157     90     77      5    117    145    118    172     57    193     69    177    164    148    114    195   
  41    199    164    177    176    162   
 155     88    121     14   
  95    148    164    177     69    121     57   
 197    161    194   
  34     38    185   
   5     61    172     57    193    158   
 161     28     94    199     95   
 197     63    177    164    148    114    195     44    124    135     95    106      4    182      1     70    199     41     12    107     19    173    138    125     32    153    171     42    126    190     21     85     11     40     68     48     99     94     28     20    156     69    121     91    172     61     16     50     58   
  43    172     23   
 191     55     18     37     40     42     19   
  63    161     28     94     82     48     68     40   
 138    195    114    148    164    177    176     17     49    155   
 144     29    167     33     57    193     78    127   
 148     95    135    114      1    106    195    182     41    199    164    177    176     17    116    172     61    134   
  87     39    112    154      9    191    143     96    141     32     95    114    195     44    124    135    106      1    182      4     19     12     41    199    148    164    177    176     17    116    118    145     16   
  29    137     83   
  60     16    150     36   
  23     33     57    193     78    127     79    102     20    132     28    109      8    194    161     72    197     10    139    156     92     14     63    177    164    199     94     67    196    142    149      2    175    169     96    143    191     98    147    112     26   
 143    169    142    149      2    175    196    141     94     28    127     79   
  36     83    137    167     33     57    193     10     72     79    127    132     28    109     20    197    102    176      8    194    161    139     92     14     78    156     63    158     69    177    164    199     94     67    196    142    149      2    175    169     96    143    191     98    147    112     26    136    183   
 101     17    116    118    145     77    150   
 154      9    191     55     18     37     40     42   
 187    154      9    191     55     18     37     40     42    171   
 170     17     88   
  31     22     81     96     82     99   
 131     40     37    180      2    149    142    169    175    143    191      9    147    112     26    130     66   
  43     33     57    193     78    127    132     28    109     20     79    102    161    194      8     72    197     10    139    156     92     14     63    177    164    199     94     67    196    175    149      2    142    169     96    143    191     98    147    112   
  48      1     95   
  95    199    164    177    139   
  91    172     61     16     50     58   
  65    123    133    167     33     23     15    137    179     61     60    189    163     73     83    111      6    134    157     29    144     51    188    160    150     16      7    117    186     53     90    145    118    172     57    193     69    161     28     94     21   
 159    143     96     82     41    114   
  36    111    134    167     33     57    193     69   
  75     29    167     33     57    193     78    127    132     28     94     67    196    175    149      2    180    143    191     98    147    146   
 117     60    167     33     23    133    123     15    179    137    163     83     73    188     51    189    134     61    172     57    193     63    161     28     94     67    196      2   
  47     39    112    154      9    191    143     96    141     32     95    135    195     44    124    114    148    164    177    176     17    116    118    145      5   
  71     18     37     40     42   
 107    195    114    135    124    106     95    182      4     44     12     41      1    148    164    199    190    125    138    173     19    171    153     85     32     21     70     99     48    126     42     11     68     40     37    152     82     94     28     20    156    177     69    193     57    172     61    137     83   
  11     41     95    148    164    177    176     69    156    161     63    193     57    172     23   
   2    149    142    175    143    191      9    154   
 174     17   
  29    167     33     57    193     63    161    132     28     94     67    196    142   
 196    142   
  88     17   
 129     39    112    154      9    191    143     96    141     21    148    164    177     69    121     91    172   
 121     69    161   
  22      3     96    141   
  24    172     23   
  69     92     10   
  17    176      8    132     28     94    184    152    143   
 154    108   
 162    176      8    194     28     94    184    152     18   
 193     69    177    164    148     95   
  32    148    164    177     69    121     57   
  10      8    194     28     94     32    125   
 109     28     94    184    152   
   2     18   
  22    191     98    147    112     26    136   
 145     60    167     33     57    193     78    127    132     28     94     67    196    175    149      2    180     22     27     98    147    187   
 121     69    177    164   
 131     42     48     99   
 127     28     94     32    153    171   
 186    111   
  66     76     39    112    154      9    191    143     96     82     41    106    195     44    124    135     95    114    182      4     19     12    125      1    148    164    199    190     11    107    171    138    153    173     42    126     85     32     21     70     99     48     68     40     37    152    184     94     28     20    156    177     69    193     57    172     61    137     83   
  76     39    112    154      9    191    143     96    141     21    148     95    135    114      1    106    195     44    124    182     41    199    164    177     69    121     91    172    157    117   
  43    118     61    186   
   3    169    142    149    175    196    141     94     28    194   
  87     39    112     54      9    191     22    180   
 175    196     82     48     12    171   
 144    188   
 133     90    157   
   7    137     83     73   
  47     39    112    154      9    191    143     96    141     70   
  67     94     28    194   
  14    121     91    172     61    137    163   
 136     39    112    154      9    191    143    152     82     48     11   
  43     33    167    133    123     73    188     83    163    137     51     36     65    189     15     23    179      6    144     29     60     61    134    111      7    157    186     53     16     50    150    160     58     77     90    117     75      5    145    118    172     57    193     69    161     28     94     82    152     37   
  18      2    169   
 149    169     96    141     21    148    164    177    176     17     49    155   
 112    154      9    159    143    169    142    149    175    196    141     94     28    127   
  33     88     25    101   
 130     39    112    154      9    191    143    152     82    190     12   
  78    161     28     94     32    153   
   8    176     17     88   
 152     67     94     28    127     72   
 176    177    164    148    114    135     95    199      1    106    195     44    124    182     41     12      4     19    107    153    125     32     70     21    190    126    138    173    171     42     48     85     99    141     94     28     20    156     69    121     91    172     61    189   
 155     91     33    167    137    133     23    172     57    193     69    161     28     94     67   
 124    114    148    164    177    176     17    116    172     61   
 183     76     39    112    154      9    191    143     96    141     21    148     95    135    114      1    106    195     44    124    182     41    199    164    177    176     17    116    118     61      7   
  12    195    114    148     95    135    124    106      1    182      4     44     19    107    153    125     41    199    164    177    176     17    116    118    145     53   
 187    112     26    129   
  87     76     66    110    130     39    112    154      9    159    143    169    142    149    175    196    141     21    148    164    177    176     17    174   
  88     33     23      6   
  50     16     60    167     33     57    193     63    161    109   
  43     33     57    193     63    161    109   
 146    112     39   
  66     76     39    112    154      9    191    143     96     82     41    106    195     44    124    135     95    114    182      4     19     12    125      1    148    164    199    190     11    107    171    138    153    173     42    126     85     32     21     70     99     48     68     40     37    152    184     94     28     20    156    177     69    193     57    172     61    137     51   
 135     95    148    164    177     69    121     91    116   
 151     62   
 183     76     39    112    154      9    159    143    169    142    149    175    196    141     21    148    164    177    176    121   
 194    132    127    109     28     94     67    196    175    149      2    180     22     27     98    147    187   
  47     76     66    110    130     39    112    154      9    159    143    169    142    149    175    196    141     21    148    164    177    176     17     25   
 158     17    116    172   
  85    184    196   
  42     11   
  28    194   
 155     91     33    167    137    133     23    172     57    193     69    161     28     94     67   
 124    195    114    135      4    106     95    148    164    177    176     17    116    118    145     77   
 148    164    177    176     17    116    118    145   
 124    114    148    164    177    176     17    198   
  35    178     34     80   
 194     28     94    199   
  77    189     83     73    188    163    123    133    137     51     36     65     53     15    167     33     23    179      6    144     29     60     61    134    111      7    157    186     16    150    160     58     50     75     90    117      5    145    118    172     57    193     69    161     28     94     32    153    126   
 184    196      2    149    142    175    143    191     98     54   
  52    128     89    103   
  87     39    112     54     98     27    168   
 126    171   
 147      9    191    143     96    141     21    148    164    177     69    121     91     33   
  55     81     96    141     94     28   
  99    199    164    177    176     17    174   
  36    111   
 109     28     94     32     85   
 127    156    177    164    148    114    195     44    124    135     95    106      4    182      1     70    199     41     12    107     19    138    125     32     21    190    153    173    171     42     48     85     99    141     94     28     20     63     69    121     91    172     61     16   
  63    127    132     28     94     67    196    175    149      2    180    143    191      9    154   
  94     32    125   
 127    156    177    164    148    114    195     44    124    135     95    106      4    182      1     70    199     41     12    107     19    173    138    125     32    153    171     42    126    190     21     85     11     40     68     48     99     94     28     20    194    132    161     69    121     91    172     61     16    150   
 105     27     98     54   
  71     18     37     40     11    153   
  96    141     21    148    164    177    176    121   
  82    152    180     71    105   
 138     42     40     37    180      2    149    142    175    143    191     98     54   
 180    143   
  99    184    152    180     71     31   
  95     32    141    196    142    149   
  43    118    145     75   
  24    172     61     16     50     58   
 146    154      9    159    143    169    142    149    175    196    141     70    199    164    177    176    170   
   3     96    141     21   
 167    137     83     73   
 121     69      8     20   
  72     10    158   
 158     17    116    118    145     77   
 199     94     67    196      2    149    142    175    143    191     98     54   
  52    128     89     59     97     84   
   1     70     67    196    142    149      2    175    169     96    143    191      9    147    112     26    130     66   
 110     76     39    112    154      9    191    143     96    141     94   
 118    172    167    137    133     23     33     57    193     63    161    132     28     94     67    196    169   
  67     21    148    164    177     69    121     91     43    118   
  58     65     73    123     15    167     33     23    133    137    163     83    188     51    189    179     61      6    144     29     60    157    134    111      7    117    186     53     16     50     36    160    150     77     90    145    118    172     57    193     63    161     28     94    184    152    180     71    168   
 187    154      9    191    143    152     82    190     12   
  30     24    172     61    137    123   
 127     78    170     25   
 148     21     67    196    142    149      2    175    169     96    143    191     98    147    112     26    130    110   
 178     52    128     89     59     97     84   
 131     40     37    180      2    149    142    175    143    191     98    147    112   
  78    170     57    172    118   
   2     18     37     40   
 144     29     23   
 110     76     39    112    154      9    191    143     96     82     41   
 145    118    116     17   
  77     29     61   
  48     68     40   
  20     28     94    199    148   
  66     87     39    112    108   
  14    121     91    172    157    117   
 171     68     40     37    180     55   
  32    148    164    177    176     17     88   
 167     23    133    123     15    179    137    163     83     73    188     51    189     60     61      6    144     29    134    157    172     57    193     63    161    132     28     94    184    152    143    159     27   
  89    128     35    178   
 187     54      9    159     71   
 152      2    149    142    169    175    143    191     98    147    112     26    136    183   
  24    172    157    117   
 179     23     33     57    193    176   
 168    191      9   
  96    141     21    148     95    135    114      1    106    195    182     41    199    164    177    176     17    116    172     61   
  20     28     94     32    190   
  51    189     29   
  16    137    167     33     57    193     78    127    132     28     94     67    196    175    149      2    180     22     27     98    147    187   
  58    111    134   
 152     67     21    148     95    135    114      1    106    195     44    124    182     41    199    164    177     69    121     91    172    157   
  65     73    123     15    133    137     83    188    163      6    167     33     23    179    189     51     36    111    134     60     61     29    144      7    157    186     53     16     50    150    160     58     77     90    117     75      5    145    118    172     57    193     69    161     28     94     82    152     37   
  95     32    184    152    143    159   
  61    172     57    193    158   
  41    199    164    177     69   
 198    121     69    161     28     94    184    152     81   
 132     28     94    199     95    135    195     44    124    114    106      4    182      1    148    164    177    176     69    156    161    194    109    127     63    193     57    172     61     16     65   
  40     11     41     95    148    164    177    176     17     49   
  65    189     29   
 182    195   
  68     12    114    148    164    177    176     17    116    118    145   
 198    116    172     61    189   
 155    174   
  30     17    176      8    161   
 157    179    123     73    188     83    163     51     36     65    189    137    167    133      6     15     23     60     53    144    160     58    150    111    186     29    134     61      7     16     50     75     77     90    117      5    145    118    172     33     57    121     69    177    164    199    190     12    171   
  14     92    161     28     94    184    152    180     55   
   3    169    142    149    175    196    141     21    148    164    177    176     17   
  75     29    167     33     57    193     10     72     79    127    132     28    109     20    102    197    161    194      8     92    139    156     78     14     63    177    164    199     94     67    196    142    149      2    175    169     96    143    191      9    147    112     26     76   
  83    189     61    172     24    174   
  31     22      2    169    142    149    175    196    141     70    199    164    177    176    158   
  10    193   
  75    189    123     73    188    163    137    167     33     23    133      6     15    179     61     60     16    134    157     29    144     83     36     51    111      7    117    186     53     65    160    150     77     90    145    118    172     57    193     63    161     28     94    184    152    180     55   
 109     28     94     32      1   
  15    167     33     57    193     63    161   
   1    153     12   
  99    199    148     95    135    114      1    106    195     44    124    182     41     21     70     32    125     12      4     19    107    153    190     82     85    126    138    173    171     42     48    184     94     28    161     69    121     91    172    157    117   
 180      2    142    149    169     96    141     94     28    127    102   
  43     91    121     69      8    127   
 136     39    112    154      9    191    143     96    141     21    148    164    177     69    121     91     33   
 101    121     69    177    164    148    114    106   
 114     41     82    196    175    149      2    180     22     27     98    147    187   
 189    133    167     33     57    193     10     72     79    127    132     28    109     20    102    197    161    194      8     92    139    156     78     14     63    177    164    199     94     67    196    142    149      2    175    169     96    143    191     98    147    112     26    129   
  18    152     67     21    148    164    177    176     17     30   
 137    167     33     88    198   
  36    111     53   
 164    199     94     67    196    142    149      2    175    169     96    143    191     98    147    112     26     47   
   3     96     82     41   
  15    123     65   
   4    153     32    141    196    142    149      2    175    169     96    143    191      9    147    112     26     76   
 111     83   
  81     96    141     32     95    114    195     44    124    135    106      1    148    164    177    176     17    116    118    145     53   
 110     76     39    112    154      9    191    143    152     82    190     12   
   3    169    142    149    175    196    141     94     28     20     78   
 175    143    180   
  66     76     39    112    154      9    191    143    152     82    190     12     44   
 172    167    137    133     23     33     57    193     63    161     28     94     67    196      2   
 108      9    191    143     96     82     48   
  77    189     83     73    188     51    123    163     65     58     36    111    137    167    133      6     15     23    179     53     60     61     29    144    160     50    150     16    134    157      7     75    186     90    117      5    145    118    172     33     57    121     69    161     28     94     82     48     42    131   
 109     28     94     82     48     68   
  94     28     20     78   
  92    177    164    148    114    182   
  83     51   
  81     55    105   
  35    128     89     59     97   
  71     27     98    108   
 107    195    114    135    124    106     95    182      4     44     12     41      1    148    164    199    190    125    138    173     19    171    153     85     32     21     70     99     48    126     42     11     68     40     37    152     82     94     28     20    156    177     69    193     57    172     61    137     51   
 170     78     72   
  68     40     37    180      2    149    142    175    143    191     98    108   
  76     39    112    154      9    191    143     96    141     21    148     95    135    114      1    106    195    182     41    199    164    177    176     69    156    161     63    193     57    172     61    179   
  37    152     67     21    148    164    177    176    121   
 112    154      9    191    143     96     67   
 107     42     40     37    180     71   
 118     43    155   
 170     57    172    157   
 195    114    148    164    177     63   
 179    167     33     57    193     63    161    132     28     94    184    196    143    159     98   
   7     23     33     57    170     14   
  98    191    143     96    141     21    148   
  67     99    125    135    124   
 190    199    164    177     69   
  75    117    118    116     49   
 123    133    167     33     23     15    137    163     73    188     83    189     51     36     65     53    179     61      6    144     29     60    157    134    111      7    117    186     16     50    150    160     58     77     90    145    118    172     57    193     63    161     28     94    184    152     18   
 177    161    132     28     94     67    196    169   
  81    152   
  91    172    167   
 130     76     39    112    154      9    159    143    169    142    149    175    196    141     70    199    164    177    176    162   
 196    141     21    148     95    135    114      1    106    195    182     41    199    164    177    176     69    156    161     63    193     57    172     61     60   
 160    144     29     23     33   
  54      9    191    143     96    141     21    148     95    135    114      1    106    195     44    124    182     41    199    164    177    176     17    116    118    145     90   
  69    121     91    172    157      5     75   
   2    149    142    175    143    191     98    147    146   
 143    152     82    190     12      4   
  26    112    154      9    191    143     96    141     21    148     95    135    114      1    106    195     44    124    182     41    199    164    177    176     17    116    118     61    186   
  22     18   
 162     17    116    118     61      7   
   4    153     32    141    196    142    149      2    175    169     96    143    191     98    147    112     26     87   
 110     76     39    112    154      9    191    143     96    141     21    148    164    177    176     69    156    161     63    193     57    172    167   
 169     96     82     99   
   7    137     83     73    188    160     65     51    163    123    133     23     15    189    144     36     58    150    111      6    167    179     53     60     61     29     16    134    157    186     77     50     75     90    117      5    145    118    172     33     57    121     69    177    164    199    190     12    138   
 193     63    161     28     94    184    152    180     71   
 145      6    123     73    163    137     83    188     51    189    133    167     15     53    179     23     60     29     77     65    160    144      7    134     61    118    172     33     57    121     69    177    164    148    114    106   
  55     81     96    141     94     28    161   
  27     98    147   
 112    154      9    191    143     96    141     21    148     95    135    114      1    106    195    182     41    199    164    177    176     17    116    172     61   
  33    167    137    133     23    172     57    193     63    161    132     28     94     67    196    175   
  88     33    167    137     83   
  42     48    184    196    142    149      2    175    169     96    143    191      9    147    112     26     76   
 150     83    137    167     33     57    193     63    161    194   
 196    142    149    169     96    141     94     28    127     79   
 106     95    148    164    177    176     17     88   
 196    141     94     28    127    197   
  29     23     33     24    174   
  11     41    199    164    177   
 177    161     28   
 130     47   
 102    176     17    116    118    145     90   
 133    167   
   5    144     51   
 188    123    179     23     33     91   
 125     99     67    196    142    149      2    175    169     96    143    191     98    147    112     26   
  15     53    111   
  51    189     90   
 105     55     18     37     40     11     12   
 146    154      9    191    143     96     82     48   
   4    106     95    148    164    177    176     17    116    118     61      7   
 149    169     96     82    190     12    124   
 172     57    121   
  41     95    148    164    177     69    121     91   
 127    132     28     94     67    196    169   
 135     95    148    164    177    176    158   
 148    114     12    138   
 196     82     41    106   
 134    111    144   
 142    169     96    141     70    199    164    177    176    170   
 194     28     94     32     95    182   
  18    152     67     21    148    164    177    176     17     25   
  24     57    193     63    161     28     94     67    196      2   
 176      8    194     28     94    184    152    180     55   
  17     49    155   
  30     17    176    177    164    199     21   
 136     39    112    154      9    191    143    152   
 111     83     73    188    160     65     51    163    123    133    137    144    189     15    167      6     16    150     36     58     50     75     29    179     23     60     53    134     61      7     77    186    157     90      5    117    145    118    172     33     57    121     69    177    164    199    190     12    138   
 196    143    191   
 141     21    148    164    177     69    121     91    172   
  79     20    161   
  83    111     16   
   9    154    112     54     98    191    143     96    141     21    148    164    177     69    121     57   
 172    167    137    133     23     33     57    193     63    127    132     28     94     67    196    175    149      2    180    143    191      9    154   
  42    125    114    148    164    177    176     69    156    161     63    193     57    172    167   
 131     40     37    180      2    149    142    175    143    191     98     54   
  83    137    167     33     23    133    123     15    179     61     60    189    163     73    188     51    111      6    134    157    172     57    193     63    161     28     94     67    196   
 131     40     37    180    143   
   3    169    142    149    175    196    141     94     28     20     78   
 183     76   
 186    157    172     24     88   
 197     63    170     57    172    118   
  73    150     50   
  20    132     28     94     67    196    142    149   
 144     29    167     33     57    193     78   
  25    193     63    161    132     28     94    184    152    143    159     27   
  77     65     83   
 112    154      9    191    143     96     82     41    106   
  49    116    172    167   
 133     90    117   
  33     57    193     78    139   
 128     35    178     46   
 169    149      2    175    142    196    143    191     98    147    112   
 157    172     57    193     10    197   
  89    128     35    178     34   
  75     29    167     33     57    193     63    161    132     28     94     67    196    169   
  40     37    152    184   
 125    106   
 127    156     69    121     24     43   
 134    167     33     57    193     78     92   
 155     91    121     69    161    132     28     94     67    196    169   
  73    123    133    167     33     57    193     78     92   
  40     11    107    195    114    135    124     44      4    106     95    182     12     42    173     19    138    125      1    148    164    199     41    153    171     68    190     21     32     48    126     85     70     99     82     94     28     20    156    177     69    193     57    172     61     16    150    160   
  61    167     33     57    193     78    127    132     28     94     67    196    175    149      2    180     22     27     98    147    187   
 144    137    167     33     57    193     63    161    132     28     94     67    196    169   
 190     82    196    169   
 168     55     18     37     40   
  43    118    145     16    144   
 124    114     41     32   
 144     29     23     33     88     25    101   
 164    177    176     17     88   
 186     61    172     57    170     14   
  48     12    195   
 130     39    112     54      9    191    143     81   
  82     94     28    127     79   
 153     48    184    152   
 176      8    194     28     94    184    152     18   
 170     69    161     28     94     82     48     42   
   9     27    168   
  40     37    180      2    149    142    169    175    143    191      9    147    112     26     76   
   2     96    141     70   
  14     92    127    132     28     94     67    196      2    149    142    175    143    191     98     54   
  17    116    118    145     77     36    160   
  87     39    112    154      9    191    143    152     82    190     12      4   
  10     92   
  92    127     79    102     72     20    132     28    109      8    194    161    197     10    139    156     78     14     63    177    164    199     94     67    196    142    149      2    175    169     96    143    191     98    147    112     26    129   
 123    133    167     33     57    193     63    127    132     28     94     67    196    142    149   
 164    177    176     17   
 141    196    142    149      2    175    169     96    143    191     98    147    112     26     87   
  37    152     67     21    148    164    177    176     17     24   
 176      8    132     28     94    184    152    143    159     27   
  48    184    196    142    149      2    175    169     96    143    191      9    147    112     26     76   
  73     65     83    123    188    160     36     51    163    137    179    133    189    144    150     58    111      6     15    167     33     23     29     53     60     61     16     50     75      7    134    157    186     77      5     90    117    145    118    172     57    193     69    177    164    199    190    126     19   
 165     97     56    151   
 111    137    167     33     23    133    123     15    179     61     60    189    163     73     83    144      6    134    157    172     57    193     69    161     28     94    141   
 184     32     95    135   
 182     41     82    152    180     55   
  30     17    176      8    132     28     94     67    196    175    149      2    180    143    191     98    147    146   
  48      1    135    195     44    124    114     95    106      4    182     41    199    148    164    177    176     17    116    118    145     77   
  27     22      3     96    141     21    148     95    135    114      1    106    195     44    124    182     41    199    164    177    176     17    116    118     61    186   
  70    184    152    180     71     31   
  31     55     81     96     82     41    182   
  25     14     92    127    132     28     94     67    196    175    149      2    180    143    191      9    154   
 108      9    191    143     96    141     32     95    135    195     44    124    114    148    164    177    176     17    116    118    145     16    111   
 146    154      9    191    143     96     82   
 156    161     28     94     67    196   
 195    114    148    164    177    176   
 144     29    167   
 157    172     57    193     10     72     79    127    132     28    109     20    197    102    176      8    194    161    139     92     14     78    156     63    158     69    177    164    199     94     67    196    142    149      2    175    169     96    143    191      9    147    112     26    130     66   
  26    112    154      9    191    143     96     82     48   
 189    133    167     33     23     15    123     73    163    137    179     61     60      6    144     83    188     51    111    134    157     29     16      7    117    186     53     65    160     36     77     90    145    118    172     57    193     63    161     28     94    184    152     81   
  29    167     33     57    193     63    161    132     28     94     67    196    142   
 185     52   
 183     47     39    112     54     98     27    168   
  19     12    114    148    164    177    176    162   
  23      6    123   
 199    164    177    176   
 135     95    148    164    177    176    170   
  18      2    149   
 170     63    127    132     28     94     67    196    142    149   
 129     26   
  75    189    133    167     33     23     15    123     73    163    137    179     61     60      6    144     83    188     51    111    134    157     29     16      7    117    186     53     65    160     36     77     90    145    118    172     57    193     69    161     28     94     99   
  42     48    184    196    175   
 124      4   
  70    184    196    143    191      9   
 188    123    133    167     33     57    193     78    127    132     28     94     67    196    175    149      2    180     22     27     98    147    187   
 137    167     33     24     49   
 149    169     96     82     41    106    195     44    124    135     95    182      4     19    107     12    114    148    164    199      1    125    138    173    171     42    153    190     21     32     48    126     68     11     85     70     99    184     94     28     20    156    177     69    193     57    172     61     16    150    160   
 193     57    172     61     16     65   
 196    141     21    148     95    135    114      1    106    195     44    124    182     41    199    164    177     69    121     91    172    157    117   
  61    167     33     23    133    123     73    188    163    137     83     36     51    189     15    179    157     60      6    144     29    134    117      7    111     65    160    150     16    186     90     53     77     50     75    145    118    172     57    193     63    161     28     94    184    152    180     55   
 147     98     27    168   
 150     36   
  76     39    112    154      9    191    143     96    141     21    148     95    135    114      1    106    195    182     41    199    164    177    176     69    156    161     63    193     57    172     61     15   
  88    121     69    161    132     28     94     67    196      2    149    142    175    143    191     98     54   
  93     38    120    113     56     84   
  49     17    176      8    132     28     94     67    196    142   
 177    164    199    190    125   
  48    184   
 156    176     17     25   
  69    161     28     94     32     85   
 164    177    176    158   
 171    153     32    148    164    177    156   
  48      1    148    164    177     69    121     91    116   
 138    195    114    135    124    106     95    148    164    177    176     17    116    118    145     16    111   
 188    144     53   
  77     29    167     33     57    193     78    127    132     28     94     67    196      2    149    142    175    143    191     98    108   
 189     83     73    188     51    123    163     65     58     36    111    137    167    133      6     16    150    160    144    186     15     23    179     53     29     60     61      7     77     50     75     90    134    157      5    117    145    118    172     33     57    121     69    177    164    148    114    195   
  37     40     11     12   
  24    121    176     92   
  82    196    142   
 111      7   
 159    143    152     82    190     12      4   
 144     83     73    188    163    123    133    137     51     36     65    189     15    167    179      6    111     29     60     23     33     91    172     61    134     16      7    157     53     77    150    160     58     50     75    186     90    117      5    145    118     43    116     57    193     69    177    164    148    114    182   
  99     21   
  55     18     37     40     11    173   
   4    106     95    148    164    177    176     69    156    161     63    193     57    172     23   
  94     67    196    175    149      2    180    143    191      9    154   
 146    154      9    191    143    152     82    190     12     44   
 188     73    123     15    133    137     83     36     51    163      6    167     33     23    179    189     65    160    144     29     60     61    134    111      7    157    186     53     16     50    150     77     90    117     75      5    145    118    172     57    193     69    161     28     94     82    152     37   
  79     20     28     94     32      1   
  97     59     62    128   
  17    116   
  20    156    176     17     24   
 152     67     94     28     20    139   
  28     94    184    152    180     71    168   
 153     85   
  72     92   
  32    141    196    142    149      2    175    169     96    143    191     98    147    112     26    136    183   
  96    141     21    148     95    135    114      1    106    195    182     41    199    164    177    176     69    156    161     63    193     57    172     61     60   
 197    161     28     94    184    152    180     71   
 118    172     57    193     78    127    132     28     94     67    196    175    149      2    180     22     27     98    147   
  26    112    154      9    191    143     96    141     21    148    164    177     69    121     91    172   
 152     67     21    148    164    177    176    121   
  74    178     34   
 130     76     39    112    154      9    159    143    169    142    149    175    196    141     94     28    127     72   
  63    161     28     94    184   
  76     39    112    154      9    191    143     96     82    190     12    124   
  49     91     33    167    137    133     23     15    123    179     61     60    189    163     73     83    111      6    134    157     29    144     51    188    160     65     53      7    117    186     16     90    145    118    172     57    193     69    177    164    148   
 147    154      9    159    143    169    142    149    175    196    141     70    199    164    177    176    193   
 130     39    112    154      9    191    143     96    141     21    148     95    135    114      1    106    195     44    124    182     41    199    164    177    176     17    116    172     61     29   
 156    161     28     94    184    152    180     71    168   
  36    111    134     23     33     88     17   
  60    167     33     23    133    123     73    188    163    137     83     36     51    189     15    179     61      6    144     29    134    157      7    111     65    160    150     16    186     90     53     77     50     75    145    118    172     57    193     63    161     28     94    184    152    180     55   
 148     32    184    152     18   
 130     39    112     54      9    191    143     81   
 136     76     66    130     39    112    154      9    191    143     96    141     21    148    164    177    176     17     88   
  68    190    199    164    177    176     17     88   
  11     85    184    196    142    149      2    175    169     96    143    191     98    147    112     26    136   
 108    154      9    159    143    169    142    149    175    196    141     70    199    164    177   
  29    137     83     73    188    160     65     51    163    123    133     23     15    189    144     36     58    150    111      6    167    179     53     60     61    134     16      7    157    186     77     50     75     90    117      5    145    118    172     33     57    121     69    177    164    199    190     12    138   
 135    125    190   
 183     47     39    112    154      9    191     55     18     37     40     42    171   
  42     40     37    180      2    149    142    175    143    191     98    147    112   
  43     33     57    193     63     20   
 139    177   
   3     18     37     40    131   
  30     17    176      8    132     28     94     67    196      2    149    142    175    143    191     98     54   
  93     38    120    128   
 124    114    148    164    177    176    101   
 145    118     43   
   2     18     37     40    131   
 197     63    177    164    148    114    195     44    124    135     95    106      4    182      1     70    199     41     12    107     19    138    125     32     21    190    153    173    171     42     48     85     99    141     94     28     20    156     69    121     91    172     61     16   
  57    193     63    161     28     94    184    152    143   
  29    137     83     73    188    163    123    133     23     15    189     51     36     65     53      6    167    179    186     60     61    134    111    144    150    160     58     77      7    157     90     16     50     75    145      5    117    118    172     33     57    121     69    177    164    148    114    135   
  53    157    172     24   
  25    121     69    177    164    148   
  60     23     33     57    193    158   
 116     33    167    137    133     23    172     57    193     69    161     28     94     21   
  30     24    172     61    137     83     73   
 141     21    148    164    177    176    121   
  87     39    112    154      9    191    143     96     82     41    182    195   
  58     65    123    133    167     33     23     15    137    163     83     73    188     51    189    179     61     60      6    144     29    134    157      7    111    186     90     53     16     50     36    160    150     77    145    118    172     57    193     63    161     28     94    184    152    180   
 127     28     94    199    148   
 182     95    199    164    177     92     72   
  61    167     33     57    193     63    161    132     28     94    184    196    143    191      9   
  48     99     94     28    127    197   
 118    116     17    176    102   
  72     63    177    164    148    114    195     44    124    135     95    199      1    106      4    182     41     12    107     19    138    125     32     70     21    190    153    173    171     42     48     85     99    141     94     28     20    156     69    121     91    172    157      5     75   
 114    148    164    177    176     17     25   
  99     94     28     20     78   
 147      9    191    143     96    141     32     95    135    195     44    124    114    148    164    177    176     17    116    118    145     16    111   
  77     65     73    123     83    188    160     36     51    163    137    179    133    189    144    150     58    111      6     15    167     33     23     29     53     16     50     75      7     60     61    134    186      5     90    157    145    117    118    172     57    193     69    177    164    199    190     12     44   
  38    120    115   
  41     95    148    164    177     69    121     91    172    157    117   
 193     63    161     28     94     67    196   
  69      8    127   
  41     82    196    142    149      2    175    169     96    143    191     98    147    112     26     47   
  40     11    125    114   
  65    123    133    167     33     23     15    137    179     61    172     57    193     69    177    164   
 197    161     28     94    184    152     18   
  63    139   
   4    106     95    148    164    177    176     17    116    118     61      7   
 110     76     39    112    154      9    159    143    175   
  25     14     92    197     79   
  41     82    196    142    149      2    175    169     96    143    191     98    147    112     26    130    110   
 133    123     65     36   
 139    109    132    127     28     94    184    196    143    159     98   
 130     39    112    154      9    191    143    196   
 185    120     62     89   
 137    167     33     23    133    123     15    179     61     60    189    163     73     83    111     51    188    160     65     53    134    157     29      6    144      7    117    186     16     90    145    118    172     57    193     69    161     28     94     67   
 176    177    164    148    114    195     44    124    135     95    106      4    182      1     70    199     41     12    107     19    173    138    125     32    153    171     42    126    190     21     85     11     40     68     48     99     94     28     20    156     69    121     91    172     61     16    150   
 136     39    112    154      9    191    143     96    141     21    148    164    177     69    121     91     33   
  62    120     38   
 184     32     95    135    195     44    124    114    148    164    177    176     17    116    118    145     77   
  31     22      2    149    142    169    175    143    191      9    147    112     26    130     66   
  54      9    191    143     96    141     21    148    164   
  81     96    141     21    148    164    177    176     17     25   
  57    193     10     72     79    127    132     28    109     20    197    102    176      8    194    161    139     92     14     78    156     63    158     69    177    164    199     94     67    196    142    149      2    175    169     96    143    191     98    147    112     26    130    110   
 188     73    123     83     36     51    163    137    179    133    189     65    160     58    150    144      6     15    167     33     23     29    111     50     16     61     60     53    134    157      7     77    186     90     75      5    117    145    118    172     57    193     69    177    164    199    190     12     44   
  69    177    164    199    190    125   
  37    180      2    149    142    169    175    143    191     98    147    112     26    136    183   
  14    121     91    172     61    137    163   
  28    127   
  61    157   
  18     37     40     11     12   
  33     57    193     69   
 141    196      2   
 121    176     92   
 106     41     82    184   
  53     61    172     57    193   
 147    154      9    191    143     96    141     21    148    164    177     69    121     91    116   
  81     96    141     70   
 121     91    172    157      5   
  66     76     39    112    154      9    147    146    187    108     54     98    191    143    169    142    149      2    175    196    141     94     28    127     79   
 127     28     94    141   
  37    152     67     21    148    164    177    176    121   
 147    154      9    159    143    169    142    149    175    196    141     70    199    164    177    176    101   
  60    167     33     23    133    123     73    188    163    137     83     36     51    189     15    179     61      6    144     29    134    157      7    111     65    160    150     16    186     90     53     77     50     75    145    118    172     57    193     63    161     28     94    184    152    180     71   
 184     32     95    135    195     44    124    114    148    164    177    176     17    116    118    145     16    111   
   4    153     85    184   
 188    144     90   
 144    137    167     33     57    193     63    161     28   
 180      2    149   
 194     28     94     32     85   
  82    196    142    149      2    175    169     96    143    191     98    147    112     26     47   
 101    176      8    194     28     94    184     96   
 159     98    147   
 180     37   
 117    118     43   
  48      1    148    164    177    176     17     88   
 149    169     96    141     21    148    164   
 180    152     67     70    199    164    177    176    170   
  76     39    112    154      9    159    143    169    142    149    175    196    141     70    199    164    177     69   
  67     70    199    164    177    176    101   
 150     16     60     15   
 137    167     33     57    193     63    127    132     28     94     67    196      2    149    142    175    143    191     98     54   
 169     96     82     41      1   
 179     23     33     88     25    101   
 158     17    116   
 145    118    116     17    176     63   
 188     73    123     15    133    137     83     36     51    163      6    167     33     23    179    189     65    160    144     29     60     61    134    111      7    157    186     53     16     50    150     77     90    117     75      5    145    118    172     57    193     69    161     28     94     82    152     37   
  20    132     28     94     67    196      2    149    142    175    143    191     98    108   
 139    109     28     94     32    153    126   
  78    177    164    199      1   
  15    167     33     57    193     63    161    132   
 145     60    167     33     57    193     63    161    132     28     94     67    196    142   
 193     57    172     61     16     50   
   4    153     32    141    196    142    149      2    175    169     96    143    191     98    147    112     26     87   
 141     21    148   
   1    153     42   
  94    199   
  82    196    142    149      2    175    169     96    143    191     98    147    112     26     87   
 177    161    132     28     94    184    152    143    159   
  82     32   
 139    177    164    148   
  63    161     28     94     70   
  15    167     33     57    193     69   
 137      6   
 146    112     26    129   
 131     42     48     32    148    164    177    176     14   
 150     16     61    172     24     88   
  71     18    152     67     94   
 136     39    112    154      9    191    143     96     82   
  94    199     95    135    195     44    124    114    106      4    182      1    148    164    177    176     69    156    161     28    132    194      8     63    193     57    172     61     16    150    160   
   2     81   
 197    161     28     94    184    152    180     71   
 118    116     17    176      8   
 138    125     85   
 137    167     33     57    193     69    177   
  67     21    148    164    177    176     69    156    161     63    193     57    172     23   
 182     41     82    196    175    149      2    180     22     27     98    147   
 118    145     90   
   8     69    121     57   
 111    137    167     33     57    193     78    127    132     28    109     20     79    102    161    194      8     72    197     10    139    156     92     14     63    177    164    199     94     67    196    175    149      2    142    169     96    143    191     98    147    112   
  73    150     58   
   1     99    184    152    180     71   
  79    127    132   
  25    174   
 141     70    199    164    177    176    170   
 108    154      9    159    143    169    142    149    175    196    141     94     28     20    139   
  82     70    199    164    177    176    162   
 107    153     32     94     28    127     79   
  50     65    123    133    167     33     23     15    137     51    163      6    179     61     60    189     83     73    188    160    144     29    134    157      7    111    186     90     53     16    150     36     58     77    145    118    172     57    193     63    161     28     94    184    152   
 123    133   
 162    121     91    172     61    189     51    188   
 187     54     98     27   
  17     49   
  20     28     94     32    153    126   
 112     54     98     27   
 129     39    112    154      9    191    143     96     82     41      1   
  46     38    120   
  25    121     69    177    164    199    190     12    107   
  43    172     61   
 162    121     69    177    164    148    114    135   
 102     79    127    132     28     94     67    196    142    149   
  87     39    112    154      9    191    143     96     82   
 102     79   
 183     76     39    112    154      9    191    143     96    141     21    148     95    135    114      1    106    195    182     41    199    164    177    176     69    156    161     63    193     57    172     61    179   
   5    134    167     33     57    193     78    127    132     28     94     67    196    175    149      2    180    143    191     98    147    146   
 147      9    191    143     96     82     85   
 146    154      9    191    143     96     82   
 102    161     28     94     32    153    173   
  16    163     73   
  28     94    199     95    135    195     44    124    114    148    164    177    176     69    156    161    194    132    109    139     63    193     57    172     61     16    144   
 155     91     33    167    137    133     23    172     57    193     69    161     28     94     21   
  15    123     73    163    137     83    188     51    189    133    167    179      6    144     65    160     36    111     29     60     23     33     91    172     61    134     16      7    157    186     53     77    150     58     50     75     90    117      5    145    118     43    116     57    193     69    177    164    148    114    106   
  22      3     96    141     21    148     95    135    114      1    106    195     44    124    182     41    199    164    177    176     17    116    118     61    186   
  46     38    120     62    181   
 141    196    143    159     98   
  11     41     95    148    164    177    176     17    116    172     61     29   
 134     29   
  82     70    199    164    177     69   
  30     17    176    102     79    127    132     28    109     20     72    197     10      8    194    161    139     92     14     78    156     63    158     69    177    164    199     94     67    196    142    149      2    175    169     96    143    191      9    147    112     26     76   
   7    167     33     23    133    123     15    179    137    163     83     73    188     51    189     60     61      6    144     29    134    157    172     57    193     63    161    132     28     94    184    152    143    159     27   
  69    161    132     28     94     67    196    142   
 170     69    161     28     94     82     48     42   
 173     42   
  68    190    199    164    177     69    121     91   
 152     82     21    148     95    135    114      1    106    195     44    124    182     41    199    164    177    176     17    116    118    145     90   
  87    130   
 195    114    148    164    177      8    197     79   
 124    114    148    164    177     69    121     91     43    118   
 129     39    112    154      9    191    143     96    184   
  75    111   
 171     68     85    184    196    142    149   
 191    143    169   
  39    112    154      9    191    143     96     82     99   
  48      1     95    148    114    135    106     41    182    195     44    124     12      4     19    107    153    125     32    199    164    177    176     17    116    118     61    186   
  43     33    167    137    133     23    172     57    193     69    161     28     94     67   
  33     57    193     78   
  40     11     85     99   
 183     47     39    112     54      9    191     55     18     37     40   
  16     61    172     57    193    176   
 152    143   
 160    144     29     23     33     91   
 190     82    196      2    149    142    175    143    191     98     54   
  17    176   
 197     63    170     57     24    155   
  97     56    113    120   
  10      8    194     28     94     21   
  26    112    147   
  31     55     81     96     82     41    114   
 176    177    164    148    114    135   
 163    137    167     33     57    193     63   
 121     69    161     28     94     67    196      2   
  41    114    195     44    124    135     95    148    164    177    176     17    116    118    145     75   
 154    147   
 133    167     33     57    193     78    127    132     28     94     67    196    175    149      2    180     22     27     98    147    187   
 102    161     28     94    184    152    180     55   
 138    195    114    135    124    106     95    148    164    177    176     17    116    118    145     77   
 175    149      2    142    169     96    143    191     98    147    112     26     47   
 153     32     94     28    127    197   
  71     18    152     82     41   
  18      2    149    142    175    143    191     98    147    112   
  85    199    164    177     69    121     91    172   
  44    153     32    141    196    142    149      2    175    169     96    143    191     98    147    112     26     87   
 138     11     40     37    180      2    149    142    175    143    191      9    154   
 105     55     81     96    141     32     95    135    195     44    124    114    148    164    177    176     17    116    118    145      5   
 189     83     73    188     51    123    163     65     58     36    111    137    167    133      6     15     23    179     53     60     61     29    144    160     50    150     16    134    157      7     77    186     90    117     75      5    145    118    172     33     57    121     69    161     28     94     82     48     42    131   
 108      9    191   
   8    194     28     94     32    153      4   
  60    137   
 112    154      9    191    143     96     82   
 168     31   
 162     10      8    132     28     94    184    152    143    159     27   
 162     10      8    132     28     94    184    152    143    191   
  96    169    142    149      2    175    196    141     94     28    127     79   
  97     59    181   
  77     29     23     33     57    193    176   
   4    124   
  66     87     47   
 171    153     32     94     28     20      8   
 142    169     96    141     94     28    161   
  86    178     52    128    113     56   
 169    142    149    175    196    141     94     28     20     92   
  17    176      8    132     28     94     67    196    175    149      2    180     22     27     98    147    187   
  70     85     68     40    131   
  69    161     28     94   
 133    167     33     23     15    137     51    123    179     61     60    189    163     73     83    111    134    157    172     57    193     63    161     28     94     67    196      2   
  58    111    134    167     33     57    193     78   
  66     76     39    112    154      9    191    143     96    141     21    199   
 133    123     73    188     83    163     51     36     65    189    137    167     15      6    179     23     33     91    172     61     60     16    150    160     58    144     29    134    157      7    111     50     75     53    186     90     77      5    117    145    118    116     57    193     69    161     28     94     82     48     42    131   
 145     60    167     33     23    133    123     15    179    137    163     83     73    188     51    189      6    134     61    172     57    193     63    161     28     94     67    196   
  10    170     57    172    118   
 196     82     41      1   
  44    153     32    141    196    142   
  30     17    176    102     79   
  94     28    161     69    121     91    116   
  68     12    195    114     95    148    164    177    176     17    116    118    145      5   
 184     85   
  89    128     35    178   
 147    154      9    191    143     96    141     21    148    164    177    176     17     88   
 172    167    137     83     73    188     51    123    163     65     58     36    111    189    133     23      6    144    150    160     50     16     29     15     53    179     61     60      7     75    186    134    157     90     77      5    117    145    118     43     33     57    121     69    177    164    148    114    195   
  66     76     39    112    154      9    159    143    169    142    149    175    196    141     94     28     20   
  41     95    148    164    177     69    121     91   
  74    120     62    181   
  95    148    164    177    176     17     25   
  43    172     61    179   
 114     41     82    196    175    149      2    180    143    191     98    147    146   
  94    199     95    114    195     44    124    135    106      1    182      4     19     12     41    125    138    107    171    173    153     32    148    164    177    176     17    116    118    145     16   
 117     53    123     73   
  18    152   
 109    132    127     79    102     20     28     94     67    196    175    149      2    180     22     27     98    147    187   
  87     76     66    130     39    112    154      9    191    143     96    141     21    148    164    177    176     17     88   
  77     29    167     33     57    193     63    161    194   
 145      6    163     73    188     83    123    133    137     51     36     65    189     15    167     33     23    179     53     60     61     29    144      7    134    157    186    111    150    160     58     50     16     90     77     75      5    117    118    172     57    193     69    161     28     94     32    153     11   
  91    121     69    161    132     28     94    184    196    143    159     98   
  30     24    172     61    189     51    188   
  11     85    184    196    142    149      2    175    169     96    143    191     98    147    112     26   
 170     69    177    164    199      1   
 169     96    141     21    148    164    177     69    121     91     33   
  73    150     50   
  12     41     70     94   
   6    167   
  20     78    170    162   
  18     37     40     11     12    182   
 137    167     33     57    193     10     72     79    127    132     28    109     20    102    197    161    194      8     92    139    156     78     14     63    177    164    199     94     67    196    142    149      2    175    169     96    143    191      9    147    112     26     76   
  94    199    148   
  87     39    112     54     98     27    168   
  90    133    167     33     23     15    137    179     61     60    189    123     73    163      6    134    157     29    144     83    188     51    111      7    117    186     53     16     50     65     77    145    118    172     57    193     69    161     28     94     70   
   9    191     55     18     37     40     42   
  36    111    134     23     33     57   
 144    137    167     33     57    193     63    127    132     28     94     67    196    142    149   
 123    133    167     33     23     15    137     51    163      6    179     61     60    189     83     73    188    160    144     29    134    157      7    111    186     90    117     53     65     16    145    118    172     57    193     69    177    164    199   
  85      1    106   
 107    195    114    148    164    177    176    101   
 168    191     98    147    112     26    136   
 153      1    148    164    177    176     17     49    155   
 135      1     70     67    196    142    149      2    175    169     96    143    191     98    147    112     39   
 117     60    167     33     57    193     63    161    132     28     94     67    196    175   
  32     82   
  54      9    191    143     96    141     21    148     95    135    114      1    106    195    182     41    199    164    177    176     69    156    161     63    193     57    172     61     15   
  70    184    152    180     55   
 175    149      2    180     22     27     98    147   
 128     35    178     46   
 149    169     96    141     21    148     95    135    114      1    106    195     44    124    182     41    199    164    177     69    121     91    172    157    117   
 152     67     21    148    164    177    176     69    156    161     63    193     57    172     23   
 108    154      9    159    143    169    142    149    175    196    141     94     28     20    139   
 146    154      9    191    143    152     82    190     12    107   
  42     48    184    196    142   
 191    143    169    142    149    175    196    141     70    199    164    177    176    193   
 132     28     94    184    152    180     55   
 106     41     82    152   
  87     39    112    154      9    191    143    152   
 167     23    172     33     57    121     69    177    164   
 101    176      8    132     28     94     67    196      2    149    142    175    143    191     98     54   
 124     12     48    184    196      2   
  85    184    152    180     71    105   
 116     33    167    137    123     73    188    163      6    133     23     15    189     83     36     51    111    134    179     53     60     61     29    144      7    157    172     57    193     63    161     28     94    184    152    180     71    168   
 194     28     94    199     95    135    195     44    124    114    106      4    182      1    148    164    177    176     17    116    118    145     77     50   
 153     32     94     28     20    139   
  87     39    112    154      9    191     55     18     37     40     42    171   
 193     57    172    118   
 177    176     17     30   
 172     61    179   
  82    190     12   
  66     76     39    112    154      9    191    143     96    141     21    148     95    135    114      1    106    195    182     41    199    164    177    176     69    156    161     63    193     57    172     61    179   
 133    167     33     23     15    137    179     61     60    189    123     73    163      6    134    157    172     57    193     69    161     28     94    141   
 184     48     12    138   
 183     47     39    112     54      9    159   
  28     94    199     95    135    195     44    124    106    114    148    164    177    176     69    156    161    194    132    109    139     63    193     57    172     61    137     83   
 148     21     67    196    142   
 143     96    141     94   
  19     11     85    184    196    169   
 177    164    199     85     68     40    131   
  59     62    120     38     46     86   
  94    199     95    135    195     44    124    114    106      4    182      1    148    164    177    176     17    116    118    145     77     50   
   4    106     95    199    164    177     92   
  53    133    167     33     23     15    137    179     61     60    189    123     73    163      6    134    157    172     57    193     69    161     28     94   
  44    153     32     94     28     20     92   
  20    132     28     94    184    152    143    159     27   
 159    143    169    142    149    175    196    141     70    199    164    177    176    170   
  50     65     73    123     83    188    160     36     51    163    137    179    133    189    144    150     58    111      6     15    167     33     23     29     53     16     77      7     60     61    134    186     75      5     90    157    145    117    118    172     57    193     69    177    164    199    190     12     44   
 179    167     33     57    193     63   
  63    177    164    199    190     12     44   
 130     76     39    112    154      9    159    143    169    142    149    175    196    141     94     28     20     92   
 142    196    152   
 194      8     69    121     24     43   
 138    195    114     95    148    164    177    176     17    116    118    145      5   
 110     76     39    112    154      9    191    143     96     67   
 138    125     99     67    196    142    149      2    175    169     96    143    191     98    147    112     26    129   
 107    195    114    148    164    177    176     14   
  96     82     41    114   
 131     42     48     99     94     28    127     72   
  41     70     94     28     20     78   
  94     67    196    142    149      2    175    169     96    143    191     98    147    112     26    136   
 194     28     94    184    152   
  57    193    158   
 146    154      9    159    143    169    142    149    175    196    141     21    148    164    177    176    121   
  72    161     28     94     32    153     11   
   8    176    170   
 166     97     59     89   
  16    123    133    167     33     23     15    137     51    163      6    179     61     60    189     83     73    188    160     65     53    134    157     29    144      7    117    186    111    150     36     58     77     90    145    118    172     57    193     69    161     28     94     99   
  26    112    154      9    191    143     96    141     21    148    164    177     69    121     91   
   5     61    172     33   
 146    154      9    159    143    169    142    149    175    196    141     70    199    164    177   
 109     28     94     32    153     12   
  97    166   
 182     41     82    152    143    191   
 143    152     82    190     12    107   
 194      8    176     17     25   
  23     15   
 139     69   
   4    153    125   
   8    194     28     94     32    153    171   
  51    137    167     33     57    193     10    197     79   
 184    196    142    149      2    175    169     96    143    191     98    147    112     26    136    183   
 142    169     96    141     21    148    164    177     69    121     57   
 196    141     70    199    164    177    176     14   
 130     39    112    154      9    159    143    169    142    149    175    196    141     70    199    164    177    156   
  10    193     57    172     61     90   
  11    125    114   
   3     22     27   
  28     20     78     14    101   
  19     12    114    148    164    177    176     17   
 145     16   
  19     12    114    148    164    177    176     14   
 180      3   
  54    112   
  19     12    114    148    164    177     69    121     91    172   
 162    121     91    172     61    179   
  83    188   
  14     92    161     28     94     67    196   
 153      1     95    148    114    135    106     41    182    195     44    124     12      4     19    107     11    125     32    199    164    177    176     69    156    161     63    193     57    172     61      6   
 111     83     73    188    160     65     51    163    123    133    137    144    189     15    167      6     16    150     36     58     50     75     29    179     23     60     53    134     61      7     77    186    157     90      5    117    145    118    172     33     57    121     69    177    164    199    190    126     19   
 148     21     67    196    142    149      2    175    169     96    143    191     98    147    112     26     47   
 176    156   
 154      9    191    143    152     82     48    126   
 184     85     41   
  58     77    145    118    116     49   
  47     39    112     54   
 161     28     94    199     95    114   
 190     82    152    143    159   
  90    133    167     33     23     15    123     73    163    137    179     61     60    189     83    188     51    111      6    134    157     29    144      7    117    186     53     65    160     36     77     16    145    118    172     57    193     63    161     28     94    184    152    180     22   
 159    143    169    142    149    175    196    141     94     28     20     63   
 182     41     82    152   
  36     73    123     83    188    160     65     51    163    137    179    133    189    144      6     15    167     33     23     29    111    150     58     50     16     60     61    134     53      7    157    186     77     75      5     90    117    145    118    172     57    193     69    177    164    148    114     12      4   
  17    176    177    164    199     99     82   
 116     17    176     63   
 125    114    148    164    177     69    121     91     43    118   
  47     39    112    154      9    159    143    169    142    149    175    196    141     94     28    194   
 106      4     44   
 179    123     65    160   
  15     23     33     57    193    176   
  51    137   
 154      9    159    143    169    142    149    175    196    141     94     28     20     92   
  98    147    112     26    130    110   
 162     10     72     79    127    132     28     94     67    196    175    149      2    180     22     27     98    147    187   
 159     55   
  26    112    154      9    191    143    152     82     48    153   
 167      6    144    160   
 134    167     33     57    193     63    161    132     28     94    184    196    143    159     98   
 193     57    116     43   
  53     61    172     57    193   
