 142     71    100    124    135    110     22    133     73     54    102     60     62   
  24    138     85    193    106     20    180     22     48     51    133     73      2     54    102    156    164     78   
 152    185     93     26    193    123     57     43   
  96    120      5     81     10    109     77    102     54     73   
  40    109     10     81    143    113   
  75     18     72   
  17    112    134     82      5     81    143     16    191    148     53    139    187    120    137    166    161    163     49     66    108    113     61     64     90     29     42     63     77    102     54     44    157     79     73    133    181     39     68    190    132   
  40     77     63     42     10    109    101    102     54     44    157     79     73    133    181     39     68    190    178     88   
  85    193    106     20    180     22     48     51    133     73      2     54    102    156    164     90   
 190      3    145   
 192     29     81      5   
 161     82      5     81     10     42     63     77    102     54     79     44    157     73    133    181     39     27   
  13    137      5     81     10    109     28     40    102     54      2    157     44    128     73    133    180     51     22     48    110     20    181    135     55    146    106     37     19    185    152     14    171      1    173    174   
  13    137      5     81     10    192   
  24    138     85    193     26     19    185    152     14    171      1   
 192     89    159   
  27    145     47     87    183    194    107    155     38    168    196     84   
  87     47   
   4     76     72    174    173      1    171     14    152    185     93     26    193    170    103   
  21     42     63   
  89     62     40   
  18     91    173      1    141    165    149    130    129    162    140    171     14    152    185     93     37     27     32   
 150    137      5   
 103     97    146    110     22   
 184     85    193     27    146     48   
 113    143     81     21     62     40     28    102     54      2    157     44    128     73    133    180     51     22     48    110     20    181    135     55    146    106     37     19    185    152     14    171    140     52    175     75   
  89     62    144   
   1    171     14    152    185     93     26    193    123   
 152    185     93     26    193     32    194     87   
 101     63     42     10    109     77    102     54     79     44    157     73    133     48     39     32    103   
  28    109     10     81    143   
 147    178     88   
 143      5     81     10     42     63     77    102     54     44    157     79     73    133    181     20    106     37   
   9     63   
  49    166    143     81   
 188    145    107      6    186     71    142   
 154    140    171     14    126     58    152    185     93     26    193     85    184     88   
 149      1    171     14    126     58    152    185     93     26    193    123     57     43   
  30     63     77     42     10    109    101    102     54     73    133    181     20   
 136    103    183   
  35    176     85    193     26   
 185     19     37     27     39    155     38   
  53    161     16      5     81     29   
 123    193    106     20    180     22     48     51    133     73     54    102    156    164    159   
 144     42     10     81      5     82    148     16    143    191    134     66    187    120    137    166    161     53    139    163    112    113     61     64     90     29    192     63     77    109    195     33    156    101    102     54     73    133     48     39    155   
 155    146    106     37     19    185    152     14    171      1   
 184     85    115   
 142    158    196   
  26    106     39    155      6   
   4    160     46     72    174     91    173    165    175    167     25     50     76     18    153     12    141      1    149    154     52    162    140    129    171     14    152    185     19     37     27     20    180     22     48    135    124    100     71    179      6     65    110     51    133     73      2     54    102    195     29     90    105   
  26     19    185    152     14    171      1    173     12   
 175    165    141      1    171     14    152    185     93   
 136    193    106     37     19    185    152     14    171      1    141   
  14    152    185     93     26    193     32    194   
  56     37     19    185    152     14    171    140     52   
 136      3    145    155     38   
  82      5     81    143     16    191    148    134    120    137    166    187     53    161    113    189     64     90     29     42     63     77    109    192     10    122      9    195    101    102     54     73    133     48     39    155   
  30    122      7    189    113     41   
  37     27    145    107      6    186   
  93    185    152     14    171      1    173    153   
  33    195    102     54   
 103    132    176     34   
 103     68     56   
 117    150     13   
 109     28   
  50     25     72    174     91    173    165    175     12    141      1    149    154     52    140    129    171     14    152    185     19     37     27    145    155   
 161    113     61     64   
  43    178    103     97    146    110     22    133     73     54    102    109   
 102     42     29     81    143    166    161   
  89      7     61    113    148   
  82    187     53   
   2     79     73    133    181     39     68    190    123   
  31     28     40    197    144    102     54      2    157     44    128     73    133    180     51     22     48    110     20    181    135     55    146    106     37     19    185    152     14    171    140     52    175    169   
 171     14    152    185     93     26    193      3   
 145     39    181   
 122    192     63     77    102     54     44    157     79     73    133    181     39     56    193     85    138   
  37    106     20    180     22     48     51    133     73      2     54    102    195     10   
 108    161   
  58    152    185     19     37     27     39     48      6    100   
 130    141    173     91    174    165    149     12     18     72     46     25     23    175    154    140      1    171     14    152    185     19     37     27     39   
  12    141      1    171     14    126     58    152    185     93     26    193     85    184     88   
  85    193    106     20    110   
 151     94    167    153    173    141   
 115    193    106     20    181    133     73     79   
  73    133    181     39    188   
 177    160     25     72    174    173      1    171     14    126     58    152    185     93     26    193    123    132   
 156    164     89   
 141      1    171     14    152    185     93     26    193    190   
  28     63     42     77    102     54     44    157     79     73    133    181     39     68    190     85    184   
  71    186     38    107     97    193     85   
 153    173      1    171     14    126     58    152    185     93     26    193    147     95   
  86     62    197     40     28     60     30    144    102     54      2    157    128     73    133    180     22     48     51    181    110    135     55     20    106     37     19    185    152     14    171    140    154    175    167     94     80   
  21     81      5   
 116    186     38    155    146    199     26     19    185    152    126   
  81    164   
  21     62   
 102     54     73   
 145     27     37     19    185    152     14    171    140    162   
   6    155     68   
 118      9     77    102     54      2   
 136      3     27     20    180     22     48     51    133     73     54    102    156     30   
  84     59    186    124    135    110     22    133     73     54    102    156   
 196    168     38    155    146    106     37     19    185    152   
  54     79     44     73    133     48     39    145   
 108    120      5     81    143    134     16    137     82    148    191    113    161    187    166    150     64     90     29     42     63     77    109    192     10    122      9    195    101    156     33     30     31    102     54     73    133     48   
  39    107     38    168    158   
  69     46     72    174    173      1    141     91     18     12    165    149    130    129    162    154    175     52    140    171     14    152    185     19     37    106     20    181    133     73     79   
 118    131     64    137    166     66   
  62     21     33   
 158    168     38    135    110     22   
  47    145     27     37     19    185    152     58   
  78     33    195     63     77    102     54     79     44    157     73    133    181    146    199   
 152    185     19     37     27    146     48   
 115    193    106     37     19    185    152     14    171      1    173    153    175   
 162    154    175    167   
 136      3     27     20    180     22     48    133     73     54    102     60    197   
  18     91    173      1    141    165    149    130    129    162    140    171     14    152    185     93     37     27     97   
  16      5     81     21     30   
  58    152    185     19     37    106     20    180     22     48     51    133     73      2     54    102    195     29   
 160     25     72    174    173      1    171     14    152    185     93     26    193    147   
 162    173     91    174     72     46     25     18     12    165    141      1    149    154    175    167    153     52    140    129    171     14    152    185     19     37     27    146     55   
 198     30     63     77     42     10    109    101    102     54     73    133    181    146   
 188    106     37     19    185    152     14    171    140     52    175    169   
  38    135    110     22    133     73      2     54    102     63   
  75    175    165    141      1    171     14    152    185     93     26    193    115   
  34    176    123    170   
 105     64   
 149     91     18     76     69   
 130    171     14    152    185     93     26    193    123   
 137      5     81    143     82    148     16    113    191    134     66     53    139    187    120     96    161    163     49    166    150     64     90     29     42     63     77    102     54     79     44    157     73    133    181     39     68    190    136   
 137    105     78   
  64    143      5     81    164    195     63     77     42     10    109    101    102     54     79     44    157     73    133    181     39     32    170   
  81      5     82    148     16    143    191    134     66    187    120    137    166    161     53    139    163    112    113     61     64     90     29     42     63     77    102     54     44    157     79     73    133    181     39     68    190     85   
 152     14    171      1    173   
  52    173     91    141      1    171     14    152    185     93     26    193     32    194   
  76     72    174    173      1    171     14    152    185     93     26   
  49    166    143     81     21     62     40   
 174    173      1    171     14    152    185     19   
  19    185    152     14    171      1    173    165   
  64    137    166   
  95    190    193    106     37     19    185    152     14    171      1    173   
 189    113    161   
 158    168     38    135    110     22    133     73     54    102     31   
  68    199     26   
 110     22   
 110     20    106     37     19    185    152   
 122    192     63     77     42     10    109    101    102     54     79     44    157     73    133    181     39     32    103    147   
   5     81     10    195   
  72    174    173      1    141     91     18     12    165    149    130    129    162    154    175     52    140    171     14    152    185     19     37     27     39   
  28    109     10     81    143    166    112   
 162    154    175    167   
   8     15   
 145    155      6   
 167     94     92   
 187     82      5     81    143     16    191    148    134    120    137    166    161     53    139    163     66    108    113     61     64     90     29     42     63     77    102     54     44    157     79     73    133    181     39     68    190    132   
 156    102     54      2    157     44    128     73    133    180     51     22     48    110     20    181    135     55    146    106     37     19    185    152     14    171      1    173    174   
 131     29     42     63     77    102     54     44    157     79     73    133    181     39     68    190     85    176   
 123     57    182   
  18     91    141      1    171     14    126     58    152    185     93     26    193     85    176   
 182    178    115    193     56   
  77     28     40    197    144    102     54      2    157     44    128     73    133    180     51     22     48    110     20    181    135     55    146    106     37     19    185    152     14    171    140     52    175    169   
  77     63     42     10    109    101    102     54     79     44    157     73    133    181     39     68   
 196     59    186     38    107    183   
  26    106     39    107      6    179     71   
  97    106     37     19    185    152     14    171      1    173     12   
 103     97     27   
  38    155    146    106     37   
  50     25     18     12    149   
 192    101    102     54   
 113     82      5     81    143     16    191    148    134    120    137     61     64     90     29     42     63     77    102     54     79     44    157     73    133    181     39     68    193   
 101     42   
 170    188    146    110    133     73     54    102   
 164    195     63     77     42     10    109    101    102     54     73    133    181   
  37     19    185    152     14    171      1    173    153     23   
 179    124    135    110     22    133     73      2     54    102    195   
 169     18    174     91    173    165    175     72     46     25     23     76    160    177     50     94    167    153     12    141      1    149    154     52    162    129    171     14    152    185     19     37     27    145    107      6    179     71    127   
 182    184     34    138     85    193     26     19    185    152     58   
 126    152    185     93     26    193     32    194     87   
  70    152    185     19     37    106     20    180    133     73    128   
  13    137    105    131    118     62     60   
  72    174     91    173    165    175     12    141      1    149    154     52    162    129    171     14    152    185     19     37    106     20    180    133     73    128   
 118      9     63     77     42     10    109    101    102     54     79     44    157     73    133     48     39     32    103   
 138     85    193     27     20    180     22     48     51    133     73      2     54    102    195     29     81   
  63    156   
   7     78   
  89    192     63     77    102     54     44    157     79     73    133    181     39     68    190    178     35   
 165    175     75   
  33    118     62    197     40     28    144     60     30    198    159     86      9     31    102     54      2    157    128     73    133    180     22     48     51    181    110    135     55     20    106     37     19    185    152     14    171      1    173    174     72     76    160   
 130    141     91    174     72     46     25     18     12    165    173      1    149    154    175    167    153     52    140    129    171     14    152    185     19     37     27    146     48   
  33    156    144     40   
 166     82      5     81    143     16    191    148    134    120    137     61    113    161    187     53     66    108     96    150     64     90     29     42     63     77    195     10    122    192    109    101    156     33      9     31     30     21     78    105    189    117    131    164     62     86      7     89    118    159    198    197    144    102     54     73    133     48    135   
  10     42     63     77    102     54     79     44    157     73    133    181    146    199   
  37     19    185    152     14    171    140    154    175    167     94     92   
 182    178    115    193    106     20    180    133     73    128   
 152     14    171    140     52    175    169   
  44     73    133     48      6    107    194   
  47    145     32   
  64    143      5     81    164    195     63     77     42     10    109    101    102     54     79     44    157     73    133    181     39     97   
  12    174     72     46     25     18     91    173    165    175     75    153    154    141      1    149     52    162    129    171     14    152    185     19     37     27    146     48   
 123    193    106     20    180     51   
  54     79     44    157     73    133    181     39     68    190   
 180     20     56    193    123    178   
 131    118     62    144   
 140      1    173     91    141    130    149    165    174     12    154    162    129    171     14    152    185     93     26    193     32    194     87   
  92     46     72    174    173      1    171     14    152    185     93     26    193   
 160     25     72    174    173      1    171     14    126     58    152    185     93     26    193     85    138     34   
  40     77     63     42     10    109    101    102     54     79     44    157     73    133    181     39     97   
 185    152     14    171    129   
 191    143     81     10    192   
 178    103    194    107      6    179   
  73    133    181     39     68    193   
  20     27     97   
  26     19    185    152     14    171      1    173    174     72     76   
 190     95    182   
 159      7    189    113    112     49   
  77     63     42     10    109    101    102     54     79     44    157     73    133     48     39     32    103   
  56     20    180     22     48     51    133     73      2     54    102    156    164     90   
 116     59    196     84    158    168     38    107    183    170    132   
  52    141   
 104    175    165    141      1    171     14    152    185     93     37    199   
 198     30     63     77     42     10    109    101    102     54     79     44    157     73    133     48     39     32   
 187     82      5     81    143     16    191    148    134    120    137    166    161     53    139    163     66    108    113     61     64     90     29     42     63     77    102     54     44    157     79     73    133    181     39     68    190     85    184   
  40     62     89      7    117   
   6     48     20    106     37     19    185    152     70   
  41    166     82   
  49     53    148     82      5     81    143     16    191    134     66    187    120    137    166    161    163    139    112    113     61     64     90     29     42     63     77    102     54     79     44    157      2     73    133    181     39     68    190    123   
  21     42     63     77    102     54     79     44    157     73    133     48     39     32    103     95   
  78     33    195     63     77     42     10    109    101    102     54     79     44    157     73    133    181     39     32    103    178   
 179     38    155    146    199     37     19    185    152     58   
  81     10    195   
 184     85    193    106     37     19    185    152     14    171      1    173    165   
 168     38     65     55   
 122     81    143    134    148   
  51     48      6    186   
 146    199     26     93   
 149      1    171     14    126     58    152    185     93     26    193    123     57   
  87    183      3    199     26   
 162    173     91    174    165    141     12     18     72     46     25     23    175    154    149      1    171     14    152    185     19     37     27    145    155   
 183    194   
 180     20     27     97   
 113     61   
 133     48     65   
   7     81      5     82    148     16    143    191    134     66    187    120    137    166    161     53    139    163    112    113     61     64     90     29     42     63     77    102     54     79     44    157     73    133     48     39     32   
 122     81    143     82   
  10     81     64    150     41   
  31    192     29     81    143    134    187   
 105     81     10    109     77    102     54     79   
 151    160     25     72    174    173      1    141    165     91     18     12    149    130    129    162    140    171     14    152    185     93     26    193     32    194     47   
 189    137      5     81     10     42     63     77    109    192    195    101    156     33      9     31     28    102     54     73    133     22   
  66    166    143     81    164     86   
  55     51    133     73     54    102     28   
  53    161     16      5     81     21     62    197     40     28     60     30    144    102     54      2    157    128     73    133    180     22     48     51    181    110    135     55     20    106     37     19    185    152     14    171      1    173    153    167     94    177   
 148     82      5     81    143    191    134     66     53    139    187     16    137    120    161    163     49    166    113     61     64     90     29     42     63     77    102     54     79     44    157     73    133     48     39     32    103   
  61      7    164    156     31   
  82      5     81    143     16    191    148    120    137    134     66    161    113    187     53    139    166    150     64     90     29     42     63     77    109    192    195    101    102     54     73    133     48     55   
 197    144     63     42     77    102     54     79     44    157     73    133    181     20    106   
 152    185     19     37    106     20    180     22     48     51    133     73      2     54    102    156     21   
  96    137      5     81   
  21     42     63     77    109    192    195    101    102     54     73    133     48     55   
 147    103    145    155      6    124   
 118     29     81      5     82    148     16    143     64    137    191    134     66    161    120    113    187     53    139    166    150    105     90     33     10     42     63     77    195    192    122      9    109    101    156     21     30     31    102     54     73    133     48    135   
  59    186    124    135    110     22    133     73     54    102     60     62    198   
 122    192     63     77    102     54     44    157     79     73    133    181     39     68    190    178     35   
  43     88   
 153    173      1    141    165     91    174     12    149    130    129    162    140    171     14    152    185     93     37     27     32   
  50     25     18     12    149      1   
 161     16      5     81     10     42     63     77    102     54     79     44    157     73    133    181    146    199   
 181     39    145     47     87   
  43    178    103    145     39     48     65   
  76     72    174     91    173    165    175     12    141      1    149    154     52    162    129    171     14    152    185     19     37    106     20    181   
 189    113    120   
  58    152    185     93   
   6    107    183    103    178   
 196    168     38    155     97   
 129    141    173     91    149      1    171     14    152    185     93     37     27    188   
 109     63     77    102     54     44    157     79     73    133    181     39     68    190     85    184   
 169    175    165    141      1    171     14    126     58    152    185     93     26    193    123    178   
  26    193     32    194     87    183     47    107    155     38    168    196     84   
 168     38    155    146    106   
 128     79     44    157     73    133    181     39     97   
 118      9     63     77     42     10    109    101    102     54     79     44    157     73    133    181     39     68    190   
 199     37     19    185   
  86    192     63     77    102     54     79     44    157     73    133    181    146    199   
  20    110   
 118      9     63     77     42     10    109    101    195     29    192    156     31     28    102     54     73    133    180   
 187     16      5     81     10    109     77    102     54     44   
 186     38    107   
 160     25     72    174    173      1    141    165    149    130    129    162    140    171     14    152    185     93     37     27   
 152    185     19     37     27    145    107      6    179     71   
  68    199     26     93   
 168     38    135    110     22   
  38    155     68    188   
  47    107     39    181   
  93     26    193     85    184   
 187    161   
 101    192     29     81    143     82   
  47    107      6     65   
 153    104   
  84    196    168     59    158    142    116    186     38    107    183    103     95   
 164    195     63     77     42     10    109    101    102     54     73    133    181   
  72    174    173      1    141    165    149    130    129    162    140    171     14    152    185     19     37    106   
  80    160     25     72    174    173      1    141    165    149    130    129    162    140    171     14    152    185     93     37     27     68   
 168     38     65    110     51   
  16      5     81     10    109     77    102     54     79   
 168     38    135    110     22    133     73     54    102     40   
 179    124    135    110     22    133     73      2     54    102     63   
 136     95   
 120     82    148    191     16      5     81    143    134     66     53    139    187    161    163     49    166    137     64    105      7    164    195     63     77    102     54     44    157     79     73    133    181     39     68    190    178     35   
  80     50     25     72    174    173      1    171     14    126     58    152    185     93     26    193     85    176   
 159     10    156   
   2     79     73    133     48     39     32   
 105    131    118     62     40   
 175     52    162   
  85    193     26     19    185    152     14    171    140    162   
 197     40    102     54      2   
 108    137    105    131    118     62    197     40     28     60     30    144    102     54      2    157    128     73    133    180     22     48     51    181    110    135     55     20    106     37     19    185    152     14    171    140    154    175    167     94     80   
 140    154    175    167     76   
  58    152    185     93   
 140    149     91    174    173      1    141    165    175     12    154    162    129    171     14    152    185     19     37     27    146   
 141    173     91    149      1    171     14    152    185     93     37     27    188   
 115    103    194     87    183     47    107    155     38    168    196   
  12    141      1    171     14    152    185     93     26    193    136   
  43     95    103    194    107      6    186     71    142   
  21    122   
 112    134    143      5     81    164    192     42     63     77    109     10     29    195    101    156     33      9     31     28    102     54     73    133     48   
  18    174     91    173    165    175     12    141      1    149    154     52    162    129    171     14    152    185     19     37     27    145    107     38    168   
 169    175    165    141      1    171     14    126     58    152    185     93     26    193    147     95   
 103     97    146    110     22    133     73     54    102     40   
 179     38    155     68    199   
 105    137    191   
  61     64     81   
  52    153   
  33     29   
 187     16      5     81     10     42   
  20    106     37     19    185    152     14   
 118      9     77    102     54     44   
  63    192     29   
 169    153    173      1    171     14     70   
   5     82    148    191     16    134     66     53    139    187    120    143     81     29     42     63     77    109     10    122    192    101    195     33    156    102     54     73    133     48      6    107     47   
 194     87   
 126     14    171      1    173    174     72     76   
 123    193     26     19    185    152     14    171    140   
  79    128     44    157     73    133    181     39     68    190   
 188    146    110   
  71    186     38    107    145   
 155     32    103    178   
 179      6   
  62    192     42     63     77    195     10     81      5     82    148     16    143     64    137    191    134     66    161    120    113    187     53    139    166    150    105     90     29    156    109    101      9     33     78     21     30     31    102     54     73    133     48    135   
  87     47    107    194    183    103    145    155     38    168    196   
  33    195     63     77    102     54     44    157     79     73    133    181     39     68    190    178     88   
 135    124    179   
 193    190   
 162    173    165   
  71    186     38    107    183    103    178     57   
 198     30     63     77     42     10     81      5     82    148     16    143    191    134     66    187    120    137    166    161     53    139    163    112    113     61     64     90     29    192    109    101    195     33    156    102     54     79     44     73    133     48     39    145   
  38     65    110    133     73     44   
  28    109     10     81     64   
   1    171     14    152    185     93     26    193    123   
   1    173     91    141    130    149     12    165    174     72     46     18    175    154    140    129    171     14    152    185     93     37     27   
 101    192     29     81    143    134     66    163   
  10     42     63     77    102     54     79     44    157     73    133     48     39     32    103     95   
  12     18     76      4    151   
 193     85    138   
  22     48      6    107   
 144     30    122     90   
   4     76     23   
 124     65    181   
 130    141     91    174     72     46     25     18     12    165    173      1    149    154    175    167    153     52    140    129    171     14    152    185     19     37    106     20    180    133   
  23     72    174    173      1    141    165     91     18     12    149    130    129    162    140    171     14    152    185     93     26    193     32    194   
 130    141     91     18     46   
   5     16   
 150    105    131     89   
 135     55     39     97   
   9     30   
  93     37     27    146     55   
 134    161   
  56     39    155      6   
 184    138     34     24    176     85    193    106     37     19    185    152     14    171    140     52    175     75   
 141    173     91    174    165    149      1    171     14    152    185     93     37     27     32   
  84     59    186    179   
  67     74     98     36   
 137      5     81     10    109     28   
 119    150    105    131    118     62    197     40     28     60     30    144    102     54      2    157    128     73    133    180     22     48     51    181    110    135     55     20    106     37     19    185    152     14    171      1    173    153    167     94    177   
 156    195   
  60    101   
 193     32   
 136      3     27     20    180   
  75    175     91    173      1    141    165    174     72     46     25     18     12    149    130    129    162    154    153     52    140    171     14    152    185     93     37     27    145    107   
 119    187     82      5     81    143     16    191    148    134    120    137    166    161     53    139    163     66    108    113     61     64     90     29     42     63     77    102     54     79     44    157     73    133    181     39     68    190   
 151     94    167    153    154    140    129   
  90     21    156    102     54      2    157     44    128     73    133    180     51     22     48    110     20    181    135     55    146    106     37     19    185    152     14    171      1    173    174   
 189    113    187   
  90     81      5     82    148     16    143     64    137    191    134     66    161    120    113    187     53    139    166    150    105    131     29     42     63     77    102     54     73    133    181     39   
  63    192     29     81   
 176     85    193    106     20    181    133     73     79   
  68    146    110     22    133     73     54    102     60     62    198   
 115      3     27     20    180     22     48     51    133     73      2     54    102    156     21   
 193     26   
  28     63     42     10    109     77    102     54     73    133    181   
 199    193    123    178   
  91     18     23   
  43    178    115    193    106     37     19    185    152     14    171      1    149   
  87    183     32     39    146   
  91    141      1    171     14    152    185     19     37   
  16    137    105     90   
 162    173    174     72     46     25     18     91    141    165    175     12    149    130      1    140    129    171     14    152    185     19     37     27     39     48    135   
 126    152    185     19     37    106     20    180     22     48     51    133     73      2     54    102    195     10   
  77     63     42     10    109    101    102     54     44    157     79     73    133    181     39     32    103     95    182   
  60     30    122      7    189   
  63     30    122   
 195     29     81    143    166   
 160     25     72    174     91    173    165    175     12    141      1    149    154     52    162    129    171     14    152    185     19     37     27     39    155     38   
  45     98    114     67   
  63    109     42     10    195     77    102     54     79     44    157     73    133    181     39     32    103    147   
 102    195     29     81    143    166    139     17   
  26    193      3   
  48     51   
  58    171      1    173    153    167   
  19    185    152     14    171      1    173    153    175   
 156    164    131   
 191     82      5     81    143     16    134    148    120    137    166    187     53    161    113    189     64     90     29     42     63     77    102     54     79     44    157     73    133    181     39     68      3   
 188    193    115   
 183    107     39    181    133   
 169     18    174     91    173    165    175     72     46     25     23     76    160    177     50     94    167    153     12    141      1    149    154     52    162    129    171     14    152    185     19     37     27     39     48      6    100   
 185     93     26    193    123     57   
 133    181     20    199     26     93   
  90     81      5     82    148    191     16    134     66     53    139    187    120    143     64    137    166    161    163     49    112    113     61    105    131     29     42     63     77    102     54     79     44    157     73    133     48     39     32    103   
 150    105     81     33   
  58    152    185     93     26    193     32    194     47   
 152     58   
  79     54    102   
   2     73    133     48      6    186    168   
  22     48     39     32    103     95   
 188    170    132    178   
  42     77    102     54    157   
 141    173     91    174    165    149     12     18     72     46     25     23    175    154    140      1    171     14    152    185     93     26    193     32    194     47   
  69     46     72    174    173      1    141    165     91     18     12    149    130    129    162    140    171     14    152    185     93     37     27    145   
 180     22     48    135    124    100     71    127    142    158    116    179      6    186     59    168     38     65    110     51    133     73      2    128     79     54    102     42     29     81    143    113   
 164    195     63     77     42     10    109    101    102     54     73    133    110   
  62    195     63     77     42     10    109    101    102     54     79     44    157     73    133     48     39     32    103   
 154    140    129   
 149    130   
  49     96    137    105    131    118   
 152     14    171      1    173   
 152    185     19     37    106     20    181    133     73     79   
  53    148     82      5     81    143    191    134     66    187     16    137    120    161    163    139    166    113     61     64     90     29     42     63     77    102     54     44    157     79     73    133    181     39     32    103     95     43   
 122    192     63     77    102     54     44    157     79     73    133    181     39     68    190    178     88   
  40    109     10     81     64    150    111   
 180    133     73     54    102     77   
 178    115      3     27     20   
  35     57   
 102     60     62   
  20     27      3    170   
  22    133     73   
  41    150    105    131     86   
  98    114     67   
 149     91    174     72     46     25     18     12    165    173      1    141    154    175    167    153     52    140    129    171     14    152    185     19     37     27     39     48     65   
 189    137      5     81    143     82    148     16    113    191    134     66     53    139    187    120     96    161    163     49    166    150     64     90     29     42     63     77    102     54     44    157     79     73    133    181     39     68    190    132   
  19     37     27     20    180     22     48     51    133     73      2     54    102    195     29     81   
   3    199     37     19    185    152     14    171    130   
  28     31   
  64      7   
  95    190     68    146    110    133     73     54    102     28   
  81     90   
  10     30     60    197    198     62     40     28    144      9     31    102     54      2    157    128     73    133    180     22     48     51    181    110    135     55     20    106     37     19    185    152     14    171      1    173    153    167     94    177   
  59    196     84    158    168     38    107    183    103     95     43   
  40     62     21     33   
  37     93   
 193    123     57    182   
  90     86     62   
 107     39    181     22    133     73     54    102     60    197   
 151     94    167     23   
  90    117   
  40     77     63     42     10    109    101    102     54     79     44    157     73    133     48     39     32    103   
   9     63     77     42     10    109    101    102     54     79     44    157     73    133    181     39     97   
  58     14    152    185     19     37    106     20    180     22     48     51    133     73      2     54    102    156     21   
 175     91    173    174     72     46     25     18     12    165    141      1    149    154     52    162    129    171     14    152    185     19     37    106     20    181   
  87    183      3    199   
 138     85    170    145    155      6    100   
 118     29     81      5   
  59    186      6     48     22   
 198    197     40     28    144     62     60    102     54      2    157    128     73    133    180     22     48     51    181    110    135     55     20    106     37     19    185    152     14    171      1    173    174     72     76    160   
 167    175    165    141      1    171     14    152    185     93   
 146    199    193     85    138   
  70    126     58    152    185     93     26    193     85    138   
  76     72    174     91    173    165    175     12    141      1    149    154     52    140    129    171     14    152    185     19     37     27    145    155   
 160     25     18     12    149      1    171     14    152   
  55     65   
 126     14    171      1   
  34    138     85    193    106     20    180     22     48     51    133     73     54    102    156    164    159   
 193    106     20    180    133   
  94     46     72    174    173      1    141    165    149    130    129    162    140    171     14    152    185     93     37     27     68   
 189    137      5     81    143    134     16    113     82    148    120     96    161    191    166     13    150     64     90     29     42     63     77    109    192     10    122      9    195    101    156     33     30     31    102     54     73    133     48   
  79     73    133     48      6    107     47   
  69     76     23     75   
 198    122     81    143    166     49   
 123     57     43   
 185    152     14    171      1    173    153    167   
  16      5     81    143     82    148    191    120    134     66    161    113    187     53    139    166    137     64    105      7    164    195     63     77    102     54     79     44    157     73    133    181     39     68    193   
  23     72    174     91    173    165    175     12    141      1    149    154     52    140    129    171     14    152    185     93     37     27    145     47     87    183    194    107    155     38    168    196     84   
   4     76     72    174    173      1    171     14    152    185     93     37    199   
 106     39    107     38    168    158   
   9     89   
  47    107     39    181     22    133     73     54    102     40   
 175    165    141      1    171     14    152    185     93     26   
  89    192     63     77     42     10    109    101    102     54     79     44    157     73    133     48     39     32    103   
  40     77     63     42     10    109    101    102     54     79     44    157     73    133    181     39     32    170   
  51     22     48    133     73     54    102    109   
  85    190   
 155    146    181   
 128     54    102   
  77     60     62   
  24    138     85    193    106     37     19    185    152     14    171      1    173    165   
  72    174    173      1    141    165     91     18     12    149    130    129    162    140    171     14    152    185     93     37     27     32   
  85    193    106     20    180    133     73     54    102     28   
  75    175    165    141      1    171     14    152    185     93     26    193    136   
 174    173      1    171     14    152    185     93     26    193    190   
  37    106     20    180     22     48     51    133     73     54    102     60     62    198   
 139     53    148     82      5     16    191    134     66    187    120    143     81     29     42     63     77    109     10    122    192    101    195     33    156    102     54     73    133     48      6    107     47   
 146     68    103   
  31     63     42     77    102     54     44    157     79     73    133    181     39     68    190    115   
  39    106     37     19    185    152     58   
 194     32     27    199   
  72    174    173   
  80    160     25     72    174     91    173    165    175     12    141      1    149    154     52    162    129    171     14    152    185     19     37     27     39    155     38   
  97    107      6    186     71    142   
  78     33    195     63     77     42     10    109    101    102     54     44    157     79     73    133    181     39     32    103     95    182   
 169    175    165    141      1    171     14    152    185     93     26    193    136   
  78     64    150    119    139   
  26    106     20    180     22     48    133     73      2     54    102     63   
 124     65    181   
  62     31    102     54      2   
  48     39     32    103     95   
 193     32    194     87    183     47    107    155     38    168    196     84   
  43    178    103     68   
  77      9     29     81    143    166    119   
  23    175    165    141      1    171     14    152    185     93     26    193    115   
  72    175    154    140    129   
  41    166     82      5     81    143     16    191    148    134    120    137     61    113    187     53    161     96    108     66    163    139    112     13    150     64     90     29     42     63     77    102     54     44    157     79     73    133    181     39     68    190    115   
 157     54    102    156    164    159   
  29     42     63     77    109    192     10     81      5     82    143     64    137     16    191    120    113    134    148     53    161    166    150    105     90     33    195    101    156      9     21     30     31    102     54     73    133     48   
  27     20    180     22     48     51    133     73     54    102     60     62    198   
  24    138     85    170    145    155      6    124   
  85    170    145    155     38   
 170    188    146    110     22    133     73     54    102     60     62   
 109     10    122     78   
 123     85   
 193     27     20    180     22     48    135    124    100     71    179      6     65    110     51    133     73      2     54    102    195     29     90    105   
  12    165   
  77     63     42     10    109    101    102     54     44    157     79     73    133    181     39     68    190     85    184   
 104    175    165    141      1    171     14    152    185     93     26    193    190   
  34    138     85    193    106     37     19    185    152     14    171      1    173     91   
  21     42     63     77    102     54     44    157     79     73    133    181     39     68    190     85   
 134     82      5     81    143     16    191    148    120    137    166    187     53    139    161    113    189     64     90     29     42     63     77    102     54     79     44    157     73    133    181     39     68    190   
 142     71    100    124    135    110     22    133     73     54    102     60     62    198   
  21     42     63     77    102     54     44    157     79     73    133    181     39     56    193     85    184     24   
 197    144     63     42     77    102     54     44    157     79     73    133    181     39     68    190     85    176   
  93     37     27     68   
 166    143     81     10    109    102   
  19     37    106     20    180     22     48     51    133     73     54    102     60     62    118   
  90     81      5     82    148     16    143    191    134     66     53    139    187    120    137    166    161    163     49    112    113     61     64    131     29     42     63     77    102     54     44    157     79     73    133    181     39     68    190     85    184   
 139    166    143     81     10    156   
 187     82      5     81    143     16    191    148    134    120    137     61    113    161     53     66    166    150     64     90     29     42     63     77    102     54     73    133    181     39   
  27     37     19    185    152     14    171    140    154   
 198     30     42   
 104    175     91    173      1    141    165    174     12    149    130    129    162    154    153     52    140    171     14    152    185     19     37     27    146   
  56     20    180     22     48    133     73     54    102    109   
  33     81    143    166    108   
 185     19     37     27    145    107      6    186     71    142   
  42     60   
 161     16      5     81     10     42     63     77    102     54     73    133    181     20   
 143     82    148    191     16      5     81    164    195     63     77     42     10    109    101    102     54     79     44    157     73    133    181     39     32    103    178   
 187    113   
  63    192     29     81    143    191   
 138     85    170   
 124     38    107   
   7     81      5     82    148     16    143    191    134     66     53    139    187    120    137    166    161    163     49    112    113     61     64     90     29     42     63     77    102     54     44    157     79     73    133    181     39     68    190     85    184   
  41    166     82      5     81    143     16    191    148    134    120    137     61    113    187     53    139    161     96    112    163     49     66    108    150     64     90     29     42     63     77    102     54     79     44    157     73    133    181     39     68    190   
  55     51     22     48    133     73     54    102     60   
  93    185    152     14    171      1    173    174     72   
  75    175     91    173    165    174     12    149    141    154     52    162      1    171     14    152    185     19     37    106     20    180    133     73    128   
  69     46     72    174    173      1    171     14    152    185     93     26    193    170    103   
 129    141     91    174    173      1    149    165    175     12    154    162    130    171     14    152    185     93     37     27    145    107   
  94     46     72    174     91    173    165    175    167     25    160    177     50     76     18    153     12    141      1    149    154     52    162    140    129    171     14    152    185     19     37     27     20    180     22     48    135    124    100     71    179      6     65    110     51    133     73      2     54    102    195     29     90    105   
  62      9   
 123    193    106     20    180     22     48     51    133     73      2     54    102    195     29   
  89      7     61    113    166   
  87    194    107     39    181     22    133     73     54    102    156   
  32     27     37     19    185    152     70   
 139     66   
 160     25     23    153   
  59    186   
  42     29     90    117   
 188    106     37     19    185    152     14    171    140     52   
  33    118     62    197     40     28    144     60     30    198    159     86      9     31    102     54      2    157    128     73    133    180     22     48     51    181    110    135     55     20    106     37     19    185    152     14    171      1    173    174     72     76    160   
 119    150    105     81     10    109     31   
  53    161    113     61      7   
 122      9     42   
   7    164    195     63   
  60     63     42     10    109     77    102     54     79     44    157     73    133    181     39     32    103    147   
 193    106     20    180     22     48     51    133     73     54    102    156     30   
  26    106     20    180     22     48    135    124    100     71    179      6     65    110     51    133     73      2     54    102    195     29     90    117   
 134    143      5     81     10     42     63     77    102     54     73    133    181     20   
 143     81     10    109     77   
 189    113    161   
 185    152     14    171      1    173    174     72   
  34    138     85    193    106     20    180     22     48    133     73     54    102    144   
 161    163   
 104    175     91    173      1    141    165    174     12    149    130    129    162    154    153     52    140    171     14    152    185     19     37     27    146   
 157     54    102    156     30   
  37    106     20    181   
  32    170    123   
  61    113    191   
 195     29     81     64    150     41   
  28    109     10     81    143    134     66     53   
 181     39     32    103   
 185     19     37    106     20    180    133     73      2   
  30     77    102     54    157   
  87    183      3    199     37     19    185    152     58    171   
  71    186     59    196     84    158    168     38    107     47   
 115      3     27     20    180     22     48     51    133     73      2     54    102    195    192   
 111    166     82      5     81    143    191    148    134     16    137    120    187     53    139    161    113    189     64     90     29     42     63     77    102     54     44    157     79     73    133    181     39     68    190    178     57   
   5     82    187     53   
 171     14    152    185     19     37    106     20    180   
 140    130   
  31    144   
 118    131     64    150    119   
  59    116    127   
   9     29     81    143    166    119   
  79     73    133     48      6    186    116   
 100    168    196   
  30     63     77    102     54     79     44    157     73    133    181     39     68    193   
 160     94   
  54     73    133   
  71    100    124    135    110    133     73     54    102     28   
 159      7    189    113     41   
  21     42     63     77    102     54     44    157     79     73    133    181     39     68    190    178     88   
 166    143     81     33   
  85    193     26     19    185    152     70   
 182    184    138     34     24    176     85    193     26     19    185    152     14    171    140    162   
 106     20    180     22     48     51    133     73      2     54    102    156    164     78   
 179     38    155     97   
  87    183    170     85    138   
  69     46     72    174    173      1    141    165    149    130    129    162    140    171     14    152    185     93     26    193     32    183   
  66    191    143     81     33   
 109     77    102     54    157   
 117    137    134   
  53    148     82      5     81    143     16    191    134     66    161    120    137     61    113    187    163    139    166    150     64     90     29     42     63     77    195     10    122    192    109    101    156     33      9     31     30     21     78    105    189    117    131    164     62     86      7     89    118    159    198    197    144    102     54     73    133     48    135   
  58    152    185     93     26    193   
  43    178    115    193     26     93   
  66    191    143     81     21     62    197     40     28     60     30    144    102     54      2    157    128     73    133    180     22     48     51    181    110    135     55     20    106     37     19    185    152     14    171      1    173    153    167     94    151   
 140     52    175    167     94   
 137      5     81     10    109     28     40    102     54      2    157     44    128     73    133    180     51     22     48    110     20    181    135     55    146    106     37     19    185    152     14    171      1    173    174   
 112    134     82      5     81    143     16    191    148    120    137     61    113    187     53    161    166    150     64     90     29     42     63     77    102     54     79     44    157     73    133    181     39     97   
 151    160     25     72    174    173      1    171     14    126     58    152    185     93     26    193    147     95   
  92     46     72    174    173      1    171     14    152    185     19     37   
 189      7     86     62     40     28   
 144     40   
 182    178    115    193    106     37     19    185    152     14    171    140     52    175    169   
 120      5     81    143     82    148     16    137    191    134     66    161    113    187     53    139    166    150     64     90     29     42     63     77    102     54     79     44    157     73    133    181     39     68    193   
  92     46     23    153     52    162   
  14    152    185     19     37     27    145    107      6    179     71    127   
 105    137    113   
  93     37     27     20    180     22     48    135    124    100     71    179      6     65    110     51    133     73      2     54    102    195     29     90     64   
   3     27     20    180     22     48    133     73      2     54    102    195   
 162    173     91    174     72     46     25     18     12    165    141      1    149    154    175    167    153     52    140    129    171     14    152    185     19     37    106     20    181   
 146    110     22    133     73     54    102    109   
  48      6    186    168   
 154    141      1    171     14    126     58    152    185     93     26    193    123     57     35   
  40     62   
 142     71    100   
  76     23    153    154   
  31     63     42     10    109     77    102     54     79     44    157     73    133     48     39     32    103     95   
 185     19     37    106     20    180    133     73    128   
 155      6    179     71   
  70     14    171    140     52   
  40    109     10     81    143    134   
  34    138     85    193     27    146     48   
 131     64    137    134    187   
  64     81     10    109     77    102     54    157   
  48     22    133     73     54    102    156   
 182    178    115      3     27     20    180     22     48    133     73     54    102    101   
 131    118     62     40     28    102     54      2    157     44    128     73    133    180     51     22     48    110     20    181    135     55    146    106     37     19    185    152     14    171    140     52    175     75   
   4     50   
 138     85    193     26     19    185    152     14    171      1   
  23    175    165    141      1    171     14    126     58    152    185     93     26    193    123     57     43   
  41    113    143      5     81     10     42     63     77    109    192    195    101    102     54     73    133    180   
  88    138     85    193    106     20    180    133     73     54   
  48     39     68    190    123   
 195     62    197   
  65    181   
  28     63     42     77    102     54     79     44    157     73    133    181    146     56   
  23    169   
  78     33     81      5     82    148     16    143    191    134     66    187    120    137    166    161     53    139    163    112    113     61     64     90     29     42     63     77    102     54     79     44     73    133     48     39    145   
  40     62     21     33   
  85    170    145    155      6    100   
 168     59     84    196    158    142    116    186     38    107    194   
  33    195     63     77    102     54     44    157     79     73    133    181     39     68    190     85   
 148     16      5     81   
  32     27     56   
 182    178    115      3     27     20    180     22     48    133     73     54    102    101   
 106    193    123     57     35   
  33    195   
 171     14    152    185     93     26    193      3   
  79     44    157      2    128     73    133    181     39     56     26     93    185     19     37    199    193     85    138     34   
 112    134     82      5     81    143     16    191    148    120    137     61    113    161    187     53    139    166    150     64     90     29     42     63     77    102     54     79     44    157     73    133    181     39     68    193   
  34    138     85    193     26     19    185    152     58   
 126    152    185     19     37    106   
 191     82      5     81    143    134    148     53    139    187     16    137    120    161    163     49     66    166    113     61     64     90     29     42     63     77    102     54     44    157     79     73    133    181     39     32    103     95     43   
 188     27   
  24    138     85    193     26     93   
  35    184     24   
  94    167    175    165    141      1    171     14    126     58    152    185     93     26    193    123     57    182   
   5    137     16     82    148    191    143     81     10     42     63     77    102     54     73    133    181    146   
  86      7    189   
 140      1    173    141    129    130    171     14    152    185     19     37   
 178    103     97    146    110     22    133     73     54    102    156   
  77     63     42     10    109    101    102     54     79     44    157     73    133    181     39     68      3   
 143     81     10    195   
  18     91    141      1    171     14    126     58    152    185     93     26    193    123     57   
  46     72    174    173      1    171     14    126     58    152    185     93     26    193    123     57     43   
 122      7    189    150    111   
  80    160     25     72    174     91    173    165    175     12    141      1    149    154     52    162    129    171     14    152    185     19     37     27    146     55   
  70    152    185     93     26    193    190   
  73    133     48      6    179     71    127   
  13    137      5     81     10    109    102     54   
  24     34    138     85    193     26     19    185    152     14    171    129   
  95    103      3   
 194     32    193   
  40     77     63     42    102     54     79   
 134    143     81     21     62     60   
  93     37     27     20    180     22     48    135    124    100     71    179      6     65    110     51    133     73      2     54    102    195     29     90    117   
 117    137      5     81    143     82    148     16    113    191    134     66    187    120     96    161     53    139    166    150     64     90     29     42     63     77    102     54     79     44    157     73    133    181     39     68      3   
  50     92   
  44     54   
  23    153   
 146    199     26   
  38     65    110     20    106     37     19    185    152     58    171   
  86     29     81      5   
 151     50     25     72    174    173      1    171     14    152    185     19   
 191    166   
  21     81    143    166    112   
  44     79     73    133    181     39     97   
   1    173     91    174    165    141     12     18     72     46     25     23    175    154    149    129    130    171     14    152    185     19     37    106     20    180    133     73    128   
  41     96   
  62    164     81    143    120   
  44     54    102     60     62    118   
  25     72    174    173      1    171     14    152    185     19   
 184     85    170    183     47     87    194    145    107     38    168     59   
 149      1    171     14   
  95    103   
  32     39    181     51   
  19     37    106     20    180     22     48     51    133     73      2     54    102    156    164     90   
 118      9     63     77    102     54     44    157     79     73    133    181     39     68    190     85    184   
  52     91    174     72     46     25     18     12    165    173      1    141    154    149    129    130    171     14    152    185     19     37     27    145    107      6    186   
 137    105    131    118     62    197   
  24    176    123    103    194    107     38    168   
 193    123     57    182   
  93     37    106     20    180    133     73     54    102     77   
  14    171    140     52    153    104   
  93    185    152     14    171    140    154    175    167     94     92   
 198     30     63     77     42     10    109    101    102     54     79     44    157     73    133    181     39     68    190   
 149     91    174   
  69     46     18   
  31    192     29     81    143    120   
 106     39    107      6    179     71   
  58     14    152    185     19     37    106     20    181    133     73    157   
  47    183    103     95    182   
 123    193    106   
 156     63     77     42     10     81      5     82    148     16    143    191    134     66    187    120    137    166    161     53    139    163    112    113     61     64     90     29    192    109    101    195     33      9     31     28    102     54     79     44     73    133     48     39    145   
 151    160     25     72    174    173      1    171     14    152    185     93     26    193    123   
 118    131    117    150   
 178    115    193    106     37     19    185    152     14    171      1    149   
 185     93     37     27   
 156     29     90    117   
  27    145    155   
 102    156    164     86   
  10     42     63     77    102     54     44    157     79     73    133    181     39     68    190    132   
  89      7    189    113     96   
 150    108    112   
 176     34     24    138     85    193     26     19    185    152     70   
  85    193    106     37     19    185    152     14    171    140     52   
 151     94    167    153    173      1   
  35    176    138     34     24     88    184     85    193     26     93   
 116    100      6     48    133     73    128   
 139    166    143     81     21     62    144   
  56     26   
 179     38    107    183    103    147   
 149     91     18     76      4     80   
  62    195     63     77    102     54     44    157     79     73    133    181     20    199     26   
 119    150    105     81     10    109     77   
  91    173      1    141    165    174     12    149    130    129    162    140    171     14    152    185     93     26    193     32    194     47   
 185     19     37    106     20    180     22     48    133     73     54    102     31   
   6    186     59     84   
 154    175    169   
 109    156   
  21     42     63     77    102     54     79     44     73    133     48     39    145   
  60     63     42     10    109     77    102     54     79     44    157     73    133    181     39     97   
 135     55     39     68    190   
  77      9     29     81    143    166     49   
   5     81    164     86   
 188    106     37     19    185    152     14    171    140     52    175     75   
 143     81     21     62    197     40     28     60     30    144    102     54      2    157    128     73    133    180     22     48     51    181    110    135     55     20    106     37     19    185    152     14    171      1    173    153    167     94    177   
 130    141    173     91    174    165    149      1    171     14    152    185     93     26    193     32    194     87   
 140      1    173    141    129    149     12    165     91    174     72    175    154    162    130    171     14    152    185     93     37    199   
 197    144     42     10     81      5     82    148    191     16    143    134     66    187    120    137    166    161     53    139    163    112    113     61     64     90     29    192     63     77    109    195     33    156    101    102     54     73    133     48      6    107   
  37     26    193     85   
 151     94    167    153    154    140    129   
 137    105     81     33   
 168     38     65    110   
  41    166     82      5     81    143     16    191    148    134    120    137     61    113    187     53    139    161     96    112    163     49     66    108    150     64     90     29     42     63     77    102     54     44    157     79     73    133    181     39     68    190    132   
  37     27    145     47     87    183    194    107    155     38    168    196     84   
  69     46     72    174    173      1    141    165    149    130    129    162    140    171     14    152    185     93     26    193     32    183   
  20     56    193    123     57     35   
  97    146    110    133     73     54    102     77   
 153    174     72     46     25     18     91    173    165    175     12    141      1    149    154     52    162    129    171     14    152    185     19     37    106     20    180    133   
  78     86   
  75    153    173    149   
 112    134     82      5     81    143     16    191    148     53    139    187    120    137    166    161    163     49     66    108    113     61     64     90     29     42     63     77    102     54     44    157     79     73    133    181     39     68    190     85    184   
  24    138     85    193    106     20    180     22     48     51    133     73      2     54    102    195    192   
  62     31     77    102     54     73   
 122     81    143    134     66     53   
 197    144     42     10    109     63     77    195     33    192    101    156      9     21     81      5     82    143     64    137     16    191    120    113    134    148     53    161    166    150    105     90     29     30     31    102     54     73    133     22   
 150    137   
 131    118     62    197   
 157     79     73    133    181    146    199   
 185     93     26    193     32    194     47   
  55     51    133     73     54    102     28   
 138     85    170    145    107      6    186     71    142   
  28    109    195   
 142    116    186     38    155    146    106     37   
  53    148     82      5     81    143     16    191    134     66    161    120    137     61    113    187    163    139    166    150     64     90     29     42     63     77    102     54     79     44    157     73    133    181     39     68    193   
 105     81      5     82     16    143     64    137    191    148    120    113    134     66    161    166    187     53    139    163    112    108    150     61      7    164    195     63     77     42     10    109    101    102     54     73    133    181    146   
  54     73    133     48     65   
  39    155      6   
 112     96   
 109     10     81     64    150     41   
  34    138     85    115   
  86    192     63     77    102     54     79     44    157      2     73    133    181     39     68    190    123   
  66    191    143     81     21     62    144   
 136    193    106     37   
 149    130    171   
 190     85   
  68    155      6   
 141     91     18     25   
 136      3     27     20    180   
 116    186     38    155    146    106     37     19    185    152     70   
 184     85    147   
 128     79     44    157     73    133    181     39     68    190    136   
 123    193    106     20    180     22     48     51    133     73      2     54    102    156    164   
  50     25     23    104   
 141      1    171     14     70   
  88    138     85    193     56   
  57    123    193    106     20    180     22     48     51    133     73      2     54    102    156    164     78   
 190      3     32   
  58    152    185     93     37     27    145     47     87    183    194    107    155     38    168    196   
 117     90   
 167     72    174     91    173      1    141    165    175     12    149    130    129    162    154    153     52    140    171     14    152    185     93     37     27    145    107   
  62     31    102     54      2   
  39     56     26   
  95    190     68    106   
 186      6     48    133     73     79   
 176    123    193    106     20    180     22   
  79     54    102    101   
  12     18     76   
 164    195     77    102     54    157   
 170    145    155     38   
 112    113    143     81     21     62    144   
 161     16      5     81     10     42     63     77    109    192    195    101    102     54     73    133    180   
  52     91    174     72     46     25     18     12    165    173      1    141    154    149    129    130    171     14    152    185     19     37     27    145    155      6    179   
  18     91    141      1    171     14    152    185     19   
  42     29     81    143    166    139   
 136      3     27     20    180     22     48     51    133     73      2     54    102    156     21   
 129    141     91    174     72     46     25     18     12    165    173      1    149    154    175    167    153     52    140    130    171     14    152    185     19     37     27    145     47     87    183    194    107     38    168    158   
  97    106     37     19    185    152     14    171    140     52    153    104   
 198     30     77    102     54      2   
  32     39     48     65   
 127    116    100     38     65    110     20    106     37     19    185    152     58    171   
 189    113   
  59    186      6     48     51   
  12    141      1    171     14    126     58    152    185     93     26    193     85    184   
 159     10    109    101   
  49    166    143     81     10    195   
  16      5     81     21     62    197     40     28     60     30    144    102     54      2    157    128     73    133    180     22     48     51    181    110    135     55     20    106     37     19    185    152     14    171      1    173    153    167     94    177   
  52    165   
  91    141      1    171     14    126     58    152    185     93     26    193     85    138   
  24    138     85    193    106     20    180     22   
  34    176    123    103    194    107     38    168   
  33     81     64    150     41   
  52    175     72     46   
 144     40   
 134    108     96   
  76     72    174    173      1    141    165    149    130    129    162    140    171     14    152    185     93     37     27   
  71    158     59   
  16    143   
 105     81     10    109     77    102     54    157   
 102     42     29     81    143    166     66   
  75    167     46   
  46     72    174    173      1    141    165     91     18     12    149    130    129    162    140    171     14    152    185     93     37     27    145   
   3    199     37     19    185    152   
 153    173      1    171     14    126     58    152    185     93     26    193     85    184   
  49     96    150   
   5    137     16     82    148    191    143     81     10     42     63     77    102     54     73    133    181    146   
  25     72    174    173      1    171     14    152    185     93     26    193    170   
 136      3     27     20    180     22     48    133     73      2     54    102    195   
 193    123   
 132    115    193     56   
  96    137      5     81     10   
 150    105     90   
 160     25     72    174    173      1    171     14    126     58    152    185     93     26    193     85    184   
   6    107     32    170    136   
 184     85    190   
 101    192     10   
  50     25     72    174    173      1    171     14    126     58    152    185     93     26    193    123     57    182   
  21     42     63     77    102     54     79     44    157     73    133    181     39     68    193   
 193    147     95   
  80    160     25     72    174     91    173    165    175     12    141      1    149    154     52    162    129    171     14    152    185     19     37     27     39    155     38   
 167     72    174     91    173      1    141    165    175     12    149    130    129    162    154    153     52    140    171     14    152    185     19     37    106     20   
  33    195     63     77     42     10    109    101    102     54     79     44    157     73    133    181     39     68    190   
  39    145    183   
 153    173      1    141     91    174    165    149     12     18    175    154    140    129    171     14    152    185     19     37    106     20    181    133     73     79   
  52    173     91    141      1    171     14    152    185     93     37     27    145   
  61      7     86     62    197     40     28     60     30    144    102     54      2    157    128     73    133    180     22     48     51    181    110    135     55     20    106     37     19    185    152     14    171      1    173    153    167     94    151   
 118     29     81    143    134     66    163   
 154    175    167     76   
  29     90     64   
 166    137    105    131   
 122     81      5     82    148     16    143    191    134     66    187    120    137    166    161     53    139    163    112    113     61     64     90     29     42     63     77    109    192     10     33    195    101    102     54     73    133     48     39    155   
 187     82      5     81    143    191    148    134     16    137    120    161     53    139    163     66    166    113     61     64     90     29     42     63     77    102     54     44    157     79     73    133    181     39     68    190    178     57   
 162    173    174     72     46     25     18     91    141    165    175     12    149    130      1    140    129    171     14    152    185     19     37    106     20    110   
 146     48     65   
 146    106     37     19    185    152     14    171    140   
  97    146    110     22    133     73      2     54    102     42   
  64    143     82    148    191     16    134     66     53    139    187    120      5     81    164     10     42     63     77    109    192     29    195    101    102     54     73    133     48      6    107    194   
 184     34    138     85    193     26     19    185    152     70   
   6    155    146    106   
 102    195     29     81    143    113     96   
  67     15   
 154     91    174     72     46     25     18     12    165    173      1    141     52    149    129    130    171     14    152    185     19     37     27    146     48   
 119    113    143     81     10    109     77    102     54     79   
 192     62    197   
 197    144    109   
  52     91    174     72     46     25     18     12    165    173      1    141    154    149    129    130    171     14    152    185     19     37     27    145    107      6    179     71   
  58     14    152    185     19     37    106     20    180     22     48     51    133     73      2     54    102    156    164    122   
  59    186    124    135    110     22    133     73     54    102     60    197   
 112    134     82      5     81    143     16    191    148    120    137     61    113    187     53    161    166     66    163    139    108    150     64     90     29     42     63     77    102     54     44    157     79     73    133    181     39     68    190    115   
 153    173      1    171     14    126     58    152    185     93     26    193     85   
 141      1    171     14    152    185     93     37    199   
  81     10    109     77    102     54     79   
 108    137    105      7   
  59    186     38    155    146    106   
  49    166    143     81     21     62     40     28    102     54      2    157     44    128     73    133    180     51     22     48    110     20    181    135     55    146    106     37     19    185    152     14    171    140     52    175     75   
  26    106     39     48      6    124   
   7     86     62     40     28    102     54      2    157     44    128     73    133    180     51     22     48    110     20    181    135     55    146    106     37     19    185    152     14    171      1    173    174   
  84     59    186      6     48    133     73    128   
 146    155    145   
 149     91    174     72     46     25     18     12    165    173      1    141    154    175    167    153     52    140    129    171     14    152    185     19     37     27    145    107     38    168   
 138     85    170    145    107   
 193    106     37     19    185    152     14    171    140     52    153    104   
 105     81      5     82    148     16    143    191    134     66    187    120    137     61    113    161     53    139    166    150     64     90     29     42     63     77    102     54     79     44    157     73    133    181     39     97   
  17    112    134     82      5     81    143     16    191    148    120    137    166    187     53    161    113    189     64     90     29     42     63     77    109    192     10    122      9    195    101    102     54     73    133     48     39    155   
  41    113    143   
 133    181     39     97   
  79    128     44    157     73    133    181     39     68    190    136   
 154    140    130   
  52    153    104   
  79     44    157      2    128     73    133    181     39     68    190    178     88   
  70     14    171    140    154   
  72    174    173      1    171     14    126     58    152    185     93     26    193     85    176   
  86      9     31   
  80     94    167    175   
 138     88     57   
 190     68    155     38   
 181     39    145     47   
 181     39     68    190   
 163    161     16      5     81     10    109    102   
 102     54    128   
 121     98   
  47    145   
   6     48     22   
 177     50     25     72    174    173      1    141    165     91     18     12    149    130    129    162    154    175     52    140    171     14    152    185     19     37    106     20    181    133     73     44   
  40     77     63     42     10    109    101    102     54     44    157     79     73    133    181     39     68    190     85   
  64    143      5     81    164    195     63     77    102     54     79     44    157      2     73    133    181     39     68    190    123   
 137    134     66     53   
  56     20    180     22     48     51    133     73     54    102     60     62    118   
  76     72    174    173      1    141    165    149    130    129    162    140    171     14    152    185     19     37    106   
  23    153    173      1    171     14     70   
  48     39     68    190     85    184   
  62     21     81    143   
  58    152    185     93     37     27    145     47     87    194    107     38    168     59   
 176    123    103    194    107      6    186    116   
 197    144     63     42     10    109     77    102     54     73    133    181    146   
 169     75   
 117    137    134    187   
  20    180     22     48     51    133     73     54    102    156     30   
 181     20    199     37     19    185   
 122     81      5     82    148     16    143    191    134     66    187    120    137    166    161     53    139    163    112    113     61     64     90     29     42     63     77    102     54     79     44     73    133     48     39    145   
 179     38    107     97    193     85   
  48     39     68    190     85   
  60     63     42     10    109     77    102     54     44    157     79     73    133    181     39     32    103     95    182   
