1500   0.05   100   100   0.25   0.25   0.75   0.75   0.85   453   453   0   0   7556   7556   0   1   
1500   0.05   100   100   0.25   0.25   0.75   0.75   0.85   453   453   0   0   7556   7556   0   1   
1500   0.05   100   100   0.25   0.25   0.75   0.75   0.85   453   453   0   0   7556   7556   0   1   
1500   0.05   100   100   0.25   0.25   0.75   0.75   0.85   453   453   0   0   7556   7556   0   1   
1500   0.05   100   100   0.25   0.25   0.75   0.75   0.85   453   453   0   0   7556   7556   0   1   
1500   0.05   100   100   0.25   0.25   0.75   0.75   0.85   453   453   0   0   7556   7556   0   1   
1500   0.05   100   100   0.25   0.25   0.75   0.75   0.85   412   412   0   0   7556   7556   0   1   
1500   0.05   100   100   0.25   0.25   0.75   0.75   0.85   412   412   0   0   7556   7556   0   1   
1500   0.05   100   100   0.25   0.25   0.75   0.75   0.85   434   434   0   0   7556   7556   0   1   
1500   0.05   100   100   0.25   0.25   0.75   0.75   0.85   435   0   274   161   7556   0   7556   182   
500   0.1   150   150   0.25   0.25   0.75   0.75   0.85   154   0   123   31   17200   0   17200   34   
500   0.1   100   100   0.25   0.25   0.75   0.75   0.85   138   0   105   33   7556   0   7556   37   
150   0.1   100   100   0.25   0.25   0.75   0.75   0.85   39   7   6   26   7556   1612   5944   75   
150   0.1   100   50   0.25   0.25   0.75   0.75   0.85   51   6   7   38   3704   396   3308   57   
150   0.1   100   50   0.25   0.25   0.75   0.75   0.85   51   6   7   38   3704   396   3308   57   
1500   0.05   150   150   0.25   0.25   0.75   0.75   0.85   423   0   248   175   17200   0   17200   199   
1500   0.05   150   150   0.25   0.25   0.75   0.75   0.85   423   0   248   175   17200   0   17200   217   
1500   0.05   15   15   0.25   0.25   0.75   0.75   0.85   389   308   61   20   137   110   27   22   
10   0.1   15   15   0.25   0.25   0.75   0.75   0.85   1   1   0   0   137   130   7   1   
10   0.1   15   15   0.25   0.25   0.75   0.75   0.85   3   1   1   1   137   123   14   2   
10   0.1   15   15   0.25   0.25   0.75   0.75   0.85   5   4   0   1   137   124   13   1   
10   0.1   15   15   0.25   0.25   0.75   0.75   0.85   1   1   0   0   137   131   6   1   
10   0.1   15   15   0.25   0.25   0.75   0.75   0.85   4   4   0   0   137   134   3   1   
10   0.1   15   15   0.25   0.25   0.75   0.75   0.85   1   1   0   0   137   137   0   1   
10   0.1   15   15   0.25   0.25   0.75   0.75   0.85   3   0   3   0   137   137   0   0   
10   0.1   15   15   0.25   0.25   0.75   0.75   0.85   2   0   2   0   137   137   0   0   
10   0.1   15   15   0.25   0.25   0.75   0.75   0.85   4   0   4   0   137   137   0   0   
10   0.1   15   15   0.25   0.25   0.75   0.75   0.85   5   0   5   0   137   137   0   0   
10   0.1   15   15   0.25   0.25   0.75   0.75   0.85   3   0   3   0   137   137   0   0   
10   0.1   15   15   0.25   0.25   0.75   0.75   0.85   2   0   2   0   137   137   0   0   
10   0.1   15   15   0.25   0.25   0.75   0.75   0.85   3   0   3   0   137   137   0   0   
10   0.1   15   15   0.25   0.25   0.75   0.75   0.85   3   0   3   0   137   137   0   0   
10   0.1   15   15   0.25   0.25   0.75   0.75   0.85   2   0   2   0   137   137   0   0   
10   0.1   15   15   0.25   0.25   0.75   0.75   0.85   2   0   2   0   137   137   0   0   
10   0.1   15   15   0.25   0.25   0.75   0.75   0.85   2   0   2   0   137   0   137   0   
10   0.1   15   15   0.25   0.25   0.75   0.75   0.85   1   0   1   0   137   0   137   0   
10   0.1   15   15   0.25   0.25   0.75   0.95   0.85   0   0   0   0   225   0   225   0   
10   0.1   15   15   0.25   0.25   0.75   0.5   0.95   6   0   6   0   137   0   137   0   
10   0.1   5   5   0.25   0.25   0.75   0.75   0.85   1   0   1   0   9   0   9   0   
10   0.1   10   10   0.25   0.25   0.75   0.75   0.85   4   0   4   0   52   0   52   0   
10   0.1   15   150   0.25   0.25   0.75   0.75   0.85   2   0   2   0   1516   1444   72   0   
10   0.1   15   15   0.25   0.25   0.75   0.75   0.85   2   2   0   0   137   136   1   1   
100   0.1   5   5   0.25   0.25   0.75   0.75   0.85   30   0   30   0   9   0   9   0   
10   0.1   5   5   0.25   0.25   0.75   0.75   0.85   0   0   0   0   9   0   9   0   
150   0.1   10   10   0.25   0.25   0.75   0.75   0.85   36   0   36   0   52   0   52   0   
150   0.1   11   11   0.25   0.25   0.75   0.75   0.85   36   0   36   0   69   0   69   0   
150   0.1   10   10   0.25   0.25   0.75   0.75   0.85   45   0   45   0   52   0   52   0   
150   0.1   10   10   0.25   0.25   0.75   0.75   0.85   45   0   45   0   52   0   52   0   
10   0.1   15   15   0.25   0.25   0.75   0.75   0.85   1   0   1   0   137   0   137   0   
10   0.1   15   15   0.25   0.25   0.75   0.75   0.85   1   0   1   0   137   0   137   0   
1   0.1   15   15   0.25   0.25   0.75   0.75   0.85   1   0   1   0   137   0   137   0   
10   0.1   15   15   0.25   0.25   0.75   0.75   0.85   3   0   3   0   137   0   137   0   
10   0.1   15   15   0.25   0.25   0.75   0.75   0.85   4   0   4   0   137   0   137   0   
1   0.1   15   15   0.25   0.25   0.75   0.75   0.85   0   0   0   0   137   0   137   0   
10   0.1   15   15   0.25   0.25   0.75   0.75   0.85   2   0   2   0   137   0   137   0   
10   0.1   15   15   0.25   0.25   0.75   0.75   0.85   2   0   2   0   137   0   137   0   
10   0.1   15   15   0.25   0.25   0.75   0.75   0.85   3   0   3   0   137   0   137   0   
1   0.1   15   15   0.25   0.25   0.75   0.75   0.85   0   0   0   0   137   0   137   0   
10   0.1   15   15   0.25   0.25   0.75   0.75   0.85   2   0   2   0   137   0   137   0   
10   0.1   15   15   0.25   0.25   0.75   0.75   0.85   2   0   2   0   137   0   137   0   
1   0.1   15   15   0.25   0.25   0.75   0.75   0.85   1   0   1   0   137   0   137   0   
10   0.1   15   15   0.25   0.25   0.75   0.75   0.85   2   0   2   0   137   0   137   0   
10   0.1   15   15   0.25   0.25   0.75   0.75   0.85   6   0   6   0   137   0   137   0   
10   0.1   15   15   0.25   0.25   0.75   0.75   0.85   3   0   3   0   137   0   137   0   
10   0.1   15   15   0.25   0.25   0.75   0.75   0.85   2   0   2   0   137   0   137   0   
1   0.1   15   15   0.25   0.25   0.75   0.75   0.85   1   0   1   0   137   0   137   0   
10   0.1   15   15   0.25   0.25   0.75   0.75   0.85   4   0   4   0   137   0   137   0   
10   0.1   15   15   0.25   0.25   0.75   0.75   0.85   2   0   2   0   137   0   137   0   
10   0.1   15   15   0.25   0.25   0.75   0.75   0.85   1   0   1   0   137   0   137   0   
10   0.1   15   15   0.25   0.25   0.75   0.75   0.85   4   0   4   0   137   0   137   0   
10   0.1   15   15   0.25   0.25   0.75   0.75   0.85   4   0   4   0   137   0   137   0   
10   0.1   15   15   0.25   0.25   0.75   0.75   0.85   4   0   4   0   137   0   137   0   
10   0.1   15   15   0.25   0.25   0.75   0.75   0.85   2   0   2   0   137   0   137   0   
10   0.1   15   15   0.25   0.25   0.75   0.75   0.85   2   0   2   0   137   0   137   0   
10   0.1   15   15   0.25   0.25   0.75   0.75   0.85   4   0   4   0   137   0   137   0   
10   0.1   15   15   0.25   0.25   0.75   0.75   0.85   4   0   4   0   137   0   137   0   
10   0.1   15   15   0.25   0.25   0.75   0.75   0.85   4   0   4   0   137   0   137   0   
10   0.1   15   15   0.25   0.25   0.75   0.75   0.85   4   0   4   0   137   0   137   0   
10   0.1   15   15   0.25   0.25   0.75   0.75   0.85   4   0   4   0   137   0   137   0   
10   0.1   15   15   0.25   0.25   0.75   0.75   0.85   4   0   4   0   137   0   137   0   
10   0.1   15   15   0.25   0.25   0.75   0.75   0.85   4   0   4   0   137   0   137   0   
10   0.1   15   15   0.25   0.25   0.75   0.75   0.85   4   0   4   0   137   0   137   0   
1500   0.1   15   15   0.25   0.25   0.75   0.75   0.85   417   13   381   23   137   0   137   23   
1500   0.1   15   15   0.25   0.25   0.75   0.75   0.85   437   4   408   25   137   0   137   25   
1500   0.1   15   15   0.25   0.25   0.75   0.75   0.85   433   8   402   23   137   0   137   24   
10   0.1   15   15   0.25   0.25   0.75   0.75   0.85   3   0   3   0   137   0   137   0   
10   1   15   15   0.25   0.25   0.75   0.75   0.85   3   0   1   2   137   7   130   5   
1500   0.1   15   15   0.25   0.25   0.75   0.75   0.85   423   0   423   0   137   0   137   0   
1500   0.1   15   15   0.25   0.25   0.75   0.75   0.85   423   3   396   24   137   0   137   25   
1500   0.1   15   15   0.25   0.25   0.75   0.75   0.85   450   0   450   0   137   0   137   0   
100   0.1   15   15   0.25   0.25   0.75   0.75   0.85   31   0   31   0   137   0   137   0   
10   0.1   15   15   0.25   0.25   0.75   0.75   0.85   1   0   1   0   137   0   137   0   
10   2   15   15   0.25   0.25   0.75   0.75   0.85   1   0   0   1   137   21   116   5   
10   2   15   15   0.25   0.25   0.75   0.75   0.85   1   0   1   0   137   0   137   5   
10   0.1   15   15   0.25   0.25   0.75   0.75   0.85   1   0   1   0   137   0   137   0   
10   0.1   15   15   0.25   0.25   0.75   0.75   0.85   1   0   1   0   137   0   137   0   
10   0.1   15   15   0.25   0.25   0.75   0.75   0.85   3   0   3   0   137   0   137   0   
10   0.1   15   15   0.25   0.25   0.75   0.75   0.85   4   0   4   0   137   0   137   0   
1500   0.05   15   15   0.25   0.25   0.75   0.75   0.85   425   416   9   0   137   132   5   5   
1500   0.1   15   15   0.25   0.25   0.75   0.75   0.85   431   0   431   0   137   0   137   0   
15   0.1   15   15   0.25   0.25   0.75   0.75   0.85   7   0   7   0   137   0   137   0   
15   0.1   15   15   0.25   0.25   0.75   0.75   0.85   6   0   6   0   137   0   137   0   
15   0.1   15   15   0.25   0.25   0.75   0.75   0.85   1   0   1   0   137   0   137   0   
10   0.1   15   15   0.25   0.25   0.75   0.75   0.85   3   3   0   0   137   135   2   1   
10   0.1   15   15   0.25   0.25   0.75   0.75   0.85   3   0   3   0   137   0   137   1   
10   0.1   15   15   0.25   0.25   0.75   0.75   0.85   2   0   2   0   137   0   137   0   
10   0.1   15   15   0.25   0.25   0.75   0.75   0.85   2   0   2   0   137   0   137   0   
10   0.1   15   15   0.25   0.25   0.75   0.75   0.85   3   0   3   0   137   0   137   0   
10   0.1   15   15   0.25   0.25   0.75   0.75   0.85   2   0   2   0   137   0   137   0   
10   0.1   15   15   0.25   0.25   0.75   0.75   0.85   2   0   2   0   137   0   137   0   
10   0.1   15   15   0.25   0.25   0.75   0.75   0.85   2   0   2   0   137   0   137   0   
10   0.1   15   15   0.25   0.25   0.75   0.75   0.85   2   0   2   0   137   0   137   0   
10   0.1   15   15   0.25   0.25   0.75   0.75   0.85   2   0   2   0   137   0   137   0   
10   0.1   15   15   0.25   0.25   0.75   0.75   0.85   2   0   2   0   137   0   137   0   
10   0.1   15   15   0.25   0.25   0.75   0.75   0.85   0   0   0   0   137   0   137   0   
10   0.1   15   15   0.25   0.25   0.75   0.75   0.85   2   0   2   0   137   0   137   0   
10   0.1   15   15   0.25   0.25   0.75   0.75   0.85   2   0   2   0   137   0   137   0   
20   0.1   15   15   0.25   0.25   0.75   0.75   0.85   4   0   4   0   137   0   137   0   
20   0.1   15   15   0.25   0.25   0.75   0.75   0.85   4   0   4   0   137   0   137   0   
10   0.1   15   15   0.25   0.25   0.75   0.75   0.85   2   0   2   0   137   0   137   0   
10   0.1   15   15   0.25   0.25   0.75   0.75   0.85   2   0   2   0   137   0   137   0   
10   0.1   15   15   0.25   0.25   0.75   0.75   0.85   2   0   2   0   137   0   137   0   
20   0.1   15   15   0.25   0.25   0.75   0.75   0.85   7   0   7   0   137   0   137   0   
1   0.1   15   15   0.25   0.25   0.75   0.75   0.85   0   0   0   0   137   0   137   0   
1   0.1   15   15   0.25   0.25   0.75   0.75   0.85   0   0   0   0   137   0   137   0   
1   0.1   15   15   0.25   0.25   0.75   0.75   0.85   0   0   0   0   137   0   137   0   
1   0.1   15   15   0.25   0.25   0.75   0.75   0.85   0   0   0   0   137   0   137   0   
10   0.1   15   15   0.25   0.25   0.75   0.75   0.85   4   3   0   1   137   125   12   1   
10   0.1   15   15   0.25   0.25   0.75   0.75   0.85   4   0   4   0   137   0   137   1   
10   0.1   15   15   0.25   0.25   0.75   0.75   0.85   4   0   4   0   137   0   137   1   
10   0.1   15   15   0.25   0.25   0.75   0.75   0.85   1   0   1   0   137   0   137   0   
20   0.1   15   15   0.25   0.25   0.75   0.75   0.85   7   0   7   0   137   0   137   0   
20   0.1   15   15   0.25   0.25   0.75   0.75   0.85   7   0   7   0   137   0   137   0   
1   0.1   15   15   0.25   0.25   0.75   0.75   0.85   0   0   0   0   137   0   137   0   
1   0.1   15   15   0.25   0.25   0.75   0.75   0.85   0   0   0   0   137   0   137   0   
10   0.1   15   15   0.25   0.25   0.75   0.75   0.85   3   3   0   0   137   137   0   1   
10   0.1   15   15   0.25   0.25   0.75   0.75   0.85   3   0   3   0   137   0   137   0   
1   0.1   15   15   0.25   0.25   0.75   0.75   0.85   0   0   0   0   137   0   137   0   
10   0.1   15   15   0.25   0.25   0.75   0.75   0.85   3   0   3   0   137   0   137   0   
1   0.1   15   15   0.25   0.25   0.75   0.75   0.85   0   0   0   0   137   0   137   0   
10   0.1   15   15   0.25   0.25   0.75   0.75   0.85   6   0   6   0   137   0   137   0   
10   0.1   15   15   0.25   0.25   0.75   0.75   0.85   6   0   6   0   137   0   137   0   
10   0.1   15   15   0.25   0.25   0.75   0.75   0.85   6   0   6   0   137   0   137   0   
1   0.1   15   15   0.25   0.25   0.75   0.75   0.85   0   0   0   0   137   0   137   0   
15   0.1   15   15   0.25   0.25   0.75   0.75   0.85   6   0   6   0   137   0   137   0   
15   0.1   15   15   0.25   0.25   0.75   0.75   0.85   3   0   3   0   137   0   137   0   
225   0.1   15   15   0.25   0.25   0.75   0.75   0.85   56   0   56   0   137   0   137   0   
150   0.1   35   35   0.25   0.25   0.75   0.75   0.85   48   0   48   0   861   0   861   0   
10   0.1   15   15   0.25   0.25   0.75   0.75   0.85   5   0   5   0   137   0   137   0   
10   0.1   15   15   0.25   0.25   0.75   0.75   0.85   5   0   5   0   137   0   137   0   
10   0.1   15   15   0.25   0.25   0.75   0.75   0.85   3   0   3   0   137   0   137   0   
10   0.1   15   15   0.25   0.25   0.75   0.75   0.85   3   0   3   0   137   0   137   0   
10   0.1   15   15   0.25   0.25   0.75   0.75   0.85   4   0   4   0   137   0   137   0   
10   0.1   15   15   0.25   0.25   0.75   0.75   0.85   4   0   4   0   137   0   137   0   
10   0.1   15   15   0.25   0.25   0.75   0.75   1   7   0   7   0   137   0   137   0   
10   0.1   20   20   0.25   0.25   0.75   0.75   1   7   0   7   0   256   0   256   0   
10   0.1   17   17   0.25   0.25   0.75   0.75   1   7   0   7   0   177   0   177   0   
1   0.1   15   15   0.25   0.25   0.75   0.75   0.85   0   0   0   0   137   0   137   0   
1   0.1   15   15   0.25   0.25   0.75   0.75   0.85   0   0   0   0   137   0   137   0   
10   0.1   15   15   0.25   0.25   0.75   0.75   0.85   3   2   0   1   137   124   13   1   
10   0.1   15   15   0.25   0.25   0.75   0.75   0.85   3   0   3   0   137   0   137   0   
10   0.1   15   15   0.25   0.25   0.75   0.75   0.85   4   0   4   0   137   0   137   0   
10   0.1   15   15   0.25   0.25   0.75   0.75   -1   0   0   0   0   0   0   0   0   
10   0.1   15   15   0.25   0.25   0.75   0.75   -1   0   0   0   0   0   0   0   0   
10   0.1   15   15   0.25   0.25   0.75   0.75   -1   0   0   0   0   0   0   0   0   
10   0.1   15   15   0.25   0.25   0.75   0.75   -1   0   0   0   0   0   0   0   0   
10   0.1   15   15   0.25   0.25   0.75   0.75   -1   0   0   0   0   0   0   0   0   
10   0.1   15   15   0.25   0.25   0.75   0.75   0.85   4   4   0   0   137   137   0   1   
10   0.1   15   15   0.25   0.25   0.75   0.75   -1   0   0   0   0   0   0   0   0   
10   0.1   15   15   0.25   0.25   0.75   0.75   -1   0   0   0   0   0   0   0   0   
10   0.1   25   25   0.25   0.25   0.75   0.75   -1   0   0   0   0   0   0   0   0   
10   0.1   25   25   0.25   0.25   0.75   0.75   -1   0   0   0   0   0   0   0   0   
10   0.1   25   25   0.25   0.25   0.75   0.75   -1   0   0   0   0   0   0   0   0   
10   0.1   25   25   0.25   0.25   0.75   0.75   -1   0   0   0   0   0   0   0   0   
10   0.1   30   30   0.25   0.25   0.75   0.75   -1   0   0   0   0   0   0   0   0   
10   0.1   35   35   0.25   0.25   0.75   0.75   -1   0   0   0   0   0   0   0   0   
10   0.1   35   35   0.25   0.25   0.75   0.75   -1   0   0   0   0   0   0   0   0   
1   0.1   35   35   0.25   0.25   0.75   0.75   -1   0   0   0   0   0   0   0   0   
1   0.1   50   50   0.25   0.25   0.75   0.75   -1   0   0   0   0   0   0   0   0   
1   0.1   75   75   0.25   0.25   0.75   0.75   -1   0   0   0   0   0   0   0   0   
1   0.1   50   50   0.01   0.01   0.95   0.95   -1   0   0   0   0   0   0   0   0   
1   0.1   50   50   0.05   0.05   0.95   0.95   -1   0   0   0   0   0   0   0   0   
1   0.1   25   25   0.05   0.05   0.95   0.95   -1   0   0   0   0   0   0   0   0   
1   0.1   25   25   0.05   0.05   0.95   0.95   0.85   0   0   0   0   625   601   24   1   
1   0.1   25   25   0.05   0.05   0.95   0.95   -1   0   0   0   0   0   0   0   0   
1   2   15   15   0.05   0.05   0.95   0.95   -1   0   0   0   0   0   0   0   0   
1   2   25   25   0.05   0.05   0.95   0.95   -1   0   0   0   0   0   0   0   0   
1   0.1   15   15   0.05   0.05   0.95   0.95   -1   0   0   0   0   0   0   0   0   
1   0.1   15   15   0.05   0.05   0.95   0.95   -1   0   0   0   0   0   0   0   0   
1   0.1   30   30   0.05   0.05   0.95   0.95   -1   0   0   0   0   0   0   0   0   
1   0.1   50   50   0.05   0.05   0.95   0.95   -1   0   0   0   0   0   0   0   0   
10   0.1   15   15   0.25   0.25   0.75   0.75   0.85   2   2   0   0   137   137   0   1   
10   0.1   15   15   0.25   0.25   0.75   0.75   0.85   2   0   2   0   137   0   137   1   
10   0.1   15   15   0.25   0.25   0.75   0.75   0.85   2   0   2   0   137   0   137   1   
10   0.1   19   19   0.25   0.25   0.75   0.75   0.85   2   0   2   0   225   0   225   1   
100   0.1   30   30   0.25   0.25   0.75   0.75   0.85   24   0   24   0   616   0   616   0   
100   0.1   30   30   0.25   0.25   0.75   0.75   0.85   24   23   0   1   616   576   40   1   
100   0.25   30   30   0.25   0.25   0.75   0.75   0.85   24   0   16   8   616   0   616   11   
100   0.25   30   30   0.25   0.25   0.75   0.75   0.85   24   0   24   0   616   0   616   11   
1   0.1   5   5   0.05   0.05   0.95   0.95   -1   0   0   0   0   0   0   0   0   
10   0.1   5   5   0.25   0.25   0.75   0.75   -1   0   0   0   0   0   0   0   0   
10   0.1   5   5   0.25   0.25   0.75   0.75   -1   0   0   0   0   0   0   0   0   
10   0.1   5   5   0.25   0.25   0.75   0.75   -1   0   0   0   0   0   0   0   0   
10   0.1   5   5   0.25   0.25   0.75   0.75   -1   0   0   0   0   0   0   0   0   
10   0.1   5   5   0.25   0.25   0.75   0.75   -1   0   0   0   0   0   0   0   0   
10   0.1   15   15   0.25   0.25   0.75   0.75   -1   0   0   0   0   0   0   0   0   
10   0.1   15   15   0.25   0.25   0.75   0.75   -1   0   0   0   0   0   0   0   0   
200   0.25   50   50   0.25   0.25   0.75   0.75   -1   0   0   0   0   0   0   0   0   
200   0.25   50   50   0.25   0.25   0.75   0.75   -1   0   0   0   0   0   0   0   0   
200   0.25   50   50   0.25   0.25   0.75   0.75   -1   0   0   0   0   0   0   0   0   
1000   0.25   50   50   0.25   0.25   0.75   0.75   -1   0   0   0   0   0   0   0   0   
500   0.1   15   15   0.25   0.25   0.75   0.75   0.85   149   4   115   30   137   0   137   34   
500   0.1   15   15   0.25   0.25   0.75   0.75   -1   0   0   0   0   0   0   0   12   
500   0.1   15   15   0.25   0.25   0.75   0.75   -1   0   0   0   0   0   0   0   12   
500   0.1   15   15   0.25   0.25   0.75   0.75   -1   0   0   0   0   0   0   0   12   
500   0.1   15   15   0.25   0.25   0.75   0.75   -1   0   0   0   0   0   0   0   12   
500   0.1   15   15   0.25   0.25   0.75   0.75   -1   0   0   0   0   0   0   0   12   
500   0.1   15   15   0.25   0.25   0.75   0.75   -1   0   0   0   0   0   0   0   13   
500   0.1   15   15   0.25   0.25   0.75   0.75   -1   0   0   0   0   0   0   0   11   
500   0.1   15   15   0.25   0.25   0.75   0.75   -1   0   0   0   0   0   0   0   9   
500   0.1   15   15   0.25   0.25   0.75   0.75   -1   0   0   0   0   0   0   0   13   
500   0.1   15   15   0.25   0.25   0.75   0.75   -1   0   0   0   0   0   0   0   14   
500   0.1   15   15   0.25   0.25   0.75   0.75   -1   0   0   0   0   0   0   0   12   
500   0.1   30   30   0.25   0.25   0.75   0.75   -1   0   0   0   0   0   0   0   16   
500   0.1   15   15   0.25   0.25   0.75   0.75   -1   0   0   0   0   0   0   0   15   
500   0.1   15   15   0.25   0.25   0.75   0.75   -1   0   0   0   0   0   0   0   10   
500   0.1   15   15   0.25   0.25   0.75   0.75   -1   0   0   0   0   0   0   0   10   
500   0.1   15   15   0.25   0.25   0.75   0.75   -1   0   0   0   0   0   0   0   12   
500   0.1   15   15   0.25   0.25   0.75   0.75   -1   0   0   0   0   0   0   0   17   
500   0.1   50   50   0.25   0.25   0.75   0.75   -1   0   0   0   0   0   0   0   12   
500   0.1   50   50   0.25   0.25   0.75   0.75   -1   0   0   0   0   0   0   0   10   
500   0.1   15   15   0.25   0.25   0.75   0.75   -1   0   0   0   0   0   0   0   12   
500   0.1   15   15   0.25   0.25   0.75   0.75   -1   0   0   0   0   0   0   0   11   
500   0.1   15   15   0.25   0.25   0.75   0.75   -1   0   0   0   0   0   0   0   17   
500   0.1   15   15   0.25   0.25   0.75   0.75   -1   0   0   0   0   0   0   0   17   
500   0.1   100   100   0.25   0.25   0.75   0.75   -1   0   0   0   0   0   0   0   14   
500   0.1   100   100   0.25   0.25   0.75   0.75   -1   0   0   0   0   0   0   0   14   
200   0.125   50   50   0.25   0.25   0.75   0.75   -1   0   0   0   0   0   0   0   14   
400   0.1   200   200   0.25   0.25   0.75   0.75   -1   0   0   0   0   0   0   0   1   
400   0.1   200   200   0.25   0.25   0.75   0.75   -1   0   0   0   0   0   0   0   14   
10   0.1   15   15   0.25   0.25   0.75   0.75   -1   0   0   0   0   0   0   0   1   
