    100
   0.615   0.896       0       0       0
   0.202   0.939       0       0       0
   0.538   0.990       0       0       0
   0.875   0.024       0       0       0
   0.111   0.272       0       0       0
   0.206   0.969       0       0       0
   0.326   0.975       0       0       0
   0.175   0.083       0       0       0
   0.825   0.137       0       0       0
   0.059   0.333       0       0       0
   0.777   0.136       0       0       0
   0.553   0.081       0       0       0
   0.617   0.031       0       0       0
   0.595   0.071       0       0       0
   0.885   0.115       0       0       0
   0.125   0.989       0       0       0
   0.363   0.399       0       0       0
   0.390   0.780       0       0       0
   0.445   0.313       0       0       0
   0.359   0.136       0       0       0
   0.504   0.580       0       0       0
   0.427   0.207       0       0       0
   0.780   0.548       0       0       0
   0.810   0.986       0       0       0
   0.696   0.596       0       0       0
   0.357   0.111       0       0       0
   0.381   0.086       0       0       0
   0.097   0.059       0       0       0
   0.413   0.817       0       0       0
   0.072   0.832       0       0       0
   0.733   0.116       0       0       0
   0.152   0.233       0       0       0
   0.355   0.573       0       0       0
   0.160   0.517       0       0       0
   0.486   0.001       0       0       0
   0.681   0.628       0       0       0
   0.487   0.194       0       0       0
   0.234   0.728       0       0       0
   0.397   0.046       0       0       0
   0.462   0.925       0       0       0
   0.502   0.436       0       0       0
   0.329   0.009       0       0       0
   0.882   0.257       0       0       0
   0.365   0.581       0       0       0
   0.508   0.012       0       0       0
   0.395   0.134       0       0       0
   0.617   0.882       0       0       0
   0.305   0.960       0       0       0
   0.786   0.542       0       0       0
   0.331   0.569       0       0       0
   0.139   0.379       0       0       0
   0.266   0.880       0       0       0
   0.329   0.099       0       0       0
   0.862   0.820       0       0       0
   0.946   0.956       0       0       0
   0.822   0.811       0       0       0
   0.567   0.082       0       0       0
   0.128   0.297       0       0       0
   0.253   0.269       0       0       0
   0.844   0.381       0       0       0
   0.680   0.660       0       0       0
   0.401   0.864       0       0       0
   0.150   0.220       0       0       0
   0.828   0.727       0       0       0
   0.738   0.966       0       0       0
   0.417   0.272       0       0       0
   0.235   0.399       0       0       0
   0.997   0.732       0       0       0
   0.134   0.109       0       0       0
   0.345   0.096       0       0       0
   0.220   0.995       0       0       0
   0.784   0.892       0       0       0
   0.368   0.086       0       0       0
   0.333   0.685       0       0       0
   0.732   0.886       0       0       0
   0.550   0.706       0       0       0
   0.086   0.742       0       0       0
   0.997   0.762       0       0       0
   0.632   0.841       0       0       0
   0.157   0.245       0       0       0
   0.399   0.170       0       0       0
   0.044   0.504       0       0       0
   0.049   0.787       0       0       0
   0.977   0.359       0       0       0
   0.252   0.174       0       0       0
   0.861   0.265       0       0       0
   0.254   0.568       0       0       0
   0.755   0.322       0       0       0
   0.976   0.788       0       0       0
   0.046   0.281       0       0       0
   0.761   0.834       0       0       0
   0.101   0.237       0       0       0
   0.797   0.211       0       0       0
   0.870   0.698       0       0       0
   0.140   0.357       0       0       0
   0.054   0.708       0       0       0
   0.104   0.121       0       0       0
   0.495   0.004       0       0       0
   0.221   0.639       0       0       0
   0.045   0.130       0       0       0
   0.452   0.208       0       0       0
   0.197   0.043       0       0       0
   0.823   0.482       0       0       0
   0.536   0.001       0       0       0
   0.664   0.871       0       0       0
   0.434   0.908       0       0       0
   0.215   0.063       0       0       0
   0.578   0.497       0       0       0
   0.991   0.332       0       0       0
   0.352   0.362       0       0       0
   0.808   0.551       0       0       0
   0.244   0.240       0       0       0
   0.458   0.240       0       0       0
   0.389   0.607       0       0       0
   0.273   0.743       0       0       0
   0.191   0.323       0       0       0
   0.582   0.281       0       0       0
   0.861   0.166       0       0       0
   0.591   0.640       0       0       0
   0.202   0.591       0       0       0
   0.803   0.019       0       0       0
   0.647   0.141       0       0       0
   0.802   0.072       0       0       0
   0.478   0.523       0       0       0
   0.758   0.919       0       0       0
   0.372   0.073       0       0       0
   0.389   0.621       0       0       0
   0.446   0.528       0       0       0
   0.557   0.046       0       0       0
   0.052   0.275       0       0       0
   0.409   0.219       0       0       0
   0.226   0.582       0       0       0
   0.827   0.313       0       0       0
   0.684   0.910       0       0       0
   0.682   0.408       0       0       0
   0.040   0.387       0       0       0
   0.227   0.267       0       0       0
   0.150   0.141       0       0       0
   0.465   0.666       0       0       0
   0.836   0.770       0       0       0
   0.436   0.704       0       0       0
   0.956   0.134       0       0       0
   0.141   0.696       0       0       0
   0.194   0.956       0       0       0
   0.203   0.973       0       0       0
   0.729   0.557       0       0       0
   0.198   0.862       0       0       0
   0.593   0.103       0       0       0
   0.698   0.390       0       0       0
   0.103   0.064       0       0       0
   0.234   0.667       0       0       0
   0.056   0.272       0       0       0
   0.224   0.966       0       0       0
   0.315   0.351       0       0       0
   0.284   0.274       0       0       0
   0.308   0.310       0       0       0
   0.464   0.433       0       0       0
   0.152   0.444       0       0       0
   0.826   0.502       0       0       0
   0.183   0.658       0       0       0
   0.251   0.534       0       0       0
   0.367   0.041       0       0       0
   0.396   0.637       0       0       0
   0.023   0.528       0       0       0
   0.941   0.093       0       0       0
   0.836   0.159       0       0       0
   0.362   0.117       0       0       0
   0.642   0.906       0       0       0
   0.394   0.284       0       0       0
   0.948   0.646       0       0       0
   0.899   0.385       0       0       0
   0.054   0.164       0       0       0
   0.180   0.897       0       0       0
   0.989   0.639       0       0       0
   0.998   0.615       0       0       0
   0.531   0.245       0       0       0
   0.334   0.890       0       0       0
   0.201   0.358       0       0       0
   0.198   0.903       0       0       0
   0.091   0.099       0       0       0
   0.301   0.031       0       0       0
   0.371   0.905       0       0       0
   0.014   0.244       0       0       0
   0.145   0.768       0       0       0
   0.708   0.602       0       0       0
   0.964   0.814       0       0       0
   0.530   0.980       0       0       0
   0.294   0.502       0       0       0
   0.882   0.294       0       0       0
   0.201   0.354       0       0       0
   0.655   0.274       0       0       0
   0.212   0.369       0       0       0
   0.592   0.819       0       0       0
   0.827   0.864       0       0       0
   0.922   0.824       0       0       0
   0.060   0.478       0       0       0
   0.976   0.479       0       0       0
   0.410   0.013       0       0       0
   0.048   0.988       0       0       0
   0.901   0.434       0       0       0
   0.840   0.160       0       0       0
   0.022   0.747       0       0       0
   0.766   0.991       0       0       0
   0.517   0.527       0       0       0
   0.292   0.515       0       0       0
   0.469   0.437       0       0       0
   0.090   0.658       0       0       0
   0.428   0.360       0       0       0
   0.066   0.948       0       0       0
   0.880   0.065       0       0       0
   0.845   0.026       0       0       0
   0.811   0.322       0       0       0
   0.063   0.750       0       0       0
   0.078   0.597       0       0       0
   0.017   0.453       0       0       0
   0.318   0.063       0       0       0
   0.148   0.048       0       0       0
   0.800   0.614       0       0       0
   0.213   0.011       0       0       0
   0.969   0.066       0       0       0
   0.426   0.367       0       0       0
   0.976   0.594       0       0       0
   0.666   0.680       0       0       0
   0.199   0.893       0       0       0
   0.202   0.814       0       0       0
   0.169   0.398       0       0       0
   0.880   0.545       0       0       0
   0.576   0.265       0       0       0
   0.065   0.479       0       0       0
   0.811   0.389       0       0       0
   0.638   0.327       0       0       0
   0.376   0.425       0       0       0
   0.794   0.801       0       0       0
   0.111   0.489       0       0       0
   0.185   0.928       0       0       0
   0.518   0.632       0       0       0
   0.026   0.409       0       0       0
   0.443   0.604       0       0       0
   0.096   0.970       0       0       0
   0.100   0.322       0       0       0
   0.090   0.287       0       0       0
   0.773   0.134       0       0       0
   0.282   0.426       0       0       0
   0.497   0.988       0       0       0
   0.542   0.155       0       0       0
   0.071   0.486       0       0       0
   0.519   0.466       0       0       0
   0.919   0.626       0       0       0
   0.551   0.113       0       0       0
   0.195   0.212       0       0       0
   0.233   0.284       0       0       0
   0.613   0.918       0       0       0
   0.371   0.169       0       0       0
   0.071   0.598       0       0       0
   0.000   0.775       0       0       0
   0.570   0.950       0       0       0
   0.492   0.457       0       0       0
   0.572   0.538       0       0       0
   0.487   0.722       0       0       0
   0.701   0.406       0       0       0
   0.211   0.188       0       0       0
   0.774   0.364       0       0       0
   0.096   0.192       0       0       0
   0.139   0.209       0       0       0
   0.675   0.047       0       0       0
   0.652   0.975       0       0       0
   0.253   0.199       0       0       0
   0.771   0.157       0       0       0
   0.630   0.158       0       0       0
   0.469   0.132       0       0       0
   0.965   0.300       0       0       0
   0.700   0.738       0       0       0
   0.796   0.361       0       0       0
   0.120   0.336       0       0       0
   0.385   0.069       0       0       0
   0.640   0.884       0       0       0
   0.455   0.647       0       0       0
   0.854   0.422       0       0       0
   0.709   0.016       0       0       0
   0.567   0.262       0       0       0
   0.186   0.204       0       0       0
   0.349   0.344       0       0       0
   0.159   0.603       0       0       0
   0.023   0.047       0       0       0
   0.891   0.326       0       0       0
   0.342   0.343       0       0       0
   0.459   0.602       0       0       0
   0.068   0.825       0       0       0
   0.097   0.067       0       0       0
   0.942   0.032       0       0       0
   0.258   0.436       0       0       0
   0.529   0.582       0       0       0
   0.655   0.123       0       0       0
   0.761   0.042       0       0       0
   0.873   0.747       0       0       0
   0.964   0.927       0       0       0
   0.073   0.666       0       0       0
   0.460   0.326       0       0       0
   0.013   0.943       0       0       0
   0.513   0.637       0       0       0
   0.227   0.577       0       0       0
   0.433   0.803       0       0       0
   0.130   0.587       0       0       0
   0.143   0.103       0       0       0
   0.586   0.585       0       0       0
   0.883   0.959       0       0       0
   0.600   0.454       0       0       0
   0.827   0.574       0       0       0
   0.575   0.174       0       0       0
   0.266   0.570       0       0       0
   0.408   0.617       0       0       0
   0.945   0.013       0       0       0
   0.680   0.291       0       0       0
   0.999   0.693       0       0       0
   0.951   0.353       0       0       0
   0.902   0.052       0       0       0
   0.238   0.911       0       0       0
   0.380   0.677       0       0       0
   0.152   0.149       0       0       0
   0.293   0.778       0       0       0
   0.226   0.396       0       0       0
   0.369   0.192       0       0       0
   0.817   0.504       0       0       0
   0.856   0.095       0       0       0
   0.666   0.708       0       0       0
   0.546   0.063       0       0       0
   0.606   0.155       0       0       0
   0.042   0.443       0       0       0
   0.613   0.084       0       0       0
   0.570   0.027       0       0       0
   0.673   0.156       0       0       0
   0.444   0.233       0       0       0
   0.479   0.525       0       0       0
   0.889   0.014       0       0       0
   0.138   0.457       0       0       0
   0.917   0.696       0       0       0
   0.299   0.465       0       0       0
   0.341   0.473       0       0       0
   0.789   0.341       0       0       0
   0.455   0.430       0       0       0
   0.268   0.018       0       0       0
   0.860   0.079       0       0       0
   0.357   0.576       0       0       0
   0.043   0.558       0       0       0
   0.330   0.908       0       0       0
   0.894   0.870       0       0       0
   0.346   0.716       0       0       0
   0.799   0.873       0       0       0
   0.126   0.663       0       0       0
   0.552   0.946       0       0       0
   0.025   0.280       0       0       0
   0.232   0.506       0       0       0
   0.418   0.023       0       0       0
   0.031   0.961       0       0       0
   0.072   0.639       0       0       0
   0.633   0.727       0       0       0
   0.764   0.736       0       0       0
   0.240   0.515       0       0       0
   0.740   0.553       0       0       0
   0.722   0.197       0       0       0
   0.454   0.449       0       0       0
   0.726   0.166       0       0       0
   0.951   0.034       0       0       0
   0.081   0.707       0       0       0
   0.543   0.783       0       0       0
   0.734   0.790       0       0       0
   0.365   0.899       0       0       0
   0.113   0.512       0       0       0
   0.226   0.716       0       0       0
   0.155   0.202       0       0       0
   0.774   0.270       0       0       0
   0.874   0.110       0       0       0
   0.588   0.460       0       0       0
   0.987   0.268       0       0       0
   0.116   0.000       0       0       0
   0.302   0.180       0       0       0
   0.029   0.123       0       0       0
   0.970   0.805       0       0       0
   0.184   0.397       0       0       0
   0.684   0.603       0       0       0
   0.902   0.220       0       0       0
   0.533   0.538       0       0       0
   0.496   0.803       0       0       0
   0.678   0.211       0       0       0
   0.756   0.569       0       0       0
   0.094   0.714       0       0       0
   0.667   0.000       0       0       0
   0.839   0.247       0       0       0
   0.680   0.864       0       0       0
   0.723   0.123       0       0       0
   0.235   0.363       0       0       0
   0.633   0.306       0       0       0
   0.779   0.749       0       0       0
   0.631   0.052       0       0       0
   0.984   0.170       0       0       0
   0.489   0.583       0       0       0
   0.819   0.944       0       0       0
   0.152   0.669       0       0       0
   0.780   0.621       0       0       0
   0.830   0.067       0       0       0
   0.324   0.732       0       0       0
   0.711   0.027       0       0       0
   0.245   0.666       0       0       0
   0.344   0.056       0       0       0
   0.396   0.603       0       0       0
   0.536   0.168       0       0       0
   0.532   0.117       0       0       0
   0.525   0.810       0       0       0
   0.926   0.129       0       0       0
   0.195   0.227       0       0       0
   0.067   0.539       0       0       0
   0.896   0.940       0       0       0
   0.996   0.899       0       0       0
   0.274   0.077       0       0       0
   0.388   0.055       0       0       0
   0.965   0.085       0       0       0
   0.683   0.629       0       0       0
   0.393   0.414       0       0       0
   0.133   0.763       0       0       0
   0.975   0.472       0       0       0
   0.955   0.078       0       0       0
   0.037   0.419       0       0       0
   0.554   0.476       0       0       0
   0.367   0.802       0       0       0
   0.355   0.359       0       0       0
   0.690   0.892       0       0       0
   0.339   0.442       0       0       0
   0.256   0.017       0       0       0
   0.140   0.612       0       0       0
   0.218   0.043       0       0       0
   0.363   0.646       0       0       0
   0.079   0.481       0       0       0
   0.183   0.397       0       0       0
   0.828   0.339       0       0       0
   0.768   0.260       0       0       0
   0.742   0.602       0       0       0
   0.245   0.108       0       0       0
   0.107   0.768       0       0       0
   0.403   0.993       0       0       0
   0.102   0.859       0       0       0
   0.571   0.334       0       0       0
   0.075   0.176       0       0       0
   0.472   0.484       0       0       0
   0.179   0.941       0       0       0
   0.635   0.970       0       0       0
   0.742   0.706       0       0       0
   0.510   0.007       0       0       0
   0.722   0.625       0       0       0
   0.518   0.591       0       0       0
   0.828   0.618       0       0       0
   0.390   0.394       0       0       0
   0.541   0.615       0       0       0
   0.514   0.221       0       0       0
   0.174   0.887       0       0       0
   0.325   0.093       0       0       0
   0.177   0.661       0       0       0
   0.285   0.927       0       0       0
   0.775   0.154       0       0       0
   0.559   0.679       0       0       0
   0.884   0.365       0       0       0
   0.486   0.913       0       0       0
   0.983   0.891       0       0       0
   0.589   0.465       0       0       0
   0.757   0.516       0       0       0
   0.645   0.009       0       0       0
   0.974   0.484       0       0       0
   0.405   0.948       0       0       0
   0.506   0.219       0       0       0
   0.842   0.945       0       0       0
   0.518   0.759       0       0       0
   0.283   0.470       0       0       0
   0.865   0.901       0       0       0
   0.485   0.800       0       0       0
   0.254   0.447       0       0       0
   0.963   0.415       0       0       0
   0.005   0.687       0       0       0
   0.693   0.727       0       0       0
   0.534   0.949       0       0       0
   0.490   0.553       0       0       0
   0.199   0.784       0       0       0
   0.853   0.134       0       0       0
   0.167   0.483       0       0       0
   0.860   0.288       0       0       0
   0.559   0.592       0       0       0
   0.329   0.635       0       0       0
   0.441   0.237       0       0       0
   0.807   0.218       0       0       0
   0.771   0.911       0       0       0
   0.552   0.787       0       0       0
   0.812   0.194       0       0       0
   0.483   0.338       0       0       0
   0.432   0.880       0       0       0
   0.892   0.974       0       0       0
   0.354   0.280       0       0       0
   0.191   0.648       0       0       0
   0.396   0.450       0       0       0
   0.784   0.328       0       0       0
   0.103   0.982       0       0       0
   0.926   0.417       0       0       0
   0.329   0.159       0       0       0
   0.578   0.585       0       0       0
   0.728   0.908       0       0       0
   0.721   0.756       0       0       0
   0.501   0.798       0       0       0
   0.770   0.524       0       0       0
   0.216   0.925       0       0       0
   0.105   0.601       0       0       0
   0.671   0.635       0       0       0
   0.056   0.560       0       0       0
   0.519   0.584       0       0       0
   0.434   0.003       0       0       0
   0.310   0.529       0       0       0
   0.072   0.974       0       0       0
   0.856   0.703       0       0       0
   0.421   0.042       0       0       0
   0.881   0.776       0       0       0
   0.405   0.094       0       0       0
   0.235   0.683       0       0       0
   0.551   0.759       0       0       0
   0.480   0.765       0       0       0
   0.918   0.200       0       0       0
   0.915   0.973       0       0       0
   0.620   0.494       0       0       0
   0.298   0.091       0       0       0
   0.253   0.841       0       0       0
   0.027   0.804       0       0       0
   0.993   0.508       0       0       0
   0.434   0.668       0       0       0
   0.171   0.630       0       0       0
   0.636   0.255       0       0       0
   0.983   0.942       0       0       0
   0.483   0.777       0       0       0
   0.615   0.375       0       0       0
   0.368   0.084       0       0       0
   0.808   0.855       0       0       0
   0.608   0.865       0       0       0
   0.727   0.261       0       0       0
   0.281   0.341       0       0       0
   0.346   0.906       0       0       0
   0.282   0.846       0       0       0
   0.915   0.313       0       0       0
   0.989   0.353       0       0       0
   0.126   0.223       0       0       0
   0.380   0.954       0       0       0
   0.744   0.104       0       0       0
   0.481   0.570       0       0       0
   0.054   0.062       0       0       0
   0.031   0.092       0       0       0
   0.986   0.200       0       0       0
   0.390   0.195       0       0       0
   0.913   0.536       0       0       0
   0.508   0.688       0       0       0
   0.001   0.449       0       0       0
   0.009   0.271       0       0       0
   0.612   0.899       0       0       0
   0.577   0.844       0       0       0
   0.257   0.174       0       0       0
   0.286   0.241       0       0       0
   0.328   0.518       0       0       0
   0.185   0.223       0       0       0
   0.768   0.901       0       0       0
   0.182   0.018       0       0       0
   0.212   0.979       0       0       0
   0.720   0.936       0       0       0
   0.064   0.024       0       0       0
   0.515   0.898       0       0       0
   0.297   0.057       0       0       0
   0.614   0.398       0       0       0
   0.471   0.014       0       0       0
   0.433   0.181       0       0       0
   0.292   0.639       0       0       0
   0.971   0.989       0       0       0
   0.648   0.863       0       0       0
   0.803   0.325       0       0       0
   0.677   0.536       0       0       0
   0.380   0.439       0       0       0
   0.993   0.429       0       0       0
   0.072   0.729       0       0       0
   0.729   0.437       0       0       0
   0.487   0.731       0       0       0
   0.079   0.862       0       0       0
   0.848   0.464       0       0       0
   0.223   0.902       0       0       0
   0.322   0.315       0       0       0
   0.895   0.384       0       0       0
   0.214   0.954       0       0       0
   0.357   0.008       0       0       0
   0.012   0.551       0       0       0
   0.396   0.433       0       0       0
   0.196   0.336       0       0       0
   0.222   0.942       0       0       0
   0.746   0.241       0       0       0
   0.025   0.113       0       0       0
   0.418   0.269       0       0       0
   0.857   0.740       0       0       0
   0.685   0.102       0       0       0
   0.426   0.249       0       0       0
   0.708   0.118       0       0       0
   0.460   0.817       0       0       0
   0.115   0.107       0       0       0
   0.457   0.768       0       0       0
   0.135   0.244       0       0       0
   0.469   0.021       0       0       0
   0.302   0.729       0       0       0
   0.625   0.861       0       0       0
   0.657   0.459       0       0       0
   0.613   0.622       0       0       0
   0.233   0.886       0       0       0
   0.705   0.569       0       0       0
   0.500   0.000       0       0       0
   0.508   0.399       0       0       0
   0.698   0.622       0       0       0
   0.615   0.385       0       0       0
   0.410   0.156       0       0       0
   0.333   0.986       0       0       0
   0.144   0.220       0       0       0
   0.838   0.217       0       0       0
   0.581   0.226       0       0       0
   0.639   0.561       0       0       0
   0.622   0.133       0       0       0
   0.165   0.276       0       0       0
   0.077   0.033       0       0       0
   0.199   0.308       0       0       0
   0.247   0.602       0       0       0
   0.610   0.991       0       0       0
   0.906   0.702       0       0       0
   0.877   0.549       0       0       0
   0.720   0.926       0       0       0
   0.579   0.540       0       0       0
   0.975   0.981       0       0       0
   0.346   0.227       0       0       0
   0.221   0.060       0       0       0
   0.829   0.186       0       0       0
   0.449   0.063       0       0       0
   0.111   0.611       0       0       0
   0.373   0.898       0       0       0
   0.640   0.724       0       0       0
   0.223   0.452       0       0       0
   0.802   0.683       0       0       0
   0.329   0.290       0       0       0
   0.642   0.412       0       0       0
   0.779   0.877       0       0       0
   0.225   0.564       0       0       0
   0.445   0.659       0       0       0
   0.194   0.365       0       0       0
   0.212   0.568       0       0       0
   0.888   0.513       0       0       0
   0.594   0.556       0       0       0
   0.954   0.258       0       0       0
   0.469   0.091       0       0       0
   0.044   0.970       0       0       0
   0.251   0.576       0       0       0
   0.849   0.478       0       0       0
   0.052   0.077       0       0       0
   0.999   0.138       0       0       0
   0.909   0.621       0       0       0
   0.485   0.805       0       0       0
   0.882   0.512       0       0       0
   0.030   0.241       0       0       0
   0.518   0.804       0       0       0
   0.546   0.344       0       0       0
   0.008   0.956       0       0       0
   0.166   0.093       0       0       0
   0.445   0.521       0       0       0
   0.026   0.183       0       0       0
   0.512   0.195       0       0       0
   0.598   0.005       0       0       0
   0.648   0.120       0       0       0
   0.907   0.231       0       0       0
   0.682   0.537       0       0       0
   0.886   0.810       0       0       0
   0.301   0.648       0       0       0
   0.815   0.437       0       0       0
   0.608   0.171       0       0       0
   0.250   0.793       0       0       0
   0.665   0.996       0       0       0
   0.369   0.298       0       0       0
   0.258   0.361       0       0       0
   0.460   0.961       0       0       0
   0.168   0.952       0       0       0
   0.066   0.474       0       0       0
   0.485   0.734       0       0       0
   0.214   0.490       0       0       0
   0.509   0.161       0       0       0
   0.097   0.107       0       0       0
   0.732   0.408       0       0       0
   0.570   0.396       0       0       0
   0.802   0.076       0       0       0
   0.881   0.756       0       0       0
   0.386   0.237       0       0       0
   0.004   0.153       0       0       0
   0.973   0.242       0       0       0
   0.785   0.837       0       0       0
   0.291   0.045       0       0       0
   0.220   0.358       0       0       0
   0.355   0.486       0       0       0
   0.852   0.215       0       0       0
   0.573   0.060       0       0       0
   0.905   0.584       0       0       0
   0.085   0.418       0       0       0
   0.820   0.678       0       0       0
   0.961   0.535       0       0       0
   0.374   0.061       0       0       0
   0.370   0.120       0       0       0
   0.629   0.070       0       0       0
   0.071   0.803       0       0       0
   0.082   0.432       0       0       0
   0.542   0.927       0       0       0
   0.546   0.455       0       0       0
   0.920   0.316       0       0       0
   0.785   0.279       0       0       0
   0.011   0.047       0       0       0
   0.572   0.346       0       0       0
   0.460   0.693       0       0       0
   0.617   0.996       0       0       0
   0.719   0.043       0       0       0
   0.004   0.704       0       0       0
   0.745   0.269       0       0       0
   0.094   0.612       0       0       0
   0.167   0.762       0       0       0
   0.423   0.487       0       0       0
   0.793   0.300       0       0       0
   0.714   0.023       0       0       0
   0.416   0.782       0       0       0
   0.819   0.281       0       0       0
   0.354   0.557       0       0       0
   0.558   0.505       0       0       0
   0.532   0.791       0       0       0
   0.209   0.033       0       0       0
   0.466   0.449       0       0       0
   0.433   0.252       0       0       0
   0.798   0.683       0       0       0
   0.082   0.020       0       0       0
   0.093   0.165       0       0       0
   0.469   0.077       0       0       0
   0.511   0.416       0       0       0
   0.539   0.146       0       0       0
   0.947   0.572       0       0       0
   0.666   0.159       0       0       0
   0.558   0.651       0       0       0
   0.088   0.082       0       0       0
   0.290   0.687       0       0       0
   0.026   0.651       0       0       0
   0.022   0.853       0       0       0
   0.659   0.218       0       0       0
   0.332   0.238       0       0       0
   0.138   0.127       0       0       0
   0.704   0.867       0       0       0
   0.228   0.797       0       0       0
   0.247   0.105       0       0       0
   0.692   0.279       0       0       0
   0.495   0.753       0       0       0
   0.426   0.254       0       0       0
   0.191   0.165       0       0       0
   0.867   0.837       0       0       0
   0.256   0.838       0       0       0
   0.110   0.114       0       0       0
   0.462   0.859       0       0       0
   0.759   0.083       0       0       0
   0.524   0.427       0       0       0
   0.540   0.100       0       0       0
   0.510   0.411       0       0       0
   0.043   0.718       0       0       0
   0.056   0.943       0       0       0
   0.938   0.303       0       0       0
   0.898   0.131       0       0       0
   0.525   0.858       0       0       0
   0.550   0.082       0       0       0
   0.279   0.312       0       0       0
   0.799   0.635       0       0       0
   0.389   0.398       0       0       0
   0.963   0.927       0       0       0
   0.613   0.702       0       0       0
   0.196   0.385       0       0       0
   0.796   0.728       0       0       0
   0.480   0.491       0       0       0
   0.350   0.315       0       0       0
   0.704   0.031       0       0       0
   0.540   0.169       0       0       0
   0.756   0.150       0       0       0
   0.913   0.566       0       0       0
   0.567   0.159       0       0       0
   0.480   0.037       0       0       0
   0.706   0.815       0       0       0
   0.865   0.031       0       0       0
   0.578   0.123       0       0       0
   0.030   0.604       0       0       0
   0.377   0.933       0       0       0
   0.369   0.343       0       0       0
   0.763   0.199       0       0       0
   0.038   0.522       0       0       0
   0.564   0.281       0       0       0
   0.064   0.673       0       0       0
   0.128   0.065       0       0       0
   0.671   0.212       0       0       0
   0.279   0.271       0       0       0
   0.579   0.879       0       0       0
   0.187   0.447       0       0       0
   0.796   0.571       0       0       0
   0.104   0.120       0       0       0
   0.860   0.022       0       0       0
   0.648   0.592       0       0       0
   0.125   0.249       0       0       0
   0.141   0.067       0       0       0
   0.125   0.481       0       0       0
   0.528   0.589       0       0       0
   0.075   0.888       0       0       0
   0.965   0.333       0       0       0
   0.217   0.582       0       0       0
   0.025   0.569       0       0       0
   0.736   0.288       0       0       0
   0.861   0.102       0       0       0
   0.751   0.181       0       0       0
   0.249   0.746       0       0       0
   0.973   0.628       0       0       0
   0.843   0.845       0       0       0
   0.260   0.730       0       0       0
   0.585   0.708       0       0       0
   0.134   0.789       0       0       0
   0.914   0.600       0       0       0
   0.925   0.101       0       0       0
   0.155   0.614       0       0       0
   0.571   0.253       0       0       0
   0.471   0.317       0       0       0
   0.352   0.909       0       0       0
   0.205   0.727       0       0       0
   0.613   0.196       0       0       0
   0.359   0.680       0       0       0
   0.869   0.931       0       0       0
   0.765   0.113       0       0       0
   0.502   0.892       0       0       0
   0.267   0.543       0       0       0
   0.815   0.443       0       0       0
   0.970   0.172       0       0       0
   0.817   0.006       0       0       0
   0.617   0.143       0       0       0
   0.348   0.409       0       0       0
   0.317   0.494       0       0       0
   0.731   0.708       0       0       0
   0.809   0.598       0       0       0
   0.544   0.530       0       0       0
   0.577   0.302       0       0       0
   0.041   0.259       0       0       0
   0.163   0.535       0       0       0
   0.121   0.081       0       0       0
   0.723   0.998       0       0       0
   0.948   0.910       0       0       0
   0.368   0.762       0       0       0
   0.448   0.208       0       0       0
   0.555   0.938       0       0       0
   0.092   0.840       0       0       0
   0.637   0.870       0       0       0
   0.498   0.381       0       0       0
   0.892   0.815       0       0       0
   0.641   0.003       0       0       0
   0.412   0.031       0       0       0
   0.393   0.967       0       0       0
   0.593   0.447       0       0       0
   0.200   0.073       0       0       0
   0.003   0.742       0       0       0
   0.561   0.847       0       0       0
   0.080   0.520       0       0       0
   0.188   0.771       0       0       0
   0.720   0.661       0       0       0
   0.167   0.002       0       0       0
   0.447   0.125       0       0       0
   0.050   0.838       0       0       0
   0.818   0.829       0       0       0
   0.698   0.316       0       0       0
   0.205   0.848       0       0       0
   0.658   0.904       0       0       0
   0.142   0.907       0       0       0
   0.283   0.645       0       0       0
   0.195   0.453       0       0       0
   0.966   0.359       0       0       0
   0.091   0.684       0       0       0
   0.813   0.002       0       0       0
   0.737   0.366       0       0       0
   0.240   0.078       0       0       0
   0.075   0.654       0       0       0
   0.896   0.195       0       0       0
   0.166   0.810       0       0       0
   0.616   0.525       0       0       0
   0.597   0.083       0       0       0
   0.418   0.545       0       0       0
   0.386   0.988       0       0       0
   0.277   0.232       0       0       0
   0.571   0.246       0       0       0
   0.538   0.518       0       0       0
   0.009   0.554       0       0       0
   0.677   0.241       0       0       0
   0.024   0.068       0       0       0
   0.892   0.321       0       0       0
   0.214   0.871       0       0       0
   0.132   0.067       0       0       0
   0.901   0.280       0       0       0
   0.216   0.105       0       0       0
   0.740   0.973       0       0       0
   0.692   0.516       0       0       0
   0.091   0.456       0       0       0
   0.807   0.004       0       0       0
   0.585   0.077       0       0       0
   0.985   0.133       0       0       0
   0.744   0.733       0       0       0
   0.290   0.332       0       0       0
   0.886   0.338       0       0       0
   0.803   0.534       0       0       0
   0.249   0.663       0       0       0
   0.917   0.824       0       0       0
   0.633   0.038       0       0       0
   0.830   0.213       0       0       0
   0.380   0.276       0       0       0
   0.856   0.221       0       0       0
   0.218   0.726       0       0       0
   0.430   0.664       0       0       0
   0.029   0.413       0       0       0
   0.457   0.820       0       0       0
   0.801   0.614       0       0       0
   0.894   0.766       0       0       0
   0.590   0.553       0       0       0
   0.358   0.025       0       0       0
   0.348   0.440       0       0       0
   0.636   0.750       0       0       0
   0.763   0.483       0       0       0
   0.182   0.850       0       0       0
   0.785   0.998       0       0       0
   0.351   0.445       0       0       0
   0.871   0.263       0       0       0
   0.709   0.866       0       0       0
   0.831   0.166       0       0       0
   0.150   0.422       0       0       0
   0.262   0.630       0       0       0
   0.342   0.106       0       0       0
   0.211   0.276       0       0       0
   0.526   0.120       0       0       0
   0.600   0.403       0       0       0
   0.900   0.706       0       0       0
   0.306   0.126       0       0       0
   0.488   0.895       0       0       0
   0.575   0.691       0       0       0
   0.745   0.490       0       0       0
   0.435   0.900       0       0       0
   0.765   0.152       0       0       0
   0.680   0.894       0       0       0
   0.066   0.927       0       0       0
   0.871   0.598       0       0       0
   0.512   0.288       0       0       0
   0.462   0.960       0       0       0
   0.773   0.960       0       0       0
   0.536   0.130       0       0       0
   0.383   0.730       0       0       0
   0.157   0.545       0       0       0
   0.262   0.390       0       0       0
   0.616   0.610       0       0       0
   0.494   0.900       0       0       0
   0.666   0.616       0       0       0
   0.556   0.254       0       0       0
   0.269   0.861       0       0       0
   0.963   0.611       0       0       0
   0.473   0.377       0       0       0
   0.715   0.956       0       0       0
   0.708   0.122       0       0       0
   0.142   0.180       0       0       0
   0.545   0.970       0       0       0
   0.657   0.857       0       0       0
   0.114   0.381       0       0       0
   0.898   0.002       0       0       0
   0.690   0.235       0       0       0
   0.997   0.012       0       0       0
   0.848   0.876       0       0       0
   0.924   0.446       0       0       0
   0.316   0.082       0       0       0
   0.538   0.949       0       0       0
   0.465   0.705       0       0       0
   0.701   0.847       0       0       0
   0.652   0.913       0       0       0
   0.178   0.881       0       0       0
   0.684   0.190       0       0       0
   0.767   0.399       0       0       0
   0.386   0.368       0       0       0
   0.371   0.643       0       0       0
   0.927   0.880       0       0       0
   0.187   0.893       0       0       0
   0.405   0.405       0       0       0
   0.391   0.645       0       0       0
   0.019   0.021       0       0       0
   0.912   0.604       0       0       0
   0.209   0.660       0       0       0
   0.337   0.455       0       0       0
   0.971   0.814       0       0       0
   0.711   0.754       0       0       0
   0.627   0.920       0       0       0
   0.178   0.881       0       0       0
   0.011   0.229       0       0       0
   0.427   0.284       0       0       0
   0.892   0.386       0       0       0
   0.667   0.195       0       0       0
   0.413   0.546       0       0       0
   0.475   0.793       0       0       0
   0.608   0.044       0       0       0
